-16.877471582799608 -4.2039186677224745 
-16.854678995936958 -4.280357026723685 
-15.299590474209381 -8.954059031706276 
-16.41925983329678 -6.179933592205305 
-14.881737823930827 -10.648190313398398 
-15.093674530542607 -9.804730888272456 
-16.14629750539966 -7.2931891295953175 
-18.612028569150652 -1.22662415028075 
-15.641597309742346 -7.7551554952879584 
-15.969105763888436 -7.686476694878403 
-15.885695720239116 -7.749436123793423 
-18.472289967100224 -1.8258666763354758 
-18.717159087498764 -0.8400426284356941 
-18.258835902182017 -2.86205894035378 
-16.437685104237914 -6.067088215796426 
-15.150082171317333 -9.578016354541997 
-18.278687660450615 -2.7743346645162155 
-16.612038242485994 -5.252094984395835 
-16.994924190254448 -3.9584189716347566 
-15.529620118922253 -8.051379157815298 
-16.35370006203345 -6.322515773757381 
-16.663200360858234 -5.027475246925318 
-16.925834089491516 -4.0577552350178845 
-16.761260635889133 -4.567045580888554 
-14.612813648308126 -11.430114506345294 
-16.48982789685491 -5.8773216767366625 
-16.730506982658188 -4.68480626921564 
-14.948483943269192 -10.405074583784888 
-16.226419921206713 -6.9711604671453475 
-15.232886326687082 -9.207029497198004 
-16.106242984853488 -7.388410649613557 
-16.177479780903205 -7.181562382856411 
-18.8046164709381 -0.5741294714061799 
-18.684501307104913 -0.9499812321548472 
-14.928003753456395 -10.484669657248748 
-18.120949917439255 -3.4673834556412237 
-18.640930512233005 -1.098270327247778 
-16.507251288033487 -5.771921078398707 
-15.07235690055974 -9.913956702152444 
-18.54843414926183 -1.4885297999053684 
-16.64138725114092 -5.129850365845029 
-16.069150652720637 -7.506321382028592 
-18.01480800294986 -3.790926681964034 
-15.343606616867842 -8.667949354511038 
-14.971435343369674 -10.325103311943174 
-18.232273087646323 -2.9981119454244984 
-18.298175476575388 -2.6437342336885634 
-18.195744183618032 -3.104707968596402 
-18.413657395102973 -2.106341146691567 
-18.849923546906403 -0.44743415550894233 
-16.803067400240785 -4.447755135275074 
-15.388272106943631 -8.574844545398355 
-16.583823090315438 -5.38921092911898 
-18.08829673364377 -3.594857389428315 
-15.203613953956697 -9.357258903534959 
-15.583890322520855 -7.908970883951348 
-16.534951143261644 -5.646761397143434 
-16.353145224770415 -6.478822026641274 
-16.713761515852163 -4.788252048939409 
-14.679134954275673 -11.28013995300738 
-18.75227607862294 -0.7297089226410299 
-15.264702528285703 -9.064870522614118 
-18.381500380039547 -2.2584184099503553 
-18.577268689727905 -1.3449960860940116 
-18.320717709918263 -2.537065432798094 
-14.539459454804195 -11.529742205990368 
-15.039066483209812 -10.044291961322294 
-16.264140375731323 -6.816428989371372 
-18.44616449165877 -1.9454904578902685 
-17.03998469837618 -3.878090301806241 
-14.853905645669501 -10.767240185779832 
-17.938191940993647 -3.8740986132241257 
-15.332171656692438 -8.816054945842682 
-15.485381049123868 -8.233883834106617 
-16.285464405608664 -6.702209647463148 
-18.509058079175873 -1.655629385880759 
-16.32590131859066 -6.59203482177309 
-14.718412011591177 -11.170815779355754 
-18.180892833836552 -3.2177365829880897 
-19.99702625001997 0.007313119679870939 
-14.77444743480591 -11.032217351625816 
-15.45091263974811 -8.356078734255213 
-15.178904951253095 -9.462889566628595 
-18.357465333075616 -2.378419680861321 
-16.688357863187385 -4.908790995293035 
-18.15430495499973 -3.3415707580999983 
-19.00634485091323 -0.10916847381484057 
-16.210696631642115 -7.069436938618422 
-16.563228271085137 -5.519111948327187 
-18.94102536616416 -0.23571789629996376 
-14.804095310130025 -10.882640296752317 
-18.892662026411067 -0.33962068821683694 
-16.02750363548423 -7.602132810317579 
-18.04939523912735 -3.6964823623505807 
-14.43269558946766 -11.626453915711522 
-15.003490139010722 -10.195589888845808 
-19.06938895614499 -3.51613958778205E-4 
-15.419768176702023 -8.475896107573465 
-18.778811990750008 -0.6492285621554443 
-15.122918013451743 -9.686600098201719 
