-0.5961231186897502 -0.0031244476915415634 -1.114837133978829 
-1.0491001330686358 -0.0011638216049527127 -0.6691541093164947 
-1.0743247853854776 -0.8035732345591154 -1.06914180034299 
-0.9999507020570799 0.011509243897852905 -0.9727245144805425 
-1.0829072767013481 -1.0158347220305486 -1.0641824401695994 
-1.0458709452240202 -0.9195339258717434 -1.08467049004223 
-1.0796231136843817 4.2543624501213977E-4 -1.060809482806154 
-2.2564729397234087E-4 3.9435973693745236E-4 -0.7465983492169601 
-1.1042959840615478 -0.5506175900268003 -1.0931949893915511 
-1.1209195798167444 -0.002502805384181619 -1.129841910754383 
-1.150057237148215 3.720164063619639E-4 -1.1530751929084149 
-0.8280936167152831 4.61042596809488E-5 -6.998211262224108E-4 
6.101501997453909E-4 3.600197412872992E-4 -0.6856458291921959 
-5.075963645809201E-4 4.4925616107558796E-4 -0.9556864926709854 
-0.9201827643281277 6.738118249507135E-4 -1.0421171782766006 
-1.0884262910601654 -0.8750219270775861 -1.068062066135115 
-1.0019302374456902E-4 5.3222469830528554E-5 -0.9443661226968515 
-0.8382006788358798 4.5098318729716645E-4 -1.0194887345359906 
-0.5477115231415755 6.28453067505293E-4 -1.095457208969006 
-1.0491498494495595 -0.6982622598825658 -1.0602927417285715 
-1.074525695021118 -0.03661639825140928 -0.9378497960151135 
-0.9745130330605124 6.978901122291524E-4 -0.8515381207435546 
-1.0409809523509383 -0.0010067627292953197 -0.6361227658937272 
-1.085980108057807 -0.006153026440117938 -0.6884919724574649 
-1.1348756230663384 -1.0795560468704126 -1.1427023838514592 
-0.9741439507250788 3.76901153732085E-4 -0.955758541757799 
-0.72946543144262 0.013046100354493443 -1.060809482806154 
-1.0609690388237738 -0.9821433140906011 -1.087656372813564 
-1.0089848556234802 -0.0021458661965640365 -1.0821937122083738 
-1.0740186619284966 -0.8188299286976127 -1.1011439879308598 
-1.0800347778745687 -0.011172168326440024 -1.0851043490547778 
-1.079072026516671 6.77099321389337E-4 -1.0421171782766006 
-1.0226129478923542E-4 3.5694688229971194E-4 -0.6361227658937272 
-6.909802147540159E-4 5.575431975026893E-4 -0.7042031911597989 
-1.108049145556776 -0.9690809522764823 -1.0825185354225833 
-1.039212507463324 -9.743831716820383E-4 -6.998211262224108E-4 
-1.2739096387994083E-4 -0.0020283085455822664 -0.728020342539392 
-0.9748750711972574 -0.008316412654719774 -0.9444243717661938 
-1.0741837850705536 -0.9233856700710488 -1.0684696377994216 
-8.000225071527311E-5 4.8713591413573334E-4 -0.7836072589786975 
-0.8587823688011526 -0.0010419155261781258 -0.9803500936877088 
-1.085225235426572 3.5694688229971194E-4 -1.1031001054034937 
-1.1054332870519834 4.50040612957877E-4 -6.998211262224108E-4 
-1.1342170731476648 -0.7363672691216031 -1.06914180034299 
-1.0698972770838968 -0.9672739239427554 -1.0850022222138367 
-1.0019302374456902E-4 5.3222469830528554E-5 -0.9724767942533117 
-0.0023028107402304487 -0.0010808075010442604 -0.9296826806821574 
-0.004832582780353201 -0.0013421609746661956 -0.9887366317703977 
-7.070095264602336E-5 4.5304704219709113E-4 -0.8630990876193984 
-6.077977277734999E-4 4.073538388543709E-4 -0.6100545928201747 
-1.0810325640929621 -0.0010423626645951179 -0.6691541093164947 
-1.103051432802175 -0.7331144231377746 -1.069748928011255 
-1.015702621329572 5.005748252999775E-4 -0.8585771388060057 
-1.1069483667827586E-4 4.3004187323633815E-4 -1.0602855707980319 
-1.074525695021118 -0.8548682149799273 -1.06914180034299 
-1.1080324780114152 -0.586518917000125 -1.093950880993733 
-0.9093928016045777 3.5109857771891675E-4 -0.9935197502483466 
-0.9712536777499401 6.988669417081501E-4 -1.0421171782766006 
-0.9579504966571311 3.738470089913236E-4 -0.8377700030526352 
-1.1337595983729196 -1.0727896307041433 -1.0940088130160068 
-1.1069483667827586E-4 4.3004187323633815E-4 -0.6658490600294743 
-1.047745601628686 -0.8188299286976127 -1.1011439879308598 
6.101501997453909E-4 3.600197412872992E-4 -0.8819455645460481 
-0.002302723602970889 4.052391126925599E-4 -0.7646231590624524 
-0.0022441213783618375 4.752385843204457E-4 -0.9164273199971058 
-1.1568172467047033 -1.1003830283257194 -1.1505986300039397 
-1.0597115361839273 -0.9376774191585426 -1.0873692740968344 
-0.9999507020570799 0.011509243897852905 -1.0678471721977552 
-6.909802147540159E-4 4.093652402147403E-4 -0.8434124794023814 
-0.5055653408319865 -0.0031244476915415634 -1.1146548493054806 
-1.1043386027839164 -1.0082415132493807 -1.0825452222555243 
-1.0019302374456902E-4 1.650805219866856E-4 -1.1542545304397427 
-1.078766223140456 -0.7734374262307768 -1.0824880198395324 
-1.0823252306937023 -0.6922907374416242 -1.0689796173434143 
-0.972991217276791 -0.0021458661965640365 -1.0821937122083738 
-0.8062914285547356 4.50040612957877E-4 -6.998211262224108E-4 
-0.9782403054611585 3.76901153732085E-4 -1.051824170945123 
-1.103051432802175 -1.075351645753663 -1.0825185354225833 
-6.414630380082846E-4 -0.0010745635065466204 -1.0023891092504318 
-5.075963645809201E-4 4.4925616107558796E-4 -6.729525943898138E-4 
-1.1047904710065997 -1.0436656068920238 -1.089238052990341 
-1.0876162297772587 -0.7086742963862156 -1.068953703022615 
-1.0717520409956736 -0.8696774648311998 -1.068953703022615 
-5.239433947638359E-4 2.6458521552604435E-4 -0.8964472417775939 
-1.0023540065697218 5.585107011602616E-4 -0.8097104191534545 
-5.131031135667878E-4 2.624377767581378E-4 -1.0194887345359906 
-6.07101477095601E-4 7.429286810743556E-4 -0.5222133025070577 
-1.0349617725512754 -0.001154941362248276 -1.0656938130333389 
-0.9423885786144958 -0.0013781745531274022 -0.9430814275477517 
5.742078114264299E-4 4.6460586194323823E-4 -0.5588479045336209 
-1.074219702147278 -1.055775192920669 -1.0684696377994216 
-1.6426776877438408E-4 -0.0011658797465605728 -0.5854684014114344 
-1.1097989035914984 2.9713546236384038E-5 -1.104463017663273 
5.999797319310887E-4 -0.0021275499675878127 -1.0821937122083738 
-1.1568172467047033 -1.1531195151284421 -1.1506161284496572 
-1.0698972770838968 -0.9487820332470099 -1.089238052990341 
-0.4860176784901297 -0.001178055375563238 -0.0018119183965749075 
-1.074525695021118 -0.7363672691216031 -1.06914180034299 
-1.0226129478923542E-4 3.5694688229971194E-4 -0.6507969935985423 
-1.0957090839735166 -0.8846259925028264 -1.068261077237368 
