-16.406187021615175 -6.27159814396971 
-15.289620994815708 -8.995539642571668 
-16.044931681022454 -7.566870982195788 
-16.64975446012724 -5.045230768698907 
-16.13015439134655 -7.347781399114365 
-15.135847686245079 -9.646258528357128 
-18.275754675032587 -2.7894724412448304 
-15.942030045184037 -7.723990338902405 
-16.50227994665167 -5.819929883120357 
-18.066912447677993 -3.667558924480059 
-14.521101772094319 -11.583652507044487 
-15.969362066712494 -7.695293301349011 
-16.2216183410823 -7.04074754684069 
-14.518932879555363 -11.585510711738362 
-16.158861325402327 -7.258580573492955 
-18.164144291363684 -3.3073436637557623 
-17.983245226038783 -3.8489049356741503 
-17.954470500327673 -3.8723015028159575 
-18.62775840985125 -1.1654528083209865 
-19.99976936769248 9.496386173720986E-4 
-15.999952054594536 -7.6515579415713475 
-15.9446821519644 -7.721709449225916 
-18.446257464937297 -1.9562967884718323 
-16.531050377620183 -5.680599115425993 
-17.967366587008556 -3.864720348906393 
-14.624953115482931 -11.425704793406812 
-18.400507967740417 -2.175783913168024 
-16.307054105722234 -6.704444199079979 
-14.7467526038382 -11.121390394886332 
-14.93431158397675 -10.475135267117745 
-18.094060584393166 -3.580051269785164 
-18.13143401334612 -3.441901624560635 
-15.189175154275688 -9.41805081134045 
-16.270070692476814 -6.85686593931607 
-16.099290733613486 -7.435207470354669 
-17.994322880874943 -3.833991497432695 
-15.96999090960962 -7.6945571288465935 
-15.00736265550489 -10.181050213945868 
-15.164836310447985 -9.522686148799341 
-15.293605026104446 -8.979015656782272 
-15.365728532679189 -8.686238362228263 
-14.836467400951477 -10.833430236932136 
-18.481051010454962 -1.79394629666545 
-18.041177064629878 -3.7390676456901306 
-18.05689154586851 -3.6968073768946934 
-14.600737361696538 -11.471630681667309 
-18.533915332940914 -1.5570721636665963 
-15.240541250888445 -9.200751910328208 
-16.18885845428761 -7.1587904153024216 
-16.24794803193196 -6.943429773022309 
-16.071752351171877 -7.505706906870216 
-18.31052284850689 -2.618584090627552 
-16.4433906020315 -6.0991575603452475 
-17.975983317420628 -3.856975638113048 
-14.71248913856955 -11.216560313778754 
-16.324354623073187 -6.632725388502431 
-18.009942101775643 -3.8078718674686725 
-17.955279901283443 -3.8720261213592218 
-14.897802992337851 -10.612678912506794 
-18.6620631494468 -1.0416073999076376 
-15.094421366205879 -9.821999060999158 
-15.040981801272764 -10.044734850954542 
-15.076957698310622 -9.895223356863454 
-18.18567921262148 -3.213556877259596 
-14.600737361696538 -11.471630681667309 
-14.6690344488327 -11.329200760760841 
-18.606055286220567 -1.2559813936057362 
-18.35614913838181 -2.3931236092907455 
-16.61268433515464 -5.278763817202858 
-14.558480943743838 -11.539176647500213 
-14.865899586971985 -10.729979214729305 
-14.485315584778139 -11.611866070077978 
-14.518932879555363 -11.585510711738362 
-17.948396393906304 -3.8743302799398016 
-18.22135258736339 -3.0502583969160173 
-18.023303952617127 -3.781007132389366 
-16.484859320822153 -5.903483572079251 
-16.564500189879865 -5.516684358879027 
-16.371102803401175 -6.430009737587154 
-18.248030085230525 -2.923751338419229 
-14.624953115482931 -11.425704793406812 
-14.979263475064315 -10.29734954070257 
-16.020898820127613 -7.614938104289891 
-14.79553872767723 -10.971060785427534 
-14.739531009699181 -11.143115641994825 
