-0.9868752096762289 -3.7242078689839875E-5 -0.9938647561307262 
-1.07294194104678 -0.8089959115875563 -1.0705233639958345 
-1.1007905051303783 -3.715810644918065E-5 -1.1026022273514016 
-0.7801951697260656 -9.938466793092614E-5 -1.0570035168809877 
-1.0736456425676624 -3.3529349764801435E-5 -1.076772943122154 
-1.0737835452573963 -0.8898663643151363 -1.0705207380001092 
-0.9461952678695408 -3.730595789860382E-5 5.430854351416298E-5 
-1.1363126627777724 -4.130606308439555E-5 -1.131421061047348 
-0.9577346399517735 -3.293302176607492E-5 -0.9646049550639878 
-1.073992236132707 -3.3655006444672E-5 5.427457782038039E-5 
-1.138955260712278 -1.1241554672696046 -1.139943615272589 
-1.123458098811935 -3.299249289242656E-5 -1.1271451584775174 
-1.053931301657446 -3.7215358393885955E-5 -1.0399530208779255 
-1.138955260712278 -1.1241554672696046 -1.1420408391116073 
-1.0629526591656875 -3.448773413635493E-5 -1.0696864617298238 
-1.0140878605421608 -3.326950970098278E-5 5.430854351416298E-5 
-4.0301800653021996E-5 -3.888043450121696E-5 -1.1261303255115809 
-1.1441751054072502 -3.297142831256962E-5 5.430854351416298E-5 
4.944921458149554E-4 -3.720017364234211E-5 -0.7374271279916307 
-3.996834200715383E-5 -3.297142831256962E-5 5.427361313207981E-5 
-1.1172649463955586 -3.2018863563494806E-5 -1.1142010011390044 
-1.1352115222216979 -4.135094739458235E-5 -1.1308584968715443 
-0.8442326567145142 -3.3655006444672E-5 5.427457782038039E-5 
-0.9587313118580915 -4.210610276953472E-5 -0.9461947447959803 
-3.996834200715383E-5 -3.3673187369698784E-5 -1.1360897571464459 
-1.1238411141786733 -1.0878027858607036 -1.1264547329280525 
-0.871388995114151 -3.290279037112888E-5 5.430854351416298E-5 
-1.012089568381327 -3.742635107954085E-5 -1.0292701101474857 
-1.1042086106608848 -1.050728843750118 -1.102294256159153 
-1.0867032855351955 -0.9757993479313464 -1.0862680758512329 
-3.996834200715383E-5 -3.368065327660749E-5 -1.05720823287035 
-3.996834200715383E-5 -3.368065327660749E-5 -1.034174720218207 
-1.0630136356797217 -0.8682752128499645 -1.07125166330343 
-1.0339793304748348 -4.186424637790394E-5 -1.030071505120459 
-1.0832859820695684 -3.834614551726053E-5 -1.0862850297572553 
-3.986171962139294E-5 -3.897501925036271E-5 -1.1191974794026331 
-1.123458098811935 -3.299249289242656E-5 -1.126751247901249 
-1.0731483489952536 -0.9553717549004443 -1.070900371503908 
-1.0737835452573963 -0.8748106767191457 -1.0705207380001092 
-1.07294194104678 -0.8065840135271092 -1.0708964909352197 
-1.0737835452573963 -0.7664963550851003 -1.0705207380001092 
-1.0926842482497938 -1.0187499328443703 -1.090758813045089 
-0.8236737443841227 -4.040069760988233E-5 5.430854351416298E-5 
-3.811983526728696E-5 -3.610002591712476E-5 -1.0899828074576525 
-1.0802075199950456 -3.297142831256962E-5 5.430854351416298E-5 
-1.128125568221771 -1.0989636992152425 -1.1235882693536534 
-0.7926070157091485 -3.7229972768831875E-5 5.4283149339294446E-5 
-1.0741875159440506 -0.8346776007516499 -1.0704145334275776 
-1.057016499900978 -9.938466793092614E-5 -1.0570736675114163 
-1.037703707855623 -3.7215358393885955E-5 -1.0399530208779255 
-1.0922304595722925 -3.336952162117299E-5 -1.094460336753102 
-0.925233594295809 -3.729057311397953E-5 5.428357605775985E-5 
-0.9833363560717974 -8.256138131522462E-5 -0.9747539617521808 
-3.996834200715383E-5 -3.72187446508007E-5 -1.1306822866734392 
-1.1046559984684516 -1.0647813752412616 -1.107140271561739 
-1.0098337209546937 -4.79913769831514E-5 -1.020913737273126 
-3.816196871658584E-5 -3.570208391645637E-5 -1.109442558776093 
-3.9925784522813264E-5 -3.721247254053688E-5 -1.1436776245495224 
-1.0842113038995596 -0.9958171419662307 -1.0854680200918423 
-3.815388314326825E-5 -3.9003088937583825E-5 -0.7180978097597979 
-1.0729469652811536 -0.9085436837910955 -1.0758163661613964 
-1.0735086258740043 -0.9311068682996979 -1.0833396188614013 
-1.0735482823500542 -0.9202853440281165 -1.0704145334275776 
-3.8132673514408226E-5 -3.720017364234211E-5 -1.0009294350651172 
-1.128125568221771 -1.0989636992152425 -1.1235882693536534 
-1.1167359361939406 -1.0733081484653866 -1.1196971144009409 
-3.973417847795311E-5 -3.874911118023554E-5 -0.7505306820384271 
-0.8978581933921514 -3.729057311397953E-5 5.428357605775985E-5 
-0.9546816597751693 -4.809530704663033E-5 -0.9011193173136068 
-1.1335877449018188 -1.1122926687965347 -1.132590557232476 
-1.0900306371590605 -1.0071261819838266 -1.087958860916726 
-1.1454064879891996 -1.137442050017046 -1.1419000794341843 
-1.138955260712278 -1.1241554672696046 -1.1420408391116073 
-3.996834200715383E-5 -3.368065327660749E-5 -1.1480087228406448 
-0.9791694143372087 -4.040069760988233E-5 5.430854351416298E-5 
-3.8132673514408226E-5 -3.5798548476883396E-5 -1.101108769849098 
-0.9639646886605477 -3.3170796307419346E-5 -0.9689358541798201 
-0.9557113554727712 -4.9178928861293974E-5 -0.9290283502340544 
-1.0028949397796363 -3.57648313718405E-5 -0.9992508938686531 
-0.9629714285395774 -4.040069760988233E-5 5.430854351416298E-5 
-1.1238411141786733 -1.0878027858607036 -1.1264547329280525 
-1.0841084033338968 -0.9550944820063126 -1.0854680200918423 
-1.107703809319156 -4.122607877937018E-5 -1.1106789053318555 
-1.1042086106608848 -1.0266372738342926 -1.102294256159153 
-1.1046559984684516 -1.0515002117550782 -1.107140271561739 
