0.4481190596612907 1.9726846743608977 
0.4040323067463056 2.36637731775121 
0.6270075536729702 0.35773798990410427 
0.40980795216162397 2.311923329261322 
0.6090600099202885 0.5202594438982642 
0.5478572751142771 1.071245968676156 
0.42660807764407593 2.163012930128308 
0.5049500052714512 1.4632449323799224 
0.48808976612192173 1.6093243197055211 
0.3989661244883096 2.409761551684287 
0.4790639483729639 1.688512669210653 
0.4380989567307242 2.0573499240679425 
0.4200962933368786 2.2218077746605056 
0.45372586949786714 1.9175824551834857 
0.39165539293610435 2.4761170745557193 
0.6571074121630195 0.08609254988584158 
0.6501547228785434 0.14872363310080572 
0.5578208619867512 0.9797903489462436 
0.5079569316739994 1.4294037892996105 
0.5126239850923276 1.3886872786200275 
0.5354027954340679 1.1821029539234824 
0.5925230405816148 0.669610745712467 
0.4931643657612531 1.5615470298603378 
0.4790639483729639 1.688512669210653 
0.5743657986020905 0.8341249939293974 
0.45991930116218 1.860810274063793 
0.46940472864605154 1.775374963309485 
0.41987435435481335 2.2218077746605056 
0.4352284635621802 2.08716823289756 
0.42660807764407593 2.163012930128308 
0.5631535516061855 0.9319212128896815 
0.4621948540194388 1.8423359847985081 
0.5530208414690291 1.0277529722030396 
0.6667171463377075 3.1352578253215213E-13 
0.6667171463377075 3.1352578253215213E-13 
0.6224073742105891 0.39937473725124173 
0.41746333658398604 2.249223883351337 
0.4477779637981245 1.971234000817852 
0.6663531848577844 0.0028359785532532378 
0.5195038869207717 1.324561871697276 
0.6301422613499563 0.33146737372399715 
0.5287016581777298 1.2446292212258916 
0.3891452939671651 2.502091684536174 
0.5811371567555098 0.7698096991718897 
0.5301109522993879 1.2291535204983206 
0.5811371567555098 0.7698096991718897 
0.4621948540194388 1.8423359847985081 
0.6090600099202885 0.5202594438982642 
0.3891452939671651 2.502091684536174 
0.5880010494692792 0.7091501614437439 
0.5880010494692792 0.7091501614437439 
0.6394906202623312 0.2461900678146242 
0.4040323067463056 2.36637731775121 
0.6090600099202885 0.5202594438982642 
0.3989661244883096 2.409761551684287 
0.4380989567307242 2.0573499240679425 
0.6271434168270701 0.35773798990410427 
0.6571074121630195 0.08609254988584158 
0.5578208619867512 0.9797903489462436 
0.6501547228785434 0.14872363310080572 
0.4400391488065804 2.0430290977131254 
0.5631535516061855 0.9319212128896815 
0.48561268691767023 1.6305009388495115 
0.4216237004166495 2.207260449868339 
0.5408570746248373 1.1354342242565438 
0.5478572751142771 1.071245968676156 
0.5301109522993879 1.2291535204983206 
0.45372586949786714 1.9175824551834857 
0.6050417390994915 0.5558778865839822 
0.48808976612192173 1.6093243197055211 
0.6405835345449137 0.23570517359538465 
0.5980022781493818 0.6187155775188213 
0.4459659354974493 1.9863763384333653 
0.4956911339335764 1.540272770135674 
0.4348077673923324 2.08716823289756 
0.46940472864605154 1.775374963309485 
0.4477779637981245 1.971234000817852 
0.40980795216162397 2.311923329261322 
0.4931643657612531 1.5615470298603378 
0.45372586949786714 1.9175824551834857 
0.41365561674456974 2.2799421693795043 
0.5029618371446549 1.4740643143726169 
0.39165539293610435 2.4761170745557193 
0.42660807764407593 2.163012930128308 
0.5082271966480344 1.4294037892996105 
0.5743657986020905 0.8341249939293974 
0.6011008064285299 0.591029628010292 
0.5695210505571677 0.8748624340294664 
0.5435340900618562 1.1098644542754554 
0.3963335649299883 2.4335101007192703 
0.5007601205244384 1.4940973760649015 
0.5700252569868869 0.8700631209073073 
0.46940472864605154 1.775374963309485 
