-16.17109008489802 -7.219244416400841 
-16.693153404054378 -4.883955438728782 
-15.374926206324357 -8.649902449975887 
-15.959039448671293 -7.707703705157298 
-15.372667273449308 -8.656659889791602 
-16.085134298425785 -7.472327589822051 
-14.651727607657861 -11.368639503435192 
-18.55988722445182 -1.4457206141402223 
-16.29252555790468 -6.765948288777844 
-18.57518697564469 -1.382147156321196 
-19.999896995847084 4.6584103978867825E-4 
-17.967878786312657 -3.864564194507677 
-17.96006151264165 -3.869992317128204 
-16.393033632428406 -6.331660210634361 
-15.054826221121049 -9.988435846764697 
-18.04947719687931 -3.7178536955543566 
-16.038011852183633 -7.581517891984323 
-16.693153404054378 -4.883955438728782 
-16.62935065544128 -5.179508978357131 
-14.844219133451762 -10.807366116382022 
-14.812333877479347 -10.916333967860359 
-16.588430825649592 -5.399416649108785 
-18.608055253005276 -1.2486535548425364 
-18.412112439931875 -2.11965100294096 
-16.233083766498833 -6.999636288633475 
-19.999896995847084 4.6584103978867825E-4 
-16.275396027368622 -6.83588680720105 
-18.178343098420797 -3.246577552360755 
-16.486993675621683 -5.892128600523199 
-14.502674054372365 -11.600140124394512 
-18.26851026937353 -2.8255992964467116 
-14.980964395827447 -10.290559726510638 
-16.427118897751644 -6.17533097105783 
-16.11301221129779 -7.397577961970698 
-18.57704791488663 -1.37389041971388 
-18.315326538531394 -2.595742652466642 
-18.091727379467343 -3.588362491893512 
-16.5562472163481 -5.558197477091123 
-15.254278579623941 -9.142037035488311 
-14.716079841309599 -11.209107826691337 
-14.91363548267364 -10.554065392023366 
-18.240923885215558 -2.9580095237831423 
-18.35369240241957 -2.405438838773234 
-16.51150064620071 -5.775513777217382 
-14.775093923471857 -11.035683395531738 
-15.944949755231551 -7.721461106884993 
-14.501726848166893 -11.600883875875596 
-15.129646191314597 -9.672099539128965 
-15.944949755231551 -7.721461106884993 
-17.95092021072804 -3.873656193024173 
-15.017071333386818 -10.143801361558037 
-18.06978413733924 -3.659039654471234 
-18.4555172732439 -1.9112436796919745 
-17.96006151264165 -3.869992317128204 
-18.14115806604516 -3.4030415355884056 
-17.984136893464303 -3.848222244885325 
-14.560189839276354 -11.536630891174507 
-18.00169718687156 -3.8224228875329698 
-16.47307199139215 -5.95964422069662 
-18.513322583629414 -1.6484549658748096 
-18.412112439931875 -2.11965100294096 
-15.203667154088603 -9.357550402796633 
-14.878636689608836 -10.684504097927498 
-18.030944316009215 -3.7643485436520936 
-14.695108014703342 -11.264752116008482 
-16.354187913338958 -6.504563567762868 
-15.990597641071624 -7.666291195413456 
-18.191377073209914 -3.1884707243863812 
-16.331643152641526 -6.602131007167076 
-14.619287924139183 -11.436667060279833 
-18.016309070394012 -3.795525519175118 
-14.48149715094809 -11.613024035203305 
-18.2841390819019 -2.7485938593740387 
-17.9808606043934 -3.8519812538255285 
-15.054490647495767 -9.98982673928101 
-15.177806505324547 -9.466412425074221 
-16.008066492659147 -7.638244841559809 
-16.065608719015025 -7.520477045047222 
-15.353547875713463 -8.734920959994117 
-15.285364587414552 -9.013500589618275 
-16.141773021641576 -7.3116765910195305 
-15.109323754330294 -9.758291955939358 
-14.949563249598567 -10.415335656423737 
-18.1218259029976 -3.479650614885981 
-14.653149225745423 -11.365092956001327 
-14.74503445960871 -11.12692501941148 
-16.210242908927988 -7.083451657282423 
-14.581590823631203 -11.504491685303757 
