-1.0632810712085723 1.9549718933057962E-5 -1.0617909215106718 
-0.8827458245471453 1.9595687872008778E-5 -0.9246782311006639 
-1.0703814900761277 -0.7634952413898113 -1.0708560212289784 
-1.1288713597520277 1.8326348749502927E-5 -1.1281973453037262 
-1.0699596552445299 -0.7712033504056388 -1.0620111567662196 
-1.0908843225368874 -3.461771029532723E-5 -1.087483890528528 
-1.1158992545044937 -1.080836620268451 -1.1224220286842388 
5.31854564440471E-5 1.8492372000135084E-5 -0.7774246068230741 
-1.0209511034029546 -3.461771029532723E-5 -1.029310645919364 
-1.1975509764883342E-5 1.9068270525276494E-5 -0.768535218862228 
-8.782685936346436E-6 1.753236633717127E-5 2.6641747817301997E-5 
-1.1357957602981306 1.4987109829748988E-5 2.6461412054688347E-5 
-9.852788320637816E-6 1.8129457231645583E-5 -1.140715905532628 
-0.9967355778941811 1.90939377976865E-5 -0.9920236066552774 
-1.076590146819869 -0.9262808261996307 -1.0764372598079957 
-1.1975509764883342E-5 1.9068270525276494E-5 -1.0848617676233208 
-1.104817800468827 1.8528074221722338E-5 -1.1028886669288906 
-0.8827458245471453 1.9595687872008778E-5 -0.9246782311006639 
-1.0097984460563798 -3.6416757514253024E-5 -0.8373192099668076 
-1.0914877009379045 -1.013755506623039 -1.0941142444173588 
-1.1008932934634124 -1.0230594984955044 -1.0967698920349174 
-0.9196890007195562 1.9072130197301162E-5 -0.9506264488970868 
-9.278823200055172E-6 1.750251166453149E-5 -0.7494103406043873 
5.8788527628715194E-5 1.8129267608753654E-5 -0.8644892108210775 
-1.0400399739012913 1.8828448645074626E-5 -1.0467713511177794 
-8.782685936346436E-6 1.753236633717127E-5 2.6641747817301997E-5 
-1.0314671091421148 1.5077178100981442E-5 -1.029310645919364 
-1.1265113479383498E-5 1.8120817723977154E-5 -1.0054515008540656 
-0.9767737514634709 1.9037156210747768E-5 -0.9548549256173908 
-1.1425120278102214 -1.1304790166159528 -1.141741606716531 
-1.1980801728156998E-5 1.9068270525276494E-5 -0.9506264488970868 
-1.0766193098655932 -0.959765815373254 -1.0831740651317792 
-0.9810182697825617 -3.5456739183532736E-5 -0.9869706312135085 
-1.0816858566172318 1.8120800735464984E-5 -1.0793655733553598 
5.31854564440471E-5 1.8492372000135084E-5 -0.767410873040685 
-8.708782795798788E-6 1.7525523216222835E-5 -0.9224000155213521 
-1.0586745032656153 1.8120817723977154E-5 2.6641747817301997E-5 
-0.9482580986740214 1.812560081422261E-5 -0.9414319073100776 
-1.0740898032473398 -0.8242214619689292 -1.0752852394466366 
-1.1093139999586639 -1.0576087606778557 -1.1128367709260205 
-1.0907169437908253 -0.9827721032411203 -1.0883418108298828 
5.3660538059528875E-5 1.81215455822995E-5 -0.967294439995864 
5.533347269213544E-5 1.8121570328543298E-5 -0.8993375406033829 
-0.9536408517961492 1.778428541048749E-5 -0.9631149016008188 
-1.1026000126321198 -1.0399304003421785 -1.0979252620588065 
-1.1308032389667284 4.347498705921043E-5 -1.1350989242803011 
-1.1425120278102214 -1.1310261761693847 -1.141577243451876 
-1.0756170462164192 -0.889096170067127 -1.0752852394466366 
-1.1308032389667284 4.347498705921043E-5 -1.1350989242803011 
5.754461652928899E-5 1.768890822023057E-5 -1.1464113901212085 
-1.083395411112979 -0.9423982785775695 -1.0749152831298476 
5.31883754586435E-5 1.4952560459903622E-5 -1.0722233344974825 
-0.8386312344742427 1.6988546673313985E-5 1.669267942958132E-4 
-9.852788320637816E-6 1.8129457231645583E-5 -1.140715905532628 
5.877041572984494E-5 1.8503345908762675E-5 -1.0281875909753746 
-1.1614586719943532E-5 1.926211639355148E-5 -1.12561386885334 
-1.131735597275245 -1.111201514879287 -1.134938722522797 
5.3185461364078445E-5 1.8129413669681926E-5 -1.1145869048279846 
-0.9719974022581724 -3.599484869316644E-5 -0.9680556366087116 
-0.8047265886875778 1.9037156210747768E-5 2.5500630893002564E-5 
5.8788527628715194E-5 1.8129267608753654E-5 -0.8644892108210775 
-1.0703814900761277 -0.8563622743925167 -1.0708560212289784 
-1.0911112514904546 -0.9969219215040147 -1.0939964083994804 
-9.852788320637816E-6 1.8129457231645583E-5 -1.0963891742852896 
-1.1114229393845383 -1.0665923679327238 -1.1132865037318147 
-1.0093135171395184 -3.294872799955301E-5 -1.0031710434879726 
-1.1202727914616084 1.4937817866632593E-5 -1.1170414452154387 
-0.9974760080037058 1.8120817723977154E-5 2.6641747817301997E-5 
-1.0095214529937788 -3.6416757514253024E-5 -1.0167586637225896 
-1.120806519921225 -1.0941925504709038 -1.122479443676632 
5.7632227956405535E-5 1.9675628658530154E-5 -1.1054589963938422 
-1.1425120278102214 -1.13641533203152 -1.150544751137896 
5.7632227956405535E-5 1.9595687872008778E-5 -0.941138321875581 
-1.127654337059182 1.9037156210747768E-5 2.5500630893002564E-5 
-1.076590146819869 -0.9262808261996307 -1.0767313122919049 
-1.0701025622930114 -0.8660564423020086 -1.0773946165708632 
-1.1137678799021422 1.4984618966145373E-5 -1.1126274105981209 
-1.094148449175846 1.9131608366299564E-5 -1.0963657032786456 
-1.0703814900761277 -0.7754162454210297 -1.0708560212289784 
-1.0700907027348556 -0.8142830336126066 -1.0688522139574939 
-1.076850631141619 1.6981532658815437E-5 -1.066372499186397 
-1.0769902184727622 -0.9026006842001606 -1.0688856914582785 
-1.083395411112979 -0.9733242057675214 -1.08030013660977 
-1.1614586719943532E-5 1.926211639355148E-5 -1.0401228016369344 
-1.1145488348922519 -1.080836620268451 -1.1224220286842388 
-1.1083579139270132 -1.0489800800725395 -1.1030753329928142 
-1.0541208772261161 1.8827796263287207E-5 -1.0467713511177794 
-1.1310208501239396 -1.1044644175196527 -1.1282908665071516 
