-15.933327522940901 -7.7316606859551325 
-19.999922083744693 3.3021251635757527E-4 
-16.654432925201547 -5.061772349964115 
-14.79891284971857 -10.953720273645931 
-17.9799409282195 -3.8533711592299733 
-18.60593083831763 -1.2573746621977566 
-18.6866986877602 -0.9534793645447809 
-17.957135345680825 -3.871721752572775 
-18.489284366140218 -1.7574002048122153 
-18.096815222472582 -3.570979874801142 
-16.143392180534963 -7.308046087180191 
-15.02680949615808 -10.104277755702917 
-18.534432745363155 -1.5555396102806707 
-14.965524278069264 -10.35152805283882 
-14.451812313312818 -11.625145938051729 
-15.922996412641538 -7.7384689082411136 
-15.255705394404746 -9.137062393881223 
-15.959443243712538 -7.707289203050536 
-15.080752012443233 -9.878976888725642 
-16.022004029660295 -7.6132573554574225 
-18.39727329967915 -2.19262018950944 
-17.94811235902426 -3.8748992896274244 
-18.07771841185616 -3.635011635535022 
-15.987331855489106 -7.671255948700287 
-16.089406925522887 -7.461720089308982 
-14.508644141497143 -11.595028762827667 
-18.04311978130258 -3.7348375079850333 
-17.957135345680825 -3.871721752572775 
-16.515556267065328 -5.755941349649275 
-16.54305859336503 -5.622757669491204 
-18.251055687117304 -2.9100060678388404 
-18.577559792123953 -1.3726333503851926 
-17.983381991648464 -3.849376649785772 
-17.971367794516087 -3.8619537227901546 
-15.349883027206651 -8.749580261414629 
-16.3169088916029 -6.665143954369262 
-18.31222259773659 -2.61135806272161 
-18.143393367750797 -3.394914019842049 
-16.481552932466144 -5.919582955495526 
-18.348777090174174 -2.430272151057568 
-18.121992664158718 -3.479328701837685 
-16.40623334448361 -6.271696625530016 
-16.626280990432264 -5.2125219793304876 
-14.470150213040785 -11.619851263933601 
-16.581934278788395 -5.432073957502334 
-18.184989153903718 -3.2175275839725366 
-14.508644141497143 -11.595028762827667 
-18.027945763135698 -3.771447049295614 
-18.211196974829342 -3.098652976689636 
-16.143392180534963 -7.308046087180191 
-14.835112637682405 -10.834866878264297 
-18.652094732877384 -1.0793220574593068 
-18.013749781748714 -3.8012803244544933 
-18.289707716627134 -2.7222885513054074 
-16.21036498848715 -7.08346105096491 
-15.123508366036265 -9.697283299527054 
-14.650734569241683 -11.371299185844462 
-17.991225237025088 -3.839128112496176 
-14.925394545237857 -10.509528792563891 
-16.443736968908844 -6.098339291618727 
-15.290760843206279 -8.990759970789522 
-14.90253626904725 -10.595981749756422 
-14.761341140534565 -11.077705756988394 
-15.080752012443233 -9.878976888725642 
-14.709964056631406 -11.225755536735079 
-14.734729957708106 -11.157194394390798 
-14.561915726190025 -11.534368726719304 
-15.154019013914183 -9.568961086497865 
-16.277313920363717 -6.827963123198491 
-16.058229035784144 -7.537710896834074 
-14.560201498296372 -11.536669749113864 
-16.11537565603132 -7.390952689296739 
-16.38287400554131 -6.375649270274895 
-18.450755159475396 -1.9357763952589224 
-16.250045369622814 -6.9356444985978385 
-15.198667930481147 -9.376739509792511 
-14.79026238726129 -10.986524167312226 
-14.613526795062263 -11.447791868972148 
-14.99797850003602 -10.222251588969193 
-16.176889784125915 -7.200090023145055 
-15.933327522940901 -7.7316606859551325 
-16.344406328524776 -6.547661712227338 
-16.022004029660295 -7.6132573554574225 
-15.255705394404746 -9.137062393881223 
-14.86419607048579 -10.73396153629913 
-14.671328193796374 -11.32378184808675 
