-1.1351489582368925 -1.0703513857305863E-7 -1.1380443348607607 
-3.1351895771736604E-5 -1.022272541190635E-8 -7.606327425802029E-6 
-0.8188567841303795 3.759434472982223E-8 -1.0135978074340843 
-1.10796679660617 -1.0313380916006332 -1.086589576785653 
-1.1282608883192673 3.122432366878855E-8 -7.606327425802029E-6 
-0.7506586367366963 3.6602531828504664E-8 -7.606327425802029E-6 
-3.1351895771736604E-5 3.424351294937132E-8 -0.7039245270666751 
-1.1425706314733346 2.4474756164644894E-7 -7.606327425802029E-6 
-0.81889297804819 3.4828607152974095E-8 -7.606327425802029E-6 
-3.1351895771736604E-5 3.429225158510893E-8 -1.055532734194063 
-1.0714825082331785 5.65046937522236E-8 -1.070732125113228 
-1.0812396349324973 -0.9362758779780765 -1.0791358116490022 
-3.1351895771736604E-5 6.004931569632666E-8 -0.7923442700538821 
-1.0858155785901882 -0.9662392479371416 -1.0762484244348784 
-1.1487488769777858 -1.1493901434517388 -1.14742586341773 
-1.1375217113730995 -1.0332904879791952E-7 -1.1421583032646638 
-1.071022931197602 -0.8268367419808982 -1.0731492649883234 
-1.1270050468445458 2.4512854252094255E-7 -1.129811013027408 
-1.076716081590458 -0.9113680129205194 -1.0791358116490022 
-1.1079952061663312 3.579759178251473E-7 -1.1096973812350748 
-0.8733811755258032 1.388002051603787E-7 -7.606327425802029E-6 
-1.148243588102039 3.833801262053463E-8 -7.606327425802029E-6 
-1.0673687590227086 3.429225158510893E-8 -7.606327425802029E-6 
-1.1213767719044834 6.61883557415805E-7 -1.1179800445116412 
-1.087215626792411 3.859222455624517E-8 -1.0884961856729445 
-1.1429170829670845 -1.1283707191940564 -1.1397178174383302 
-1.0888308058397569 3.122432366878855E-8 -7.606327425802029E-6 
-1.1425706314733346 2.4474756164644894E-7 -7.606327425802029E-6 
-0.9509004792649265 -9.183599202152256E-8 -0.9634026633983709 
-0.9491573716651496 -3.7482754741967504E-6 -0.9484994504901909 
-3.1351895771736604E-5 3.429225158510893E-8 -0.9611816966004993 
-0.7671692599996531 2.449796142440689E-7 -7.606327425802029E-6 
-1.1261052864014096 3.429225158510893E-8 -7.606327425802029E-6 
-1.1336354430340265 3.427400897472861E-8 -7.606327425802029E-6 
-1.0695607595861427 -0.7779028673965652 -1.0710177864024197 
-1.0147686909914715 3.859222455624517E-8 -1.020536453456863 
-0.9242811454780042 3.759616798890799E-8 -7.606327425802029E-6 
-1.026881280462685 3.14044911093957E-8 -7.606327425802029E-6 
-0.9666816713668738 2.478981618508875E-7 -0.9682236692528765 
-3.1351895771736604E-5 3.760095276872674E-8 -0.9023125531694236 
-1.040038469594597 -7.259482308427328E-9 -7.606327425802029E-6 
-0.9936185568007817 1.4060627129908094E-7 -0.9870928619935728 
-0.9509004792649265 -9.183599202152256E-8 -0.8967226610599167 
-1.148312843279794 -1.140630328348165 -1.14742586341773 
-0.9272459388450601 3.714308005034234E-8 -0.9469581624765929 
-1.0014067433203995 3.976415814404199E-8 -7.606327425802029E-6 
-1.1429170829670845 -1.1283707191940564 -1.1397178174383302 
-1.0982726154193196 -1.1003813662446227E-8 -7.606327425802029E-6 
-0.9854226636177223 3.75672656335365E-8 -7.606327425802029E-6 
-1.0714825082331785 5.65046937522236E-8 -1.070732125113228 
-1.0891008131435098 -1.023158510747948 -1.0873346261533063 
-0.723909387207298 3.230057942556092E-8 -7.606327425802029E-6 
-1.107122017611353 3.554070550838769E-7 -7.606327425802029E-6 
-0.9378427333507656 3.429225158510893E-8 -7.606327425802029E-6 
-1.0527980813328206 8.194068269483759E-10 -1.0480172795233131 
-1.0764515741097205 -0.8898487263719524 -1.0784704570574215 
-1.1221492209498822 -1.0800791612755005 -1.1185778092057597 
-1.121195474747271 5.2357591899354884E-8 -7.606327425802029E-6 
-1.0858155785901882 -0.9810365413462109 -1.0857588600381274 
-0.9789771989216719 6.338899407129109E-8 -0.9788988035108535 
-1.0732160077372828 -0.808083956518571 -1.070691339650234 
-1.0866957519879061 -0.9915939816338287 -1.0864079792760142 
-1.107005202638088 -1.038129019309424 -1.1096973812350748 
-1.076716081590458 -0.9113680129205194 -1.0791358116490022 
-1.1097973617744659 -1.0608252915099432 -1.1119637890842462 
-1.1091688706129497 -1.0507563323332867 -1.1085317371736327 
-1.1330244259075961 -1.1104928142241866 -1.1333802508417088 
-1.0695607595861427 -0.8827072820092788 -1.0710177864024197 
-1.0261093615180856 7.123583478248995E-7 -1.0334925560495039 
-1.098943762159345 3.80310143680362E-7 -1.0961650525038886 
-1.134672332451873 -1.1104928142241866 -1.1333802508417088 
-1.0816301478128132 -1.0907657401318603E-7 -1.0779550035595629 
-1.0078862793641719 1.4060627129908094E-7 -0.9870928619935728 
-3.1351895771736604E-5 3.760747778407591E-8 -0.8416093388714839 
-1.039298526753094 2.3093569501397983E-9 -1.0370674501855714 
-1.0764515741097205 -0.8519967021831767 -1.075936807453654 
-1.10796679660617 -1.0307055593881291 -1.0958129825588874 
-1.1209086317494346 -1.0953979971206518 -1.125530447015055 
-1.0767550142103044 -0.9533477356374005 -1.079251586365227 
-1.0600904685661872 1.6996646782641286E-7 -1.0613956801287663 
-1.1351489582368925 -1.0703513857305863E-7 -1.1380443348607607 
-1.0101086977775773 2.439785208210751E-7 -1.0083570089115543 
-1.1079952061663312 3.579759178251473E-7 -1.1096973812350748 
-1.071022931197602 -0.8268367419808982 -1.0731492649883234 
-1.0858155785901882 -1.010989374607928 -1.0865689725005665 
-1.1156592839832342 -1.0730879109711267 -1.1190289525908215 
