3.0691837997174334 0.1227234998832604 
-3.141592653589793 1.0236501047281141 
-3.141592653589793 1.0236501047281141 
3.0691837997174334 0.1227234998832604 
2.12044882136167 0.4147305627501622 
2.719132048546006 0.23116067671188412 
2.719132048546006 0.23116067671188412 
2.12044882136167 0.4147305627501622 
3.0691837997174334 0.1227234998832604 
-3.141592653589793 1.0236501047281141 
2.719132048546006 0.23116067671188412 
2.12044882136167 0.4147305627501622 
3.0691837997174334 0.1227234998832604 
-3.141592653589793 1.0236501047281141 
2.719132048546006 0.23116067671188412 
2.12044882136167 0.4147305627501622 
2.12044882136167 0.4147305627501622 
3.0691837997174334 0.1227234998832604 
3.0691837997174334 0.1227234998832604 
2.12044882136167 0.4147305627501622 
-3.141592653589793 1.0236501047281141 
3.0691837997174334 0.1227234998832604 
3.0691837997174334 0.1227234998832604 
3.0691837997174334 0.1227234998832604 
-3.141592653589793 1.0236501047281141 
3.0691837997174334 0.1227234998832604 
-3.141592653589793 1.0236501047281141 
3.0691837997174334 0.1227234998832604 
-3.141592653589793 1.0236501047281141 
2.12044882136167 0.4147305627501622 
-3.141592653589793 1.0236501047281141 
2.12044882136167 0.4147305627501622 
2.12044882136167 0.4147305627501622 
-3.141592653589793 1.0236501047281141 
-3.141592653589793 1.0236501047281141 
-3.141592653589793 1.0236501047281141 
3.0691837997174334 0.1227234998832604 
-3.141592653589793 1.0236501047281141 
2.12044882136167 0.4147305627501622 
-3.141592653589793 1.0236501047281141 
-3.141592653589793 1.0236501047281141 
-3.141592653589793 1.0236501047281141 
2.719132048546006 0.23116067671188412 
2.401315873441524 0.2907510270570252 
3.0691837997174334 0.1227234998832604 
-3.141592653589793 1.0236501047281141 
2.12044882136167 0.4147305627501622 
2.106763901473114 0.47201647052470386 
-3.141592653589793 1.0236501047281141 
2.08994444195521 0.6996182809041963 
2.401315873441524 0.2907510270570252 
-3.141592653589793 1.0236501047281141 
3.0686298744324567 0.2295695857919922 
3.0691837997174334 0.1227234998832604 
-3.141592653589793 1.0236501047281141 
2.12044882136167 0.4147305627501622 
-3.141592653589793 1.0236501047281141 
-3.141592653589793 1.0236501047281141 
3.0691837997174334 0.1227234998832604 
2.401315873441524 0.2907510270570252 
2.08994444195521 0.6996182809041963 
3.0691837997174334 0.1227234998832604 
-3.141592653589793 1.0236501047281141 
2.401315873441524 0.2907510270570252 
2.12044882136167 0.4147305627501622 
-3.141592653589793 1.0236501047281141 
-3.141592653589793 1.0236501047281141 
-3.141592653589793 1.0236501047281141 
2.401315873441524 0.2907510270570252 
2.401315873441524 0.2907510270570252 
2.12044882136167 0.4147305627501622 
-3.141592653589793 1.0236501047281141 
-3.141592653589793 1.0236501047281141 
-3.141592653589793 1.0236501047281141 
-3.141592653589793 1.0236501047281141 
2.7191147857923896 0.2512467743541319 
3.0691837997174334 0.1227234998832604 
-3.141592653589793 1.0236501047281141 
2.12044882136167 0.4147305627501622 
3.0691837997174334 0.1227234998832604 
-3.141592653589793 1.0236501047281141 
-3.141592653589793 1.0236501047281141 
2.7191154249737033 0.24957729657308478 
-3.141592653589793 1.0236501047281141 
3.0691837997174334 0.1227234998832604 
-3.141592653589793 1.0236501047281141 
2.401315873441524 0.2907510270570252 
-3.141592653589793 1.0236501047281141 
2.719114738614579 0.25136534723779574 
3.0691837997174334 0.1227234998832604 
-3.141592653589793 1.0236501047281141 
