0.8393447031904224 -0.7072650189051264 
0.23855398628284807 0.2906780759570705 
0.6363594128986385 -0.36712766665837926 
0.42475065373025933 0.05293865262673281 
0.0019013487167095222 0.960301567450285 
0.4337207286683815 -0.034530592814967384 
0.21092006607283723 0.4822060014352295 
0.23543062136900111 0.3063923992135268 
0.8263236019835694 -0.5157389255086524 
0.6195001945877945 -0.1405023874969412 
0.41129397849630034 0.2187527473191395 
0.027824041065533323 0.8162658346953895 
0.23055367289998532 0.3378512161317974 
0.413215338317946 0.19983652592542064 
0.8241719535652597 -0.4736809988676345 
0.008395061131170861 0.9088860607224027 
0.011429898002814964 0.8927031168843115 
0.8277565349058821 -0.53855544229468 
0.8417106038543831 -0.7273676060673329 
0.830651011967287 -0.591708683495393 
0.023709625114657185 0.8324066661735094 
0.19154773162517114 0.6171121822950991 
0.6184482705247298 -0.12352239096272644 
0.42853023089139264 0.013256192036142396 
0.03349375789505715 0.7909977794048454 
0.41374844883729267 0.18651736540888694 
0.6391307591954907 -0.3990616006651715 
0.41534747416412 0.1648758220769419 
0.8343795192457641 -0.6474714359205579 
0.621950363770325 -0.18195600600601797 
0.409345569438043 0.2445519496917185 
0.06793748720614312 0.6838025994848417 
0.20384985588599774 0.5259399745725126 
0.829664559668889 -0.5756609346277358 
0.6369458681618845 -0.3799767048121793 
0.42349244937033587 0.0680502815121677 
0.8449374695426994 -0.7518651296637037 
0.196364933751332 0.5827579162602674 
0.005497577832859313 0.9284913538960308 
0.6458648884457504 -0.44247198147442396 
0.1827750569066725 0.6698467484970099 
0.2129077517473222 0.45749320718223807 
0.42071325060421333 0.1001007840256102 
0.6255377215056895 -0.2381333772687927 
0.019419418446316047 0.8533749789740896 
0.8316849251547815 -0.607902284679656 
0.4170332773346589 0.14586995534926012 
0.8381523681983465 -0.6914257585548264 
0.21551785121919312 0.43856795042499136 
0.6270994066511412 -0.26163261719627146 
0.8325860513394179 -0.6218898870982821 
0.061718032578927315 0.6973278041954074 
0.2433520449744298 0.27108474295083923 
0.4301520251470038 -0.0014970497222255737 
0.4265555411186398 0.03252348012930915 
0.05528532768618791 0.713838962116477 
0.4315300570794529 -0.015951030944773015 
0.20160648659887803 0.5439431758610191 
0.19899642974877918 0.5630880377621519 
0.2062356464707683 0.507942446773109 
0.8360344091079187 -0.6690480371587084 
0.44622156342590014 -0.10876035053216057 
0.6204628944129797 -0.1551087238559717 
0.42229162066841286 0.08122196582340858 
0.8521517163235085 -0.7717755270510386 
0.2179724270269122 0.41874303820067843 
0.41856102036385523 0.1248885722547908 
0.6421616396698808 -0.4219044083033162 
0.08278285188979831 0.6725077746830176 
0.01452498140777192 0.8753858176460118 
0.22163048664187412 0.3936660065577196 
0.8234308891358199 -0.45841844777267027 
0.2579334211118127 0.2448604159352166 
0.23289939507481694 0.319681250193026 
0.039628867270989854 0.7671571688138118 
0.44277742940216 -0.09448956927855313 
0.45294018279718595 -0.12213546255955575 
0.22406012096439454 0.37576803880111204 
0.22685912484572157 0.35697342301490265 
0.25003915822009504 0.2566757260082215 
0.6284749944371075 -0.2815142709951626 
0.6239821991987767 -0.21483529050266495 
0.0032143134399450733 0.9462818791102655 
6.798754877285082E-7 1.002857076362748 
0.04928000235027674 0.7328319213195367 
0.632094152290557 -0.3259422312222131 
0.6302687380758091 -0.30076378651284486 
0.4394150409652922 -0.07571047414456723 
0.6520374349297717 -0.45699801241774046 
0.1856474078939545 0.6524304123490292 
0.6337599765308295 -0.3473218586448506 
0.18906924234414285 0.6315667778821877 
0.8255394194316121 -0.5004416047785104 
0.6229475416513627 -0.1978443304374443 
0.8248377368202627 -0.4862733674821003 
0.04387516630556165 0.7540326418127485 
3.6356888140097465E-4 0.9849221361618988 
0.4364657128676231 -0.05500351424567544 
0.8287725970038362 -0.5597932464031686 
0.19333698811223501 0.6037958248232798 
