0.8680625906184758 1.1519962255553806 
0.966431017643929 1.0347352183595007 
0.5632717379760286 3.4331104534309693 
0.6991022478388521 1.4304059285912694 
0.3962440300592657 8.773983717281181 
0.4184811716378522 7.729160289306093 
0.6107320367144332 2.5107477669355993 
0.4259717026063435 7.5581885587053526 
0.9433022708447574 1.060106597640908 
0.4267180554615293 7.4530615913638165 
0.5813107540286123 3.124179180678164 
0.4718690508326684 5.859905991889512 
0.5728247891121229 3.2314158511181073 
0.65540253406224 1.6841270075801484 
0.6764406781812886 1.479148900177225 
0.5473496743405893 3.820207380506622 
0.519497562704129 4.498623541152494 
0.6055810166246325 2.5620459251302314 
0.40168244401606673 8.505400994706253 
0.6273415564399621 2.1666910100683676 
0.8225933356823898 1.2156675195670947 
0.909593391828127 1.0993933881625364 
0.4682832923761578 5.9519968957992075 
0.6037227051272352 2.6056862116431176 
0.47448484847973826 5.758857130649001 
0.7889834940247585 1.2674536382485464 
0.3941430124038816 8.820754290697234 
0.5367246402505133 4.089138327648113 
0.5698412562904984 3.3091498264541515 
0.9999999999963454 1.00000000000374 
0.4567123930489131 6.390684889191056 
0.661120847115994 1.6187633194030404 
0.6332233535588855 2.0906088376813954 
0.40192981321949434 8.453967674472876 
0.7293426482668102 1.371097662225772 
0.48361796966881554 5.497287679526992 
0.411883135423836 8.092562256752776 
0.7580580017949314 1.3191602722127975 
0.4663652723133717 6.037160158028623 
0.3991511674364983 8.567536475860376 
0.5631265557695289 3.485716320839833 
0.49633501551981124 5.123035902310643 
0.54248415111205 3.911538174949805 
0.6359867537612961 2.050397895287157 
0.5537138955695535 3.6454496265075944 
0.48857513576457484 5.365294853678587 
0.5610475421100078 3.5388076325831124 
0.5656976165315203 3.387497972613249 
0.4034548429073844 8.392573839711378 
0.46233098718019966 6.142387812034317 
0.5487744219919747 3.7668774067755906 
0.4155502225585817 7.866254771595241 
0.5390256534917119 4.008015887980156 
0.557031405856065 3.579895613253774 
0.4612052385555191 6.23764574697836 
0.51632779195307 4.563129193697491 
0.4534847161576671 6.448451520976737 
0.5831827148947285 3.0040433115609013 
0.40602994879986376 8.253180922703518 
0.652030932497281 1.7739036984194225 
0.4909544987127469 5.276930333428859 
0.4320696401404717 7.21354857486331 
0.4488800383015623 6.59999221746927 
0.5877263198134425 2.919617369477749 
0.4340970300828299 7.155506065426994 
0.4507608582581889 6.539089999967369 
0.5274964954524817 4.335573786333538 
0.5918890605172566 2.8554124870664497 
0.5217961209060382 4.419880145877241 
0.3899362185116093 8.954794089862512 
0.5404471028242556 3.960395379730628 
0.5340514791961687 4.17135230703179 
0.40444320002781975 8.334071868259734 
0.6173443970183763 2.363400768266375 
0.5146289546847256 4.6536782634549265 
0.4286972008746931 7.334588177161941 
0.4437833270289158 6.791563273258019 
0.4412879554922532 6.864385517869034 
0.5096577374238208 4.743670258864295 
0.4800992969427386 5.581753903688897 
0.611910342242422 2.4409211129755026 
0.49271308924359764 5.208620859307298 
0.5287783596477506 4.253422485169497 
0.5946475623981918 2.7945561381438306 
0.5026833462413487 4.935797156228115 
0.6396132763002941 1.9546253724257672 
0.41235484894538343 7.9828823499720265 
0.5000605642088982 5.03836247702604 
0.5067912121670094 4.8333973162362165 
0.45713006688598795 6.337428044059175 
0.47739533141471796 5.6644210775220065 
0.43777470776518573 6.990931000077119 
0.6637999167345651 1.5456923810088476 
0.3963938629083901 8.671347355420778 
0.44599216169626493 6.698536850821246 
0.4075768572606823 8.178064717232095 
0.48524264440072457 5.440819312567236 
0.43570145458220727 7.071598117354651 
0.43959358787228603 6.924038457412646 
0.6451429056453917 1.862212091482757 
