0.8680625906184758 4.82793830967887E-6 
0.966431017643929 2.1007118537123663E-7 
0.5632717379760286 0.9337740917677335 
0.6991022478388521 1.7688615464939508E-13 
0.3962440300592657 2.4766386678098717 
0.4184811716378522 2.2345080536455746 
0.6107320367144332 0.5333940973767938 
0.4259717026063435 2.219574448971504 
0.9433022708447574 9.60892177972279E-7 
0.4267180554615293 2.180355949501779 
0.5813107540286123 0.8161189552405157 
0.4718690508326684 1.7651082783615704 
0.5728247891121229 0.8510351034503009 
0.65540253406224 0.1037811084506865 
0.6764406781812886 5.56485166989279E-4 
0.5473496743405893 1.0909892656338154 
0.519497562704129 1.3370239651521378 
0.6055810166246325 0.5515263759793626 
0.40168244401606673 2.4164702588902927 
0.6273415564399621 0.35925531058076354 
0.8225933356823898 1.4334029862241293E-12 
0.909593391828127 9.60892177972279E-7 
0.4682832923761578 1.7872207025775235 
0.6037227051272352 0.5731119284059205 
0.47448484847973826 1.7324904530524514 
0.7889834940247585 1.9730433543559022E-11 
0.3941430124038816 2.4766386678098717 
0.5367246402505133 1.1947412978415188 
0.5698412562904984 0.8856900943601185 
0.9999999999963454 8.529275511781967E-14 
0.4567123930489131 1.9187049889639751 
0.661120847115994 0.07019817700403636 
0.6332233535588855 0.323822339176457 
0.40192981321949434 2.3979016483645257 
0.7293426482668102 1.7688615464939508E-13 
0.48361796966881554 1.658587106258238 
0.411883135423836 2.3331899159239278 
0.7580580017949314 8.910590386947403E-13 
0.4663652723133717 1.815521841098457 
0.3991511674364983 2.4197421863944513 
0.5631265557695289 0.9628994261441692 
0.49633501551981124 1.5427421040819032 
0.54248415111205 1.1219474663800224 
0.6359867537612961 0.3040259013426729 
0.5537138955695535 1.018536113796094 
0.48857513576457484 1.6213496615529908 
0.5610475421100078 0.9854393242608911 
0.5656976165315203 0.9162995291126721 
0.4034548429073844 2.386024560089378 
0.46233098718019966 1.8398162207814523 
0.5487744219919747 1.0671659716179032 
0.4155502225585817 2.2688239210389076 
0.5390256534917119 1.1604233832236681 
0.557031405856065 0.9941142862687099 
0.4612052385555191 1.8768348947599736 
0.51632779195307 1.3560704209784182 
0.4534847161576671 1.9242742076466122 
0.5831827148947285 0.7519061340974372 
0.40602994879986376 2.3510386274813215 
0.652030932497281 0.15664008264079132 
0.4909544987127469 1.5907326865906537 
0.4320696401404717 2.116755336877003 
0.4488800383015623 1.9626047593676188 
0.5877263198134425 0.7159359718265612 
0.4340970300828299 2.106183931741534 
0.4507608582581889 1.9475658206128321 
0.5274964954524817 1.286999978066588 
0.5918890605172566 0.6900874143590042 
0.5217961209060382 1.3062763149883585 
0.3899362185116093 2.491798544951096 
0.5404471028242556 1.1403842090139853 
0.5340514791961687 1.2277168698186784 
0.40444320002781975 2.370658695660797 
0.6173443970183763 0.4590322221981723 
0.5146289546847256 1.3949175801608378 
0.4286972008746931 2.144317421117942 
0.4437833270289158 2.0139825451338376 
0.4412879554922532 2.0291706508910576 
0.5096577374238208 1.417648251217447 
0.4800992969427386 1.6797961248684266 
0.611910342242422 0.49362487362759333 
0.49271308924359764 1.5663556742879405 
0.5287783596477506 1.2491177645967855 
0.5946475623981918 0.6617759955321336 
0.5026833462413487 1.481143030861282 
0.6396132763002941 0.25020433839692735 
0.41235484894538343 2.2917802455714824 
0.5000605642088982 1.5194863829505838 
0.5067912121670094 1.4495232847801225 
0.45713006688598795 1.8970289056659062 
0.47739533141471796 1.7041681775761321 
0.43777470776518573 2.060452775565339 
0.6637999167345651 0.026030473810924715 
0.3963938629083901 2.4372688748356954 
0.44599216169626493 1.9874949302998581 
0.4075768572606823 2.3331899159239278 
0.48524264440072457 1.640117550936658 
0.43570145458220727 2.08110558595222 
0.43959358787228603 2.0437629080597137 
0.6451429056453917 0.20139291962716777 
