1.0 1.0000000000000002 
0.39016691456799074 8.94461438769126 
1.0 1.0000000000000002 
0.39016691456799074 8.94461438769126 
0.4842311459836625 5.601969515984058 
0.4023418930793753 8.441984139715021 
0.5617565086612956 3.4667729579446345 
0.6982514849635784 1.4321537066267085 
0.5138225262555646 4.6682906944070774 
0.4200920925651243 7.66938429857019 
0.40754620975071776 8.208666962653423 
0.5881704191325677 2.907746846296553 
0.4912807873586864 5.256899692255981 
0.6787346728708383 1.4733297994877208 
0.9143376376432104 1.0936878885482557 
0.5003896021976557 5.004731961083888 
0.6400530406370613 1.9368097665555468 
0.39373820491090505 8.863484808225934 
0.43441204077852463 7.132799035780868 
0.8335808578005819 1.1996477453371568 
0.7891709111018542 1.2671526436096205 
0.9882945768836512 1.0118440628838208 
0.4112983961656529 8.066749231696182 
0.4166618496432949 7.962910509103637 
0.4306855997768302 7.340681408494526 
0.6188002440234263 2.379542796641074 
0.6269909046919968 2.1747171176192177 
0.5773901023077772 3.168051954682458 
0.4454420733375904 6.725039470412718 
0.4990728104049568 5.179110514794987 
0.4756236280786015 5.806573990985908 
0.5577261330959571 3.6685541510887183 
0.47875475435398757 5.706106956567039 
0.623603234456735 2.2263866280876274 
0.51374419618331 4.861551336577024 
0.6582425802424613 1.6379590174956395 
0.649909856832104 1.8052333946239172 
0.5515317852468091 3.7753144704010677 
0.6680989390469719 1.5244364377660433 
0.8870248261023237 1.127853737434289 
0.46197820846235194 6.152331636703473 
0.7717465392821449 1.2957622086005804 
0.4574417542865422 6.303861711787462 
0.39664486826281725 8.651659257887568 
0.5827765400870888 3.0817395780455983 
0.8968532397643625 1.1150096310771407 
0.5693670020788134 3.294584726193845 
0.6014636961763405 2.65292557883448 
0.6107190775060596 2.545700886644944 
0.5383231629294737 4.007383221721142 
0.6123053323086647 2.4330710576763046 
0.7390698183777145 1.3530521657912147 
0.43920387404038536 7.0745499723751415 
0.8165069711380182 1.2247292862744772 
0.6486420408540443 1.8083631243714748 
0.522137076397836 4.461629837536638 
0.7261362485341515 1.3771520698339799 
0.42504757069225124 7.579969680629431 
0.5332041425300945 4.172053938719564 
0.4706279276716846 5.950275733651056 
0.522137076397836 4.461629837536638 
0.5051936819177015 4.8658290010394145 
0.39664486826281725 8.651659257887568 
0.7485895629401517 1.3377308365332208 
0.44672776124601965 6.688141190039866 
0.4517818125220293 6.531521808804888 
0.7575271847264543 1.3200846616366269 
0.5261933719741363 4.318487185226361 
0.5965345176334765 2.773314554536889 
0.6069673729241408 2.635557932633603 
0.5693670020788134 3.294584726193845 
0.4574417542865422 6.303861711787462 
0.8496241266225015 1.176991058358107 
0.45069635257722257 6.547252367220877 
0.6582425802424613 1.6379590174956395 
0.7133802015718382 1.401969397936857 
0.9578975429130442 1.0439565898740073 
0.4394500911980618 6.933507726994549 
0.6360176037206874 2.0368927747106604 
0.5332041425300945 4.172053938719564 
0.5465390078150862 3.8803995164518 
0.4394500911980618 6.933507726994549 
0.42992189391060337 7.437657724360399 
0.47134062205231275 5.941278571343898 
0.8740738105986952 1.1440681414833749 
0.42505595606482216 7.476908941795274 
0.8609343314448609 1.1615287757786215 
0.9372664572985274 1.0669324525730803 
0.46501340377479994 6.11217466919939 
0.8031688118075848 1.245068406709945 
0.5261933719741363 4.318487185226361 
0.5965345176334765 2.773314554536889 
0.7133802015718382 1.401969397936857 
0.960129774647584 1.0415294669048711 
0.971683454929742 1.0291417384196437 
0.8153905488796098 1.2269799186867654 
0.5383231629294737 4.007383221721142 
0.730623486920295 1.3686941779706034 
0.5465390078150862 3.8803995164518 
0.6360176037206874 2.0368927747106604 
