1.0 2.205264416761191E-16 
0.39016691456799074 2.4898925976459565 
1.0 2.205264416761191E-16 
0.39016691456799074 2.4898925976459565 
0.4842311459836625 1.7126481184905034 
0.4023418930793753 2.3965638801190035 
0.5617565086612956 0.9474822731763705 
0.6982514849635784 3.4523481921637707E-6 
0.5138225262555646 1.3986729178955881 
0.4200920925651243 2.2218476986724593 
0.40754620975071776 2.3454111077353392 
0.5881704191325677 0.7102506813176455 
0.4912807873586864 1.5826138198771549 
0.6787346728708383 1.9486156096486976E-8 
0.9143376376432104 3.342027996643235E-10 
0.5003896021976557 1.50431583511266 
0.6400530406370613 0.2396609802194345 
0.39373820491090505 2.4898925976459565 
0.43441204077852463 2.0985737855966597 
0.8335808578005819 3.396616681193496E-6 
0.7891709111018542 6.262527297636749E-9 
0.9882945768836512 2.205264416761191E-16 
0.4112983961656529 2.3178410212671525 
0.4166618496432949 2.3178410212671525 
0.4306855997768302 2.1615257751880916 
0.6188002440234263 0.4724616632256826 
0.6269909046919968 0.36352785302524493 
0.5773901023077772 0.8292018422304582 
0.4454420733375904 1.9956155249777725 
0.4990728104049568 1.584753240016597 
0.4756236280786015 1.7617437882995621 
0.5577261330959571 1.0460485207398325 
0.47875475435398757 1.7318258343088324 
0.623603234456735 0.3883819024266686 
0.51374419618331 1.49759378361366 
0.6582425802424613 0.07817437000773665 
0.649909856832104 0.17323897704856311 
0.5515317852468091 1.0822059297284126 
0.6680989390469719 0.018474366716038856 
0.8870248261023237 4.342653165058663E-4 
0.46197820846235194 1.84224314739052 
0.7717465392821449 2.2008663143238927E-10 
0.4574417542865422 1.8836495602198216 
0.39664486826281725 2.4316362465995978 
0.5827765400870888 0.7959655287428585 
0.8968532397643625 2.205264416761191E-16 
0.5693670020788134 0.8758278286476378 
0.6014636961763405 0.5956384243265442 
0.6107190775060596 0.5547080970981582 
0.5383231629294737 1.1572672109874291 
0.6123053323086647 0.4897823825010841 
0.7390698183777145 1.8426886327250352E-8 
0.43920387404038536 2.1071697549594632 
0.8165069711380182 2.205264416761191E-16 
0.6486420408540443 0.1729803475975094 
0.522137076397836 1.329582359340732 
0.7261362485341515 3.76502880865555E-8 
0.42504757069225124 2.2218476986724593 
0.5332041425300945 1.2245564429842686 
0.4706279276716846 1.800365937603309 
0.522137076397836 1.329582359340732 
0.5051936819177015 1.4581860686170334 
0.39664486826281725 2.4316362465995978 
0.7485895629401517 0.0014113422519671515 
0.44672776124601965 1.987778340723799 
0.4517818125220293 1.9508227613090354 
0.7575271847264543 1.7330168055496736E-8 
0.5261933719741363 1.2723593338213552 
0.5965345176334765 0.6543778600365628 
0.6069673729241408 0.5996976745599978 
0.5693670020788134 0.8758278286476378 
0.4574417542865422 1.8836495602198216 
0.8496241266225015 2.205264416761191E-16 
0.45069635257722257 1.9508227613090354 
0.6582425802424613 0.07817437000773665 
0.7133802015718382 1.3721169774383313E-4 
0.9578975429130442 3.4523481921637707E-6 
0.4394500911980618 2.0469306029502206 
0.6360176037206874 0.2954996616074561 
0.5332041425300945 1.2245564429842686 
0.5465390078150862 1.120789701647707 
0.4394500911980618 2.0469306029502206 
0.42992189391060337 2.197611895115851 
0.47134062205231275 1.800365937603309 
0.8740738105986952 1.0940511345151147E-11 
0.42505595606482216 2.1781046786644076 
0.8609343314448609 2.8934985783094677E-11 
0.9372664572985274 2.205264416761191E-16 
0.46501340377479994 1.84224314739052 
0.8031688118075848 1.1283638902599605E-7 
0.5261933719741363 1.2723593338213552 
0.5965345176334765 0.6543778600365628 
0.7133802015718382 1.3721169774383313E-4 
0.960129774647584 3.4523481921637707E-6 
0.971683454929742 2.205264416761191E-16 
0.8153905488796098 4.6782936226053007E-4 
0.5383231629294737 1.1572672109874291 
0.730623486920295 1.1283638902599605E-7 
0.5465390078150862 1.120789701647707 
0.6360176037206874 0.2954996616074561 
