0.8521097865448836 -0.7728041341772584 
6.210267379158294E-7 1.0010995677803103 
0.6524449856023471 -0.4572880439282329 
0.4535968864309312 -0.12337620938418965 
0.8234584360692032 -0.4600048150390665 
0.6185939723904582 -0.12662518422051192 
0.4093755743968275 0.24247163183493745 
0.257101144734524 0.2430388911245965 
0.1843834122395509 0.6584271407372968 
0.08227765304140194 0.6707758704710844 
0.04257597565510929 0.7534352643706569 
0.6226345356341875 -0.19429005101077973 
0.06879198269664658 0.6818482371328513 
0.19968259523948684 0.5657717252945291 
0.05854826096269394 0.7029403727575413 
0.41586748515059424 0.15736597755089485 
0.19507300027601923 0.5950900736797533 
0.8411256009624524 -0.7250884391296469 
0.005090685019595035 0.9295551637576448 
0.6404973122177893 -0.41164698839036595 
0.22836079477890148 0.35210892499067326 
0.643388048479959 -0.43108252812294806 
0.0022771042511268436 0.953763318895401 
0.6371686781840062 -0.38342132711336463 
0.4408341778290872 -0.08537867950711657 
0.019639030783607972 0.8497350492196966 
0.8322976521138151 -0.6180242101311395 
0.4315882252429799 -0.017081976535600882 
0.2235037394919076 0.37784258806392024 
0.2424008719735684 0.27311777032494694 
0.20148654691371076 0.5430455838962122 
0.4140298763763509 0.18122729467720655 
0.24795007897774754 0.2560970784198411 
0.034640171335071135 0.7846455648433716 
6.224724720291785E-4 0.9771837126140206 
0.016107432420289447 0.8698701236671841 
0.8248821012201935 -0.4871703113379478 
0.6212094290776073 -0.15003230117303348 
0.41836515893954695 0.1258569729884777 
0.23855132725435518 0.2897516473468714 
0.2349157407809772 0.307118605516708 
0.2146152700003015 0.4426195785553911 
0.4227265552402745 0.07623754821927886 
0.008738207421939787 0.9060160214135239 
0.21173456117866668 0.46501126965526735 
0.6247876943160301 -0.22822260502305608 
0.204278056390004 0.5222501125846246 
0.4203659577886799 0.10846357585614894 
0.444129797802071 -0.10203854939845533 
0.4253383957359689 0.04530812942910008 
0.6485593548608746 -0.4521284735538686 
0.21673664372653673 0.42695373147516 
0.8368713164625049 -0.675173896140994 
0.4296381239768895 0.0010123025786718395 
0.8295814220052495 -0.5745994711661759 
0.05399206151952518 0.7155076250691863 
0.43701021702134657 -0.06106122944454907 
0.6272853540431496 -0.26299817791832675 
0.8261063507714094 -0.5122196095374241 
0.04972844087293471 0.7292794845846599 
0.44805078582989993 -0.11556662005836883 
0.19182500432261537 0.612438018357656 
0.20992104181701396 0.4790442583549441 
0.6253945761457191 -0.23424447530673437 
0.6347484825523979 -0.3521856977749145 
0.07613334732480298 0.6732288095832801 
0.6283611855404547 -0.2780568632007402 
0.41100797146092577 0.22085946333986828 
0.8293320168542913 -0.5702331371431275 
0.6353989185565095 -0.3653439858118597 
0.8448002234691284 -0.7519282237686116 
0.23180467333614735 0.32463846066945806 
0.8277422187631504 -0.5413359931889256 
0.012299677665615016 0.8858971434981752 
0.4346996237702571 -0.042563019276054645 
0.23039696309338936 0.33394780346938246 
0.02906279337241885 0.8090177241572488 
0.8497844498932968 -0.7701805755199668 
0.8352819559568956 -0.6607540998551675 
0.22222763663698028 0.3930004793523458 
0.4123624142024229 0.20304010930695238 
0.6306861957068628 -0.3113713384806268 
0.25533937269631507 0.24708965207695657 
0.8397608981141823 -0.700986128133512 
0.8384562530973569 -0.6987309834881058 
0.03200045374533805 0.795540445186451 
0.20625927746174072 0.5073416550219159 
0.21929793917754853 0.40775735700203275 
0.4277924540068603 0.019156377436102524 
0.826792168347273 -0.5245538813884733 
0.02390919362620801 0.8306027416394155 
0.8238280859014452 -0.4658890975531628 
0.8450045952027532 -0.7532504459362376 
0.026531815373768308 0.8187192853827787 
0.6301690480339871 -0.30474172078005524 
0.010784959052997437 0.8943972695724731 
0.8330026239612495 -0.6275948370765103 
0.42531144168353524 0.06667495193538665 
0.6192037271664408 -0.13023742116663084 
0.6329831106435979 -0.3311516548152775 
