0.9498101664072864 0.8593176606436441 
0.9498301556455154 0.8568692930841036 
2.0964331828250193 0.7497578853880384 
0.9481183121582784 0.9891480769327796 
0.9497921202029305 0.8614869593353595 
2.9790083640931253 0.13128296772708967 
0.9480640365428458 0.9920911299893933 
3.1244484435329767 0.05237316571904826 
0.9481089857936873 0.9896568031755671 
0.9498308128554804 0.8567879538652127 
0.9497078474902663 0.8711525994275315 
0.9497702077552185 0.8640713429056371 
0.9498533884950708 0.8539600127691673 
0.9498063142500707 0.8597839224568492 
0.9498132662713851 0.8589411696844678 
2.9789224908270913 0.175132632915095 
2.9768405821173625 0.2212853616828485 
0.9482352813242559 0.9826573777357706 
0.9497755859848473 0.8634419211581323 
0.9498021815622766 0.8602821898299173 
0.9482433472155781 0.9822020216042597 
0.9482276220051843 0.983088828496029 
0.9498158617111856 0.8586250532436724 
0.9479854273214727 0.9962806410988316 
0.9498208353413449 0.8580169921525791 
0.9479478638036927 0.9982532206372953 
2.952291903930687 0.3724206572122817 
0.9482068304518684 0.9842553826288234 
0.9498168380453004 0.8585059275935837 
0.9498308018086286 0.8567893215237447 
2.979005613225899 0.13290774261224048 
0.9497510050540766 0.8662935747322877 
-3.141592653589793 1.031543872426744 
0.9479854273214727 0.9962806410988316 
0.9481361978205992 0.9881689121430594 
0.9481093638243467 0.9896362072435866 
2.9790408835282594 0.08449553206737931 
0.9507164698277776 0.7868733378386803 
2.979008407715513 0.12860401085439288 
0.9473821864900573 1.0259530473019085 
2.975557455144546 0.23827889019720072 
0.9497510050540766 0.8662935747322877 
2.9789224908270913 0.175132632915095 
2.9790154212633655 0.11039264915499536 
2.9768405821173625 0.2212853616828485 
2.9773028007786935 0.17770414900526385 
0.9498464341929689 0.8548382726087486 
0.9498149209534625 0.8587397287047526 
0.9482230136360648 0.9833479737908959 
0.9508152728927841 0.7851334958562286 
0.949816016437514 0.8586061823081443 
2.952593167279934 0.3632573067610424 
0.9497888710661563 0.8618735426249896 
0.9497803108405998 0.8628863642621275 
0.9498474674226912 0.8547081938120427 
0.9479478638036927 0.9982532206372953 
2.976882977268258 0.21421895777561592 
0.9497831039767423 0.86255678577354 
0.9497719991469639 0.8638620413747907 
2.979008407715513 0.12860401085439288 
0.949818130187621 0.8583480908446423 
2.976828823453863 0.23391307663059205 
2.975557455144546 0.23827889019720072 
2.95319598088603 0.3194437526608217 
2.9789265891396526 0.14588620763437476 
0.9498239829136719 0.8576306100166271 
2.9790417880924904 0.08092940796314478 
0.9481929895200161 0.9850282368127691 
2.953634489114882 0.24258526154582744 
0.948064940081408 0.9920424793195395 
0.949818162581506 0.8583441312764555 
0.9481136204572993 0.9894041536157954 
2.9790152089387694 0.11075911138682897 
2.976828823453863 0.23391307663059205 
2.9789265891396526 0.14588620763437476 
2.97901541479243 0.11040611219970951 
0.949775721922846 0.8634259714697918 
0.9507164698277776 0.7868733378386803 
2.9790149462112794 0.11181416287116538 
2.979014895666723 0.11193832396738397 
2.95319598088603 0.3194437526608217 
2.9773028007786935 0.17770414900526385 
2.218866248926777 0.3917714641090659 
0.9497803403833177 0.8628828828591393 
0.9508152728927841 0.7851334958562286 
2.976882977268258 0.21421895777561592 
2.9525933502098876 0.3523753863425365 
2.9525933502098876 0.3523753863425365 
2.979005883340052 0.1326603145523735 
0.9498158670293965 0.8586244046652569 
0.9498147993611012 0.8587545426171863 
0.9481123829533039 0.9894716442055542 
2.218866248926777 0.3917714641090659 
2.097482844363217 0.5595206295692158 
0.9497831939041083 0.8625461603430917 
2.097482844363217 0.5595206295692158 
3.1244467305243986 0.05608427552143275 
3.1213847174368086 0.05701547716761622 
3.1244467305243986 0.05608427552143275 
3.1213847174368086 0.05701547716761622 
