1.5242535199003735 0.5482445127406357 
1.5242535199003735 0.5482445127406357 
1.3434146538541405 0.6257929674323729 
1.3434146538541405 0.6257929674323729 
1.3434146538541405 0.6257929674323729 
2.6008131289902257 0.36811403912152985 
1.5242535199003735 0.5482445127406357 
1.5242535199003735 0.5482445127406357 
1.3434146538541405 0.6257929674323729 
2.6008131289902257 0.36811403912152985 
1.3434146538541405 0.6257929674323729 
2.6008121907538584 0.38275706694599365 
1.3434146538541405 0.6257929674323729 
1.524531937741463 0.4801178719389023 
2.6008131289902257 0.36811403912152985 
1.3434146538541405 0.6257929674323729 
-3.141592653589793 1.1079676075686808 
1.5243402607191665 0.5030240167744984 
1.524531937741463 0.4801178719389023 
2.6008131289902257 0.36811403912152985 
1.5242535199003735 0.5482445127406357 
1.3615780429382982 0.5487268215619635 
1.524531937741463 0.4801178719389023 
2.6008121907538584 0.38275706694599365 
1.5242535199003735 0.5482445127406357 
1.3434660586848064 0.6096403818390266 
1.3366305848184659 0.6980383494678967 
1.5243402607191665 0.5030240167744984 
2.6008121907538584 0.38275706694599365 
1.5242535199003735 0.5482445127406357 
1.3434660586848064 0.6096403818390266 
2.6008131289902257 0.36811403912152985 
1.3615780429382982 0.5487268215619635 
1.3434146538541405 0.6257929674323729 
1.3366305848184659 0.6980383494678967 
1.524531937741463 0.4801178719389023 
2.6008131289902257 0.36811403912152985 
2.600809614001632 0.3829897206987717 
-3.141592653589793 1.1079676075686808 
1.3615209521572036 0.5926727768831703 
2.6008131289902257 0.36811403912152985 
1.3366294449115654 0.7042706919054702 
1.3434648849972721 0.61022050131914 
1.524531937741463 0.4801178719389023 
1.524531937741463 0.4801178719389023 
2.600808745957129 0.38314997242519855 
1.5242535199003735 0.5482445127406357 
1.3434146538541405 0.6257929674323729 
-3.141592653589793 1.1079676075686808 
2.6008121944147318 0.38248640905429143 
1.524531937741463 0.4801178719389023 
2.6009992878507693 0.3189871531751679 
1.5242535199003735 0.5482445127406357 
1.3615780429382982 0.5487268215619635 
2.6008121907538584 0.38275706694599365 
1.5242535199003735 0.5482445127406357 
1.3366305848184659 0.6980383494678967 
1.524531937741463 0.4801178719389023 
2.600808745957129 0.38314997242519855 
-3.141592653589793 1.1079676075686808 
1.5242535199003735 0.5482445127406357 
2.6008121907538584 0.38275706694599365 
1.5243402607191665 0.5030240167744984 
1.3434146538541405 0.6257929674323729 
1.524531937741463 0.4801178719389023 
1.524531937741463 0.4801178719389023 
1.524531937741463 0.4801178719389023 
2.6008131289902257 0.36811403912152985 
1.3366294449115654 0.7042706919054702 
1.5242535199003735 0.5482445127406357 
1.524338630409341 0.5124516782893269 
1.3434660586848064 0.6096403818390266 
2.6008121907538584 0.38275706694599365 
1.5245431813388766 0.4743013722705264 
1.3434648849972721 0.61022050131914 
2.6008121907538584 0.38275706694599365 
1.524531937741463 0.4801178719389023 
1.524531937741463 0.4801178719389023 
1.3264807623744461 0.901854091126396 
1.3366305848184659 0.6980383494678967 
1.3243464133912808 0.946212601408449 
1.3222000203130504 1.015899423172628 
1.3434146538541405 0.6257929674323729 
1.3215390570453287 1.0336838116489673 
1.3374480883000832 0.6401850771863441 
1.5243402607191665 0.5030240167744984 
1.3434639758566673 0.6106579882049965 
1.3434660586848064 0.6096403818390266 
-3.141592653589793 1.1079676075686808 
1.524531937741463 0.4801178719389023 
1.326797197441214 0.7111719689037657 
1.3366293973588914 0.7043062138281542 
1.3366306323711399 0.6979978162543031 
1.3366305848184659 0.6980383494678967 
1.3434639758566673 0.6106579882049965 
1.524531937741463 0.4801178719389023 
1.524531937741463 0.4801178719389023 
