1.5242535199003735 0.2324221827083813 4.9946515953941795 
1.5242535199003735 0.2324221827083813 4.9946515953941795 
1.3434146538541405 1.1267407411022372 4.871062947819605 
1.3434146538541405 1.1267407411022372 4.871062947819605 
1.3434146538541405 1.1267407411022372 4.871062947819605 
2.6008131289902257 -4.285136826143964 2.5732566216665074 
1.5242535199003735 0.2324221827083813 4.9946515953941795 
1.5242535199003735 0.2324221827083813 4.9946515953941795 
1.3434146538541405 1.1267407411022372 4.871062947819605 
2.6008131289902257 -4.285136826143964 2.5732566216665074 
1.3434146538541405 1.1267407411022372 4.871062947819605 
2.6008121907538584 -4.284516828199744 2.573256637430273 
1.3434146538541405 1.1267407411022372 4.871062947819605 
1.524531937741463 0.2312472788871467 4.994651595457416 
2.6008131289902257 -4.285136826143964 2.5732566216665074 
1.3434146538541405 1.1267407411022372 4.871062947819605 
-3.141592653589793 -5.0 0.0012585788639720291 
1.5243402607191665 0.2321903055524133 4.99465159547738 
1.524531937741463 0.2312472788871467 4.994651595457416 
2.6008131289902257 -4.285136826143964 2.5732566216665074 
1.5242535199003735 0.2324221827083813 4.9946515953941795 
1.3615780429382982 1.0385113539641941 4.8909940953487006 
1.524531937741463 0.2312472788871467 4.994651595457416 
2.6008121907538584 -4.284516828199744 2.573256637430273 
1.5242535199003735 0.2324221827083813 4.9946515953941795 
1.3434660586848064 1.1267407411022372 4.871062947819605 
1.3366305848184659 1.1611781821147713 4.864710584921874 
1.5243402607191665 0.2321903055524133 4.99465159547738 
2.6008121907538584 -4.284516828199744 2.573256637430273 
1.5242535199003735 0.2324221827083813 4.9946515953941795 
1.3434660586848064 1.1267407411022372 4.871062947819605 
2.6008131289902257 -4.285136826143964 2.5732566216665074 
1.3615780429382982 1.0385113539641941 4.8909940953487006 
1.3434146538541405 1.1267407411022372 4.871062947819605 
1.3366305848184659 1.1611781821147713 4.864710584921874 
1.524531937741463 0.2312472788871467 4.994651595457416 
2.6008131289902257 -4.285136826143964 2.5732566216665074 
2.600809614001632 -4.284520007030931 2.5732566211873587 
-3.141592653589793 -5.0 0.0012585788639720291 
1.3615209521572036 1.0385209994168112 4.8909975089719016 
2.6008131289902257 -4.285136826143964 2.5732566216665074 
1.3366294449115654 1.1614188669604564 4.864677143383358 
1.3434648849972721 1.1267407411022372 4.871062947819605 
1.524531937741463 0.2312472788871467 4.994651595457416 
1.524531937741463 0.2312472788871467 4.994651595457416 
2.600808745957129 -4.284517075960869 2.5732566376510175 
1.5242535199003735 0.2324221827083813 4.9946515953941795 
1.3434146538541405 1.1267407411022372 4.871062947819605 
-3.141592653589793 -5.0 0.0012585788639720291 
2.6008121944147318 -4.284529750452853 2.573256637546202 
1.524531937741463 0.2312472788871467 4.994651595457416 
2.6009992878507693 -4.285182859118578 2.573256637620486 
1.5242535199003735 0.2324221827083813 4.9946515953941795 
1.3615780429382982 1.0385113539641941 4.8909940953487006 
2.6008121907538584 -4.284516828199744 2.573256637430273 
1.5242535199003735 0.2324221827083813 4.9946515953941795 
1.3366305848184659 1.1611781821147713 4.864710584921874 
1.524531937741463 0.2312472788871467 4.994651595457416 
2.600808745957129 -4.284517075960869 2.5732566376510175 
-3.141592653589793 -5.0 0.0012585788639720291 
1.5242535199003735 0.2324221827083813 4.9946515953941795 
2.6008121907538584 -4.284516828199744 2.573256637430273 
1.5243402607191665 0.2321903055524133 4.99465159547738 
1.3434146538541405 1.1267407411022372 4.871062947819605 
1.524531937741463 0.2312472788871467 4.994651595457416 
1.524531937741463 0.2312472788871467 4.994651595457416 
1.524531937741463 0.2312472788871467 4.994651595457416 
2.6008131289902257 -4.285136826143964 2.5732566216665074 
1.3366294449115654 1.1614188669604564 4.864677143383358 
1.5242535199003735 0.2324221827083813 4.9946515953941795 
1.524338630409341 0.2322268289888043 4.994651595364643 
1.3434660586848064 1.1267407411022372 4.871062947819605 
2.6008121907538584 -4.284516828199744 2.573256637430273 
1.5245431813388766 0.23118729559210813 4.994651595393278 
1.3434648849972721 1.1267407411022372 4.871062947819605 
2.6008121907538584 -4.284516828199744 2.573256637430273 
1.524531937741463 0.2312472788871467 4.994651595457416 
1.524531937741463 0.2312472788871467 4.994651595457416 
1.3264807623744461 1.2068885228946287 4.8713111205098665 
1.3366305848184659 1.1611781821147713 4.864710584921874 
1.3243464133912808 1.1946890423302865 4.8529072084982605 
1.3222000203130504 1.2061219111513681 4.858745617405478 
1.3434146538541405 1.1267407411022372 4.871062947819605 
1.3215390570453287 1.20612187196129 4.832142700530796 
1.3374480883000832 1.1548084244505585 4.8645395921505195 
1.5243402607191665 0.2321903055524133 4.99465159547738 
1.3434639758566673 1.1267407411022372 4.871062947819605 
1.3434660586848064 1.1267407411022372 4.871062947819605 
-3.141592653589793 -5.0 0.0012585788639720291 
1.524531937741463 0.2312472788871467 4.994651595457416 
1.326797197441214 1.2063398620176489 4.8529072084982605 
1.3366293973588914 1.1614202794706778 4.864677143383358 
1.3366306323711399 1.1611767696045496 4.864710584921874 
1.3366305848184659 1.1611781821147713 4.864710584921874 
1.3434639758566673 1.1267407411022372 4.871062947819605 
1.524531937741463 0.2312472788871467 4.994651595457416 
1.524531937741463 0.2312472788871467 4.994651595457416 
