0.409029582835559 0.5175315952192472 0.4073120391664501 0.05480593625166985 0.882433288010565 0.6476738908068527 0.0446702033029861 0.10687475708618499 0.8325890152073043 0.5738326065724375 0.21036762231871087 0.4673985127043222 0.01438948460356404 0.9974993364009755 0.26694932804356875 0.7890971072801231 0.7364795549806239 0.3373906959130002 0.14757335500617053 0.512062234517658 0.9865458328279763 0.052071087426788454 0.1291857682403198 0.11864519962908193 0.04052449626199317 0.0825072251451543 0.07167810231040161 0.11393851745700978 0.8467267636473359 0.9693402431491699 
0.026470382552011618 0.033897829688262826 0.550238782079476 0.8427216385529931 0.9782129736312011 0.9943055395447681 0.14030689654509365 0.19678889225290375 0.8491394818512928 0.054918804968199564 0.6510661357539603 0.12594002265774873 0.9926055808383365 0.19933221907788834 0.3710803376641457 0.4832615222321206 0.3916094543087504 0.024759230507794272 0.16655819129835814 0.16683770714364188 0.39284938149518056 0.9358495602494454 0.6441435063838992 0.12175667380444932 0.0821439909256747 0.05801350403926564 0.0534758897839166 0.8285421896707401 0.2281321503625019 0.43097875377851425 
0.021902992733014548 0.3429078757332479 0.5398550544834121 0.10660596995199656 0.4429224591817157 0.9762249502448622 0.5132054406057488 0.2628318980552542 0.748554016758551 0.3306888372950203 0.889084892904696 0.6144208244858017 0.5790311610456739 0.005374085328255562 0.8534916394914183 0.49721116459805303 0.9380197915079185 0.005833405903678868 0.8510841400770901 0.9437956449924507 0.38148697279288724 0.7838759194253222 0.5202769343251158 0.4401963657410073 0.8286217406518255 0.2906167858293398 0.13257031255145335 0.2893322556792194 0.9547801199586196 0.7346178702569807 
0.4575859935292248 0.058425524091081704 0.16169528584385862 0.08910803772629028 0.04883160711694956 0.9232697810347273 0.742886031917781 0.45273219400823983 0.6883422574149095 0.4489638436498353 0.9816027561687389 0.008023626198800149 0.8229542189158751 0.867301233795985 0.009323294444426145 0.3085113865271706 0.6444879459879544 0.2780380420977061 0.5355989905729279 0.4479738406062991 0.30271083560039147 0.16936178005905034 0.17985243595381073 0.4861744238325464 0.48396256867192644 0.24064017211543776 0.5061109722088566 0.29469750359286084 0.11070462182593988 0.8376512869962743 
0.1221463453456264 0.22404956633674944 0.24983731060226388 0.08262421292837496 0.9303044932694602 0.10888649009342632 0.42369623985798033 0.5420971332391417 0.09612861763451652 0.06123869560152928 0.1733433972344941 0.21927588344808424 0.7154394874055745 0.24481159202084068 0.0803410872640653 0.4989738020449792 0.2538088958940733 0.3046830290626631 0.1921735888354491 0.8013440999849574 0.6437465403870444 0.15211005049374426 0.3409302716901996 0.5036150651606505 0.3354396481835984 0.8343759577543323 0.9118579752415947 0.006483824797915316 0.11852711384748937 0.814383290941301 
0.8637956990365707 0.4077601597866748 0.20900008801797698 0.739800430412969 0.4601722584133927 0.5164497337833716 0.24192761784348116 0.07500824344817103 0.14382299657880693 0.740584964484294 0.8547408897716295 0.06913810460820047 0.9297711704202158 0.0013394378444883115 0.863057195145433 0.8227022289247801 0.2710950799969274 0.12201996963434347 0.8520474191823582 0.39019338467340303 0.8683203709594051 0.11676821966056972 0.9267120027622542 0.5480414518792296 0.08089545717994939 0.797522639515675 0.9209432607414737 0.6348917706444392 0.041303500972005525 0.14924487369148554 
0.8227628502606064 0.26008573774959565 0.45703617621018433 0.9453742986080248 0.4757690583196822 0.05474533699688422 0.8649278138259129 0.28819854615283946 0.27632843006416785 0.07490363795217214 0.1968018735181728 0.8888055295367437 0.24565127381591312 0.22698088839047148 0.068303449691266 0.016433654710352186 0.40703887655634285 0.5619858736410043 0.34821875991257045 0.5199376777986155 0.6028106203267151 0.9446701504323561 0.3794780373155834 0.39864519592984304 0.6119082445486813 0.8710332640195961 0.673139021859431 0.9454931489951935 0.5738097518812036 0.7436014577600863 
0.04517971247824348 0.19885601942057696 0.9261161341412915 0.11177948985941255 0.7675700846492497 0.008097854291093665 0.07047721985291633 0.9763974516830196 0.039349893159154825 0.07596648793284033 0.49747655793885426 0.1115708672053719 0.13348179547265715 0.6426580905177476 0.4301332969737429 0.31435572496478603 0.07031092591044596 0.3840520466890517 0.3027798937733951 0.6006597044783606 0.5570389538318637 0.5432286896821659 0.4475197954464001 0.6539148394868693 0.48218821046036775 0.4603399239329571 0.06101005658043468 0.7616536940070116 0.0688885571786857 0.9575169289226917 
0.022963294234011444 0.2865355080399544 0.005560277413975467 0.9564949495567995 0.39809337351737073 0.9421311574372164 0.6160006916772257 0.3465146707046719 0.7840132131903117 0.7988166447702929 0.5701041616205532 0.9179878380165722 0.9651896169853903 0.0034545850476807027 0.5726706043762829 0.02375067466480496 0.9715018462214993 0.7175018765934692 0.8950193963363501 0.2620401680029196 0.8479747401317155 0.8982472713692082 0.19915372800420572 0.011499831423685603 0.9313525807013432 0.8492415599263898 0.0058122662066874 0.028246756002339612 0.4698036079032154 0.43268222392793465 
0.6671194942868549 0.40027555979222673 0.7370228891960892 0.28201915966052316 0.23413718670645056 0.4698994308093788 0.15603028246901363 0.9303798562352771 0.22264097749592515 0.8533699524370033 0.4605549220345706 0.3409653732148987 0.4469183504377163 0.5736192028304297 0.40957769571630154 0.42032144940664373 0.31560565744575 0.686704518767888 0.6764366903108621 0.2073046511409733 0.10406294900569235 0.38069927434499906 0.7306122935505274 0.7170759233833945 0.4902318557696186 0.3677718440513036 0.9075757100584487 0.8217918005524573 0.07481028119300837 0.1890026283553039 
0.4382690133364009 0.429008602853989 0.10214422945613866 0.10611800013571271 0.0546255603581447 0.8591913076333872 0.5932430153081039 0.10275544610661647 0.54016311967575 0.07089956960209642 0.35050817587116134 0.5768568947822358 0.9446140675220149 0.44508232469419906 0.015796158682976458 0.7901686538414785 0.9506751527305287 0.04659198136492182 0.4757932178798444 0.7963528023269592 0.3944327898512052 0.9020721507586789 0.7557188733814711 0.6240776505008472 0.35677908775302036 0.817270342168326 0.20947287799407677 0.15058225634339473 0.6510159941532182 0.11291003590394455 
0.8422757113387223 0.7483635984822039 0.846389460835824 0.2845122180540547 0.5671847255541013 0.5575428101817989 0.8439672347331316 0.5935030215640065 0.569491275705053 0.7400409770972949 0.6897532597761429 0.7296897961674618 0.6188523542874187 0.05055996463207635 0.5087825026514963 0.2601348117683083 0.2044177362072176 0.21158341323760077 0.583607570653658 0.40835120344822995 0.2861647751255897 0.26084600119541457 0.1140414889253818 0.30205441499686403 0.9167338977548346 0.173700003298069 0.8943239085335969 0.6491970194336313 0.9601082449485094 0.2043684519931751 
0.2100867107505452 0.8362453294109589 0.5138578983429952 0.13557123412570615 0.6130369619925312 0.30852856830042275 0.16086226902707812 0.834482440036596 0.23678078513411793 0.7682699232750285 0.13052574891557145 0.09439784212614433 0.31406341607547905 0.023608515235362892 0.018698408857230953 0.3730775573365792 0.5641735721600919 0.9382512652899524 0.4943705672932356 0.4397645184471306 0.39116614993039467 0.15239152396703326 0.6726006749417408 0.20827926868963076 0.10213695630657771 0.876323006474928 0.07303282596263228 0.3542823051354824 0.25260519763507083 0.07080319572297544 
