-14.432938456642535 -11.62722791305325 
-14.432938456642535 -11.62722791305325 
-19.997301237614437 0.006212432458535857 
-19.07959559410637 8.237131374247797E-4 
-17.9394430812561 -3.8732525801732978 
-17.046959558610865 -3.8752333065857414 
-15.627490463670494 -7.7735804934871044 
-16.726910826844495 -4.711110015794745 
-18.549922021442036 -1.4845185015531588 
-15.884025417871197 -7.751178644860397 
-16.873067366123394 -4.237526759114046 
-16.367880748761642 -6.33451165347203 
-18.410090548188432 -2.1237033675562347 
-16.440478023501743 -6.106005627455756 
-15.314148137588411 -8.884337135686577 
-15.486285077323558 -8.232060944656286 
-15.38755481658691 -8.53488629839686 
-16.668698867090676 -5.002732590733702 
-15.137072165373834 -9.616492080915542 
-16.79596047621846 -4.47995350443088 
-18.66890637461089 -0.9091193120360623 
-18.37366595253409 -2.30112398605819 
-18.115779653290428 -3.498492807209899 
-16.549439037611883 -5.555790912001647 
-18.17346802548748 -3.2617275027523527 
-18.339934436549505 -2.4685153957854156 
-16.609465334257568 -5.21370428469511 
-14.489582174121454 -11.520364134002826 
-15.18144415232029 -9.449562032489194 
-18.654153915598805 -1.0661718103456075 
-15.210062289543973 -9.3227578901068 
-15.531889282848308 -8.07054360861482 
-18.264188589163982 -2.7873838361589502 
-16.973400175349994 -4.004918616906609 
-16.4653886572763 -5.9856730015794755 
-18.594623952067202 -1.1889199046164913 
-14.673046855807687 -11.313059375806962 
-18.2445903848175 -2.935285153235487 
-14.87577905863079 -10.650585590027525 
-15.041262007638933 -9.985093617057775 
-18.45845601694685 -1.8926617267135066 
-15.259901457668725 -9.117508589968956 
-14.729930191002373 -11.090402691050564 
-16.08752599801371 -7.463839669162061 
-15.995125090323874 -7.654343458913504 
-18.866934258157812 -0.4060448835025351 
-16.279516346151716 -6.812896714779843 
-16.134383506679537 -7.325592609612652 
-18.98689390470699 -0.14747067021404886 
-17.995919445073376 -3.804790798828804 
-16.774066101388726 -4.543063387647092 
-14.610398228180582 -11.435248885709159 
-18.84596517566618 -0.4593240808160306 
-18.21093380260156 -3.0943036650423608 
-14.939104475286323 -10.409780926948434 
-18.742667177195536 -0.75960083987158 
-18.092768901730416 -3.5798582878652905 
-15.562653532724624 -7.96284674562381 
-16.294670371499876 -6.630667626881925 
-14.709384281126473 -11.22363696658038 
-16.24473244192959 -6.925822446719167 
-14.579482808206468 -11.484198796323954 
-16.644048249443117 -5.066008515418907 
-18.516106595956543 -1.6301914819700194 
-18.453813266238484 -1.9143288213600427 
-15.900062230501629 -7.745701223771342 
-16.50259428157014 -5.814796615728074 
-14.999592661999081 -10.16010480887876 
-15.248593531743602 -9.159577301818544 
-15.07290944522735 -9.897648956061587 
-15.349013819566698 -8.752640248008682 
-14.79156445084855 -10.983822210586005 
-16.20540860555237 -7.047166811762052 
-16.16334172789632 -7.205919755108791 
-17.04155067391404 -3.8837868580879014 
-16.51879939054411 -5.738241854244526 
-16.910569065720612 -4.140834811457698 
-15.43716726852691 -8.406101712344082 
-18.791902641398103 -0.6112332336660511 
-14.798552530540077 -10.93436692717691 
-16.318917183270347 -6.553404027293588 
-16.571445915530866 -5.3651386602897295 
-16.934640237363972 -4.087586333971354 
-18.516106595956543 -1.6301914819700194 
-14.839223248778106 -10.810348745048891 
-18.306035263493015 -2.6361211987579325 
-18.190035727783798 -3.181211852639935 
-18.937070180809982 -0.24752316968150403 
-18.751358755837426 -0.7306118772979299 
-15.099526577626564 -9.800453507654115 
-14.913378322407421 -10.508947486940238 
-18.307476106479445 -2.6290110153057924 
-18.051326227751904 -3.7072090165706175 
-14.846136243217574 -10.784343120148616 
-15.43716726852691 -8.406101712344082 
-18.937070180809982 -0.24752316968150403 
-15.582559910886623 -7.833193337945133 
-18.594623952067202 -1.1889199046164913 
-15.997385233436194 -7.546762228275297 
-18.042227678980844 -3.710850033319504 
