-1.1535328724506375 -1.1536654418145365 -1.1525734033190684 
-1.1535328724506375 -1.1536654418145365 -1.1525734033190684 
1.5917320094355826E-4 -4.262572662570183E-4 -7.863778341574701E-4 
7.425132611167521E-5 4.356073547682841E-4 -0.4822903608109657 
1.253607912985876E-4 3.564492277496758E-4 -1.1532338747596815 
-1.1135072278677047 3.1160846396488214E-4 -0.5027371551097262 
-1.0666212789052947 -0.5986198555625798 -1.0903938189501747 
-1.0787650689681545 -4.777505718448975E-4 -0.7149842714933602 
1.253607912985876E-4 2.645139579600774E-4 -0.7829722673640548 
-1.1521447067623904 4.161773949989955E-5 -1.1520388929713745 
-0.6107986372167142 -5.265463623632671E-5 -1.1013650020243593 
-0.9337953599182744 0.0030074434742653477 -1.0712537781470075 
2.618404368723038E-4 3.136186082044188E-4 -0.8652784570662427 
-0.9606285399767297 4.562838508545599E-4 -0.9993041122145538 
-1.0666212789052947 -0.7863990399942865 -1.0903938189501747 
-1.0719274762866573 -0.6933020323040271 -1.0773834528297672 
-1.0777938192750476 -0.7894755711249042 -1.0149602960043338 
-0.8514881036066293 3.503095544741934E-4 -0.9712249110918121 
-1.0757662803263115 -0.8690425576515988 -1.1013650020243593 
-0.694981453624085 4.315712784683062E-4 -1.0575275044159227 
-0.00976366722982918 -0.003289624585121498 -0.7023459019519426 
1.2043656371799828E-4 -4.2638374386730495E-4 -0.8869374159502879 
1.4053103894904446E-4 2.653542180281223E-4 -1.0435041139478065 
-0.878791050717171 -4.563886467721648E-4 -1.0159500005654405 
1.2043656371799828E-4 -4.27511445637642E-4 -1.0079155122864962 
1.1406109468670565E-4 3.4619802009436035E-4 -0.9072116005480722 
-1.055182949896253 0.003315464191112172 -0.8055167140779423 
-1.0975439740297852 -1.1536654418145365 -1.1525734033190684 
-1.0603389326946489 -0.8721103123817235 -1.0742342721818592 
1.5969654344800656E-4 3.624681329585243E-4 -0.7222705913983613 
-1.0862763942814615 -0.8406987927685055 -1.0743141705455355 
-1.0666212789052947 -0.6595245241278028 -1.0903938189501747 
-0.0031068795500636126 0.0028085212775946144 -0.9482004172459658 
-1.103695872787993 4.322715454552167E-4 -0.5523441169612181 
-0.9457546121630745 3.503095544741934E-4 -0.9991051040664163 
-0.7445997974973986 4.971360830873028E-5 -0.010890150655284092 
-1.1039776998073407 -1.0757566869988964 -1.123916042603743 
1.4053103894904446E-4 3.6037110695843783E-4 -0.9646699067409772 
-1.0777938192750476 -1.0249082596488908 -1.0575275044159227 
-1.1186923607825836 -0.9001773294944285 -1.0897755602921138 
1.052360006242127E-4 -4.8036884119470147E-4 -0.8365107403187697 
-1.059378821320658 -0.8328455901442889 -1.0719739969985242 
-1.154419920814856 -1.0339428138195337 -1.098893454360615 
-1.093059777063576 3.4215927227427894E-4 -1.0838252251698492 
-1.112066883007941 8.88722981767608E-4 -1.1224205659054476 
1.5917320094355826E-4 -6.027181293012989E-4 -0.6005766836897296 
-1.0414841970661006 -4.762758100556808E-4 -1.0167922858549439 
-1.0764917853973879 0.0029938625735064124 -1.071297789273271 
1.5917320094355826E-4 -6.018609557900157E-4 -0.5333960658067163 
-0.002871263209285102 0.002026346493938573 -1.1138752803006597 
-1.0817926025238482 -5.903760067658425E-4 -0.6850574948532872 
-1.1039776998073407 -1.1063316606979756 -1.123916042603743 
1.5917320094355826E-4 -5.965036735373402E-4 -0.6124201348866292 
1.591799308721574E-4 3.117000876835722E-4 -0.9851659129311152 
-1.0667974818370203 -0.9646384843026357 -1.1215533671214006 
2.7668237899891265E-4 3.6037110695843783E-4 -0.6713291824808194 
7.425132611167521E-5 4.3332515433288244E-4 -1.0575275044159227 
-1.0870174573599833 -0.6495237719147243 -1.0590008131772575 
-1.0753977356939028 0.02435474136684902 -0.9734828407746858 
-1.1026031389790887 -1.0616747657328647 -1.1180630021209204 
-1.0666212789052947 -0.00198091167461234 -1.0131536308592468 
-1.1529469572154838 -1.0986681777788858 -1.1195744998935087 
-0.7820982786403103 -4.563886467721648E-4 -1.0585172089770292 
1.5917320094355826E-4 3.9015711200751554E-4 -0.8026342948133941 
1.2007794275082154E-4 -4.8036884119470147E-4 -0.8392516110471789 
-1.1521447067623904 2.622559307973754E-4 -1.1419529315627344 
-0.9456922450024299 3.3445993460043524E-4 -0.9765018583150348 
-1.0739292039916888 -0.9787307076977876 -1.0345123039689166 
-1.0862763942814615 -0.8199399147301574 -1.0743141705455355 
-1.0916907223370818 -0.9001773294944285 -1.0896357073378502 
-1.0746342710354935 -0.7730594387893097 -1.0736492215425801 
-1.0973998666113511 -1.034056222274331 -1.098893454360615 
-1.029448740232102 0.01485737673498927 -1.0743141705455355 
-1.0547021093758921 -0.014410801881314217 -1.0749879464834748 
-1.113411584687944 3.1160846396488214E-4 -0.5058132556556626 
-0.9408187902395537 4.122629186848739E-5 -0.9715603021294638 
-0.5846569948913096 3.1160846396488214E-4 -1.1069086045741663 
-1.0603605268608125 -0.7326201788508547 -1.0747669206026444 
1.4154563111408666E-4 2.6588206389939137E-4 -0.643427113439424 
-1.0790846450406417 -1.0275157630399705 -1.122864549055213 
-1.0767792643021759 -0.004361568614578315 -0.957980355779523 
-0.8140504320423402 4.423246792926046E-4 -1.0697294359615999 
-1.0929320895224648 3.503095544741934E-4 -0.5837364698139392 
1.5917320094355826E-4 3.9015711200751554E-4 -0.8026342948133941 
-1.091650034931416 -1.0264365464181318 -1.0747669206026444 
1.5917320094355826E-4 3.1165290281113563E-4 -0.9275921735842929 
-0.9971919700441796 -4.768544719424961E-4 -8.049134618928849E-4 
1.4053103894904446E-4 3.668772402127763E-4 -0.5614467082092526 
1.5917320094355826E-4 -6.018609557900157E-4 -0.6661690353776821 
-1.0746342710354935 -0.9056085437029349 -1.074659646587621 
-1.0787650689681545 -0.9687775608086656 -1.1253149867990322 
1.5917320094355826E-4 3.1165290281113563E-4 -0.9267249748002463 
1.5917996627864777E-4 -4.97362367445648E-4 -1.0830926871213176 
-1.0859519073747945 -1.026062259234772 -1.0747669206026444 
-1.0603605268608125 -0.7326201788508547 -1.0747669206026444 
1.4053103894904446E-4 3.668772402127763E-4 -0.5614467082092526 
-1.1271381081242082 -0.614716673188515 -1.0447602527976283 
-0.7445997974973986 4.971360830873028E-5 -0.010890150655284092 
-1.1519301737842793 0.013051395415414224 -1.0812368416543843 
7.425132611167521E-5 0.0030822695034647017 -1.0855594239256618 
