-16.419468569333382 -6.195891350542286 
-16.5885136841339 -5.392184053578175 
-16.13677637505134 -7.3274351348619255 
-16.7421581906083 -4.681107263840923 
-16.364801891424236 -6.4400159856116375 
-16.20934461169641 -6.948340215565906 
-18.946506512757246 -0.22270146549948713 
-18.31906418003137 -2.5457989127473004 
-15.279854345314092 -8.960227636060061 
-18.54038516397961 -1.428854434081983 
-14.789865991637065 -10.969211576319477 
-18.070114213968846 -3.634717444609344 
-15.025993992189239 -10.105063801400192 
-18.56519336176265 -1.3256028133294966 
-15.26516710394998 -9.096161542930961 
-16.93002978269979 -4.081461377535273 
-18.194700436868587 -3.1428958358594397 
-15.051315026743923 -9.998637962165555 
-18.272912299933786 -2.789020803963626 
-14.943575152699074 -10.412176901873481 
-16.804644180329554 -4.4167201342142715 
-16.206842140833167 -7.075826350049908 
-18.037046368587653 -3.73998709133338 
-14.486395333223253 -11.55444048433282 
-16.53843764158667 -5.613816243234728 
-16.704585163981548 -4.794137808857791 
-15.633445794580163 -7.75181398058305 
-16.880078086257143 -4.224340586116651 
-18.484521334701974 -1.767673590400904 
-16.51300856641624 -5.764134035490969 
-15.457736658444777 -8.327687982967204 
-14.904104827542277 -10.575242624740138 
-18.374435998431178 -2.2919752387605348 
-16.846175722066356 -4.313628400051298 
-16.636401892253033 -5.15283338225096 
-16.66850579480189 -4.9409520236984505 
-14.70717865527148 -11.218320323513211 
-18.830831502917455 -0.4865573250687573 
-15.147326667052887 -9.59246096818187 
-16.177065381680485 -7.18368803567523 
-14.626259354088528 -11.361023319478583 
-16.329517285372223 -6.573728414606042 
-18.401501696910408 -2.1564835867745464 
-18.63884427457957 -1.0711528944388942 
-16.459697142711786 -6.001944324155145 
-18.162402343163365 -3.3084075851747863 
-16.60438093150988 -5.279085557425015 
-18.90175944572004 -0.31931578945288486 
-15.10460553361018 -9.727435544545806 
-15.22461081277173 -9.167763132059505 
-15.212704373107396 -9.295856353924895 
-18.298332113845582 -2.6650358304965622 
-16.03254241715411 -7.570392276365904 
-18.737462469605685 -0.7261745969976694 
-18.109705751401037 -3.5152922635132478 
-18.78958115862234 -0.611372821027089 
-19.017557705814557 -0.09148904268113103 
-14.832837240295614 -10.840995453037984 
-15.882859042438916 -7.750176364251725 
-14.864834078435631 -10.693260943982873 
-15.08005067726026 -9.87652640551595 
-15.4866881201668 -8.214101419951785 
-14.574555146540938 -11.51413069792672 
-18.34520024898415 -2.433704392261647 
-16.431626210453736 -6.085239672160304 
-15.602425807491084 -7.860385342828542 
-15.973265567061791 -7.672982965413752 
-15.344231570067972 -8.77174657433828 
-16.292052226679644 -6.701268439566521 
-16.9731666915145 -3.9508849687835697 
-16.762033195166538 -4.555376656339472 
-16.562859243000887 -5.522820419806742 
-18.223161869982285 -3.030840712644295 
-15.182893525442857 -9.436568044762605 
-15.525145667487093 -8.094403705118703 
-16.48713121322627 -5.890736967954268 
-16.265670751527836 -6.823035049919703 
-16.39548748918981 -6.309965949269168 
-15.563624387014368 -7.970343038292422 
-18.682260985784865 -0.9567515377715705 
-15.373499321535139 -8.652413650397202 
-16.66302493642976 -5.02974760897979 
-19.989349955986416 0.018730765049000727 
-15.398139106517807 -8.55652151194542 
-17.04591363001762 -3.8730987427730774 
-16.092221689827156 -7.454088128084565 
-17.943439565525853 -3.8725706268219007 
-18.131268715361692 -3.4081150844800057 
-18.43169568895402 -2.015722785464113 
-18.712724543678693 -0.8399149557858748 
-19.08678487013708 0.015301044270692819 
-18.53635277071179 -1.5415765307933786 
-18.621183746142812 -1.190330639635072 
-14.984955962789833 -10.274541105389055 
-18.457864799615265 -1.8882261732552748 
-15.4256018091241 -8.450236129733373 
-14.435768968632654 -11.62714950936698 
-14.749513330520443 -11.074845997091455 
-18.248950855828717 -2.9086651155335725 
-18.50974502545245 -1.6511671789363982 
