-0.991925220095797 -6.947070069698492E-4 -1.0856582012770486 
-1.069709262705438 -0.7805887113983084 -1.0372938171559327 
-1.081469886670243 -0.6937314182394758 -1.0853907119474377 
-1.039188267811914 -9.952026026092892E-4 -0.699939966114015 
-1.1065928033376002 -0.9571766939929325 -1.0815116034241519 
-1.0840501228697395 -1.025750599855026 -1.0747829013100956 
-0.9842977386802163 -9.068536601937887E-4 -1.0466450419494915 
-1.075272275045668 -1.0102531610467682 -1.0830113344273742 
-4.4995285486864337E-4 -6.65869667914109E-4 -0.6074362399924674 
-3.9267873384993615E-5 -8.799818482556604E-4 -0.700414572646619 
-1.1509433552029935 -1.143566093713166 -1.1550034799598157 
-1.0884265989853086 -9.222299706406442E-4 -1.0939747964529412 
-1.1357870533858803 -1.0967231146726086 -1.1473063543985245 
-6.341797902685437E-4 -0.0014083129875608418 -1.099473519272899 
-0.8183137318050469 -0.0010412885652857436 -3.974684829718411E-4 
-1.0838192541511227 -0.6125954307118244 -1.1115332863710998 
-1.0535504101597724 -0.9176657628369744 -1.0426255999220821 
-0.7896953109631379 -2.028706683142971E-4 -1.0108495997541949 
-2.3810761030070918E-4 -8.887874720148811E-4 -0.8656616547076142 
-1.0932690240261922 -2.0817246952555343E-5 -0.7011151366954869 
-1.087613261745472 -9.071011713058848E-4 -0.6331031670333176 
-1.0807386978992934 -0.003256489812318456 -1.0509210555672663 
-7.553379139356798E-4 -7.02852565079402E-4 -1.0283525624990104 
-1.0751981097531098 -0.6010375901544749 -1.0798798055777468 
-0.9819897248695335 -0.0011159789572384431 -0.9925534690234594 
-1.075729552276337 -0.028544906536145276 -1.0865996422303197 
-0.7727168885165014 -0.03132383457617827 -1.054611068993571 
-1.1123590969392538 0.024967752308679425 -1.113036709607855 
-0.5926730541110939 -1.883414604555262E-5 -1.1085701541773734 
-1.0537563996195176 -0.003291797202507496 -1.0514208311332336 
-6.370534948257195E-5 -0.0011865317695653856 -0.9137114302535145 
-6.173905045497583E-4 -0.0010388785599069552 -0.7412677167589583 
-1.126119993791823 -6.952560127854279E-4 -1.1241264940628166 
-0.5781076341751341 -9.221942037147127E-4 -1.0963378898511866 
-0.9678008910507656 -0.0011232083828137671 -1.0283129165285168 
-5.803986380194436E-4 -2.7257757700850752E-5 -0.962414449233883 
-2.265240125863062E-4 0.001029499471879893 -0.6676970204218262 
-1.0697820688899025 -0.9232447311264255 -1.0426255999220821 
-1.0666923440527467 -0.8672756336368012 -1.0545924202435595 
-1.081469886670243 -0.933800852462471 -1.0853907119474377 
-1.0807386978992934 -0.9526897375186258 -1.0817767542553454 
-1.002306836037749 -9.240463640398803E-4 -1.009194393621407 
-1.1065928033376002 -1.143566093713166 -1.1550034799598157 
-1.0547764705379459 0.007900147567507565 -0.9935869522977308 
-0.9787407533622283 -0.0011068639071709838 -0.9115531820897083 
-1.0851186068696281 -2.0817246952555343E-5 -0.5624501811324002 
-0.9282361482861157 -4.2679828698879215E-5 -1.0004491952311594 
-1.0759269670347005 -0.8106843417344352 -1.0514208311332336 
-1.1491430043567201 -6.851306075678971E-4 -1.1584186457257128 
-1.069407419075702 -0.7645519021924122 -1.1100695321700358 
-0.8809019052378771 -0.0010412885652857436 -0.0030654157984611884 
-2.2214532702956443E-4 -6.619046912745268E-4 -1.0118504332339573 
-1.0697892857676181 -2.0817246952555343E-5 -0.700414572646619 
-1.0718430561622716 0.014974260059705813 -0.6885232612180933 
-1.0822684784400858 -0.8260281082420601 -1.0819049837111303 
-2.3315939617529757E-4 -6.782980668202227E-4 -1.780506912686386E-4 
-2.328844127841239E-4 7.351448450554799E-6 -0.4808184408688243 
-1.0388651954419064 -0.03132383457617827 -1.054611068993571 
-2.1860141576557135E-4 -0.001137483028023093 -0.978629436218671 
-0.9856309579714505 -1.7855186934968357E-5 -0.9614433100087838 
-2.2269460869570986E-4 -6.80759568295485E-4 -1.0509317292653864 
-1.0243464326541953 -0.7656988998574276 -1.081913300816156 
-0.6486844355735428 -2.01705921540797E-5 -0.0030551629972253025 
-0.9209724993655106 -1.987635611266908E-5 -0.9358183815066603 
-0.48272302148907964 -6.652367063683057E-4 -1.1416578414199514 
-0.906070246429224 -7.126187796385741E-4 -0.9383374432668389 
-0.9971753884607188 0.0015113663601167538 -0.9125850846109994 
-1.0823257514395277 -0.9864978274186249 -1.0830113344273742 
-2.1886732469562133E-4 -5.122687750960637E-4 -0.7188634887929206 
-1.0894846295142044 -0.6744550076218501 -1.0577882587893626 
-0.9508693526958188 0.014355360429867434 -0.8844892468516146 
-6.06583966433154E-4 -9.210147823320383E-4 -0.8526504950254099 
-1.0840501228697395 -1.0339882203019677 -1.0810856908223971 
-4.5687166663892117E-4 -8.972214908466538E-4 -0.9956261102722059 
-1.098885552872233 -0.9232423651049098 -1.0426255999220821 
3.6111074304397443E-4 -9.071011713058848E-4 -0.6286921511278908 
-1.083967590949096 -1.0321802854106352 -1.1100695321700358 
-1.069709262705438 -0.7981045227246598 -1.0372938171559327 
-1.0626561781852026 -0.8314525415275469 -1.0514208311332336 
-1.1053489644813745 -1.0321802854106352 -1.1182661711826092 
-1.075188370120566 -0.8875218565142953 -1.039528769534855 
-1.0821949945573774 -1.0745214258222104 -1.1034354809288411 
-1.0740126843836801 -3.370331574775589E-5 -0.0030551629972253025 
-1.0547764705379459 -6.848904063335205E-4 -1.001585515291708 
-1.1123590969392538 -0.6369900185490237 -1.1055404984195476 
-2.220991875993561E-4 -9.82820894093869E-7 -0.7823407484846753 
-6.341797902685437E-4 -0.0014083129875608418 -0.8970487529160023 
-1.1511401577753255 -2.772539472087771E-5 -0.0012325292013311618 
-0.9305301320712918 -3.2837362097672014E-5 -0.0030551629972253025 
-2.227132547528438E-4 -6.80759568295485E-4 -0.5715896023441949 
-1.1047188448994265 -0.8326271610345626 -1.035431984421648 
-2.3152182355027848E-4 -6.782980668202227E-4 -0.5318937489310401 
-1.1045621964246368 -1.0824122066011588 -1.103265680172034 
-2.3323364231851986E-4 -9.221942037147127E-4 -0.7623627149316834 
-6.055304582827769E-4 -0.001039887763369105 -0.7981298326017014 
-6.341797902685437E-4 -0.0014083129875608418 -0.9466668792615975 
-0.9328601039939941 -6.825251878754754E-4 -0.9383374432668389 
-1.0811028673685479 -0.9375172222487254 -1.0561031816275457 
-0.8386319670409011 -0.0010412885652857436 -3.974684829718411E-4 
-1.1039415469996632 -1.0864840920743168 -1.1549766622511395 
