0.9203368298458675 1.0611113474282319 
2.36415832439155 0.48873565152406134 
0.9240003794405471 0.8144366393015889 
0.9191786614644685 1.0679609607725442 
-3.141592653589793 1.1132204406559645 
2.5194608561073673 0.3146372246058674 
2.5194723993743158 0.290472015394295 
2.5194723993743158 0.290472015394295 
2.36415832439155 0.48873565152406134 
2.519474888937393 0.2796449133287232 
0.9203535507866663 1.0542137809579661 
0.920362312759021 1.0397913533447216 
2.5194487662396985 0.32451882120629655 
0.9203535507866663 1.0542137809579661 
0.9203368298458675 1.0611113474282319 
2.5194723993743158 0.290472015394295 
2.36415832439155 0.48873565152406134 
2.519474963507759 0.27486362200244446 
2.3646331708025787 0.3967876588919595 
2.520667908709601 0.259313635768267 
2.5194608561073673 0.3146372246058674 
0.9240652753787889 0.6855182446595884 
2.3572104720373748 0.600186066832987 
-3.1415926535897034 1.1041228222903172 
0.9240486523158428 0.8076917161919898 
2.5194723993743158 0.290472015394295 
2.3574646262897945 0.5624613359896042 
2.3643208042589996 0.4659752851148644 
2.519474888937393 0.2796449133287232 
2.519460223099332 0.3150251131123532 
2.36415832439155 0.48873565152406134 
0.920362312759021 1.0397913533447216 
2.364607819852715 0.4170975596156063 
2.520794460464679 0.24664665981659054 
2.520667908709601 0.259313635768267 
2.520667908709601 0.259313635768267 
2.372720398604484 0.3418485149099379 
2.520667908709601 0.259313635768267 
0.9240003794405471 0.8144366393015889 
0.9207968414520579 0.8880492072609841 
2.520667908709601 0.259313635768267 
0.9206403337011649 0.9211801926119729 
2.520667908709601 0.259313635768267 
2.520667908709601 0.259313635768267 
2.5194608561073673 0.3146372246058674 
2.3646054216473624 0.41717168525003273 
0.9240502065248416 0.807131527863913 
2.520667908709601 0.259313635768267 
2.519474888937393 0.2796449133287232 
2.520667908709601 0.259313635768267 
2.519474888937393 0.2796449133287232 
2.5194608561073673 0.3146372246058674 
2.36415832439155 0.48873565152406134 
2.5194608561073673 0.3146372246058674 
2.36415832439155 0.48873565152406134 
2.520667908709601 0.259313635768267 
0.9206289477184703 1.0144977631830798 
2.36415832439155 0.48873565152406134 
2.520794460464679 0.24664665981659054 
-3.1415926535897927 1.1047608609776383 
-3.141592653589793 1.1132204406559645 
