0.9203368298458675 3.013039931077173 3.991834742770802 
2.36415832439155 -3.562060751269681 3.504422045218052 
0.9240003794405471 3.0087409615024434 3.9904220754633712 
0.9191786614644685 3.0131245426723954 3.9858340051829426 
-3.141592653589793 -4.999999999972067 0.0014397207485325875 
2.5194608561073673 -4.063832593233212 2.913779796373807 
2.5194723993743158 -4.063806386031923 2.91379086080037 
2.5194723993743158 -4.063806386031923 2.91379086080037 
2.36415832439155 -3.562060751269681 3.504422045218052 
2.519474888937393 -4.063840590090029 2.9137870068600793 
0.9203535507866663 3.0087409615024434 3.9877606219285573 
0.920362312759021 3.0149221710042005 3.9903734012114906 
2.5194487662396985 -4.063832593233212 2.913779796373807 
0.9203535507866663 3.0087409615024434 3.9877606219285573 
0.9203368298458675 3.013039931077173 3.991834742770802 
2.5194723993743158 -4.063806386031923 2.91379086080037 
2.36415832439155 -3.562060751269681 3.504422045218052 
2.519474963507759 -4.063832593233212 2.913786982714705 
2.3646331708025787 -3.565451325825971 3.50439971627981 
2.520667908709601 -4.066414674687338 2.90893785799178 
2.5194608561073673 -4.063832593233212 2.913779796373807 
0.9240652753787889 3.0131245426723954 3.9903734012114906 
2.3572104720373748 -3.5337038531349343 3.525033955295497 
-3.1415926535897034 -4.999999999747352 0.001108417283574086 
0.9240486523158428 3.0080933535589827 3.9904225159132225 
2.5194723993743158 -4.063806386031923 2.91379086080037 
2.3574646262897945 -3.5393352106718217 3.5171773009417775 
2.3643208042589996 -3.5655741672540016 3.504902025671871 
2.519474888937393 -4.063840590090029 2.9137870068600793 
2.519460223099332 -4.06384074998643 2.913782645900448 
2.36415832439155 -3.562060751269681 3.504422045218052 
0.920362312759021 3.0149221710042005 3.9903734012114906 
2.364607819852715 -3.5656096995731605 3.50439971627981 
2.520794460464679 -4.067061422494803 2.9083732625293384 
2.520667908709601 -4.066414674687338 2.90893785799178 
2.520667908709601 -4.066414674687338 2.90893785799178 
2.372720398604484 -3.593281051815586 3.4767838854143247 
2.520667908709601 -4.066414674687338 2.90893785799178 
0.9240003794405471 3.0087409615024434 3.9904220754633712 
0.9207968414520579 3.025157652171986 3.9902658132438678 
2.520667908709601 -4.066414674687338 2.90893785799178 
0.9206403337011649 3.0247582231848584 3.9902573092810725 
2.520667908709601 -4.066414674687338 2.90893785799178 
2.520667908709601 -4.066414674687338 2.90893785799178 
2.5194608561073673 -4.063832593233212 2.913779796373807 
2.3646054216473624 -3.5656096995731605 3.5044221346284075 
0.9240502065248416 3.0080933535589827 3.9904225159132225 
2.520667908709601 -4.066414674687338 2.90893785799178 
2.519474888937393 -4.063840590090029 2.9137870068600793 
2.520667908709601 -4.066414674687338 2.90893785799178 
2.519474888937393 -4.063840590090029 2.9137870068600793 
2.5194608561073673 -4.063832593233212 2.913779796373807 
2.36415832439155 -3.562060751269681 3.504422045218052 
2.5194608561073673 -4.063832593233212 2.913779796373807 
2.36415832439155 -3.562060751269681 3.504422045218052 
2.520667908709601 -4.066414674687338 2.90893785799178 
0.9206289477184703 3.008834007980891 3.9849623533996423 
2.36415832439155 -3.562060751269681 3.504422045218052 
2.520794460464679 -4.067061422494803 2.9083732625293384 
-3.1415926535897927 -4.999999999366182 0.0011216829028070272 
-3.141592653589793 -4.999999999972067 0.0014397207485325875 
