0.7278268032018289 1.3739532481298704 
0.6878929176678579 1.4537146332976183 
0.6779975225164339 1.4780131159597254 
0.4251464997742317 7.465263196146581 
0.6055777464633639 2.5592997252514325 
0.6656969620656868 1.5153539618489602 
0.8171218385983997 1.23013428205439 
0.5902199726768713 2.8611632145208907 
0.38980808432131553 8.961068900943037 
0.857537525856187 1.172158134154676 
0.5721309020723503 3.235410569278621 
0.5250678256856665 4.332321453975608 
0.6288758851453115 2.131830314324512 
0.6609524584890623 1.5928087348700912 
0.44483600029865256 6.738232947533774 
0.6339977812001373 2.045142014669306 
0.6665535166429116 1.5047975719978375 
0.43118103673885766 7.236606443934742 
0.44483600029865256 6.738232947533774 
0.4525242436081236 6.471343261129411 
0.5250678256856665 4.332321453975608 
0.6027743168370253 2.6215549913530816 
0.5493270824062406 3.743417000556818 
0.43328483287572256 7.158404925904775 
0.48833906762659696 5.334351556497295 
0.47123272742179334 5.854683074445997 
0.6154554834177348 2.3739761513761763 
0.6661142071238442 1.509004875628368 
0.4631899807692763 6.112652563410636 
0.6339977812001373 2.045142014669306 
0.4525242436081236 6.471343261129411 
0.41540509669980763 7.852494015933832 
0.40039220671613324 8.483059114332244 
0.6489436968946062 1.7905776903616084 
0.5181885242857396 4.510538813246756 
0.5408525121551379 3.9431693080934114 
0.47810094020769756 5.641837465393614 
0.5902199726768713 2.8611632145208907 
0.4951772624364244 5.147408631741032 
0.553920854530727 3.6385558268303893 
0.6154554834177348 2.3739761513761763 
0.5309103134538193 4.188229411255677 
0.553920854530727 3.6385558268303893 
0.3968402896957857 8.646697239634896 
0.3944094142696655 8.74988466706631 
0.5493270824062406 3.743417000556818 
0.49473997582918433 5.1612041688439785 
0.6656969620656868 1.5153539618489602 
0.5051202305312809 4.858161413040283 
0.47415687359941594 5.766616976410885 
0.6445482450074791 1.8634020551547632 
0.38980808432131553 8.961068900943037 
0.4251464997742317 7.465263196146581 
0.4574985016231663 6.303246570426389 
0.6670393604119228 1.4991619084337389 
0.5148945561708854 4.59653180982984 
0.4485707939221828 6.605878786407076 
0.5979546261592823 2.7070060936380216 
0.5357261714862269 4.066729269441978 
0.6609524584890623 1.5928087348700912 
0.4830606144105192 5.491148305716991 
0.6540603010424165 1.7029421513748477 
0.5486980348065404 3.759644715295569 
0.5979546261592823 2.7070060936380216 
0.4631899807692763 6.112652563410636 
0.4951772624364244 5.147408631741032 
0.5839377061169424 2.9879969069106544 
0.6540603010424165 1.7029421513748477 
0.6278604156516451 2.149536149879314 
0.6278604156516451 2.149536149879314 
0.5408525121551379 3.9431693080934114 
0.5721309020723503 3.235410569278621 
0.4124298769763218 7.973066475971515 
0.47123272742179334 5.854683074445997 
0.640070190185314 1.9376930892898967 
0.5309103134538193 4.188229411255677 
0.40904138091618114 8.114104780438563 
0.4375266177103249 6.999985137689688 
0.46108450303170134 6.1847983461466 
0.560783303807502 3.4826870545372044 
0.5803471880142785 3.0617870679017227 
0.5051202305312809 4.858161413040283 
0.6092320361584191 2.490261205343696 
0.5051202305312809 4.858161413040283 
0.4830606144105192 5.491148305716991 
0.5639844154361262 3.413737671834521 
0.5357261714862269 4.066729269441978 
0.5181885242857396 4.510538813246756 
0.5721309020723503 3.235410569278621 
0.48866004921518763 5.3258421307142525 
0.6154554834177348 2.3739761513761763 
0.5148945561708854 4.59653180982984 
0.40458920485558647 8.30231336989096 
0.5803471880142785 3.0617870679017227 
0.4205690188170537 7.645075490017871 
0.4366977285865332 7.030607148615763 
0.5902199726768713 2.8611632145208907 
0.560783303807502 3.4826870545372044 
