0.7278268032018289 3.35132699369467E-10 
0.6878929176678579 5.555585991245948E-10 
0.6779975225164339 0.002089230867488412 
0.4251464997742317 2.1738305177351127 
0.6055777464633639 0.5498549601420687 
0.6656969620656868 0.008766528857055644 
0.8171218385983997 0.00516958627520543 
0.5902199726768713 0.6887156742985894 
0.38980808432131553 2.4930971017479218 
0.857537525856187 0.00516958627520543 
0.5721309020723503 0.8510783675757938 
0.5250678256856665 1.2747626060103374 
0.6288758851453115 0.340656675900435 
0.6609524584890623 0.05277084921523967 
0.44483600029865256 1.9974085934615244 
0.6339977812001373 0.2966154995395185 
0.6665535166429116 0.003028113450873726 
0.43118103673885766 2.1202874689668803 
0.44483600029865256 1.9974085934615244 
0.4525242436081236 1.9284397143711143 
0.5250678256856665 1.2747626060103374 
0.6027743168370253 0.5802060189635476 
0.5493270824062406 1.0563603391457974 
0.43328483287572256 2.1016282819773995 
0.48833906762659696 1.6049722654923753 
0.47123272742179334 1.7589182733613975 
0.6154554834177348 0.4610766398673982 
0.6661142071238442 0.00516958627520543 
0.4631899807692763 1.8313194232954404 
0.6339977812001373 0.2966154995395185 
0.4525242436081236 1.9284397143711143 
0.41540509669980763 2.2619660360236544 
0.40039220671613324 2.396550758490894 
0.6489436968946062 0.16198410596026758 
0.5181885242857396 1.3373094513698875 
0.5408525121551379 1.1326730261353584 
0.47810094020769756 1.6973677967037004 
0.5902199726768713 0.6887156742985894 
0.4951772624364244 1.5488797149071452 
0.553920854530727 1.0154719528556453 
0.6154554834177348 0.4610766398673982 
0.5309103134538193 1.2235741895462573 
0.553920854530727 1.0154719528556453 
0.3968402896957857 2.431357837488463 
0.3944094142696655 2.4510368864647503 
0.5493270824062406 1.0563603391457974 
0.49473997582918433 1.5534540257433553 
0.6656969620656868 0.008766528857055644 
0.5051202305312809 1.4539556129130806 
0.47415687359941594 1.734281076780302 
0.6445482450074791 0.20105252439333232 
0.38980808432131553 2.4930971017479218 
0.4251464997742317 2.1738305177351127 
0.4574985016231663 1.8837258613314347 
0.6670393604119228 5.555585991245948E-10 
0.5148945561708854 1.3667292061476923 
0.4485707939221828 1.9632042917723274 
0.5979546261592823 0.6186668167322222 
0.5357261714862269 1.1786533019891312 
0.6609524584890623 0.05277084921523967 
0.4830606144105192 1.652557474378931 
0.6540603010424165 0.11382685618605344 
0.5486980348065404 1.0629096668534743 
0.5979546261592823 0.6186668167322222 
0.4631899807692763 1.8313194232954404 
0.4951772624364244 1.5488797149071452 
0.5839377061169424 0.7448040597059266 
0.6540603010424165 0.11382685618605344 
0.6278604156516451 0.349608660521463 
0.6278604156516451 0.349608660521463 
0.5408525121551379 1.1326730261353584 
0.5721309020723503 0.8510783675757938 
0.4124298769763218 2.288330825808967 
0.47123272742179334 1.7589182733613975 
0.640070190185314 0.24025958418255272 
0.5309103134538193 1.2235741895462573 
0.40904138091618114 2.3190046242891764 
0.4375266177103249 2.0626798213159123 
0.46108450303170134 1.8517146717842934 
0.560783303807502 0.9530327525709912 
0.5803471880142785 0.7768995151552477 
0.5051202305312809 1.4539556129130806 
0.6092320361584191 0.5171469046978593 
0.5051202305312809 1.4539556129130806 
0.4830606144105192 1.652557474378931 
0.5639844154361262 0.9252948453018748 
0.5357261714862269 1.1786533019891312 
0.5181885242857396 1.3373094513698875 
0.5721309020723503 0.8510783675757938 
0.48866004921518763 1.6025262777071465 
0.6154554834177348 0.4610766398673982 
0.5148945561708854 1.3667292061476923 
0.40458920485558647 2.359026364786088 
0.5803471880142785 0.7768995151552477 
0.4205690188170537 2.215281897619122 
0.4366977285865332 2.0702501723847466 
0.5902199726768713 0.6887156742985894 
0.560783303807502 0.9530327525709912 
