0.38971263009761337 8.965336431419566 
1.0 1.0000000000000002 
0.38971263009761337 8.965336431419566 
1.0 1.0000000000000002 
0.8417044505834612 1.188067114534711 
0.640684051758895 1.9302633165555168 
0.6530924106351258 1.775702651827521 
0.4729323724368686 5.802724996622122 
0.5515482987135323 3.6917136097340464 
0.3993879309910095 8.557249492881814 
0.5859271246911545 2.946959315378193 
0.6041391364128168 2.794229561442885 
0.6159329565748327 2.38365962971587 
0.9670149220017419 1.0341102057970093 
0.5668631103796284 3.3618440042737623 
0.45146278566975134 6.5070295559729345 
0.3932685855632245 8.800078060015142 
0.7965738709213993 1.2566479949764326 
0.4191811756896304 7.750536391758357 
0.4474273925240446 6.684839893616581 
0.7765452083741913 1.2894881357040768 
0.571165440078311 3.2938296454360314 
0.5925198751578421 2.8493018168303443 
0.9040267571447895 1.1061649015390533 
0.8853292295070617 1.1296515534931628 
0.8548451846949224 1.1709874204897512 
0.6970504909879875 1.4346163053161576 
0.4281557057326956 7.3894495230857276 
0.5317736261425479 4.177150692800236 
0.48019480879653703 5.728052365396413 
0.5235173343377023 4.530335931016967 
0.8666707662799592 1.1538431812914627 
0.46010005181216096 6.236353708439784 
0.5434150604215692 3.983984073270751 
0.5141798767881305 4.753680425588295 
0.8174605745898648 1.2233005860884716 
0.4867077756734763 5.383894119360137 
0.7579493961092558 1.3193507313961583 
0.9477749327467146 1.0551028154985422 
0.7477743777768567 1.3373111636815116 
0.7096145904697951 1.4092156692239903 
0.5079962142344517 4.807024308121436 
0.5599905687673786 3.558939466816008 
0.4346124195595318 7.176228971353148 
0.4138146123180112 7.965396211643247 
0.4307687808199046 7.266393031488492 
0.44100097311729736 6.8839663100713855 
0.5782449534729321 3.119680312915039 
0.4011985921048591 8.467175489836793 
0.42592482867952103 7.598743263259323 
0.41643164248439085 7.875244364119598 
0.4451276114261897 6.821040803868305 
0.6333462247781616 2.247028160212922 
0.6048735653741072 2.5844745351073914 
0.9774240302872648 1.0230974162831872 
0.5795079617593315 3.1130452925552765 
0.8783325568578865 1.1385241537844553 
0.49562530420172013 5.1292163315008885 
0.45794574687676093 6.414912049757532 
0.9866759202727109 1.013504008209308 
0.4981074360429742 5.067093456552416 
0.4065265033623823 8.362904829817058 
0.7368686958311372 1.3591576019671563 
0.4106849469463753 8.10282109376017 
0.6645250806238682 1.5903956206820535 
0.5273878406861059 4.340863601337163 
0.4087483773209042 8.312608404685498 
0.5158561239268445 4.576882668497944 
0.48108560144027 5.561638389279837 
0.4660975788894629 6.022549705076247 
0.40876233679407104 8.14849545171571 
0.4660975788894629 6.022549705076247 
0.6331915768340602 2.3249538601579935 
0.6730780642866961 1.4857157420908245 
0.5465949676347697 3.822737889027404 
0.5599905687673786 3.558939466816008 
0.5063543783462546 4.959524692866875 
0.6338674036058922 2.056025718215893 
0.5387471270679023 4.086131315361186 
0.5029868620116527 4.963058818371335 
0.634539488805155 2.0427412215422724 
0.5273878406861059 4.340863601337163 
0.46509130346985156 6.169426611431159 
0.3920322322077427 8.866554689964234 
0.43726811452439673 7.014268993727316 
0.9444441840170014 1.0596407949421105 
0.6575171090736133 1.6691208014003058 
0.5456421866186452 3.8374689493099106 
0.6861548687304235 1.4574201200687935 
0.6849114213783071 1.4755830869353759 
0.7272784846688956 1.3756245547980401 
0.42722066942436965 7.570027240499582 
0.8040310225579613 1.2437335620518009 
0.43653000258437685 7.037179411877443 
0.8099565078336892 1.2346341937230698 
0.48991048893426464 5.351113680480797 
0.48108560144027 5.561638389279837 
0.9961086052158243 1.0039065968949568 
0.9331572404474643 1.0716307570206323 
0.9261627616085484 1.0797253132472382 
