0.38971263009761337 2.4939048403984705 
1.0 1.7320433479336789E-16 
0.38971263009761337 2.4939048403984705 
1.0 1.7320433479336789E-16 
0.8417044505834612 1.3778957171253596E-6 
0.640684051758895 0.23668892261235108 
0.6530924106351258 0.15969792545322126 
0.4729323724368686 1.7442964992512207 
0.5515482987135323 1.0361583607864064 
0.3993879309910095 2.4176621699359333 
0.5859271246911545 0.7267033982413579 
0.6041391364128168 0.6881034341892683 
0.6159329565748327 0.46817452319896663 
0.9670149220017419 1.7320433479336789E-16 
0.5668631103796284 0.9057053488737299 
0.45146278566975134 1.9376816897749458 
0.3932685855632245 2.4607942515081196 
0.7965738709213993 0.00101295774399221 
0.4191811756896304 2.248878956922534 
0.4474273925240446 1.9909804830415787 
0.7765452083741913 0.0013458330363699256 
0.571165440078311 0.881321658978458 
0.5925198751578421 0.6882679567953283 
0.9040267571447895 2.6688057358254462E-6 
0.8853292295070617 1.135394655570731E-4 
0.8548451846949224 0.00101295774399221 
0.6970504909879875 1.7320433479336789E-16 
0.4281557057326956 2.1638349755329007 
0.5317736261425479 1.2212985708542377 
0.48019480879653703 1.7505810103780821 
0.5235173343377023 1.3717093902603152 
0.8666707662799592 2.154096777757771E-6 
0.46010005181216096 1.8693466643721068 
0.5434150604215692 1.1649569458949944 
0.5141798767881305 1.4442468155191373 
0.8174605745898648 1.7320433479336789E-16 
0.4867077756734763 1.6203831312952817 
0.7579493961092558 1.090118023135703E-6 
0.9477749327467146 1.7320433479336789E-16 
0.7477743777768567 7.023315986537544E-6 
0.7096145904697951 1.7320433479336789E-16 
0.5079962142344517 1.441950150258674 
0.5599905687673786 0.9929725362309675 
0.4346124195595318 2.1188782365530017 
0.4138146123180112 2.2961973452805053 
0.4307687808199046 2.130135267132548 
0.44100097311729736 2.0358358416481717 
0.5782449534729321 0.8039393973919792 
0.4011985921048591 2.3970188856272916 
0.42592482867952103 2.2364934225833917 
0.41643164248439085 2.2795009455162663 
0.4451276114261897 2.0362336004664754 
0.6333462247781616 0.42314680224107226 
0.6048735653741072 0.563280326668996 
0.9774240302872648 1.7320433479336789E-16 
0.5795079617593315 0.80403453235319 
0.8783325568578865 2.831037961976675E-6 
0.49562530420172013 1.5421694046165588 
0.45794574687676093 1.9376816897749458 
0.9866759202727109 1.7320433479336789E-16 
0.4981074360429742 1.5239569298334559 
0.4065265033623823 2.399742458417907 
0.7368686958311372 0.001520689590514386 
0.4106849469463753 2.3277066510068662 
0.6645250806238682 0.056857778057588515 
0.5273878406861059 1.2893186814221194 
0.4087483773209042 2.397765196719307 
0.5158561239268445 1.3610129530393023 
0.48108560144027 1.675624149499985 
0.4660975788894629 1.8070958362774874 
0.40876233679407104 2.3307980421991736 
0.4660975788894629 1.8070958362774874 
0.6331915768340602 0.4721412007798752 
0.6730780642866961 2.675766764299478E-6 
0.5465949676347697 1.0894892927291417 
0.5599905687673786 0.9929725362309675 
0.5063543783462546 1.5112770427495057 
0.6338674036058922 0.3032476837524478 
0.5387471270679023 1.2013915069730277 
0.5029868620116527 1.4963533810318583 
0.634539488805155 0.2961999704786513 
0.5273878406861059 1.2893186814221194 
0.46509130346985156 1.8693466643721068 
0.3920322322077427 2.4759752270987088 
0.43726811452439673 2.067116177654081 
0.9444441840170014 7.715859302280803E-4 
0.6575171090736133 0.09747548403136172 
0.5456421866186452 1.0938849485826145 
0.6861548687304235 1.5911170881000285E-5 
0.6849114213783071 0.010643709434698279 
0.7272784846688956 4.6214168684261675E-4 
0.42722066942436965 2.2340721052469448 
0.8040310225579613 3.6768616502320483E-7 
0.43653000258437685 2.071939946853584 
0.8099565078336892 1.7320433479336789E-16 
0.48991048893426464 1.62156671954718 
0.48108560144027 1.675624149499985 
0.9961086052158243 1.7320433479336789E-16 
0.9331572404474643 1.7320433479336789E-16 
0.9261627616085484 1.3778957171253596E-6 
