3.0511207661964974 0.06307124783195926 
3.0511207234651794 0.06342198415925661 
-3.1415926535897927 1.0333596418262683 
3.023095644578688 0.18675654221119142 
3.022760395202517 0.23039376815168494 
3.051120766212707 0.06307073409807461 
3.023095644578688 0.18675654221119142 
3.051120589948045 0.06383980131916964 
3.051114295515812 0.09249748651423448 
3.0511207611286033 0.06309388816563141 
3.0511207813102525 0.06300352888612656 
3.0511205451626577 0.06453215697049433 
3.0233143793341672 0.15983084243610812 
3.050496264488519 0.14136312442287263 
3.0508668840717026 0.1232549884725197 
3.0504961921022136 0.14379058797615502 
3.02775049473187 0.14726471718520023 
1.9130719644427925 0.7250812549082649 
3.051115497006104 0.0785652555950012 
3.0511205807831057 0.06403849126629213 
1.9512023362254234 0.6483666991103226 
3.020972100987339 0.3330039449286618 
3.051115497006104 0.0785652555950012 
1.9105886070316018 0.7956374518499985 
3.0511225887979445 0.049433426042009454 
3.0511206446204118 0.06360542212581607 
3.051120766212707 0.06307073409807461 
3.0511207244407386 0.06325679948701562 
1.9105886070316018 0.7956374518499985 
3.0508668840717026 0.1232549884725197 
3.02775049473187 0.14726471718520023 
1.9105886070316018 0.7956374518499985 
3.051120589948045 0.06383980131916964 
1.9132548751403877 0.7143450041630176 
3.022760395202517 0.23039376815168494 
3.0511207667489653 0.06306920181666176 
3.051115497006104 0.0785652555950012 
3.051120629157442 0.06383092076257693 
1.9132548751403877 0.7143450041630176 
3.0511206421951367 0.06377502538733451 
3.051120760852214 0.06309512194565153 
3.0229728736849606 0.18802808838352536 
3.051120644017935 0.06376719470307496 
3.0511207661964974 0.06307124783195926 
3.0511207661964974 0.06307124783195926 
3.0511206421951367 0.06377502538733451 
3.022975714249286 0.18680813398918397 
3.0511207209195947 0.06343317797076273 
3.0511205854685786 0.06387280901598606 
3.0229705267314007 0.1890593013760261 
-3.141592653589793 1.0342568450292688 
3.0511207244407386 0.06325679948701562 
-3.141592653589793 1.0342568450292688 
1.9521423035101444 0.5657007241508368 
-3.141592653589793 1.0342568450292688 
1.9132548751403877 0.7143450041630176 
3.0511207238670877 0.063259333125349 
1.9575020438261224 0.5210737308936427 
1.909376600298104 0.859829886133598 
3.0511207244407386 0.06325679948701562 
3.02775049473187 0.14726471718520023 
-3.1415926535897927 1.0333596418262683 
3.0511207609226405 0.06309480757726302 
3.051115497006104 0.0785652555950012 
3.051120761726723 0.06309121786342621 
3.022913020686638 0.1914324215913099 
3.051120761726723 0.06309121786342621 
1.9521148698973687 0.6063521650625642 
1.9575020438261224 0.5210737308936427 
1.9105886070316018 0.7956374518499985 
3.02775049473187 0.14726471718520023 
3.0511226590930467 0.047990707433909985 
3.0511225887979445 0.049433426042009454 
-3.141592653589793 1.0342568450292688 
3.051120589948045 0.06383980131916964 
3.051114295515812 0.09249748651423448 
3.050496264488519 0.14136312442287263 
3.0511207614586078 0.06309241492191986 
3.051114441956459 0.08593640432160457 
3.051120761726723 0.06309121786342621 
3.0508668840717026 0.1232549884725197 
3.0511143887083514 0.08603186748453404 
3.0233152523868436 0.15954432113916278 
2.2022267441112118 0.3780140586538815 
3.0233152523868436 0.15954432113916278 
3.0233152523868436 0.15954432113916278 
3.0229728736849606 0.18802808838352536 
3.0229728736849606 0.18802808838352536 
3.0504975958814926 0.12934635704136666 
3.0511207614586078 0.06309241492191986 
3.0511207614586078 0.06309241492191986 
2.2022267441112118 0.3780140586538815 
3.0229728736849606 0.18802808838352536 
2.2022267441112118 0.3780140586538815 
2.152159337678433 0.4028793865227493 
3.0233152523868436 0.15954432113916278 
2.2022267441112118 0.3780140586538815 
2.152159337678433 0.4028793865227493 
2.152159337678433 0.4028793865227493 
2.152159337678433 0.4028793865227493 
