3.0511207661964974 -4.979553198335411 0.45173254375844585 
3.0511207234651794 -4.979553280240585 0.451732543776616 
-3.1415926535897927 -4.999999999994639 3.65435462644561E-5 
3.023095644578688 -4.964880482252465 0.5897328850869693 
3.022760395202517 -4.964880482252465 0.589973261702593 
3.051120766212707 -4.979553198335411 0.4517325443745092 
3.023095644578688 -4.964880482252465 0.5897328850869693 
3.051120589948045 -4.979553198335411 0.45173254375844585 
3.051114295515812 -4.979559918318576 0.4517051630358977 
3.0511207611286033 -4.979553198335411 0.45173254375844585 
3.0511207813102525 -4.979553198335411 0.45173254375844585 
3.0511205451626577 -4.979553467494904 0.45173254375844585 
3.0233143793341672 -4.964880482252465 0.5897328850869693 
3.050496264488519 -4.979381749047926 0.454588628086552 
3.0508668840717026 -4.9793849003404285 0.4528173891993709 
3.0504961921022136 -4.979372738747518 0.45454016074075654 
3.02775049473187 -4.967978903410102 0.5679117152048166 
1.9130719644427925 -1.6894249390113942 4.706719710677557 
3.051115497006104 -4.979553467585021 0.45173254375844585 
3.0511205807831057 -4.979553281240299 0.45173254375844585 
1.9512023362254234 -1.8626409139988787 4.640749538780474 
3.020972100987339 -4.965299226732882 0.596065244621041 
3.051115497006104 -4.979553467585021 0.45173254375844585 
1.9105886070316018 -1.6524287656860555 4.705997836191356 
3.0511225887979445 -4.979553190114714 0.45173254438735877 
3.0511206446204118 -4.979553198335411 0.45173254375844585 
3.051120766212707 -4.979553198335411 0.4517325443745092 
3.0511207244407386 -4.979553198335411 0.45173254375844585 
1.9105886070316018 -1.6524287656860555 4.705997836191356 
3.0508668840717026 -4.9793849003404285 0.4528173891993709 
3.02775049473187 -4.967978903410102 0.5679117152048166 
1.9105886070316018 -1.6524287656860555 4.705997836191356 
3.051120589948045 -4.979553198335411 0.45173254375844585 
1.9132548751403877 -1.6894249390113942 4.706719757113487 
3.022760395202517 -4.964880482252465 0.589973261702593 
3.0511207667489653 -4.979553198547379 0.45173254375844585 
3.051115497006104 -4.979553467585021 0.45173254375844585 
3.051120629157442 -4.979553280240585 0.45173254375844585 
1.9132548751403877 -1.6894249390113942 4.706719757113487 
3.0511206421951367 -4.979553280240585 0.45173254375844585 
3.051120760852214 -4.979553198335411 0.45173254375844585 
3.0229728736849606 -4.964880482252465 0.5897328850869693 
3.051120644017935 -4.979553280240585 0.45173254375844585 
3.0511207661964974 -4.979553198335411 0.45173254375844585 
3.0511207661964974 -4.979553198335411 0.45173254375844585 
3.0511206421951367 -4.979553280240585 0.45173254375844585 
3.022975714249286 -4.964880482252465 0.5897328850869693 
3.0511207209195947 -4.979553280240585 0.45173254375844585 
3.0511205854685786 -4.979553205494892 0.45173254375844585 
3.0229705267314007 -4.964880482252465 0.5897294614715121 
-3.141592653589793 -4.999999998767311 3.65435462644561E-5 
3.0511207244407386 -4.979553198335411 0.45173254375844585 
-3.141592653589793 -4.999999998767311 3.65435462644561E-5 
1.9521423035101444 -1.8626409139988787 4.639777177648997 
-3.141592653589793 -4.999999998767311 3.65435462644561E-5 
1.9132548751403877 -1.6894249390113942 4.706719757113487 
3.0511207238670877 -4.979553198335411 0.45173254375844585 
1.9575020438261224 -1.8842049778629277 4.631062250615842 
1.909376600298104 -1.6894249390113942 4.708141383762669 
3.0511207244407386 -4.979553198335411 0.45173254375844585 
3.02775049473187 -4.967978903410102 0.5679117152048166 
-3.1415926535897927 -4.999999999994639 3.65435462644561E-5 
3.0511207609226405 -4.979553198335411 0.45173254375844585 
3.051115497006104 -4.979553467585021 0.45173254375844585 
3.051120761726723 -4.979553198335411 0.45173254375844585 
3.022913020686638 -4.964880482252465 0.5904105730878791 
3.051120761726723 -4.979553198335411 0.45173254375844585 
1.9521148698973687 -1.8626481551211083 4.638178209884371 
1.9575020438261224 -1.8842049778629277 4.631062250615842 
1.9105886070316018 -1.6524287656860555 4.705997836191356 
3.02775049473187 -4.967978903410102 0.5679117152048166 
3.0511226590930467 -4.979553198335411 0.45173254376353406 
3.0511225887979445 -4.979553190114714 0.45173254438735877 
-3.141592653589793 -4.999999998767311 3.65435462644561E-5 
3.051120589948045 -4.979553198335411 0.45173254375844585 
3.051114295515812 -4.979559918318576 0.4517051630358977 
3.050496264488519 -4.979381749047926 0.454588628086552 
3.0511207614586078 -4.979553198335411 0.45173254375844585 
3.051114441956459 -4.9795599180098336 0.4517325667114834 
3.051120761726723 -4.979553198335411 0.45173254375844585 
3.0508668840717026 -4.9793849003404285 0.4528173891993709 
3.0511143887083514 -4.9795599180098336 0.45173254375844585 
3.0233152523868436 -4.964880482252465 0.5897328850869693 
2.2022267441112118 -2.9514831050214676 4.03635478421513 
3.0233152523868436 -4.964880482252465 0.5897328850869693 
3.0233152523868436 -4.964880482252465 0.5897328850869693 
3.0229728736849606 -4.964880482252465 0.5897328850869693 
3.0229728736849606 -4.964880482252465 0.5897328850869693 
3.0504975958814926 -4.979381749047926 0.45470346161627434 
3.0511207614586078 -4.979553198335411 0.45173254375844585 
3.0511207614586078 -4.979553198335411 0.45173254375844585 
2.2022267441112118 -2.9514831050214676 4.03635478421513 
3.0229728736849606 -4.964880482252465 0.5897328850869693 
2.2022267441112118 -2.9514831050214676 4.03635478421513 
2.152159337678433 -2.745760060710153 4.178167553056418 
3.0233152523868436 -4.964880482252465 0.5897328850869693 
2.2022267441112118 -2.9514831050214676 4.03635478421513 
2.152159337678433 -2.745760060710153 4.178167553056418 
2.152159337678433 -2.745760060710153 4.178167553056418 
2.152159337678433 -2.745760060710153 4.178167553056418 
