2.7094479241992246 -4.5403669616081315 2.0940472867592863 
3.114898839083036 -4.998221132501862 0.13346115928848515 
2.7094479241992246 -4.5403669616081315 2.0940472867592863 
2.7094479241992246 -4.5403669616081315 2.0940472867592863 
-3.141349063645822 -4.9999998753866866 -0.001217895457279195 
3.114898839083036 -4.998221132501862 0.13346115928848515 
3.114898839083036 -4.998221132501862 0.13346115928848515 
-3.141349063645822 -4.9999998753866866 -0.001217895457279195 
-3.141349063645822 -4.9999998753866866 -0.001217895457279195 
-3.141349063645822 -4.9999998753866866 -0.001217895457279195 
3.114898839083036 -4.998221132501862 0.13346115928848515 
-3.141349063645822 -4.9999998753866866 -0.001217895457279195 
-3.141349063645822 -4.9999998753866866 -0.001217895457279195 
-3.141349063645822 -4.9999998753866866 -0.001217895457279195 
-3.141349063645822 -4.9999998753866866 -0.001217895457279195 
-3.141349063645822 -4.9999998753866866 -0.001217895457279195 
3.114898839083036 -4.998221132501862 0.13346115928848515 
3.114898839083036 -4.998221132501862 0.13346115928848515 
3.114898839083036 -4.998221132501862 0.13346115928848515 
-3.141349063645822 -4.9999998753866866 -0.001217895457279195 
-3.141349063645822 -4.9999998753866866 -0.001217895457279195 
-3.141349063645822 -4.9999998753866866 -0.001217895457279195 
-3.141349063645822 -4.9999998753866866 -0.001217895457279195 
-3.141349063645822 -4.9999998753866866 -0.001217895457279195 
-3.141349063645822 -4.9999998753866866 -0.001217895457279195 
-3.141349063645822 -4.9999998753866866 -0.001217895457279195 
-3.141349063645822 -4.9999998753866866 -0.001217895457279195 
-3.141349063645822 -4.9999998753866866 -0.001217895457279195 
3.114898839083036 -4.998221132501862 0.13346115928848515 
-3.141349063645822 -4.9999998753866866 -0.001217895457279195 
3.114898839083036 -4.998221132501862 0.13346115928848515 
-3.141349063645822 -4.9999998753866866 -0.001217895457279195 
-3.141349063645822 -4.9999998753866866 -0.001217895457279195 
-3.141349063645822 -4.9999998753866866 -0.001217895457279195 
-3.141349063645822 -4.9999998753866866 -0.001217895457279195 
-3.141349063645822 -4.9999998753866866 -0.001217895457279195 
-3.141349063645822 -4.9999998753866866 -0.001217895457279195 
-3.141349063645822 -4.9999998753866866 -0.001217895457279195 
-3.141349063645822 -4.9999998753866866 -0.001217895457279195 
-3.141349063645822 -4.9999998753866866 -0.001217895457279195 
-3.141349063645822 -4.9999998753866866 -0.001217895457279195 
-3.141349063645822 -4.9999998753866866 -0.001217895457279195 
-3.141349063645822 -4.9999998753866866 -0.001217895457279195 
-3.141349063645822 -4.9999998753866866 -0.001217895457279195 
-3.141349063645822 -4.9999998753866866 -0.001217895457279195 
-3.141349063645822 -4.9999998753866866 -0.001217895457279195 
-3.141349063645822 -4.9999998753866866 -0.001217895457279195 
-3.141349063645822 -4.9999998753866866 -0.001217895457279195 
-3.141349063645822 -4.9999998753866866 -0.001217895457279195 
-3.141349063645822 -4.9999998753866866 -0.001217895457279195 
-3.141349063645822 -4.9999998753866866 -0.001217895457279195 
-3.141349063645822 -4.9999998753866866 -0.001217895457279195 
-3.141349063645822 -4.9999998753866866 -0.001217895457279195 
3.114898839083036 -4.998221132501862 0.13346115928848515 
3.114898839083036 -4.998221132501862 0.13346115928848515 
-3.141349063645822 -4.9999998753866866 -0.001217895457279195 
-3.141349063645822 -4.9999998753866866 -0.001217895457279195 
-3.141349063645822 -4.9999998753866866 -0.001217895457279195 
3.114898839083036 -4.998221132501862 0.13346115928848515 
-3.141349063645822 -4.9999998753866866 -0.001217895457279195 
3.114898839083036 -4.998221132501862 0.13346115928848515 
3.114898839083036 -4.998221132501862 0.13346115928848515 
3.114898839083036 -4.998221132501862 0.13346115928848515 
3.114898839083036 -4.998221132501862 0.13346115928848515 
3.114898839083036 -4.998221132501862 0.13346115928848515 
3.114898839083036 -4.998221132501862 0.13346115928848515 
3.114898839083036 -4.998221132501862 0.13346115928848515 
3.114898839083036 -4.998221132501862 0.13346115928848515 
3.114898839083036 -4.998221132501862 0.13346115928848515 
