0.2568167857519438 0.24247576750186134 
0.6312149029562386 -0.31869401471997233 
0.05843522573682408 0.7020208203504426 
0.843217370772184 -0.7422510821526753 
0.6434474656002281 -0.43188678048872287 
0.8509403262378816 -0.7728998852722133 
0.25389109200613 0.2442293303683227 
0.4475626711057764 -0.11510640017933622 
0.2251541840057452 0.3656840632593427 
0.6496735171978536 -0.4555378023755429 
0.2544112841326859 0.24379049918715567 
0.4520297252293144 -0.12331598336482057 
0.25565796850295475 0.2429139418649466 
0.8379450507521887 -0.6937841646457271 
0.435227699232765 -0.04875766470917011 
0.015148020965837727 0.8701741418798273 
0.45288051965398635 -0.12383468207153564 
0.650909885872664 -0.4573138782921365 
0.4504296161441965 -0.12138566208042191 
0.427857760393265 0.01759372631585194 
0.01233936163615762 0.8844329106262194 
0.6475040131910026 -0.45008718199021414 
0.6301940058224678 -0.3057706426219672 
0.6492220063185147 -0.45466182237204356 
0.05263535147013913 0.7183381420727604 
0.2301197420774803 0.3337640273205087 
0.4524187902238335 -0.12360687962530963 
0.8445472945786098 -0.7510856770448806 
0.8469657632558186 -0.7633023904718875 
0.008694793911302623 0.9045721116980466 
0.8351479143888273 -0.6596353581102561 
0.01847715489435167 0.8541461382730887 
0.07070807160086728 0.6780080859464462 
0.04218253449554388 0.7538762839876214 
0.4435060203370269 -0.10015896818678315 
0.8417541444812379 -0.7310492996346664 
0.4314598101990076 -0.017029365144532176 
0.8404288811087013 -0.7193839995631325 
0.22093176484166094 0.39511615368080205 
0.004549820714265129 0.9321315025330574 
0.4416806542564866 -0.09113775572274325 
0.0020687178945818507 0.9545773373772616 
0.06862573785345913 0.6809883464172994 
0.06642509281180813 0.6846391766504385 
0.20813299294507442 0.49134848482945315 
0.6464578099332978 -0.44633926309427635 
0.023914919272321797 0.8292682690206697 
0.6523514034987695 -0.4581023342954006 
0.651252110078204 -0.4576242909384024 
0.8496893722376113 -0.7713273783992093 
0.07765287168979251 0.6713448060190479 
0.6400648681119827 -0.40907759690194956 
0.8458562821592644 -0.7583035427194292 
0.04959035178122037 0.7279361137480712 
0.07674505276842192 0.6719883880143629 
0.6450857566865592 -0.4404503304208835 
0.07891574721179762 0.6707290766825132 
0.639251706456545 -0.40256215817041063 
0.44825465167706136 -0.11695545367740322 
0.05743779101140445 0.7046555424679375 
0.6421423347496438 -0.4238909253385607 
0.6341825381841798 -0.35371877087392906 
0.036921309819034964 0.774208818748848 
0.45123442475534586 -0.12253517603766684 
0.06234510796357892 0.6927980561220947 
0.8487619947217576 -0.7692669372643353 
0.20533724533080214 0.5127674862087965 
0.045724841626155144 0.7411238051432282 
0.21770524054008206 0.4186535981598989 
0.4393250318847806 -0.07752979775794491 
0.4368724292704127 -0.06105861178540389 
0.42920919637292315 0.00414813626657929 
0.2137121578744552 0.44864906663156057 
0.08100235526487091 0.6700571644776095 
0.2365860552231725 0.297921558357578 
0.42497824764745457 0.047971463452007264 
0.8511005352999585 -0.7729908947652876 
0.2532260628985704 0.24502428401476128 
0.8498659246960585 -0.771636793854943 
0.25173983193936356 0.24706645144876635 
0.23937476670717422 0.28472280913973974 
0.6518555317612319 -0.4579788849686748 
0.24653329249206382 0.25858209770531876 
0.2339172066566134 0.31182842572593356 
0.25661706966965864 0.24252055164066372 
0.08040705960097361 0.6701970041570846 
0.24466071947228188 0.26430643789626235 
0.24188949753184358 0.2742834534520871 
0.02770103211275836 0.8126225317302934 
0.4498744818300436 -0.12045561999281808 
0.07353903487575869 0.6746294779946685 
0.2503847426506163 0.2494071453969082 
0.4537903799157296 -0.12405383085174743 
0.03140691397060555 0.7968208531004048 
0.24754924334479764 0.25580296623002385 
0.6365743479926855 -0.3785293424680237 
0.8485805571988482 -0.7687457010208258 
0.44528029827795884 -0.10751209563471441 
