1.4927746526217573 0.5567533027416195 
1.3526287274937216 0.6531110964378322 
2.3160008045819507 0.5040718340405864 
1.3526287274937216 0.6531110964378322 
1.3526287274937216 0.6531110964378322 
-1.2982400157716039 1.0049371892145227 
1.3526287274937216 0.6531110964378322 
1.3526287274937216 0.6531110964378322 
-1.2982400157716039 1.0049371892145227 
-1.2982400157716039 1.0049371892145227 
-1.2982400157716039 1.0049371892145227 
2.3163993618829024 0.4066241929179428 
2.3159709330094986 0.5091492566873219 
-1.2982400157716039 1.0049371892145227 
1.3526287274937216 0.6531110964378322 
-1.2982400157716039 1.0049371892145227 
1.3526289566102971 0.6224308916589213 
-1.2982400157716039 1.0049371892145227 
2.3159706798911905 0.5121987753643974 
-1.2982400157716039 1.0049371892145227 
1.3526287274937216 0.6531110964378322 
2.3163993618829024 0.4066241929179428 
1.3396448352502186 0.7635836607920926 
1.4927784054878779 0.5544240329815656 
1.3396448352502186 0.7635836607920926 
1.3526287274937216 0.6531110964378322 
1.3526287274937216 0.6531110964378322 
1.3526287274937216 0.6531110964378322 
1.3526287274937216 0.6531110964378322 
2.3188500820366835 0.36942103654384706 
2.3159736786082585 0.508928164132654 
1.4929908605036362 0.5159652907453798 
1.4925430346930384 0.5762240215708381 
2.3188500820366835 0.36942103654384706 
1.4927784054878779 0.5544240329815656 
2.3188500820366835 0.36942103654384706 
2.3188500820366835 0.36942103654384706 
1.3526287274937216 0.6531110964378322 
1.3526287274937216 0.6531110964378322 
1.3526287274937216 0.6531110964378322 
1.3526287274937216 0.6531110964378322 
2.3160008045819507 0.5040718340405864 
1.3396448352502186 0.7635836607920926 
1.3526287274937216 0.6531110964378322 
2.316001950366966 0.4660275630605183 
2.3188500820366835 0.36942103654384706 
-1.2982400157716039 1.0049371892145227 
-1.2982400157716039 1.0049371892145227 
-1.2982400157716039 1.0049371892145227 
-1.2982400157716039 1.0049371892145227 
1.345381916128522 0.7485064322235193 
-3.141592636551541 1.0844143839442724 
-1.2982400157716039 1.0049371892145227 
-1.2982400157716039 1.0049371892145227 
2.3188500820366835 0.36942103654384706 
-1.2982400157716039 1.0049371892145227 
-1.2982400157716039 1.0049371892145227 
-1.2982400157716039 1.0049371892145227 
-1.2982400157716039 1.0049371892145227 
-1.2982400157716039 1.0049371892145227 
1.3526287274937216 0.6531110964378322 
-1.2982400157716039 1.0049371892145227 
-1.2982400157716039 1.0049371892145227 
-1.2982400157716039 1.0049371892145227 
-1.2982400157716039 1.0049371892145227 
-1.2982400157716039 1.0049371892145227 
1.492792736237835 0.5345053031548163 
-1.2982400157716039 1.0049371892145227 
-1.2982400157716039 1.0049371892145227 
-1.2982400157716039 1.0049371892145227 
-1.2982400157716039 1.0049371892145227 
-1.2982400157716039 1.0049371892145227 
-1.2982400157716039 1.0049371892145227 
-1.2982400157716039 1.0049371892145227 
1.4927784054878779 0.5544240329815656 
1.3526287274937216 0.6531110964378322 
1.3526287274937216 0.6531110964378322 
-1.2982400157716039 1.0049371892145227 
-1.2982400157716039 1.0049371892145227 
1.3526287274937216 0.6531110964378322 
-1.2982400157716039 1.0049371892145227 
-1.2982400157716039 1.0049371892145227 
1.3526287274937216 0.6531110964378322 
1.4929908605036362 0.5159652907453798 
1.3526287274937216 0.6531110964378322 
-1.2982400157716039 1.0049371892145227 
-3.141592653589793 1.1389583652070285 
-1.2982400157716039 1.0049371892145227 
-1.2982400157716039 1.0049371892145227 
1.3526287274937216 0.6531110964378322 
-1.2982400157716039 1.0049371892145227 
-1.2982400157716039 1.0049371892145227 
-1.2982400157716039 1.0049371892145227 
-1.2982400157716039 1.0049371892145227 
1.3526287274937216 0.6531110964378322 
-1.2982400157716039 1.0049371892145227 
-1.2982400157716039 1.0049371892145227 
-1.2982400157716039 1.0049371892145227 
-1.2982400157716039 1.0049371892145227 
-1.2982400157716039 1.0049371892145227 
