1.4927746526217573 0.3896328846123312 4.984981618126403 
1.3526287274937216 1.0824847005532887 4.882458918744875 
2.3160008045819507 -3.3917810184460304 3.671153783331743 
1.3526287274937216 1.0824847005532887 4.882458918744875 
1.3526287274937216 1.0824847005532887 4.882458918744875 
-1.2982400157716039 1.3457886619607637 -4.815469750231088 
1.3526287274937216 1.0824847005532887 4.882458918744875 
1.3526287274937216 1.0824847005532887 4.882458918744875 
-1.2982400157716039 1.3457886619607637 -4.815469750231088 
-1.2982400157716039 1.3457886619607637 -4.815469750231088 
-1.2982400157716039 1.3457886619607637 -4.815469750231088 
2.3163993618829024 -3.392156056326678 3.671755690673675 
2.3159709330094986 -3.391799419020628 3.67115887815352 
-1.2982400157716039 1.3457886619607637 -4.815469750231088 
1.3526287274937216 1.0824847005532887 4.882458918744875 
-1.2982400157716039 1.3457886619607637 -4.815469750231088 
1.3526289566102971 1.0821621493385132 4.882458918744875 
-1.2982400157716039 1.3457886619607637 -4.815469750231088 
2.3159706798911905 -3.392168439373035 3.671603193699083 
-1.2982400157716039 1.3457886619607637 -4.815469750231088 
1.3526287274937216 1.0824847005532887 4.882458918744875 
2.3163993618829024 -3.392156056326678 3.671755690673675 
1.3396448352502186 1.1378364845128266 4.867440768002592 
1.4927784054878779 0.38962991207655673 4.9849902688963645 
1.3396448352502186 1.1378364845128266 4.867440768002592 
1.3526287274937216 1.0824847005532887 4.882458918744875 
1.3526287274937216 1.0824847005532887 4.882458918744875 
1.3526287274937216 1.0824847005532887 4.882458918744875 
1.3526287274937216 1.0824847005532887 4.882458918744875 
2.3188500820366835 -3.402158942761458 3.665080821149028 
2.3159736786082585 -3.3921478555465474 3.671755690673675 
1.4929908605036362 0.3886336379603342 4.9849919185270775 
1.4925430346930384 0.3907149772770877 4.984996899795628 
2.3188500820366835 -3.402158942761458 3.665080821149028 
1.4927784054878779 0.38962991207655673 4.9849902688963645 
2.3188500820366835 -3.402158942761458 3.665080821149028 
2.3188500820366835 -3.402158942761458 3.665080821149028 
1.3526287274937216 1.0824847005532887 4.882458918744875 
1.3526287274937216 1.0824847005532887 4.882458918744875 
1.3526287274937216 1.0824847005532887 4.882458918744875 
1.3526287274937216 1.0824847005532887 4.882458918744875 
2.3160008045819507 -3.3917810184460304 3.671153783331743 
1.3396448352502186 1.1378364845128266 4.867440768002592 
1.3526287274937216 1.0824847005532887 4.882458918744875 
2.316001950366966 -3.392168195351609 3.675889589704595 
2.3188500820366835 -3.402158942761458 3.665080821149028 
-1.2982400157716039 1.3457886619607637 -4.815469750231088 
-1.2982400157716039 1.3457886619607637 -4.815469750231088 
-1.2982400157716039 1.3457886619607637 -4.815469750231088 
-1.2982400157716039 1.3457886619607637 -4.815469750231088 
1.345381916128522 1.1155470875168838 4.875828466092022 
-3.141592636551541 -4.9999999996156905 5.860250481311139E-4 
-1.2982400157716039 1.3457886619607637 -4.815469750231088 
-1.2982400157716039 1.3457886619607637 -4.815469750231088 
2.3188500820366835 -3.402158942761458 3.665080821149028 
-1.2982400157716039 1.3457886619607637 -4.815469750231088 
-1.2982400157716039 1.3457886619607637 -4.815469750231088 
-1.2982400157716039 1.3457886619607637 -4.815469750231088 
-1.2982400157716039 1.3457886619607637 -4.815469750231088 
-1.2982400157716039 1.3457886619607637 -4.815469750231088 
1.3526287274937216 1.0824847005532887 4.882458918744875 
-1.2982400157716039 1.3457886619607637 -4.815469750231088 
-1.2982400157716039 1.3457886619607637 -4.815469750231088 
-1.2982400157716039 1.3457886619607637 -4.815469750231088 
-1.2982400157716039 1.3457886619607637 -4.815469750231088 
-1.2982400157716039 1.3457886619607637 -4.815469750231088 
1.492792736237835 0.38962991167876015 4.985002648648628 
-1.2982400157716039 1.3457886619607637 -4.815469750231088 
-1.2982400157716039 1.3457886619607637 -4.815469750231088 
-1.2982400157716039 1.3457886619607637 -4.815469750231088 
-1.2982400157716039 1.3457886619607637 -4.815469750231088 
-1.2982400157716039 1.3457886619607637 -4.815469750231088 
-1.2982400157716039 1.3457886619607637 -4.815469750231088 
-1.2982400157716039 1.3457886619607637 -4.815469750231088 
1.4927784054878779 0.38962991207655673 4.9849902688963645 
1.3526287274937216 1.0824847005532887 4.882458918744875 
1.3526287274937216 1.0824847005532887 4.882458918744875 
-1.2982400157716039 1.3457886619607637 -4.815469750231088 
-1.2982400157716039 1.3457886619607637 -4.815469750231088 
1.3526287274937216 1.0824847005532887 4.882458918744875 
-1.2982400157716039 1.3457886619607637 -4.815469750231088 
-1.2982400157716039 1.3457886619607637 -4.815469750231088 
1.3526287274937216 1.0824847005532887 4.882458918744875 
1.4929908605036362 0.3886336379603342 4.9849919185270775 
1.3526287274937216 1.0824847005532887 4.882458918744875 
-1.2982400157716039 1.3457886619607637 -4.815469750231088 
-3.141592653589793 -4.999999999630877 0.00264186642937046 
-1.2982400157716039 1.3457886619607637 -4.815469750231088 
-1.2982400157716039 1.3457886619607637 -4.815469750231088 
1.3526287274937216 1.0824847005532887 4.882458918744875 
-1.2982400157716039 1.3457886619607637 -4.815469750231088 
-1.2982400157716039 1.3457886619607637 -4.815469750231088 
-1.2982400157716039 1.3457886619607637 -4.815469750231088 
-1.2982400157716039 1.3457886619607637 -4.815469750231088 
1.3526287274937216 1.0824847005532887 4.882458918744875 
-1.2982400157716039 1.3457886619607637 -4.815469750231088 
-1.2982400157716039 1.3457886619607637 -4.815469750231088 
-1.2982400157716039 1.3457886619607637 -4.815469750231088 
-1.2982400157716039 1.3457886619607637 -4.815469750231088 
-1.2982400157716039 1.3457886619607637 -4.815469750231088 
