-19.997288655060448 0.0065755417992151175 
-14.459451655348374 -11.623369957213033 
-19.07956503050757 9.254183683856049E-4 
-17.93787625327846 -3.8728579539533348 
-17.043245870544183 -3.8807135206848993 
-15.299102981073865 -8.954076806388235 
-15.209962234882486 -9.313029759869826 
-15.880963076859965 -7.749365919951609 
-16.68868280798549 -4.86670836217438 
-15.64427555608356 -7.749803329110163 
-18.34500373941342 -2.440480624951594 
-14.959021954669684 -10.26174953304287 
-18.543995439764426 -1.4809374347675832 
-16.55683469795825 -5.551449010804102 
-14.917388234489295 -10.527124378940993 
-18.382348463974402 -2.2159588130601193 
-18.45647929211282 -1.9044941700449434 
-18.70275063968458 -0.8788232398654582 
-15.087797287155752 -9.687440339181606 
-15.475054297992624 -8.263529311406053 
-18.604471430408747 -1.2571965095935234 
-18.42038624453278 -2.0743797071344985 
-16.160670497980902 -7.25045315408984 
-18.222657890367213 -3.039434486274908 
-14.7538594218611 -11.044957623209198 
-18.76060299164545 -0.6966775882566962 
-18.926608018030485 -0.26959097391587755 
-15.072166683470112 -9.883246002379416 
-15.008138708424642 -10.148396820057144 
-15.403415887584476 -8.439142575644098 
-18.82750464424161 -0.4631164047422054 
-15.045035382351513 -10.024432689088652 
-15.336561862856595 -8.790923224668422 
-16.371092882143717 -6.349810751039436 
-16.96247022955923 -4.027702348595073 
-16.005084554572974 -7.604534792581555 
-19.002130762862926 -0.12143598512014316 
-18.116685712714926 -3.4686036959277415 
-16.473310836261398 -5.942171710141027 
-16.597708279243363 -5.321045161921476 
-18.78735082161514 -0.623938893133947 
-18.14469574342526 -3.3841630105642735 
-16.856085171217728 -4.288702501900291 
-14.6919358150319 -11.234681663331516 
-15.595061135365196 -7.795673795398003 
-16.44434293829935 -6.093638794262079 
-15.573205983781639 -7.9449183942851205 
-16.651815972062497 -5.085031514004655 
-16.50068626875337 -5.824597856136008 
-14.792455126211584 -10.849663386422773 
-15.384177092806485 -8.584517262978432 
-18.67253372579129 -0.9908526104062837 
-15.45429995757971 -8.314075727664203 
-16.340106821597846 -6.5459861089698475 
-16.28960828446439 -6.65825398347193 
-16.26384269032993 -6.706972225519624 
-15.139385879433286 -9.548831231531626 
-18.49353398042598 -1.718981012284732 
-15.17343648312795 -9.450554411604735 
-14.845193865702047 -10.780510201803743 
-16.809318508612566 -4.381706699310391 
-18.246609933589156 -2.839032496796492 
-16.107427022757253 -7.35365678255492 
-18.97428181640977 -0.1727570380744056 
-15.359970250598753 -8.683879098120128 
-16.60166481572176 -5.262823790391969 
-18.07241222146629 -3.6210219392643412 
-16.751302820647112 -4.61289881051867 
-18.19381280798801 -3.1701210771721167 
-18.29625405862288 -2.6755893946491747 
-14.644110082648915 -11.351377402055615 
-15.544553843111965 -8.03063183808733 
-16.2561465773222 -6.90611787396668 
-18.581182900592232 -1.352127620072191 
-18.49353398042598 -1.718981012284732 
-16.645093263686995 -5.114883608370521 
-14.529527581280856 -11.571872294095204 
-16.418415693740307 -6.206344189008933 
-16.198313593496348 -7.093629425909638 
-16.231362812482345 -6.9307754526606065 
-18.26746296945128 -2.824583493921025 
-16.355765411035833 -6.472582099983633 
-14.555614147888836 -11.54268271127302 
-18.67253372579129 -0.9908526104062837 
-18.29625405862288 -2.6755893946491747 
-16.94274172317204 -4.066306990837368 
-14.592591190322842 -11.443808500272464 
-16.90582494276681 -4.15553122745961 
-16.88835984666992 -4.196151793800035 
-17.952986587600183 -3.8703295244576523 
-16.772360421488386 -4.522239040184727 
-16.05563016100074 -7.493499379574592 
-18.01397228263432 -3.7963781310750857 
-16.19983052870429 -7.056863615098629 
-16.089948677152076 -7.410597180136195 
-15.544553843111965 -8.03063183808733 
-15.946810679049078 -7.688339126693549 
-14.888002751514804 -10.639673093127273 
-16.751302820647112 -4.61289881051867 
-16.78519887462071 -4.44989148432099 
