2.712701802277193E-4 -2.760797701819507E-4 -9.28558372084276E-4 
-1.1511668175488081 -1.1447890022497194 -1.1467284235087647 
2.7448525901663744E-4 -2.760797701819507E-4 -0.4823652084203507 
1.8194993038563295E-4 -3.721796549604533E-4 -1.154174732340198 
-1.111301878915984 -2.762481575663338E-4 -0.5067442345012882 
-1.0597489292099185 -0.8106365267199542 -1.0734454110124225 
-1.0689609096680643 -0.8378942098594075 -1.0960386691072876 
-1.1527024821421579 -4.6058789633773037E-4 -1.1534090830056993 
-1.070304903242143 -4.714712983353426E-4 -0.7449996838515467 
-1.0996506387137766 -0.5502312146841575 -1.0963126261124962 
2.2709706225043647E-4 -5.048358238829888E-4 -0.9039470317027141 
-1.1095202896067615 -0.9216182456843347 -1.1347115518389603 
-0.002617384057903349 -4.803601516961505E-4 -0.7836687899258248 
-0.9259266102622448 -4.062685437419725E-4 -0.9634765576455077 
-1.1045848298079333 -0.9814180081541488 -1.0734646819377591 
-0.0037512948572371863 -2.8195210751578574E-4 -0.8778006569382497 
-2.0758180042455832E-4 -1.9801614981570224E-4 -0.8379215806445276 
-0.6927615655790571 -2.901146083261119E-4 -0.0016887084306209665 
-1.0572127418992912 -0.9674223332981617 -0.9918637845214859 
-1.0594050070818344 -0.7158531813446023 -1.0688762072396747 
2.861656679865914E-4 -2.846894508581072E-4 -0.7510463178622042 
2.594937376871609E-4 -2.888814187221248E-4 -0.8591857962193457 
-1.070304903242143 -4.714712983353426E-4 -1.0612163194018713 
-1.569239426897946E-4 -3.3560226535747146E-4 -0.9780073811568096 
-1.128904715686479 -1.0520654611522888 -1.068114267553273 
-1.9685863745625494E-4 -0.0011290483318252512 -0.6602929119771827 
2.7448525901663744E-4 -2.760797701819507E-4 -0.5673069031763831 
-1.0996506387137766 -0.8916268139326426 -1.0963126261124962 
-1.1119828209245757 -0.9263788833034575 -1.081639025799192 
-1.0056738965881125 -0.8059161640946713 -1.0488704854310067 
-0.006235816955976303 -2.8031092995763334E-4 -0.6165017178338605 
-1.0749442941886689 -0.924446594690403 -1.0897837203845941 
-1.0607744644073511 -0.8059161640946713 -1.0488704854310067 
-1.0630933214011202 -2.527751833156797E-4 -0.9398176707624621 
-0.5612401197184913 -2.760797701819507E-4 -1.1005875467715471 
-1.0895824874521636 -3.8384613544481045E-4 -1.1387966528084674 
2.861656679865914E-4 -2.800137831159098E-4 -0.5251741706338385 
-0.002617384057903349 -4.803601516961505E-4 -1.040039210145307 
-1.0046417546364572 -4.6659651806952966E-4 -0.9355042914171843 
-1.0178681185070892 -4.729257191072025E-4 -0.8482465757220823 
-2.0758180042455832E-4 -2.760392637704158E-4 -0.6459659879487981 
-1.569239426897946E-4 -3.3560226535747146E-4 -1.0256361455142056 
-1.0693578151542604 -4.6829925398477693E-4 -0.6496523998487275 
-1.11191922130535 -1.0840407071064566 -1.0817623288432419 
-1.0996506387137766 -0.5311863238205867 -1.1498974982405115 
-0.9823570477788414 -3.4019476420585684E-4 -0.9751529271034894 
-1.0996506387137766 -0.5993263387518295 -1.0963126261124962 
-0.9546242379119316 -3.730567524443373E-4 -0.8778006569382497 
-0.9598795569706882 -8.012870903437309E-4 -0.9634234179765179 
-1.0864541647520582 -1.069415529206174 -1.0399985871961874 
-1.0433215040278638 -0.7914922245160545 -1.0493200968955292 
-1.9685863745625494E-4 -0.001119787870140983 -0.7108089708987191 
-1.045383862254241 -0.7158531813446023 -1.0989685938689664 
-1.0384816659796392 -4.951957779408903E-4 -0.9827697483834335 
-1.0572127418992912 0.04243216395194804 -0.9932831304628666 
-0.9600914000246574 -2.760797701819507E-4 -1.1088942954318177 
-1.1114894701941234 -0.8916386300107336 -1.0264088806712466 
-0.8148716209528326 9.066244018549684E-4 -9.28558372084276E-4 
-1.0303914912758325 -0.8940612146368678 -1.0743619211083582 
-1.1209281224037257 -0.9962554588708599 -1.0957055940484979 
-0.9808011566554669 -2.688594225982979E-4 -0.7596330047556505 
-0.007347563474783769 -5.048358238829888E-4 -0.9549980621205387 
-1.1017488418054657 -0.017862384802574183 -1.0625510620312115 
2.6576825924634053E-4 -2.8031092995763334E-4 -0.5406804514641541 
-1.045383862254241 -0.8034269462504764 -1.0488704854310067 
-0.8143189736693779 7.829309822986463E-4 -1.050768444610381 
-1.0668237689220779 -2.818761079174123E-4 -0.0030890520177037084 
-1.0886378602907762 -3.8384613544481045E-4 -0.6917964337295073 
2.2709706225043647E-4 -4.663287484254482E-4 -0.9953957373415326 
-0.9327396625860712 -2.697990533387758E-4 -9.28558372084276E-4 
-1.1350717018285874 -1.090597754688149 -1.0913769142281462 
-1.0996506387137766 -0.6175252374119956 -1.0972006137584656 
-1.0253925763565985 -4.7187313603863466E-4 -1.0472429344916436 
-2.3853332170670774E-4 -2.7629649464545625E-4 -0.7646412228009369 
-0.8148716209528326 9.066244018549684E-4 -9.28558372084276E-4 
-0.9752742755030852 -4.951957779408903E-4 -0.8615402086058315 
-1.1354443821022124 -1.1267333358771006 -1.1301802052749674 
-1.0091096083747908 -2.700837018838528E-4 -0.964277419160738 
-1.0827540383054404 -4.663287484254482E-4 -1.0256600992514024 
-1.0904731044516076 -4.951957779408903E-4 -0.9978251048202009 
2.7448525901663744E-4 -2.7498583147383466E-4 -0.9508170748604379 
-1.0384816659796392 -4.951957779408903E-4 -0.9732489919022151 
-1.1333820238758352 -1.1147986141426787 -1.1306298167394901 
-1.9685863745625494E-4 -0.001119787870140983 -0.7108089708987191 
-0.9327396625860712 -2.697990533387758E-4 -9.28558372084276E-4 
-0.5612401197184913 -2.760797701819507E-4 -1.1128957448236028 
-1.1506404843890132 -1.0794834470922832 -1.146121391444766 
-1.0962940570492248 -5.1007726418751E-4 -0.5969100403407606 
-1.0687175317251962 -2.7217239270201245E-4 -0.6318965250023438 
-2.0411691725690618E-4 -3.722688250889371E-4 -1.1446539758589795 
-0.6927615655790571 0.0144039507391664 -1.0742651530446348 
-1.1149441192372276 -0.014792536420612956 -1.081639025799192 
-2.0411691725690618E-4 -3.722688250889371E-4 -1.1064629152145913 
-1.0154662103723664 0.0027671382772697095 -1.0921353423775928 
-1.1007585279637782 0.017740304436309473 -1.0743619211083582 
-1.0996506387137766 -0.6175252374119956 -1.0972006137584656 
-1.1116041489337536 -4.6398361173958087E-4 -1.1532164572762513 
-1.1066532107090368 -0.9826625781723277 -1.0957055940484979 
-1.0886378602907762 -3.8384613544481045E-4 -0.6917964337295073 
-0.7789735398911258 -0.011220424411341388 -0.9751529271034894 
