-3.1407996167253143 1.0014009475510781 
-3.141571979321279 1.0051884208965371 
-3.1407996167253143 1.0014009475510781 
-3.141571979321275 1.0051884140959635 
-3.1407996167253143 1.0014009475510781 
-3.1407996167253143 1.0014009475510781 
-3.1407996167253143 1.0014009475510781 
-3.1407996167253143 1.0014009475510781 
-3.1407996167253143 1.0014009475510781 
-3.1407996167253143 1.0014009475510781 
-3.1407996167253143 1.0014009475510781 
-3.1407996167253143 1.0014009475510781 
-3.1407996167253143 1.0014009475510781 
-3.1407996167253143 1.0014009475510781 
-3.141571979321334 1.0051894127666443 
-3.1407996167253143 1.0014009475510781 
-3.1407996167253143 1.0014009475510781 
-3.1407996167253143 1.0014009475510781 
-3.1407996167253143 1.0014009475510781 
-3.1407996167253143 1.0014009475510781 
-3.141571979321275 1.0051884140959635 
-3.141571979321334 1.0051894127666443 
-3.1407996167253143 1.0014009475510781 
-3.1407996167253143 1.0014009475510781 
-3.1407996167253143 1.0014009475510781 
-3.1407996167253143 1.0014009475510781 
-3.141571979321289 1.0051884672635159 
-3.1407996167253143 1.0014009475510781 
