-3.1407996167253143 -4.9999984253459315 -0.003965183907044658 
-3.141571979321279 -4.999999998921785 -1.0349451508419858E-4 
-3.1407996167253143 -4.9999984253459315 -0.003965183907044658 
-3.141571979321275 -4.999999998921786 -1.0349451508419858E-4 
-3.1407996167253143 -4.9999984253459315 -0.003965183907044658 
-3.1407996167253143 -4.9999984253459315 -0.003965183907044658 
-3.1407996167253143 -4.9999984253459315 -0.003965183907044658 
-3.1407996167253143 -4.9999984253459315 -0.003965183907044658 
-3.1407996167253143 -4.9999984253459315 -0.003965183907044658 
-3.1407996167253143 -4.9999984253459315 -0.003965183907044658 
-3.1407996167253143 -4.9999984253459315 -0.003965183907044658 
-3.1407996167253143 -4.9999984253459315 -0.003965183907044658 
-3.1407996167253143 -4.9999984253459315 -0.003965183907044658 
-3.1407996167253143 -4.9999984253459315 -0.003965183907044658 
-3.141571979321334 -4.99999999892165 -1.0349451508419858E-4 
-3.1407996167253143 -4.9999984253459315 -0.003965183907044658 
-3.1407996167253143 -4.9999984253459315 -0.003965183907044658 
-3.1407996167253143 -4.9999984253459315 -0.003965183907044658 
-3.1407996167253143 -4.9999984253459315 -0.003965183907044658 
-3.1407996167253143 -4.9999984253459315 -0.003965183907044658 
-3.141571979321275 -4.999999998921786 -1.0349451508419858E-4 
-3.141571979321334 -4.99999999892165 -1.0349451508419858E-4 
-3.1407996167253143 -4.9999984253459315 -0.003965183907044658 
-3.1407996167253143 -4.9999984253459315 -0.003965183907044658 
-3.1407996167253143 -4.9999984253459315 -0.003965183907044658 
-3.1407996167253143 -4.9999984253459315 -0.003965183907044658 
-3.141571979321289 -4.999999998921779 -1.0349451508419858E-4 
-3.1407996167253143 -4.9999984253459315 -0.003965183907044658 
