1.0 1.0 
0.3902464279148854 8.941067482794164 
1.0 1.0 
0.3902464279148854 8.941067482794164 
0.4798880968088428 5.6406786403501386 
0.5238076962817573 4.3661904297238125 
0.9019715489558014 1.1086824246695701 
0.7029833568067376 1.4225095207183769 
0.5400267484867203 4.009575398486942 
0.6391394987538257 1.9543293934468084 
0.959686450896459 1.0420100136918626 
0.6328392700176777 2.1941640594303484 
0.48574301447424045 5.444150325147438 
0.49019784735899297 5.349820926427212 
0.6474352389524323 1.9249410496105406 
0.8790526193602083 1.1400896088852972 
0.42247096671922646 7.606920838388799 
0.43024324979763773 7.36794815237752 
0.6084994167094003 2.517062810600349 
0.420473715472745 7.845677998317522 
0.4969447908247815 5.170118491017073 
0.6913608156744887 1.4464235229729634 
0.6018124717277448 2.644599790355925 
0.41245675138157933 7.998175244568609 
0.5081025624700275 4.7936496638734605 
0.42441840027937483 7.504118232708202 
0.6593754772019438 1.6162984785218342 
0.9303216884368131 1.0748995308396356 
0.5069830714639221 4.948382246079848 
0.9781295208010352 1.0223594920037318 
0.8581190825211544 1.1803089439398537 
0.5970170007709734 2.728783318515682 
0.431947057657821 7.215473247744829 
0.5732367801035891 3.220327940960259 
0.5121221577557158 4.669915808656878 
0.4018137035163196 8.431682185395672 
0.4704992406823703 6.009012546101064 
0.440779035819921 6.92856109240119 
0.443354238506492 6.806752893577863 
0.5319304846209592 4.188560580330997 
0.7233436757398521 1.3824694680997003 
0.6197787637182537 2.30491196275083 
0.5175622059880575 4.592760303860335 
0.579542968609958 3.0818865443510277 
0.4082776337828372 8.151274527209974 
0.4567317033683557 6.430597398377063 
0.45912632607254417 6.360068858453042 
0.5569929727105614 3.6359894390125254 
0.5624679710901186 3.457212209769047 
0.6291466390282408 2.270592256456447 
0.4615968556826052 6.196584849064126 
0.8286049516965432 1.206852309081303 
0.7528028036244017 1.328369849100999 
0.40538854020456844 8.35732910475655 
0.5674109956429684 3.3786908584303506 
0.5943765732102438 2.8742549590300017 
0.787493129661373 1.269853042506367 
0.4717135427409256 5.842079548270483 
0.6534202714517318 1.7375655052200072 
0.839134095792742 1.1917046453168914 
0.9462519303834398 1.0568010145031208 
0.6682102358588434 1.496553269337129 
0.4168577624320522 7.913733833595238 
0.4996624945521084 5.015393655027378 
0.39929817435300763 8.599276906103679 
0.4365760475137874 7.034693715953434 
0.5586518482238574 3.552682462625372 
0.4067089607344723 8.223171745239895 
0.3978254574720042 8.631110716701215 
0.8120870290587207 1.2321194622361673 
0.43575494510126417 7.113287715629726 
0.819849655054459 1.2197361899037311 
0.9934860411300642 1.0065595795397762 
0.664367032383653 1.5425833717630948 
0.5700142234868872 3.283377630486081 
0.5876090566715889 3.0395816003062595 
0.8011495218937237 1.2482071327628588 
0.7719285894302472 1.2954573264237381 
0.7828427536597956 1.2773964400619993 
0.9412357916866971 1.0624355291872838 
0.5463135057352513 3.862013999358204 
0.4615968556826052 6.196584849064126 
0.3960482549559501 8.843976809851998 
0.9832019581808811 1.017085036984872 
0.5501312641852448 3.7361720367724898 
0.728797369518422 1.3721274714524567 
0.7635859174008576 1.3096103623406954 
0.4717135427409256 5.842079548270483 
0.589406673652748 2.898490786494401 
0.6146161405867419 2.4308071272256653 
0.9178407995185951 1.089515251263121 
0.3972768327897366 8.816626828744853 
0.913352133882449 1.0948679823395193 
0.6534202714517318 1.7375655052200072 
0.45091299828292086 6.550493327257268 
0.44751828052234705 6.671446037740012 
0.614646585725724 2.393323472743423 
0.49759708978499756 5.077780398222128 
0.4464484278044528 6.687433247530092 
0.5304830927348929 4.199988821270804 
