1.0 0.0 
0.3902464279148854 2.4892196469063586 
1.0 0.0 
0.3902464279148854 2.4892196469063586 
0.4798880968088428 1.7068945374279192 
0.5238076962817573 1.287044150521086 
0.9019715489558014 3.879285731485801E-9 
0.7029833568067376 5.179641479524704E-7 
0.5400267484867203 1.165277965257249 
0.6391394987538257 0.24908910892746133 
0.959686450896459 2.8918385141796232E-6 
0.6328392700176777 0.38855318166892605 
0.48574301447424045 1.644457990188033 
0.49019784735899297 1.6224707018907123 
0.6474352389524323 0.24627466842394613 
0.8790526193602083 0.0021987569959758257 
0.42247096671922646 2.2137032003507446 
0.43024324979763773 2.1700099574194045 
0.6084994167094003 0.5316312520712363 
0.420473715472745 2.298901378355337 
0.4969447908247815 1.5692634520578141 
0.6913608156744887 5.466533555712328E-7 
0.6018124717277448 0.5915531365647749 
0.41245675138157933 2.298901378355337 
0.5081025624700275 1.435665677797691 
0.42441840027937483 2.1848858558333046 
0.6593754772019438 0.06574758057611002 
0.9303216884368131 2.3464306680709424E-6 
0.5069830714639221 1.5087460298951028 
0.9781295208010352 0.0 
0.8581190825211544 0.012845628065180081 
0.5970170007709734 0.6291300325740963 
0.431947057657821 2.1167024389721005 
0.5732367801035891 0.8460104197536802 
0.5121221577557158 1.3915673604668886 
0.4018137035163196 2.387965445786411 
0.4704992406823703 1.8272358401913875 
0.440779035819921 2.053964477928015 
0.443354238506492 2.0178027458340746 
0.5319304846209592 1.2280230593597135 
0.7233436757398521 5.466533555712328E-7 
0.6197787637182537 0.42853548675312286 
0.5175622059880575 1.3770391544403364 
0.579542968609958 0.7860856768322797 
0.4082776337828372 2.3279830762836036 
0.4567317033683557 1.9370577034368728 
0.45912632607254417 1.9200750485499452 
0.5569929727105614 1.0252205663797929 
0.5624679710901186 0.9445711372567815 
0.6291466390282408 0.42853548675312286 
0.4615968556826052 1.8603240822984715 
0.8286049516965432 3.799271174745008E-6 
0.7528028036244017 5.466533555712328E-7 
0.40538854020456844 2.387965445786411 
0.5674109956429684 0.9171063439517608 
0.5943765732102438 0.7083898130808023 
0.787493129661373 5.466533555712328E-7 
0.4717135427409256 1.7557880406889759 
0.6534202714517318 0.1353605240860225 
0.839134095792742 0.0 
0.9462519303834398 4.7555346820954195E-12 
0.6682102358588434 1.2213079086245378E-5 
0.4168577624320522 2.298901378355337 
0.4996624945521084 1.5060041048317963 
0.39929817435300763 2.433675569363179 
0.4365760475137874 2.0711787779810282 
0.5586518482238574 0.9847126238981492 
0.4067089607344723 2.344437634447595 
0.3978254574720042 2.433675569363179 
0.8120870290587207 5.882335327976329E-4 
0.43575494510126417 2.099650298013728 
0.819849655054459 2.9455001403531857E-7 
0.9934860411300642 2.8918385141796232E-6 
0.664367032383653 0.0248415369026167 
0.5700142234868872 0.8715719504557391 
0.5876090566715889 0.7860856768322797 
0.8011495218937237 5.476372999711084E-7 
0.7719285894302472 5.466533555712328E-7 
0.7828427536597956 5.466533555712328E-7 
0.9412357916866971 2.3464306680709424E-6 
0.5463135057352513 1.1098704071879988 
0.4615968556826052 1.8603240822984715 
0.3960482549559501 2.5026415824127746 
0.9832019581808811 0.0 
0.5501312641852448 1.0553850458032108 
0.728797369518422 2.8918385141796232E-6 
0.7635859174008576 2.9965589263517174E-8 
0.4717135427409256 1.7557880406889759 
0.589406673652748 0.7083898130808023 
0.6146161405867419 0.4940132950461835 
0.9178407995185951 1.5493070459898653E-6 
0.3972768327897366 2.5026415824127746 
0.913352133882449 7.989371453178246E-9 
0.6534202714517318 0.1353605240860225 
0.45091299828292086 1.9537025864258413 
0.44751828052234705 1.9855940594070356 
0.614646585725724 0.47104810105897765 
0.49759708978499756 1.5266887487226368 
0.4464484278044528 1.9855940594070356 
0.5304830927348929 1.2280230593597135 
