0.4953099331236138 5.134270742677001 
0.5534019387348016 3.6539021342971956 
0.4365511704592359 7.03801462994637 
0.5249479735303821 4.339522338299494 
0.6464443386596931 1.8295005494120997 
0.7138327312063232 1.401636783909414 
0.4056168221537444 8.257872566817294 
0.6668007007683796 1.499698510196802 
0.6464443386596931 1.8295005494120997 
0.5892730759375142 2.88456537663604 
0.5159737642845573 4.568554768024063 
0.3902685480701778 8.936544319499202 
0.3902685480701778 8.936544319499202 
0.6104472651352655 2.4675784164878496 
0.43111212642753083 7.2392235848745745 
0.6232217514446188 2.234951224848087 
0.5099943158300164 4.730097697478817 
0.5053681565122821 4.851480441951368 
0.482782181684413 5.5006181699735635 
0.6020083566121044 2.627959486128225 
0.5361489479925202 4.056746252219241 
0.5444766126026431 3.856734767021754 
0.5053681565122821 4.851480441951368 
0.5842952777230327 2.980247078367948 
0.6517598716527622 1.7430497144899773 
0.47303314228181786 5.802492781833593 
0.5581959832583557 3.5422463329059304 
0.42773469266083913 7.36923219856796 
0.6020083566121044 2.627959486128225 
0.40087559542429857 8.47162313931289 
0.5644734262534779 3.401373894684129 
0.5892730759375142 2.88456537663604 
0.44047487779225636 6.894595810015635 
0.5581959832583557 3.5422463329059304 
0.41718479178213286 7.780213289922643 
0.45422628516508623 6.411578659538601 
0.6232217514446188 2.234951224848087 
0.3959363060248445 8.680005645784007 
0.4698036293344543 5.9102082276964225 
0.44612752572167347 6.691465604158903 
0.5842952777230327 2.980247078367948 
0.45409445697001305 6.415632075620207 
0.44047487779225636 6.894595810015635 
0.4172742454973272 7.777191375532325 
0.4082899830727413 8.144823597387598 
0.6266399732576148 2.1708820950489995 
0.4225790755177543 7.566683391437054 
0.49142104523917807 5.245849593613171 
0.46670578356482934 6.000799613600793 
0.4798556755225112 5.589644968624581 
0.6232217514446188 2.234951224848087 
0.5444766126026431 3.856734767021754 
0.5942598909347248 2.781636518617471 
0.5644734262534779 3.401373894684129 
0.5053681565122821 4.851480441951368 
0.4111600825704339 8.025130701513108 
0.47819155711434363 5.6392238854830055 
0.5159737642845573 4.568554768024063 
0.6411163742231821 1.9225671139562601 
0.6316991731322281 2.0821179610330818 
0.5307585164647143 4.188834608265751 
0.4056168221537444 8.257872566817294 
0.6577509817507661 1.6475647386498284 
0.5227624107811861 4.391422104376636 
0.5733071563328136 3.21029497376236 
0.5373306099440622 4.029164412574274 
0.6411163742231821 1.9225671139562601 
0.4225790755177543 7.566683391437054 
0.43111212642753083 7.2392235848745745 
0.6336754885781093 2.0481635803271683 
0.5795021162143652 3.081096015387114 
0.5534019387348016 3.6539021342971956 
0.4953099331236138 5.134270742677001 
0.5733071563328136 3.21029497376236 
0.43641011965813925 7.0402893654691425 
0.5361489479925202 4.056746252219241 
0.482782181684413 5.5006181699735635 
0.4953099331236138 5.134270742677001 
0.46638618732971465 6.010258810813967 
0.44612752572167347 6.691465604158903 
0.47425878924842074 5.760829144991055 
0.3919139425910003 8.861434669850045 
0.6666151649866383 1.5009172700674438 
0.6558865926931289 1.676120554714496 
0.6666151649866383 1.5009172700674438 
0.6650954426317206 1.5258649028375992 
0.49142104523917807 5.245849593613171 
0.5963513841099197 2.738720495846109 
0.5534019387348016 3.6539021342971956 
0.4610062189706256 6.184978909332661 
0.44918009046648816 6.590802802334181 
0.5187704001339806 4.493487489150554 
0.5307585164647143 4.188834608265751 
0.5099943158300164 4.730097697478817 
0.46000501592831256 6.217910880005324 
0.5444766126026431 3.856734767021754 
0.5763270085506038 3.1463027598834086 
