0.8470857334440505 -0.763820473087171 
0.42537284768074507 0.04362995065096877 
0.06204726402603755 0.6933769336615504 
0.23670007254497183 0.29726999127715736 
0.43131683916224034 -0.015783719082208617 
0.6410412479200716 -0.41633621514162705 
0.6509879034890951 -0.45743252831826786 
0.8430239269633182 -0.7409448204279346 
0.44991097372420585 -0.12056485315711367 
0.0797854318063875 0.6703518779352426 
0.20240738505936162 0.5366492168198898 
0.061378333559233944 0.6948992772804261 
0.012147631305195306 0.8854146540472516 
0.6447152392099245 -0.4386810801034509 
0.45312207902563123 -0.12397015034198149 
0.6489943937666243 -0.4541704863132677 
0.22702545882142505 0.35320135459413066 
0.23070481182822783 0.33015285307837283 
0.25147350777842403 0.24742653976557383 
0.8507630716311079 -0.7728197101477159 
0.42267974722936547 0.07366874885646353 
0.43647126525909297 -0.05817678302547777 
0.21176914449490333 0.4634788201001587 
0.4447286180450144 -0.10541125453597515 
0.43960091046621763 -0.07925763959604348 
0.22442724763453442 0.3705914765282396 
0.6464178709528831 -0.44622140985162995 
0.4528741543044393 -0.12389141803710274 
0.008031262129602701 0.9084902513435757 
0.6350296862467188 -0.36291578074797626 
0.2348662763055735 0.3066725830204724 
0.042241608165258494 0.7536228662646649 
0.8396526566450196 -0.7119256557475859 
0.8507630716311079 -0.7728197101477159 
0.43493781057006786 -0.04654568161653208 
0.4491951896091381 -0.11918661055602633 
0.6501962149177766 -0.45642798776640686 
0.8413867048766508 -0.7279531968180648 
0.08163589382021048 0.669923529523477 
0.45211211479224656 -0.12341975700070973 
0.049171724762078844 0.7292974627225993 
0.6298634238833007 -0.3015160632061229 
0.017064911832075258 0.8608489214593281 
0.43761034479160377 -0.06626438985092796 
0.2397359946622384 0.28309465974408315 
0.24223624619502124 0.2729667559061482 
0.02602744446674718 0.8198839878158405 
0.25718068738158506 0.2423282317277246 
0.6320730399138399 -0.3293489232017356 
0.8458008966650526 -0.7580244725089802 
0.250595169695477 0.24898546189003345 
0.6521103914308517 -0.45811161188361776 
0.8479782730168818 -0.7670647928889042 
0.004796527009940682 0.9302524915277555 
0.2552513467467865 0.24313084194564027 
0.851407700667497 -0.7732176060489196 
0.8359686990120341 -0.6702529980906525 
0.21910848068880054 0.4082808568410131 
0.24863951262123488 0.25312364489155514 
0.20300409928982696 0.5304470599933805 
0.8338532624381311 -0.6419269217642634 
0.053891398041498215 0.7145438238909698 
0.8442298274738748 -0.7491309850808852 
0.4464915784391584 -0.1118819080660761 
0.6370899893893508 -0.38347251823144657 
0.2566904722586311 0.24247150026080072 
0.057415269053573845 0.7046751754947462 
0.4290841302915916 0.005335255727898072 
0.001825721224329932 0.9572862424505841 
0.07860340433612346 0.6708142535633183 
0.24700466582930897 0.2571829474398181 
0.8497104889856266 -0.771402852031972 
0.648069151156874 -0.4518033977947673 
0.21720457303175691 0.422331152446297 
0.6515225054252649 -0.4578386818568784 
0.4509895361297239 -0.12221145587091554 
0.04523126705916458 0.7427366499721357 
0.0735774443092756 0.6746034221840062 
0.6428382130326513 -0.42830372408393313 
0.4431134985837184 -0.0983414929837888 
0.4478420459284718 -0.1159120910825947 
0.2445191008864337 0.264730627493989 
0.25576008478712065 0.24285949177567043 
0.20786540996485417 0.493425094426376 
0.8490039803880659 -0.7699060981050309 
0.02149806469828386 0.8401241862254601 
0.6389493377539526 -0.4000412998251832 
0.06642377002931757 0.6846155482688703 
0.07180462097508214 0.6765696612588209 
0.8377347086727102 -0.691497232006289 
0.07579818225528592 0.6726336362507612 
0.6471434251803502 -0.4488585454835546 
0.06970218497135934 0.679440201918059 
0.2530047505538835 0.24525666650491224 
0.037654730631538194 0.7713893733074068 
0.25425667514674394 0.2439175788753822 
0.07716417370795112 0.6716314898879937 
0.03368769814604436 0.7872899628594824 
