-1.0702450008262592 -7.028772584278459E-5 -1.0824671727814075 
1.7845141708779662E-5 -6.829901303136627E-5 -0.7156743665824467 
-1.128129084284816 -1.0891410524915766 -1.1244687791593062 
1.707348433170438E-5 -6.944239643036162E-5 -1.1363579800635468 
1.7076954423420058E-5 -6.943672981669902E-5 -1.1479152020683943 
1.707348433170438E-5 -6.829870066289912E-5 -5.076445947866958E-5 
1.7844029038262074E-5 -6.829662874455998E-5 -1.0074088126032188 
-1.1311655580670685 -1.1076567618838327 -1.12786749190889 
-1.1312578654040115 -6.964829398729831E-5 -1.131739081255055 
-1.128129084284816 -1.094266238644817 -1.1223016921840896 
-0.9050680656400001 -6.947472370932488E-5 -0.9247623058979418 
-1.0735912367594975 -0.8639888937426745 -1.0710466856273513 
-1.0733504894659445 -0.7473169413661294 -1.0719982093500335 
-1.1003402358188028 -7.364855119977766E-5 -1.1015100231886665 
-1.1408701673761628 -1.1285483273994845 -1.1419906571705463 
-1.0758185221502448 -0.8798091224464661 -1.0709953721069219 
-1.024795150162996 -6.888787101856106E-5 -1.009145123360056 
-1.1330695409123972 -1.1162161809507596 -1.1359417161770364 
-1.100282896706609 -1.0475184271584148 -1.1085202543490744 
1.707348433170438E-5 -6.864442247677081E-5 -0.7531278107173318 
-0.9841078337034004 -6.829120882639198E-5 -5.076445947866958E-5 
1.707348433170438E-5 -6.829900437592915E-5 -1.0952036787821449 
-0.9854825491676596 -7.407212955516237E-5 -1.0091358591595034 
-0.930076291758432 -6.824771365767569E-5 -0.9661072813818596 
-1.0564777781049837 -6.964829398729831E-5 -1.0538073661972513 
-1.014777858938376 -6.888787101856106E-5 -1.0020142434936172 
-1.1232175370813158 -6.826878109423885E-5 -1.1183825737754503 
-1.1431305330668526 -1.1285483273994845 -1.1419906571705463 
-1.06952842900735 -6.833212631478865E-5 -1.067087441779438 
1.710407806583865E-5 -6.94752174813976E-5 -1.1161299473454043 
1.7079008768478484E-5 -6.945318540000385E-5 -1.1195176123124873 
-1.1444283454561257 -1.1366546301792635 -1.1454879075544693 
-1.1056547797445249 -1.0475184271584148 -1.1085202543490744 
-1.084938048740146 -6.830118838481508E-5 -1.0824671727814075 
-1.0715546519901975 -0.7651546328366083 -1.0719982093500335 
1.7074705359069343E-5 -6.950142702981758E-5 -1.1020248424170265 
-1.0934237416619341 -0.9960865204052934 -1.0886841449894251 
1.7845144842815103E-5 -6.811807787708023E-5 -5.076445947866958E-5 
1.707342503452228E-5 -6.812746451193224E-5 -0.8284132115373174 
1.7813797543684476E-5 -6.948235178454902E-5 -0.7722447404355115 
1.7801908680503883E-5 -6.70669552317749E-5 -0.8973535189212256 
-0.9335001317165673 -6.950163033296011E-5 -0.940391407275467 
-1.0364704212609277 -7.141646812762599E-5 -1.0371991224562764 
1.7096931721374343E-5 -6.94752174813976E-5 -1.1344287308948358 
-0.9335001317165673 -6.950163033296011E-5 -0.9247623058979418 
-1.071047143498158 -0.8409321633272531 -1.0749697307117896 
1.7079008768478484E-5 -6.945521989928114E-5 -1.0705430614061129 
-0.9511674017600076 -6.891205663222871E-5 -0.9680509667964102 
1.707348433170438E-5 -6.829900437592915E-5 -0.9471350815268171 
-1.0848567336029882 -0.9613159599482393 -1.0782684697065832 
1.7845856020545852E-5 -6.826122302953308E-5 -0.9619582880798581 
1.7098846455599702E-5 -6.945765724331179E-5 -1.1411498168705536 
1.7075697661233975E-5 -6.955208914612352E-5 -0.851033467531559 
-1.0723333346599289 -0.9525227920239819 -1.074389172323771 
1.709683270856817E-5 -6.947522983224833E-5 -1.1248353019271597 
-1.1312578654040115 -6.964829398729831E-5 -1.131739081255055 
-1.14077159651629 -7.023146107241912E-5 -1.1358748180122042 
-0.985399871220825 -7.365053467343662E-5 -0.9929143219593032 
-1.0733777562789344 -0.7797284085368418 -1.0719982093500335 
-0.9758895656395343 -6.825009550979952E-5 -0.9661072813818596 
-1.0818310757706227 -0.9768569431863252 -1.085018798785381 
-1.1111003554642485 -6.831738870732036E-5 -1.1143369392700047 
-1.0899595899303391 -6.950770505729167E-5 -1.0951059306517614 
1.707637148111062E-5 -6.949416956845109E-5 -1.0358182766183006 
-1.0220186817493961 -7.363366278692623E-5 -1.0272242128577547 
-1.0812228087021136 -0.9327132597111056 -1.0796633077427575 
-1.1171040880379586 -7.025271676264832E-5 -1.1183825737754503 
-1.0935138828564757 -0.9800596032888048 -1.0886841449894251 
-1.0747383711203888 -0.8167638085462646 -1.0681469856341008 
-1.1103930221757705 -1.065657126329778 -1.1093895304672494 
-1.0935408410514038 -1.0103706957413754 -1.0886841449894251 
1.7070819213185387E-5 -6.950142702981758E-5 -0.8698915298805674 
-1.0481370506824144 -7.325987061753564E-5 -1.0447405456545649 
1.7844029038262074E-5 -6.829662874455998E-5 -1.0091358591595034 
1.7096931721374343E-5 -6.947475085623767E-5 -1.0824015472497859 
-1.0758185221502448 -0.9031417928599111 -1.0709953721069219 
-1.101720225547274 -1.0237139165817029 -1.1003577370779196 
1.7087064804995277E-5 -6.950142702981758E-5 -0.7989310127378435 
-1.1444283454561257 -1.138923171198635 -1.1457806493553235 
-1.1246897148268742 -1.087044384334036 -1.1280617817745613 
-1.1165625166404545 -1.067341970966105 -1.1235732122958946 
1.7845376696914722E-5 -7.370527547881606E-5 -1.055142012401722 
1.784585538483666E-5 -6.950142702981758E-5 -0.9257532872242882 
-0.9845088561726366 -7.844041918814549E-5 -0.9781782338237347 
-1.076053543471431 -0.9188148769937694 -1.074629112765062 
-1.103185296529526 -1.0347357918764364 -1.100371865927882 
