1.5078043272384982 0.5758435652139947 
1.4157650011118388 0.7336816633429398 
1.5080532435768061 0.5038143321654641 
1.5080532435768061 0.5038143321654641 
1.386151220576337 0.7542706267696259 
2.0235999647900136 0.3701574132856057 
1.5080532435768061 0.5038143321654641 
1.4157650011118388 0.7336816633429398 
1.5078018261235098 0.605825939664478 
1.3669545983623526 0.9518435484386579 
2.0235999647900136 0.3701574132856057 
2.0235999645847103 0.3701589842038442 
1.5077910244649109 0.6078938767618289 
1.4157650011118388 0.7336816633429398 
1.5080532435768061 0.5038143321654641 
1.5080532435768061 0.5038143321654641 
2.0235955600233484 0.3778577858565892 
2.0235999647900136 0.3701574132856057 
2.023599976688723 0.36992136280168214 
2.0174098072619824 0.40237809493647303 
1.4157650011118388 0.7336816633429398 
1.416653734215587 0.6343497193706857 
-3.141592653589793 1.0954647615235318 
2.0235999647900136 0.3701574132856057 
1.5080532435768061 0.5038143321654641 
1.4157650011118388 0.7336816633429398 
2.023599976688723 0.36992136280168214 
1.3851674118195085 0.7888644631533992 
1.416539912844507 0.6464570424933871 
1.4157650011118388 0.7336816633429398 
1.4157650011118388 0.7336816633429398 
2.0235999647900136 0.3701574132856057 
2.0235999647900136 0.3701574132856057 
1.4158051289161184 0.6586995309896474 
1.386151220576337 0.7542706267696259 
1.4157650011118388 0.7336816633429398 
1.507803409628227 0.605518037181789 
2.0235999647900136 0.3701574132856057 
1.3851674118195085 0.7888644631533992 
1.4157650011118388 0.7336816633429398 
2.0235999647900136 0.3701574132856057 
1.416539912844507 0.6464570424933871 
1.3667307353682914 0.9587507587495065 
1.4157650011118388 0.7336816633429398 
1.5080532435768061 0.5038143321654641 
2.0234458912274573 0.38861937338812347 
1.3851674118195085 0.7888644631533992 
2.0235999647900136 0.3701574132856057 
2.0235999647900136 0.3701574132856057 
1.4157650011118388 0.7336816633429398 
1.5080532435768061 0.5038143321654641 
1.3851674118195085 0.7888644631533992 
1.5080532435768061 0.5038143321654641 
1.5080532435768061 0.5038143321654641 
1.5080532435768061 0.5038143321654641 
2.0235999647900136 0.3701574132856057 
1.4157650011118388 0.7336816633429398 
1.416539912844507 0.6464570424933871 
2.0235955600233484 0.3778577858565892 
1.416539912844507 0.6464570424933871 
2.0235999647900136 0.3701574132856057 
2.0235955600233484 0.3778577858565892 
1.5080532435768061 0.5038143321654641 
1.374044629255763 0.8133047117103085 
2.0235955600233484 0.3778577858565892 
2.0235955600233484 0.3778577858565892 
2.0235955600233484 0.3778577858565892 
2.0235955600233484 0.3778577858565892 
2.0235955600233484 0.3778577858565892 
1.5080532435768061 0.5038143321654641 
2.0235999645847103 0.3701589842038442 
1.3851674118195085 0.7888644631533992 
2.0235955600233484 0.3778577858565892 
1.5080532435768061 0.5038143321654641 
2.0235999647900136 0.3701574132856057 
1.4157650011118388 0.7336816633429398 
1.3788586486945944 0.8001354667877437 
2.023599976688723 0.36992136280168214 
1.5080532435768061 0.5038143321654641 
2.0235955600233484 0.3778577858565892 
2.0235955600233484 0.3778577858565892 
1.5080532435768061 0.5038143321654641 
1.5080532435768061 0.5038143321654641 
2.0235955600233484 0.3778577858565892 
1.5080532435768061 0.5038143321654641 
1.416539912844507 0.6464570424933871 
