1.5078043272384982 0.31428550675513056 4.990179774802326 
1.4157650011118388 0.7669958107230621 4.94071743147797 
1.5080532435768061 0.3135254197775746 4.990179774802326 
1.5080532435768061 0.3135254197775746 4.990179774802326 
1.386151220576337 0.9150821475093084 4.912767158201903 
2.0235999647900136 -2.187497140583973 4.496119915688577 
1.5080532435768061 0.3135254197775746 4.990179774802326 
1.4157650011118388 0.7669958107230621 4.94071743147797 
1.5078018261235098 0.3135254197775746 4.990179774802326 
1.3669545983623526 0.9924945627427233 4.904101491418627 
2.0235999647900136 -2.187497140583973 4.496119915688577 
2.0235999645847103 -2.187497140583973 4.496119915887683 
1.5077910244649109 0.3135254197775746 4.990179774802326 
1.4157650011118388 0.7669958107230621 4.94071743147797 
1.5080532435768061 0.3135254197775746 4.990179774802326 
1.5080532435768061 0.3135254197775746 4.990179774802326 
2.0235955600233484 -2.187497140583973 4.496128533561913 
2.0235999647900136 -2.187497140583973 4.496119915688577 
2.023599976688723 -2.187497140583973 4.496119929646738 
2.0174098072619824 -2.1595673379183338 4.509279220602703 
1.4157650011118388 0.7669958107230621 4.94071743147797 
1.416653734215587 0.7690686964263671 4.9406023542797675 
-3.141592653589793 -4.999999999986098 -8.634626072779359E-4 
2.0235999647900136 -2.187497140583973 4.496119915688577 
1.5080532435768061 0.3135254197775746 4.990179774802326 
1.4157650011118388 0.7669958107230621 4.94071743147797 
2.023599976688723 -2.187497140583973 4.496119929646738 
1.3851674118195085 0.9150821475093084 4.912767158201903 
1.416539912844507 0.7690686964263671 4.9401499631195644 
1.4157650011118388 0.7669958107230621 4.94071743147797 
1.4157650011118388 0.7669958107230621 4.94071743147797 
2.0235999647900136 -2.187497140583973 4.496119915688577 
2.0235999647900136 -2.187497140583973 4.496119915688577 
1.4158051289161184 0.7690686964263671 4.9401499631195644 
1.386151220576337 0.9150821475093084 4.912767158201903 
1.4157650011118388 0.7669958107230621 4.94071743147797 
1.507803409628227 0.3135254197775746 4.990179774802326 
2.0235999647900136 -2.187497140583973 4.496119915688577 
1.3851674118195085 0.9150821475093084 4.912767158201903 
1.4157650011118388 0.7669958107230621 4.94071743147797 
2.0235999647900136 -2.187497140583973 4.496119915688577 
1.416539912844507 0.7690686964263671 4.9401499631195644 
1.3667307353682914 0.9924945627427233 4.904101491418627 
1.4157650011118388 0.7669958107230621 4.94071743147797 
1.5080532435768061 0.3135254197775746 4.990179774802326 
2.0234458912274573 -2.1869711291000997 4.49645731397664 
1.3851674118195085 0.9150821475093084 4.912767158201903 
2.0235999647900136 -2.187497140583973 4.496119915688577 
2.0235999647900136 -2.187497140583973 4.496119915688577 
1.4157650011118388 0.7669958107230621 4.94071743147797 
1.5080532435768061 0.3135254197775746 4.990179774802326 
1.3851674118195085 0.9150821475093084 4.912767158201903 
1.5080532435768061 0.3135254197775746 4.990179774802326 
1.5080532435768061 0.3135254197775746 4.990179774802326 
1.5080532435768061 0.3135254197775746 4.990179774802326 
2.0235999647900136 -2.187497140583973 4.496119915688577 
1.4157650011118388 0.7669958107230621 4.94071743147797 
1.416539912844507 0.7690686964263671 4.9401499631195644 
2.0235955600233484 -2.187497140583973 4.496128533561913 
1.416539912844507 0.7690686964263671 4.9401499631195644 
2.0235999647900136 -2.187497140583973 4.496119915688577 
2.0235955600233484 -2.187497140583973 4.496128533561913 
1.5080532435768061 0.3135254197775746 4.990179774802326 
1.374044629255763 0.9924945627427233 4.904101491418627 
2.0235955600233484 -2.187497140583973 4.496128533561913 
2.0235955600233484 -2.187497140583973 4.496128533561913 
2.0235955600233484 -2.187497140583973 4.496128533561913 
2.0235955600233484 -2.187497140583973 4.496128533561913 
2.0235955600233484 -2.187497140583973 4.496128533561913 
1.5080532435768061 0.3135254197775746 4.990179774802326 
2.0235999645847103 -2.187497140583973 4.496119915887683 
1.3851674118195085 0.9150821475093084 4.912767158201903 
2.0235955600233484 -2.187497140583973 4.496128533561913 
1.5080532435768061 0.3135254197775746 4.990179774802326 
2.0235999647900136 -2.187497140583973 4.496119915688577 
1.4157650011118388 0.7669958107230621 4.94071743147797 
1.3788586486945944 0.9713959036420458 4.90799030030951 
2.023599976688723 -2.187497140583973 4.496119929646738 
1.5080532435768061 0.3135254197775746 4.990179774802326 
2.0235955600233484 -2.187497140583973 4.496128533561913 
2.0235955600233484 -2.187497140583973 4.496128533561913 
1.5080532435768061 0.3135254197775746 4.990179774802326 
1.5080532435768061 0.3135254197775746 4.990179774802326 
2.0235955600233484 -2.187497140583973 4.496128533561913 
1.5080532435768061 0.3135254197775746 4.990179774802326 
1.416539912844507 0.7690686964263671 4.9401499631195644 
