-18.020622976104185 -3.7783459566139945 
-18.85760919364612 -0.4164204663853541 
-18.19499477711659 -3.172241011254514 
-14.724959695446694 -11.179030826505471 
-18.71865040789438 -0.8416434833083483 
-16.794398779898437 -4.485145562105778 
-18.56218331618498 -1.433188047782152 
-16.236068063947904 -6.986650853995256 
-16.911913011540893 -4.133745941542653 
-15.206503936922164 -9.303316239858926 
-16.607963052706587 -5.302218893760768 
-16.453941394413402 -6.021813751779886 
-16.98503327287157 -3.9463648083508076 
-15.236904123667077 -9.195142392220125 
-18.216582127497873 -3.0717955664247145 
-16.337739691550958 -6.531012324163103 
-18.2545020906256 -2.8935657681804594 
-18.1691325435348 -3.2861004926234822 
-16.172777757363242 -7.115240343515133 
-18.38729616840106 -2.2380797109368746 
-14.818556549412719 -10.892333792711039 
-16.111541913095714 -7.377346205866784 
-16.657504815584318 -5.051985645088991 
-18.36687421248695 -2.336761904764543 
-16.062302488158984 -7.510883700017267 
-16.25548815755384 -6.890884774561422 
-14.5615978209143 -11.524206309522786 
-16.156527478262277 -7.262178859662214 
-14.748243277750346 -11.097173210625222 
-14.98881101844362 -10.259216659537504 
-18.234039757670203 -2.989819778199139 
-15.641273339029077 -7.748896589192505 
-15.154983743641067 -9.562550903060579 
-18.530850489886078 -1.5632131323931087 
-19.018755747067075 -0.0940713723303694 
-15.987767662105627 -7.652071837795409 
-17.949789826417792 -3.8736574898859635 
-16.513177598126184 -5.767518185142777 
-15.525891713673174 -8.081796828287034 
-16.380250024558038 -6.389262572040894 
-16.738197957944458 -4.694485112815531 
-18.946172079493582 -0.22186267503365986 
-15.291810827527279 -8.967044231049499 
-15.5474002165511 -7.962663384649298 
-16.764412552659763 -4.5947050330832715 
-18.787568474126186 -0.6274033046558866 
-16.269223527039944 -6.770657572688995 
-16.560488644038788 -5.530421482735951 
-15.182297511866505 -9.43741862111694 
-14.902712187751948 -10.592155180258047 
-16.397050308617075 -6.275807881343022 
-15.315392268631351 -8.844119395607741 
-16.954671357370522 -4.028798960863777 
-14.655688553244488 -11.257402692308496 
-16.861565921042256 -4.256332210767598 
-15.094108123145896 -9.819921265768656 
-18.689622190666547 -0.9410765389772768 
-16.320778134648666 -6.646717504723014 
-16.817313275279595 -4.342405734586096 
-18.142577805301265 -3.3976716998366454 
-14.918821550189042 -10.471913053388107 
-15.003771646979402 -10.167940464647934 
-15.349315274665692 -8.717801138085646 
-18.902625216555265 -0.3087369052904166 
-19.996156023628906 0.007645160746553686 
-18.32511751944004 -2.5470061394291212 
-18.073324657860606 -3.646496766547652 
-18.109314701211936 -3.523061521036271 
-15.502194887990798 -8.171534406938292 
-18.749546296653897 -0.7393746987689663 
-16.53822386531133 -5.6459091461617525 
-16.685430869817502 -4.92523395539706 
-15.392074186824809 -8.5532454203824 
-15.4612321672011 -8.292702523195839 
-15.069310060587188 -9.927140370131578 
-15.12572020240868 -9.686159728635236 
-18.622017687598102 -1.1776657662531869 
-17.042470097126596 -3.881637529294545 
-18.592445840280003 -1.3077947460648491 
-14.86749522947397 -10.715378547617 
-16.432777791171088 -6.144268615235658 
-19.082370359552268 0.0032883987617031187 
-16.70845999556981 -4.818991313279057 
-14.46227997982285 -11.616854659572084 
-15.897069951009318 -7.748802579484004 
-15.427936671290706 -8.42050472564261 
-16.582718941910425 -5.427013956345736 
-18.819407888568076 -0.5367796192110645 
-15.038142641365514 -10.057019741479595 
-18.6566376785127 -1.050326726854307 
-16.486601631589238 -5.892652987001443 
-16.632717707984597 -5.181213846299531 
-14.614369840923299 -11.396004661495123 
-18.283471964433495 -2.7481999784872344 
-18.440421439492123 -1.9571072714706548 
-14.959285325556952 -10.359755230737765 
-15.265433404615482 -9.093910983318604 
-18.50591239281993 -1.678267601834847 
-18.415739893872903 -2.099124540149613 
-18.47099748519326 -1.8234410764717577 
