-0.0010832640755993883 -4.200085636416684E-5 -1.1014936966716986 
-0.604391824232948 0.0013168900110578894 -0.0013740195198531223 
-3.448854422781337E-5 -1.772311022522064E-6 -0.9952654505217131 
-1.0971690344741085 -1.0620868683624356 -1.1080461788220364 
-2.0290682950992297E-4 -1.2704190302691891E-5 -0.6853700109483885 
-0.7071837392229683 -1.4019972973194593E-4 -1.0454032562272355 
-2.7791728070181154E-4 7.362966801208008E-6 -0.7758246940130433 
-1.0378296886984533 -3.1734517646214185E-4 -1.0471453780362405 
-1.0693633024012654 1.2626711175387019E-5 -0.6179613076731469 
-1.095096583513041 -0.8199075377644605 -1.100147738023155 
-0.9031084702859229 7.368828977151671E-6 -0.9555288361786212 
-1.0210520762359028 -1.3879295129194333E-4 -0.9310254045557469 
-0.5813757102829444 -1.4064803628241267E-4 -1.0642765239273457 
-1.0874289820656047 -0.8450459316640703 -1.043819311267814 
-1.0635199434512662E-4 -4.200085636416684E-5 -0.9820146885604103 
-0.9679804925026976 -1.4128938187587842E-4 -1.0549428400559249 
-1.127662134997598E-5 -1.2704190302691891E-5 -0.9591110885898764 
-3.5965464668442E-5 3.859581986446017E-5 -1.011047248747988 
-1.1114022481710788 7.362966801208008E-6 -1.0131091218798525 
-2.0177805894239307E-4 3.230015992956598E-5 -0.8790908357527086 
-1.095096583513041 -1.0170954178565152 -1.1078887639172943 
-1.0912166756446005 -0.007224230626861916 -1.0707197394215329 
-0.849607717398127 0.0013237752363899232 -0.9799540294662281 
-3.24019573457439E-4 3.2726778269494183E-6 -0.891136390797161 
-1.1140796755562672 -9.003538648585897E-5 -1.0785554896156357 
-1.0108056358926802 -6.365811940050276E-4 -1.0623436709891663 
-1.1186487120159094 -1.120632942507875 -1.1280044502254047 
-1.0690792251131083 0.0011469799615761202 -1.065001646533453 
-1.0910410552829408 -1.0631266995330217 -1.0901668053198366 
-1.084204093243464 -0.9543139694435766 -1.0782521628457955 
-1.075805129581958E-4 -3.474668863027506E-5 -0.9714044096094602 
-1.0822682273480717 -0.5595095259304474 -1.1064513551527633 
-1.0720039894481224 -0.8749202124539668 -1.0805004000283454 
-0.7937437858561185 3.25855955793742E-5 -6.27423908443947E-4 
-3.171731942381395E-4 -2.9595708360446245E-5 -0.5160403744912322 
-1.1120225195959081 0.005291298961262951 -1.127047406342075 
-1.1470318221716804 -5.313646917548781E-6 1.3201129753300374E-4 
-0.9600214463363697 2.721189887698106E-5 -0.9557151709094491 
-1.0955514702439118 -0.6237685586362383 -1.1080461788220364 
-1.0008577798420955 1.27800361380994E-5 -0.9957028609639594 
-0.7384087027586103 -2.6063266317274654E-5 -1.0467323486407873 
-2.748893297353044E-5 0.0013712428224275782 -0.5552624376518354 
-1.0458844365432167 -0.8371843115210288 -1.052003381857354 
-1.0742648994427657 -0.6052876109170369 -1.134049715962678 
-0.7261177690175445 1.0153271405827639E-4 -1.0436624464458106 
-3.448854422781337E-5 3.506107903090993E-7 -0.6461959696327768 
-1.0864929638149188 -2.944058986216788E-4 -0.9786591243052877 
-0.9094328727959857 -2.3881270432284053E-5 -0.9779278784741458 
-1.0743317968601982 -0.8788156015536033 -1.0484552481713008 
-1.0839358997123916 -0.9966606293474339 -1.0797149030912685 
-1.0378296886984533 -3.1734517646214185E-4 -0.9488740014830114 
-1.0912961609584684 -0.7565339453860588 -1.1070576817317095 
-1.0730161618413565 -1.4128938187587842E-4 -0.5905087801418634 
-1.0910410552829408 -1.1128661586604602 -1.0797149030912685 
-1.0957696541471968 -0.005377486615084042 -0.6223500412490623 
-1.0839358997123916 -0.9008656402005575 -1.077988295953723 
-1.9842697811923792E-4 1.0299856741525777E-5 -0.7020495078720448 
-1.021934332197291 -3.057375157645314E-4 -1.0110040027976332 
-1.127819461291693 1.42190462480492E-4 -0.618384747557657 
-8.52578139750107E-6 3.812699420742094E-5 -1.0273434161407586 
-1.0406952737252064 -0.9977510788725797 -1.1059151873756712 
-1.0690792251131083 -0.9718279907478224 -1.0483982940552343 
-1.0819207931604176 -0.7441020002420073 -1.1066249361522553 
-0.5790601130040913 0.0013116550875496885 -0.0013740195198531223 
-5.387493638960815E-4 -4.907108463281067E-6 -0.001383428169999923 
-3.448854422781337E-5 1.50783624724468E-5 -0.9164944908137029 
-2.031428769924683E-4 1.0299856741525777E-5 -1.069846656477807 
-2.8789936211992475E-4 2.4332701858008815E-5 -1.047502378414399 
-1.0971690344741085 -0.6637609276846983 -1.0770988085742232 
-1.0676891592986681E-4 -3.2442590693224256E-4 -0.667525823281533 
-0.9448704479688443 2.721189887698106E-5 -0.9557151709094491 
-0.9806296944296016 -2.9568786837838048E-5 -0.8324317745884162 
-1.081647275521122 -0.7191592777696603 -1.1067893862296678 
-1.0971690344741085 -0.6637609276846983 -1.1080461788220364 
-1.0715438788435232 -0.9201876121950995 -1.0792656894611505 
-1.062213722847976 -0.8970492176635689 -1.078810130867437 
-1.5001011185710833E-5 0.0014187014584945848 -0.739683437479906 
-0.5088284347272829 2.0580981976875133E-4 -1.1094351290082647 
-2.786656382835772E-4 -3.265306604147774E-5 -0.7581818176030166 
-1.0839358997123916 -1.0149578691552372 -1.077988295953723 
-0.9831729314272287 0.0013885332919510826 -0.9813681441698511 
-2.7733133101169897E-4 -1.9742221046666894E-5 -0.4809433016762922 
-1.000823668928986 -6.355532743488831E-4 -0.7993757597985021 
-1.1379634604016533 -1.150565500172792 -1.145583715043028 
-1.1493688635807262 -1.4128938187587842E-4 -1.1466061118713013 
-1.081647275521122 -0.6977500424007448 -1.1067893862296678 
-0.9233806716830646 1.403351441692847E-4 -0.9503672012138403 
-3.448854422781337E-5 3.506107903090993E-7 -0.6281126832052742 
-1.0715438788435232 -0.9369213431885695 -1.077717713705221 
-0.720055477399143 1.4500187159020243E-5 0.0010718808118883594 
-0.9803624308052094 8.32483121917249E-5 -0.95152160007742 
-0.9125972712753956 -1.3879295129194333E-4 -0.9310254045557469 
-1.0908438262747462 -1.1139010537843705 -1.118025277138921 
-3.24019573457439E-4 3.7120406098051044E-6 -0.9412233038899914 
-0.8455138512314404 0.001311363782958232 -0.0013740195198531223 
-1.084214974571125 -0.9527414629201125 -1.1071807614925229 
-1.062213722847976 -0.8243144471918749 -1.077787061309483 
-2.7791728070181154E-4 7.362966801208008E-6 -0.8087911492122609 
-2.7791728070181154E-4 7.362966801208008E-6 -0.8620763871900285 
-0.8280614342365641 5.1630622540749954E-5 -0.0013740195198531223 
