0.4229959879029659 7.549979250443986 
0.8002672644831764 1.267716476104777 
0.5677573619488985 3.3369749452339503 
0.6559998909292346 1.6736534873235778 
0.5478259652899262 3.7788409509983008 
0.6131745210992358 2.4162097582046744 
0.8145079463899959 1.2455519936534318 
0.5817369101369639 3.0341675725876884 
0.6372456006504919 1.9857529542693664 
0.7169934372450547 1.3947129053821716 
0.8982073383787255 1.1294853127161348 
0.644897077775146 1.8588463100563697 
0.6316606881488839 2.0823519780139352 
0.814336540803556 1.2458141636030977 
0.6845343107121686 1.4608471545562567 
0.4125673155729405 7.9784499049975155 
0.7148459377854485 1.3989028224710103 
0.5481043366668736 3.77138792216454 
0.6054769610072263 2.5617432262067767 
0.6316606881488839 2.0823519780139352 
0.6151962617918814 2.3801728566103706 
0.5535182592575825 3.650149048438335 
0.43844170309074 6.967303939738611 
0.45048899871238196 6.5512660652023476 
0.4566446919965805 6.329979069585056 
0.5983754980009873 2.699903332459285 
0.5205600559320488 4.447750621024419 
0.6372456006504919 1.9857529542693664 
0.5677573619488985 3.3369749452339503 
0.6503256221314682 1.7644716318413474 
0.5221647964838783 4.406340185533542 
0.5278949910551711 4.263359322501858 
0.644897077775146 1.8588463100563697 
0.44756994433854175 6.64038677664923 
0.39080208383232967 8.91198819835274 
0.666688514954157 1.4999508429641422 
0.5034206415984439 4.908911000643363 
0.4785078909865156 5.629895876511227 
0.666688514954157 1.4999508429641422 
0.49392286183903455 5.172806403443235 
0.4165765657588838 7.803658009496521 
0.666688514954157 1.4999508429641422 
0.4566446919965805 6.329979069585056 
0.5355531022779566 4.0709259192564495 
0.5780510939373518 3.116124326026575 
0.5355531022779566 4.0709259192564495 
0.6559998909292346 1.6736534873235778 
0.5205600559320488 4.447750621024419 
0.3954243040712653 8.7025867705463 
0.434015104404034 7.128537215648479 
0.48769640291856514 5.353386617224024 
0.4165765657588838 7.803658009496521 
0.533870628524156 4.113465004159013 
0.48770145342077215 5.353331179023594 
0.43844170309074 6.967303939738611 
0.4756799072350752 5.717679522098328 
0.5811816496380658 3.046360617056264 
0.46950769036097234 5.90986444632845 
0.5811816496380658 3.046360617056264 
0.44756994433854175 6.64038677664923 
0.49493458259422746 5.14336559349582 
0.39080208383232967 8.91198819835274 
0.5590466684986529 3.521871686976518 
0.4620006695142896 6.151652460802206 
0.425961870433503 7.436923343922851 
0.6372456006504919 1.9857529542693664 
0.5711357573173049 3.257456221535053 
0.4756799072350752 5.717679522098328 
0.40231379146543306 8.399453794478056 
0.48870667056761996 5.325329022363724 
0.5034206415984439 4.908911000643363 
0.5535182592575825 3.650149048438335 
0.5590466684986529 3.521871686976518 
0.6271606073144725 2.1630662667780034 
0.6131745210992358 2.4162097582046744 
0.40763082800996997 8.175758760328526 
0.5878036019171363 2.911426967356026 
0.6559998909292346 1.6736534873235778 
0.6151962617918814 2.3801728566103706 
0.5275112153650486 4.2736638981311765 
0.5875683029502178 2.9163912457827186 
0.5711357573173049 3.257456221535053 
0.5148497673160587 4.596861461742617 
0.4048668233358061 8.290255794712301 
0.5148497673160587 4.596861461742617 
0.6271606073144725 2.1630662667780034 
0.4254955830396261 7.45210909704549 
0.5355531022779566 4.0709259192564495 
0.6054769610072263 2.5617432262067767 
0.49493458259422746 5.14336559349582 
0.44422943892064465 6.75786120562273 
0.46950769036097234 5.90986444632845 
0.5986273432681847 2.6940001305765984 
0.5110567027651022 4.697642528679192 
0.48121090113922305 5.550606924521729 
0.509108629113255 4.750375782225532 
0.5478259652899262 3.7788409509983008 
0.4620006695142896 6.151652460802206 
