0.4229959879029659 2.193610931688448 
0.8002672644831764 0.01451199647262183 
0.5677573619488985 0.8945920917955976 
0.6559998909292346 0.09791650513760009 
0.5478259652899262 1.070147191657747 
0.6131745210992358 0.4815582613624513 
0.8145079463899959 0.01451199647262183 
0.5817369101369639 0.7650872685149341 
0.6372456006504919 0.26541233408687115 
0.7169934372450547 0.0 
0.8982073383787255 0.01451199647262183 
0.644897077775146 0.198764553388466 
0.6316606881488839 0.3153398834004717 
0.814336540803556 0.01451199647262183 
0.6845343107121686 0.0 
0.4125673155729405 2.291647659738007 
0.7148459377854485 0.0 
0.5481043366668736 1.0671140753914539 
0.6054769610072263 0.5510765034845266 
0.6316606881488839 0.3153398834004717 
0.6151962617918814 0.46427344380520363 
0.5535182592575825 1.0204241473223084 
0.43844170309074 2.054756605289819 
0.45048899871238196 1.9512732900114118 
0.4566446919965805 1.8905513425754688 
0.5983754980009873 0.61555600111485 
0.5205600559320488 1.315321312052276 
0.6372456006504919 0.26541233408687115 
0.5677573619488985 0.8945920917955976 
0.6503256221314682 0.1474811117105511 
0.5221647964838783 1.3008357262178563 
0.5278949910551711 1.2506060314170984 
0.644897077775146 0.198764553388466 
0.44756994433854175 1.9720375400112844 
0.39080208383232967 2.48282355900538 
0.666688514954157 0.0 
0.5034206415984439 1.4712471254935413 
0.4785078909865156 1.6939496023430676 
0.666688514954157 0.0 
0.49392286183903455 1.554967342527966 
0.4165765657588838 2.2508210539528677 
0.666688514954157 0.0 
0.4566446919965805 1.8905513425754688 
0.5355531022779566 1.1801970052015338 
0.5780510939373518 0.8012790755044549 
0.5355531022779566 1.1801970052015338 
0.6559998909292346 0.09791650513760009 
0.5205600559320488 1.315321312052276 
0.3954243040712653 2.441214317363071 
0.434015104404034 2.0938928238977166 
0.48769640291856514 1.6108273966525424 
0.4165765657588838 2.2508210539528677 
0.533870628524156 1.1960581471824923 
0.48770145342077215 1.6108273966525424 
0.43844170309074 2.054756605289819 
0.4756799072350752 1.7197852646716214 
0.5811816496380658 0.7704888888131955 
0.46950769036097234 1.7747268065420974 
0.5811816496380658 0.7704888888131955 
0.44756994433854175 1.9720375400112844 
0.49493458259422746 1.5456295031463647 
0.39080208383232967 2.48282355900538 
0.5590466684986529 0.9688906334839529 
0.4620006695142896 1.8420675555098465 
0.425961870433503 2.167845777847959 
0.6372456006504919 0.26541233408687115 
0.5711357573173049 0.8604497260143892 
0.4756799072350752 1.7197852646716214 
0.40231379146543306 2.3792161022951848 
0.48870667056761996 1.6025238161964939 
0.5034206415984439 1.4712471254935413 
0.5535182592575825 1.0204241473223084 
0.5590466684986529 0.9688906334839529 
0.6271606073144725 0.3565899535339414 
0.6131745210992358 0.4815582613624513 
0.40763082800996997 2.3326913130824822 
0.5878036019171363 0.7113472581305569 
0.6559998909292346 0.09791650513760009 
0.6151962617918814 0.46427344380520363 
0.5275112153650486 1.2544056369649081 
0.5875683029502178 0.7135790550234233 
0.5711357573173049 0.8604497260143892 
0.5148497673160587 1.3666930539623436 
0.4048668233358061 2.356449528246428 
0.5148497673160587 1.3666930539623436 
0.6271606073144725 0.3565899535339414 
0.4254955830396261 2.1708395051222724 
0.5355531022779566 1.1801970052015338 
0.6054769610072263 0.5510765034845266 
0.49493458259422746 1.5456295031463647 
0.44422943892064465 2.0020408916773764 
0.46950769036097234 1.7747268065420974 
0.5986273432681847 0.6127021409312117 
0.5110567027651022 1.400761701475905 
0.48121090113922305 1.6710125600187125 
0.509108629113255 1.4184573022616473 
0.5478259652899262 1.070147191657747 
0.4620006695142896 1.8420675555098465 
