-14.43320174405712 -11.627160770150686 
-19.998641235247526 0.002608835316364467 
-14.43320174405712 -11.627160770150686 
-19.998641235247526 0.002608835316364467 
-19.08024630969649 0.0010794302823092456 
-17.943287135676066 -3.8736626890754895 
-17.041665747909317 -3.8763748911533544 
-18.64022682384756 -1.1195900587316583 
-15.635365083630244 -7.76140467094241 
-18.142761988809475 -3.336942871084109 
-16.466232491729276 -5.986491399117296 
-15.881863224733967 -7.7500985279552275 
-14.843055406522806 -10.691306896229305 
-16.410843367872793 -6.248575685448141 
-16.872583491566676 -4.2355158967661595 
-18.250881447880964 -2.9052864456503293 
-15.071035797449731 -9.916477385844527 
-14.924963700251414 -10.505600379381502 
-16.352438068086173 -6.5041161420134035 
-18.486476013668852 -1.6921415101924493 
-18.278175567379247 -2.709634234528515 
-16.171489281761655 -7.209923059359044 
-16.82012633583397 -4.285266224197466 
-18.005646738144073 -3.811688074665477 
-15.527182642198703 -8.092166769781118 
-16.947831876698096 -4.051208476282341 
-15.454652013632742 -8.346196793195526 
-18.098747406519646 -3.534730210339872 
-18.201727645220025 -3.1394389484252367 
-14.814010816422474 -10.796072677662838 
-16.56589570173982 -5.4373999267892845 
-18.78626816567361 -0.6051117321145787 
-16.73500305125029 -4.693803338462084 
-15.155584114973575 -9.544381322058337 
-15.007986953709107 -10.160292677218465 
-18.549542407948046 -1.4568535345592328 
-16.518670870769412 -5.697764639696892 
-14.694033981161525 -11.260077898029348 
-15.326162658718346 -8.810138992641981 
-15.358008253633233 -8.714941198014364 
-16.057550537024603 -7.531288002087763 
-14.939983957980592 -10.41618149389162 
-18.986346349861435 -0.15114098296467668 
-16.376062207337164 -6.302773509354585 
-14.554113441582139 -11.527071265369592 
-18.827226590143376 -0.5120631436378105 
-18.513679912002154 -1.5160933566603014 
-18.453587196776972 -1.9198446050215243 
-18.408439538395427 -2.1309931783706313 
-14.959034664766314 -10.192789947337666 
-16.627818029411316 -5.20433688907671 
-14.717776141614548 -11.128739515353187 
-14.770332026020967 -10.962514076151917 
-16.470179335975793 -5.807753711844182 
-18.91599854102655 -0.293901805121381 
-18.335892207611717 -2.491298055135582 
-18.686598046465196 -0.9499380119943759 
-18.317402806605692 -2.579941029230774 
-16.686260717342932 -4.9162009585799655 
-18.217082285512515 -3.06651614298104 
-14.572672297590803 -11.509405536652395 
-16.259709715055557 -6.841794844004751 
-18.06317344123265 -3.6754432382768485 
-16.784352674861854 -4.51215520711765 
-16.12096647587006 -7.348124265433761 
-16.71395469209469 -4.7804207511650985 
-15.959964179230282 -7.686560914079223 
-15.293419285603854 -8.970744519557691 
-15.39902757105668 -8.528270273620219 
-18.73403423081991 -0.7735601603025609 
-16.21333151132294 -7.066678408914617 
-16.311978957748988 -6.67196920787913 
-16.593091773089537 -5.32236352656012 
-15.088202921356675 -9.847131614204905 
-15.450575516713512 -8.361089055319528 
-18.454894741753343 -1.866252720996505 
-15.208271606991538 -9.321729915946968 
-15.240912948136486 -9.18974157673986 
-18.741189823716493 -0.7506150442616552 
-14.758101311763255 -11.035305489665674 
-15.115916229645038 -9.711547245035176 
-15.391683606218312 -8.557242103524402 
-18.400472659124297 -2.16934194958689 
-15.555164659843946 -8.00213902956139 
-15.557976087548496 -7.843502424005791 
-16.259709715055557 -6.841794844004751 
-18.674586975811224 -0.9907644927858684 
-16.650813068136245 -5.083737748192833 
-16.784352674861854 -4.51215520711765 
-14.639081969810327 -11.36784736544572 
-18.867817340121015 -0.40273954965895303 
-18.959634898620322 -0.1842523140262442 
-16.31435221156675 -6.650009261868897 
-15.277838131734805 -9.028628687052592 
-18.549542407948046 -1.4568535345592328 
-14.639081969810327 -11.36784736544572 
-15.602642440287223 -7.8317023276105235 
-16.121540732723478 -7.337523845725597 
-15.208271606991538 -9.321729915946968 
-16.664974026380328 -5.01608047085198 
