-1.153662750193118 -1.1538983459502357 -1.151719058394932 
-4.311143882405442E-5 -3.3049046690538254E-4 -1.0281844319287581E-4 
-1.153662750193118 -1.1538983459502357 -1.151719058394932 
-4.311143882405442E-5 -3.3049046690538254E-4 -1.0281844319287581E-4 
-4.410778148630622E-5 -3.6397194008668156E-4 -0.4820149924810694 
-4.311143882405442E-5 -3.3049046690538254E-4 -1.150869928888986 
-0.4878604904094944 -3.810485290973979E-4 -1.133689588951638 
-4.402362918534465E-5 -3.3049046690538254E-4 -0.7303953610692188 
-1.1138224402843313 -0.5535422766014966 -1.0851891510410514 
-1.0207704241747577 -4.147706927933197E-4 -0.005289165023301401 
-0.9549116006640659 -4.761950634564485E-4 -0.9893525274896816 
-1.1534600217665325 -2.6817779106907253E-4 -1.1520849412420406 
-1.1529584950504521 -0.9868245602391862 -1.0821445117425939 
-0.988547038053659 -4.761950634564485E-4 -0.9893525274896816 
-0.6273220091124203 0.003103308254419679 -1.0834890092084997 
-3.4094023783347446E-5 -4.050219515598126E-4 -0.9608326204834461 
-1.0728272142145638 -0.9138149920705904 -1.0873144749675883 
-1.072488436504177 -0.9868245602391862 -1.0889428845296885 
-1.0242609560904317 -3.8378795601130963E-4 -0.9893525274896816 
-9.245470288530368E-5 -0.006550681476454379 -0.8128211393648526 
-0.005344820232385276 -3.3412692069215665E-4 -0.9383509120873049 
-1.0749203709032082 -3.835565156136697E-4 -1.0499357289339877 
-0.8056566093736124 -2.69556533659986E-4 -0.9266361710106021 
2.9563651670804517E-4 -3.3022005825707017E-4 -1.1116361588973043 
-1.0745073957926503 -0.6637795038778753 -1.0808516779140043 
-1.0810175533282962 -3.621437221233675E-4 -0.5870987143467259 
-1.0745073957926503 -0.707398723400789 -1.0808516779140043 
0.0027154847783271707 -3.463144209092262E-4 -1.051000305277058 
5.964221145032637E-6 1.8929417353100479E-4 -0.9909704415370642 
-1.0751674275768017 -1.0053938042658936 -1.152959817777674 
-1.0462506779026577 1.8922315380174876E-4 -0.8397430747597234 
0.0027154847783271707 -3.463144209092262E-4 -0.6438612259392542 
-0.9974403015239943 0.0037285962878620587 -0.7870543727140897 
-1.094823239940231 -0.8604545627390047 -1.0803693109382773 
-1.07828623673049 -0.9633542108409785 -1.050814965984403 
0.0027154847783271707 -3.463144209092262E-4 -0.780336577619041 
-1.0242609560904317 2.080285536395824E-4 -0.8890625456951323 
-1.1259171542679516 -1.0642815002396206 -1.1041920598572414 
-1.1064937051343053 -0.7583075166601088 -1.0808516779140043 
-1.072726469542129 -0.7643241395434682 -1.080840975466911 
-1.0924419908613132 0.0018547846252917055 -1.1030915073748087 
-1.076819162842773 -0.9976641767306544 -1.050814965984403 
-4.311143882405442E-5 -3.320045218657482E-4 -0.5340210660542174 
-1.0609815437432437 0.011604369697076178 -0.9387464920153914 
-1.1405245486894162 -1.101021043893309 -1.151719058394932 
-4.311143882405442E-5 -3.354028705461499E-4 -0.6233379332356075 
0.009970698688214652 0.00394137501210956 -0.7919804011281326 
-3.6751153958782945E-5 1.8922315380174876E-4 -0.8397430747597234 
2.599080976617725E-4 -3.749054251932319E-4 -0.8662033616059391 
-1.104099522407878 -0.9138149920705904 -1.152765424551669 
-0.9124515843251573 -3.760682328464893E-4 -0.9341237049742991 
-1.0731592417548301 -1.087457957840745 -1.0889428845296885 
-1.072488436504177 -1.0731565737144182 -1.0678392063033688 
-1.0482599479013421 0.03978732610308518 -0.893109353535187 
-4.311143882405442E-5 -3.299658752769538E-4 -0.5733159086165589 
-3.283892764350439E-5 1.8929417353100479E-4 -0.9098422100686779 
-4.311143882405442E-5 -3.354028705461499E-4 -0.7036292039067709 
2.164152382078243E-4 -2.69556533659986E-4 -0.9207596266674832 
-0.8697524040271805 -6.528101043097746E-4 -0.9419739628568571 
-3.286804335905029E-5 -3.3049046690538254E-4 -0.9814452908744609 
-1.1286850503912047 -1.101021043893309 -1.145842514051813 
-0.9974403015239943 0.0037285962878620587 -1.0732538539133218 
-4.410778148630622E-5 -3.6397194008668156E-4 -1.0759347067633658 
-1.0221897671705236 -4.147706927933197E-4 -0.7347914475439667 
-1.0728272142145638 0.010076496154839354 -1.083199808817581 
-0.8347640737904047 -0.0029085016923100443 -0.9609049313784012 
-1.1116209316332872 -3.3049046690538254E-4 -1.1449236845393187 
-1.072488436504177 -0.7948543188545619 -1.0889428845296885 
-1.037357431896499 -0.7764410806584116 -1.0657033508366267 
-4.373289693794027E-5 0.0019723891558125887 -0.6745278304528771 
-1.0612631537369879 -2.501686773226744E-4 -1.0377488022473735 
-0.9974403015239943 -3.8378795601130963E-4 -1.0409796399660203 
-0.8318293515880573 -2.501686773226744E-4 -1.0377488022473735 
-1.072726469542129 -0.9088909632766947 -1.080840975466911 
-1.0745073957926503 -0.709799572963115 -1.0808516779140043 
8.355392760295288E-4 0.0037192247598976853 -0.8346847216318352 
-1.094823239940231 -0.8416763200995687 -1.0657033508366267 
-1.0731592417548301 -0.8231050908385104 -1.0889428845296885 
-4.373289693794027E-5 0.0019723891558125887 -0.6704349531330893 
-1.06529408022861 -1.0642815002396206 -1.1041920598572414 
-1.0994475470522147 -0.8856404163720393 -1.0688356857964063 
-1.0617876954303267 -0.7361563942038867 -1.1041920598572414 
2.599080976617725E-4 -3.978291959314503E-4 -0.870919877906524 
-1.0795025686961666 -0.642232697871432 -1.0808922616935557 
-1.1611756038374161 -0.5616772649567832 -1.0851891510410514 
-0.9974403015239943 0.0037285962878620587 -1.0732538539133218 
2.9563651670804517E-4 -3.3022005825707017E-4 -0.7104259240586681 
-0.9953200815185392 -3.235792882980978E-4 -0.8386394481192543 
-1.0221897671705236 -4.147706927933197E-4 -0.7347914475439667 
-1.1029642200109486 -1.1027331761468715 -1.1044451058252587 
-1.6956814125537387E-4 -7.307487807673766E-4 -0.5999357447465351 
0.0027154847783271707 -3.463144209092262E-4 -0.5462243862837292 
-0.9959732276362774 -0.004386659746036414 -1.0409796399660203 
-1.094823239940231 -0.8040179778816768 -1.0657033508366267 
0.0027154847783271707 -3.463144209092262E-4 -0.780336577619041 
-1.1029642200109486 -1.1027331761468715 -1.1044451058252587 
-1.1257336589135958 -0.5649545328741516 -1.0851891510410514 
-1.0747043442411255 -0.014882172600779897 -1.0808516779140043 
-1.094823239940231 -0.8416763200995687 -1.0657033508366267 
-0.9953200815185392 7.50738395070838E-4 -0.8302724725256532 
