1.5190201288799146 0.5358293413562589 
-3.139374653039412 1.0233638821787177 
1.5190201288799146 0.5358293413562589 
1.5190201288799146 0.5358293413562589 
-3.139374653039412 1.0233638821787177 
-3.139374653039412 1.0233638821787177 
-3.139374653039412 1.0233638821787177 
-3.139374653039412 1.0233638821787177 
-3.139374653039412 1.0233638821787177 
-3.139374653039412 1.0233638821787177 
-3.139374653039412 1.0233638821787177 
-3.139374653039412 1.0233638821787177 
-3.139374653039412 1.0233638821787177 
-3.139374653039412 1.0233638821787177 
-3.139374653039412 1.0233638821787177 
-3.139374653039412 1.0233638821787177 
-3.139374653039412 1.0233638821787177 
-3.139374653039412 1.0233638821787177 
-3.139374653039412 1.0233638821787177 
-3.139374653039412 1.0233638821787177 
-3.139374653039412 1.0233638821787177 
1.5190201288799146 0.5358293413562589 
-3.139374653039412 1.0233638821787177 
1.5190201288799146 0.5358293413562589 
-3.139374653039412 1.0233638821787177 
-3.139374653039412 1.0233638821787177 
-3.139374653039412 1.0233638821787177 
-3.139374653039412 1.0233638821787177 
-3.139374653039412 1.0233638821787177 
-3.139374653039412 1.0233638821787177 
-3.139374653039412 1.0233638821787177 
-3.139374653039412 1.0233638821787177 
-3.139374653039412 1.0233638821787177 
-3.139374653039412 1.0233638821787177 
-3.139374653039412 1.0233638821787177 
-3.139374653039412 1.0233638821787177 
-3.139374653039412 1.0233638821787177 
-3.139374653039412 1.0233638821787177 
-3.139374653039412 1.0233638821787177 
-3.139374653039412 1.0233638821787177 
-3.139374653039412 1.0233638821787177 
-3.139374653039412 1.0233638821787177 
-3.139374653039412 1.0233638821787177 
-3.139374653039412 1.0233638821787177 
-3.139374653039412 1.0233638821787177 
-3.139374653039412 1.0233638821787177 
-3.139374653039412 1.0233638821787177 
-3.139374653039412 1.0233638821787177 
-3.139374653039412 1.0233638821787177 
-3.139374653039412 1.0233638821787177 
-3.139374653039412 1.0233638821787177 
-3.139374653039412 1.0233638821787177 
-3.139374653039412 1.0233638821787177 
-3.139374653039412 1.0233638821787177 
-3.139374653039412 1.0233638821787177 
-3.139374653039412 1.0233638821787177 
-3.139374653039412 1.0233638821787177 
-3.139374653039412 1.0233638821787177 
-3.139374653039412 1.0233638821787177 
-3.139374653039412 1.0233638821787177 
-3.139374653039412 1.0233638821787177 
-3.139374653039412 1.0233638821787177 
-3.139374653039412 1.0233638821787177 
-3.139374653039412 1.0233638821787177 
