1.5190201288799146 0.2587958237295024 4.993464104580824 
-3.139374653039412 -4.999988470256674 -0.011092858187782096 
1.5190201288799146 0.2587958237295024 4.993464104580824 
1.5190201288799146 0.2587958237295024 4.993464104580824 
-3.139374653039412 -4.999988470256674 -0.011092858187782096 
-3.139374653039412 -4.999988470256674 -0.011092858187782096 
-3.139374653039412 -4.999988470256674 -0.011092858187782096 
-3.139374653039412 -4.999988470256674 -0.011092858187782096 
-3.139374653039412 -4.999988470256674 -0.011092858187782096 
-3.139374653039412 -4.999988470256674 -0.011092858187782096 
-3.139374653039412 -4.999988470256674 -0.011092858187782096 
-3.139374653039412 -4.999988470256674 -0.011092858187782096 
-3.139374653039412 -4.999988470256674 -0.011092858187782096 
-3.139374653039412 -4.999988470256674 -0.011092858187782096 
-3.139374653039412 -4.999988470256674 -0.011092858187782096 
-3.139374653039412 -4.999988470256674 -0.011092858187782096 
-3.139374653039412 -4.999988470256674 -0.011092858187782096 
-3.139374653039412 -4.999988470256674 -0.011092858187782096 
-3.139374653039412 -4.999988470256674 -0.011092858187782096 
-3.139374653039412 -4.999988470256674 -0.011092858187782096 
-3.139374653039412 -4.999988470256674 -0.011092858187782096 
1.5190201288799146 0.2587958237295024 4.993464104580824 
-3.139374653039412 -4.999988470256674 -0.011092858187782096 
1.5190201288799146 0.2587958237295024 4.993464104580824 
-3.139374653039412 -4.999988470256674 -0.011092858187782096 
-3.139374653039412 -4.999988470256674 -0.011092858187782096 
-3.139374653039412 -4.999988470256674 -0.011092858187782096 
-3.139374653039412 -4.999988470256674 -0.011092858187782096 
-3.139374653039412 -4.999988470256674 -0.011092858187782096 
-3.139374653039412 -4.999988470256674 -0.011092858187782096 
-3.139374653039412 -4.999988470256674 -0.011092858187782096 
-3.139374653039412 -4.999988470256674 -0.011092858187782096 
-3.139374653039412 -4.999988470256674 -0.011092858187782096 
-3.139374653039412 -4.999988470256674 -0.011092858187782096 
-3.139374653039412 -4.999988470256674 -0.011092858187782096 
-3.139374653039412 -4.999988470256674 -0.011092858187782096 
-3.139374653039412 -4.999988470256674 -0.011092858187782096 
-3.139374653039412 -4.999988470256674 -0.011092858187782096 
-3.139374653039412 -4.999988470256674 -0.011092858187782096 
-3.139374653039412 -4.999988470256674 -0.011092858187782096 
-3.139374653039412 -4.999988470256674 -0.011092858187782096 
-3.139374653039412 -4.999988470256674 -0.011092858187782096 
-3.139374653039412 -4.999988470256674 -0.011092858187782096 
-3.139374653039412 -4.999988470256674 -0.011092858187782096 
-3.139374653039412 -4.999988470256674 -0.011092858187782096 
-3.139374653039412 -4.999988470256674 -0.011092858187782096 
-3.139374653039412 -4.999988470256674 -0.011092858187782096 
-3.139374653039412 -4.999988470256674 -0.011092858187782096 
-3.139374653039412 -4.999988470256674 -0.011092858187782096 
-3.139374653039412 -4.999988470256674 -0.011092858187782096 
-3.139374653039412 -4.999988470256674 -0.011092858187782096 
-3.139374653039412 -4.999988470256674 -0.011092858187782096 
-3.139374653039412 -4.999988470256674 -0.011092858187782096 
-3.139374653039412 -4.999988470256674 -0.011092858187782096 
-3.139374653039412 -4.999988470256674 -0.011092858187782096 
-3.139374653039412 -4.999988470256674 -0.011092858187782096 
-3.139374653039412 -4.999988470256674 -0.011092858187782096 
-3.139374653039412 -4.999988470256674 -0.011092858187782096 
-3.139374653039412 -4.999988470256674 -0.011092858187782096 
-3.139374653039412 -4.999988470256674 -0.011092858187782096 
-3.139374653039412 -4.999988470256674 -0.011092858187782096 
-3.139374653039412 -4.999988470256674 -0.011092858187782096 
-3.139374653039412 -4.999988470256674 -0.011092858187782096 
-3.139374653039412 -4.999988470256674 -0.011092858187782096 
