-14.738574323746676 -11.14604734921106 
-16.2416909245014 -6.96643590880659 
-15.987364458746132 -7.671357021517427 
-17.997297889660743 -3.8300683480705198 
-18.41265828412498 -2.117950555786047 
-18.570837947433397 -1.3993712248226626 
-18.647530911162143 -1.0622293799756823 
-16.02340996377182 -7.6104297664806335 
-16.461003144427746 -6.014265005266363 
-17.950941013870455 -3.8741087068622932 
-14.489055326949204 -11.609573125925223 
-17.997297889660743 -3.8300683480705198 
-18.164245437613687 -3.307883970377468 
-18.01060624741389 -3.8072292670450834 
-15.156137122725367 -9.553301601062634 
-17.958730265951147 -3.8708611442117515 
-19.99980285689532 7.067377526863363E-4 
-15.003755366291472 -10.195242386261368 
-17.9641499272067 -3.867566191848135 
-15.247747312560755 -9.170549628917149 
-19.99980285689532 7.067377526863363E-4 
-18.276106102515186 -2.7888469109543235 
-19.99980285689532 7.067377526863363E-4 
-18.25044433830295 -2.913266529321947 
-18.32262052542031 -2.5598980487196137 
-18.445580746768382 -1.9605223503834617 
-18.130689712776142 -3.4455807560304166 
-15.283484911813847 -9.021322351312811 
-15.932108433491305 -7.732574602451804 
-14.932669659936504 -10.480995090626248 
-14.583249565867341 -11.50179101645682 
-16.186383109195038 -7.167741695609289 
-18.218834992668743 -3.06312203915624 
-16.059881396620785 -7.533957908138867 
-14.71718919101005 -11.205121546506817 
-14.565199676656096 -11.52926799702481 
-18.02553286952883 -3.776763461660509 
-18.061889104692955 -3.683267864933499 
-18.110883676047827 -3.5208911930688367 
-18.505494132869103 -1.6839251635999584 
-15.119505194901134 -9.714777122713908 
-14.648110055695922 -11.37709816757012 
-19.99980285689532 7.067377526863363E-4 
-15.932321027976622 -7.732405870615253 
-16.44086811213445 -6.11134177116096 
-19.99980285689532 7.067377526863363E-4 
-16.15262768384766 -7.279147258266331 
-18.56274646850084 -1.4344525677229159 
-14.96888773303517 -10.339104104081818 
-15.325051070711968 -8.849063484093417 
-15.986647005927257 -7.672397958768386 
-16.09133582512119 -7.456657554899829 
-17.974304931485285 -3.85917798144716 
-16.369863875572104 -6.434354030115765 
-16.609144564183637 -5.298504965846334 
-18.19875816422017 -3.155560160213232 
-16.224973314311576 -7.03031920436536 
-17.986060235869708 -3.845991495435596 
-14.489055326949204 -11.609573125925223 
-18.615992711828937 -1.2174775493005456 
-19.99980285689532 7.067377526863363E-4 
-16.584516914225894 -5.419341585343409 
-14.62617502424985 -11.423526849911008 
-14.682581971461016 -11.296572333107765 
-15.210138359927686 -9.330090131675902 
-14.900320192140677 -10.604458620738992 
-14.50785737398319 -11.59478792401358 
-15.175988395226435 -9.475134668209758 
-16.493625886859803 -5.86153777935534 
-17.958051702375776 -3.8712139931516947 
-19.99980285689532 7.067377526863363E-4 
-15.076725630896778 -9.89520856991674 
-18.04023601007201 -3.7420879101517093 
-16.253515201555416 -6.92203873650004 
-16.0179458035915 -7.6208073731389305 
-14.489055326949204 -11.609573125925223 
-14.863066286768252 -10.740408595087164 
-14.738574323746676 -11.14604734921106 
-16.396560016318702 -6.315192525307145 
-15.952406676399551 -7.714833242947105 
-18.083522831340197 -3.6161799124622775 
-14.783920184157331 -11.006911135356164 
-16.53530998623821 -5.660029700548272 
-16.30329678382147 -6.7222434370836925 
-18.366080525975942 -2.3452795800713266 
-16.328791501685988 -6.614869680170512 
-16.129841494247913 -7.349031804522504 
-15.034724350840754 -10.06985286467765 
-14.79267734181278 -10.979658894010267 
-14.8317572037858 -10.849378220209736 
