-1.1059221118097602 -1.0502387316246282 -1.10916457065583 
-1.0347081515285872 3.0206953415465693E-6 -1.0468074007908545 
-1.119478729260483 3.533799731280342E-6 -1.1198571242548476 
-1.1173943348184512 3.0267861520372366E-6 9.549209352255339E-6 
-0.8642260013994292 3.0415453539293375E-6 9.549209352255339E-6 
8.851526636561739E-5 2.9906659899690317E-6 -0.7709946097903774 
-0.7228268248550118 3.036267328355821E-6 -0.003227303394105152 
-1.1101398334459263 3.611592563120557E-6 -1.1066757455339078 
-0.9885388743214087 3.0396025144224544E-6 -0.9588864467893411 
-1.1464614192806817 3.0418527276183868E-6 9.549209352255339E-6 
-1.146559019980495 -1.1347499178198899 -1.142455954327719 
-1.1173943348184512 3.0267861520372366E-6 9.549209352255339E-6 
-1.014091652667953 3.0347812181896282E-6 9.549209352255339E-6 
-1.1090808986747545 2.5661836225359607E-6 9.549209352255339E-6 
-1.071835374228071 -0.8704138652375841 -1.0869788078428586 
-1.1415655228429475 3.0040915791422044E-6 9.549209352255339E-6 
8.851526636561739E-5 2.9906659899690317E-6 9.549209352255339E-6 
-1.0828953567370876 -0.9534613652248284 -1.0677516446048045 
-1.138161823973464 3.039066892924387E-6 9.549209352255339E-6 
-1.0692704690538568 -0.837444420206602 -1.0650068210937025 
8.851526636561739E-5 2.9906659899690317E-6 9.549209352255339E-6 
-0.9460506162188753 2.5648335983945794E-6 9.549209352255339E-6 
8.851526636561739E-5 2.9906659899690317E-6 9.549209352255339E-6 
-0.9615780251273733 3.0479121556029488E-6 9.549209352255339E-6 
-0.9180275618966018 3.041942044879855E-6 9.549209352255339E-6 
-0.8446970294251599 3.0109448121259383E-6 9.549209352255339E-6 
-1.0346840931166739 -3.697801136540427E-6 9.549209352255339E-6 
-1.0692544941877014 -0.8150119603739071 -1.0701239694171103 
-1.1357860436314458 -3.7787235800462924E-6 -1.1381722634479199 
-1.0870345227050913 -0.9746010130656463 -1.0895627093570888 
-1.1312765260846684 -1.1026717351480737 -1.129946821488972 
-1.0597273042391362 2.9281652824045893E-6 -1.055892766836688 
-0.9807710918701575 2.5311953025768783E-6 9.549209352255339E-6 
-1.0961276759895806 2.9852265441831395E-6 -1.0979519912089013 
-1.1059221118097602 -1.0578971560996902 -1.1146338919660848 
-1.1311978162577008 -1.1117788795583081 -1.1295214789728536 
-1.0997726380801873 3.039969638503287E-6 9.549209352255339E-6 
-1.0771733867658333 3.2989025441432534E-6 9.549209352255339E-6 
-1.046879010379373 2.9906659899690317E-6 9.549209352255339E-6 
-0.8093520658259421 3.0415453539293375E-6 9.549209352255339E-6 
-1.071835374228071 -0.8944381052666477 -1.0789150329191757 
-1.1174178877363203 -1.082678767660334 -1.120778727342388 
8.851526636561739E-5 2.9906659899690317E-6 9.549209352255339E-6 
-1.1356526394852329 -3.7787235800462924E-6 -1.1381722634479199 
-0.9849150171149629 3.034791832039814E-6 -0.9747109934369662 
8.851526636561739E-5 2.9906659899690317E-6 9.549209352255339E-6 
-1.068806382603006 3.046142140875635E-6 -1.0676890021964687 
-0.775808988739378 2.5311953025768783E-6 9.549209352255339E-6 
-1.082341889785482 -0.9609817320455416 -1.086077881959442 
-1.0747215790054994 -0.7853391614602163 -1.0750522567678857 
-1.119478729260483 3.533799731280342E-6 -1.1203059237869795 
-1.0871354261507007 -5.056219978499838E-6 -1.0873775160053112 
-1.1317904523035716 3.0421364497090505E-6 9.549209352255339E-6 
-1.009879309717397 -4.896659208971242E-6 -0.9930368505411193 
-0.9296142604151487 3.074637092313805E-6 -0.9281743683217889 
-0.9929992256754762 -4.23717610668012E-6 9.549209352255339E-6 
-1.0467260908378198 3.034450919461058E-6 -1.0450806014526335 
-1.124425044105305 3.3321212441163296E-6 9.549209352255339E-6 
-1.146559019980495 -1.1347499178198899 -1.142455954327719 
-0.7448133658038036 3.0347819542982705E-6 9.549209352255339E-6 
8.851526636561739E-5 2.9906659899690317E-6 9.549209352255339E-6 
-0.9463804367110081 3.0374554266918375E-6 -0.9262670851333253 
-1.12355944855299 -1.0881263596201527 -1.1249483543777068 
-1.1150659430300893 -1.0700457190893957 -1.1148351166021016 
-1.0692544941877014 -0.8541172023851119 -1.0701239694171103 
-1.0909695958043182 -0.9892395647017326 -1.0884306616916746 
-1.145362278880003 -1.1258858205834748 -1.142936566834601 
-1.071835374228071 -0.872174470963569 -1.0672823941739278 
-0.9690262191273579 3.0082510753974627E-6 -0.9585620275438075 
-1.1419918266879887 3.0427408999739125E-6 9.549209352255339E-6 
8.851526636561739E-5 2.9906659899690317E-6 9.549209352255339E-6 
-1.0748093013975704 -0.9216566929985592 -1.0669958168041447 
-1.090620816072917 3.036267328355821E-6 9.549209352255339E-6 
-1.0347081515285872 -4.09910426437495E-6 -1.0395236886885202 
-1.1101398334459263 3.214349323341037E-6 -1.1100858379640715 
-1.146559019980495 -1.1347499178198899 -1.142455954327719 
-1.096673235701069 -1.0040274633219948 -1.089617160394804 
-1.1059221118097602 -1.0502387316246282 -1.10916457065583 
-0.9870473612355218 3.3998782884204115E-6 -0.9995676348937614 
-1.1312755790981839 3.3342459927306554E-6 -1.129950177758699 
-1.0637742099283098 3.04066445202061E-6 9.549209352255339E-6 
-1.1070622240324186 -1.0345404601811083 -1.0954073608751045 
-0.9434672409693627 3.616343022226949E-6 -0.9588864467893411 
-1.021316371596622 -4.0995303965806996E-6 -1.0223329752234234 
-0.8919860009107946 3.022424180410016E-6 9.549209352255339E-6 
-1.0148567279181868 2.9843086521309746E-6 -1.0131671558639304 
-1.0750235140803732 -4.194623135781812E-6 -1.0755885841902746 
-1.079415761906713 -0.9295803479571294 -1.0855561695876512 
-1.098938926419315 -1.0345404601811083 -1.0954073608751045 
-1.0968245374298178 -1.012273065924904 -1.102949933734838 
