0.5332497048002024 4.158036725956789 
0.3941332167307946 8.796084111675448 
0.5367701880202806 4.049081394564149 
0.8950325230777967 1.1172778533088294 
0.5706172380880121 3.3041276240889137 
0.6023245551896841 2.7058961828350805 
0.40792198174351246 8.25045870630648 
0.7228838783505299 1.4041190680397868 
0.4325167009554856 7.204599935040323 
0.6242440486743766 2.222581903936245 
0.5149737484753757 4.635872472945682 
0.43564222369898914 7.160572874456849 
0.622067483146965 2.2656157090417683 
0.5038034682287639 4.916170545874927 
0.4706122480369402 5.90141197938688 
0.6073137145426319 2.568343216952467 
0.9999999776219837 1.0000000230672537 
0.9316729594014409 1.073338009769904 
0.4651756416269889 6.121962846637452 
0.4364795326587697 7.114338365585992 
0.7729356961514436 1.2937686862658846 
0.6317873474263738 2.0863832488315923 
0.42576177687906086 7.4866448091549564 
0.45259315775009495 6.486490251810692 
0.5025680689673764 5.016405160395066 
0.44910192232218693 6.638930091033646 
0.695939641288759 1.436906221486927 
0.39622330863301214 8.686729366612703 
0.6510712203698614 1.7898498921565331 
0.6408610730694262 1.9385922106480502 
0.7396956264217969 1.351907412645033 
0.4138696279565538 7.968165601050147 
0.49670178266776005 5.12300784873275 
0.6501083953532637 1.86495430919968 
0.4631191690707508 6.183739212242955 
0.618613367345694 2.3166169504694856 
0.8082489878366849 1.2372425023474216 
0.5669467099121863 3.386485711541563 
0.4886701834772045 5.329758740729364 
0.6183278956398409 2.417501956826126 
0.43981781818834187 6.934834321617868 
0.5935688153584728 2.8223379663249504 
0.3987044025353317 8.58020642052396 
0.8426273021308279 1.1867643205279037 
0.42381277974634357 7.61293693056256 
0.4054574930591488 8.300607396293906 
0.4555267628249192 6.4207046403712305 
0.475423393619737 5.747180950552914 
0.5535147131659889 3.648810285622834 
0.5099480633174945 4.736386661449033 
0.6667497173726913 1.50335354226319 
0.5923540846444222 2.92493559982399 
0.408487211808718 8.154287115921882 
0.45981225295454464 6.228211943728438 
0.5597768751860871 3.5108985146631486 
0.5566652855907647 3.5857792687696493 
0.48458108450190956 5.49101541950744 
0.6543104489202834 1.6986405563288511 
0.544400316034673 3.8882055129530175 
0.6308725207782147 2.1692501138887974 
0.5650234127160052 3.4537909537921956 
0.47708176098801786 5.676270913935322 
0.43768780637711313 6.999075819208347 
0.6362465807156834 2.009309969687859 
0.46590883905547364 6.0259426200948285 
0.5073446308700976 4.812002227992326 
0.4434655634376077 6.8152146964438 
0.6593196590802345 1.6297698286688713 
0.44980982482833975 6.578573610797154 
0.44639984422333295 6.686513929589463 
0.5181291755194625 4.511917328020705 
0.47228141278899705 5.822602708203789 
0.4688201462462741 5.975640463468432 
0.4157881375427967 7.840091693090178 
0.42023843804667294 7.688511263255984 
0.5466541308622997 3.8076893037383326 
0.4003996156665353 8.517261857559138 
0.525948843082503 4.310264712755944 
0.3916226961592361 8.940722050059113 
0.57374679774381 3.2112709408576188 
0.41091532850218904 8.044340148419167 
0.402526159565561 8.391129959898997 
0.41409925153350946 7.910317452753206 
0.607894614242479 2.5225453614811086 
0.5847464964810932 2.992234650231528 
0.5768617578538044 3.136767529656543 
0.5227508790584323 4.394065627980811 
0.5837141674634011 3.080222204050736 
0.43650397808869373 7.04753146278363 
0.4575555387718915 6.32125292402856 
0.6632155052251059 1.5670965895057325 
0.48088675170865136 5.558136295701673 
0.5507114562481566 3.7195260368176357 
0.4172498433082419 7.779270245401341 
0.5406411752971287 3.977760520729507 
0.5338221477435456 4.125745273970097 
0.47887187323072206 5.622096162377011 
0.42831096028440485 7.343728656489157 
0.49106709483662897 5.264401787867604 
0.48555710847051053 5.417592022595098 
