0.5332497048002024 1.217271856664858 
0.3941332167307946 2.466828925569278 
0.5367701880202806 1.173426181469618 
0.8950325230777967 1.602594615509028E-8 
0.5706172380880121 0.8853921791479216 
0.6023245551896841 0.629827714715604 
0.40792198174351246 2.365543465769555 
0.7228838783505299 0.015015037570532686 
0.4325167009554856 2.1161097956077466 
0.6242440486743766 0.38743352622356575 
0.5149737484753757 1.387352624846647 
0.43564222369898914 2.1194478899870446 
0.622067483146965 0.40936586190183943 
0.5038034682287639 1.4767837714158834 
0.4706122480369402 1.7772767582113882 
0.6073137145426319 0.5597900593077755 
0.9999999776219837 6.892369175393043E-10 
0.9316729594014409 3.7896020394207496E-13 
0.4651756416269889 1.847787995201164 
0.4364795326587697 2.105263084987329 
0.7729356961514436 1.778602197104704E-10 
0.6317873474263738 0.3181505384941318 
0.42576177687906086 2.1875271968082117 
0.45259315775009495 1.9357411057822098 
0.5025680689673764 1.5210850546177301 
0.44910192232218693 1.9815562660458217 
0.695939641288759 3.4719800645621746E-10 
0.39622330863301214 2.4418846508388348 
0.6510712203698614 0.16531975356521877 
0.6408610730694262 0.24236828435994062 
0.7396956264217969 4.6073829473858297E-10 
0.4138696279565538 2.2977817328028345 
0.49670178266776005 1.5446071310864835 
0.6501083953532637 0.2124224533609585 
0.4631191690707508 1.8638081657241765 
0.618613367345694 0.4330902125800413 
0.8082489878366849 2.3083062554987354E-10 
0.5669467099121863 0.9199569323231184 
0.4886701834772045 1.6044941817214524 
0.6183278956398409 0.4948088976694959 
0.43981781818834187 2.0500637008316005 
0.5935688153584728 0.6752518032127421 
0.3987044025353317 2.420966074524822 
0.8426273021308279 1.7671552583991938E-8 
0.42381277974634357 2.226459962575315 
0.4054574930591488 2.365543465769555 
0.4555267628249192 1.9248027998832438 
0.475423393619737 1.7323442712585724 
0.5535147131659889 1.0196701786436326 
0.5099480633174945 1.4153112051287475 
0.6667497173726913 0.0023605494152162815 
0.5923540846444222 0.7325975498776235 
0.408487211808718 2.330922008270682 
0.45981225295454464 1.8638081657241765 
0.5597768751860871 0.965319799633612 
0.5566652855907647 0.9960788407151001 
0.48458108450190956 1.6608422070016235 
0.6543104489202834 0.11143826496573056 
0.544400316034673 1.1167403100593805 
0.6308725207782147 0.3685202875474548 
0.5650234127160052 0.9514727515193331 
0.47708176098801786 1.708045323465329 
0.43768780637711313 2.0634101419763975 
0.6362465807156834 0.2784165978118338 
0.46590883905547364 1.8075399303432804 
0.5073446308700976 1.4413434941068541 
0.4434655634376077 2.022313025306714 
0.6593196590802345 0.07453928781721242 
0.44980982482833975 1.9591070434930065 
0.44639984422333295 1.9848587765658823 
0.5181291755194625 1.3377560051793442 
0.47228141278899705 1.7499070331395257 
0.4688201462462741 1.8015006359984236 
0.4157881375427967 2.259817123234717 
0.42023843804667294 2.231007964174947 
0.5466541308622997 1.0814890869287532 
0.4003996156665353 2.4103083742979194 
0.525948843082503 1.266978739053326 
0.3916226961592361 2.5013896748544826 
0.57374679774381 0.8424564190048105 
0.41091532850218904 2.3055426746710097 
0.402526159565561 2.377649317173663 
0.41409925153350946 2.2756565365775594 
0.607894614242479 0.5334417394267134 
0.5847464964810932 0.7496987283722153 
0.5768617578538044 0.809481231136409 
0.5227508790584323 1.297001669667411 
0.5837141674634011 0.7979693394397579 
0.43650397808869373 2.0762755192102853 
0.4575555387718915 1.8923242873672819 
0.6632155052251059 0.03932275634558474 
0.48088675170865136 1.6728341087939338 
0.5507114562481566 1.0483856002887748 
0.4172498433082419 2.245899290946178 
0.5406411752971287 1.1505411229777196 
0.5338221477435456 1.2024142031935 
0.47887187323072206 1.692263720760733 
0.42831096028440485 2.145399472928973 
0.49106709483662897 1.5851744920208999 
0.48555710847051053 1.6305503173641807 
