0.18242223109173844 0.6717222102024965 
0.20689226215860457 0.5030865593011921 
0.8390049456100291 -0.7033210286462201 
0.21701943490946782 0.42648838517277105 
0.20032817214572388 0.552775730455772 
0.036595729076003364 0.779304027507608 
0.6261427967358045 -0.24627954358490192 
0.4191328141523475 0.11902834572767679 
0.002790612387322436 0.9511181698897524 
0.01924362147446093 0.8543506313199151 
0.21471466656500998 0.443883806498442 
0.42602165874495196 0.03980235216517308 
0.6524666185248171 -0.45653270173175897 
0.18915232370647772 0.6317309331109083 
0.08644655217569286 0.6734079272387202 
0.42350037592264195 0.0724919719283493 
0.4391283307948005 -0.07282726384216351 
0.4422814493255707 -0.09032419098472921 
0.4147014558355844 0.1740566667029098 
0.6301534671709339 -0.3035383719197736 
0.0011430032634711443 0.9702394818687676 
0.8315987432918887 -0.5871455822349088 
0.4371157760447547 -0.05934641342716796 
0.6417000601408138 -0.41816348506790707 
0.6285079510059234 -0.2815118584790572 
0.00992566736290626 0.9024939940149347 
0.4162424986509489 0.1548089978981635 
0.02387464901040906 0.8331658734690017 
0.6345564017440332 -0.3548393459172857 
0.8264114548777521 -0.5160953176044755 
0.23403489569734362 0.3144650156162186 
0.8345354073086456 -0.6488890808613768 
0.05758964819526133 0.7087271160834304 
0.845984034458438 -0.7572352193510833 
0.82341727654318 -0.4574786451150351 
0.02742409800850709 0.8171636664847682 
0.6199995478725838 -0.14821218776102338 
0.23857920531816001 0.2912123869685361 
0.004626476348122854 0.9358499210628488 
0.040466026734837374 0.7645002307190957 
0.21196634420442995 0.4643820735647568 
0.012300582521044419 0.8891196322277117 
0.06968378305802309 0.6818786899964095 
0.04489986507020466 0.7469952532612527 
0.19723150680113005 0.5778534490715667 
0.44634813569401055 -0.10803618263312503 
0.4276110590992481 0.02404176994490359 
0.23137776480766525 0.330035660301735 
0.8527490279363756 -0.7713658444724124 
0.6189496907702153 -0.13150797697570302 
0.22840955793467377 0.34788034122698824 
0.6453829133479536 -0.4389934911749251 
0.20978924868488 0.4822123739374134 
0.8255112527897026 -0.49941128116651196 
0.8318011886274563 -0.6078004225056495 
0.18597270767950602 0.6504872686011405 
0.22015137709595656 0.4053700116783369 
0.24181841751143707 0.2781678830000225 
0.43512917202847723 -0.04530817153938504 
0.015571537166246832 0.8721442444730598 
0.24776968957541506 0.2581158145188658 
0.6270822563429744 -0.2611868575919122 
0.41105960531449265 0.22209759076249966 
0.0064175477323652474 0.922074508391099 
0.05243795757667136 0.7292118676177907 
0.6390262241521761 -0.3983610875733776 
0.8297349749907035 -0.575537973014483 
0.8409658157388701 -0.7218820520965162 
0.43157143355954247 -0.015899244735474546 
0.4210661899917977 0.09564720043386382 
0.1921169198990706 0.6117626347123182 
0.6225479092985564 -0.19127699886284819 
0.6372591398932033 -0.3829477823634206 
0.6251365428440727 -0.22595325136746627 
0.41807567249384386 0.13258054355563786 
0.6232967268768419 -0.2037738561745636 
0.032331159842278384 0.7967213811984797 
0.4301219026542596 -0.0012742525465882849 
0.8373620722798428 -0.6852948710070917 
0.6320312929797745 -0.32659765939600305 
0.40943788987625246 0.24430254245244554 
0.45377372275284056 -0.1213367789027122 
0.25746608658525194 0.24435612344994984 
0.22266328623086726 0.3862992068370098 
0.43318227734796566 -0.02939230916194621 
0.843405595224452 -0.7419997445220372 
0.62141995269687 -0.1731146320116274 
0.22551488626904917 0.36643688418823755 
0.42869198046276435 0.011782881935152104 
0.8274812231640063 -0.5346859187976135 
4.2929852650124044E-7 1.002837849763955 
2.472804411777496E-4 0.989735996403068 
0.20338216692152916 0.5313351942717001 
0.8285899203465359 -0.556379746617196 
0.8361370582346896 -0.6688849662082815 
0.4135515255291375 0.18932033524422304 
0.19508919804298563 0.5929753919876791 
0.8331401844282595 -0.6298009738621133 
0.41266514004423116 0.20150332287503958 
0.4242688459556497 0.05824833460036248 
