0.8516812625910759 -0.7728264430316579 
7.241827708337478E-8 1.0006776887424098 
0.6527382926727839 -0.4576269517903106 
0.4533876562215009 -0.12344207755069402 
0.8235003717922387 -0.46109070483457254 
0.6184669804860712 -0.12468144257778414 
0.25837823952785127 0.2429944583933627 
0.4096925048442051 0.23780530804029815 
0.08456710736042847 0.6706163166091211 
0.18294091466476806 0.6665124412691379 
0.8265436189993909 -0.520223841342391 
0.19096500243032813 0.6174511155190141 
0.20367040759247387 0.5264271766319759 
0.054689934928807804 0.7129028020460839 
0.8252068740350674 -0.4893207185908175 
0.04606632128609517 0.7407180936878244 
0.023853396874260996 0.8311870499473082 
0.059625923901134734 0.6998209024262233 
0.43656666362108987 -0.05780348361385751 
0.83758220496161 -0.6893803897604941 
0.20872964370104943 0.48993686325040275 
0.41710816274751655 0.14120029432412726 
0.6431027994871921 -0.42911899655722374 
0.6342538508599442 -0.35373851914990806 
0.6206166078820259 -0.1615337889159844 
0.19591380609139059 0.5855359995386421 
0.232686929683127 0.31955675931431077 
0.00239327859040106 0.9575103477954682 
0.4198199524871453 0.10789315156058124 
0.026908864727694232 0.8173606281243113 
0.6364252442787262 -0.3765252313893395 
0.43340676492587954 -0.02809960077624974 
0.22928835165707276 0.33962177663605697 
0.037469480971380864 0.7737705901364026 
0.649572084612343 -0.44327252097349307 
0.6219718406734561 -0.18393809724606003 
3.979485576106837E-4 0.9812895307319629 
0.8323945550404199 -0.6198603799373323 
0.8352048033949633 -0.6595133304083071 
0.8398233181961671 -0.7102525615779767 
0.8287456821112985 -0.5589924563079878 
0.22244627426615565 0.3850601735191253 
0.8423390657984702 -0.7256664205074193 
0.42282282244193314 0.07259052274139716 
0.6416436941355743 -0.4031333765437485 
0.2127785437523996 0.4565381791401673 
0.42810469801754697 0.015875102349034265 
0.00835567119452027 0.9082182104621689 
0.4307069121618119 -0.0023780073207921447 
0.20961958699189584 0.48087573029129593 
0.4207129244289351 0.09720763868843585 
0.0176484188640091 0.8590803692546523 
0.06956509293174763 0.6842733115305283 
0.19093807302313476 0.6457840796576464 
0.2012500046836908 0.5443399108304925 
0.07955413186870772 0.6752328102958818 
0.6264320136188979 -0.2519425891835338 
0.4240139623781982 0.05922775356377671 
0.24875694918160485 0.25687615233078975 
0.010912613141341725 0.8955040521780113 
0.22649200928881497 0.3575985655064663 
0.6399238954811124 -0.39210923170029954 
0.24124912001415294 0.2776309599364671 
0.18612192238399233 0.6479330180640733 
0.832337951735398 -0.618957259129573 
0.0044523953447840325 0.9381671045213821 
0.24696514840271994 0.25806462016407 
0.4158828635201051 0.1570714382137524 
0.6323746299255105 -0.3308705998017153 
0.21870074899126496 0.4120952661519737 
0.19943599211718463 0.5577788863403228 
0.03278072553067904 0.7920230751854063 
0.8352867610577167 -0.6611235861670278 
0.41120086018317903 0.21787919657757193 
0.21547851812854077 0.4501660213399977 
0.4258036156779259 0.039598580183768994 
0.04091484299563736 0.7600670227765646 
0.830386391858929 -0.5869113279576744 
0.6236793914508832 -0.2113777823431529 
0.8236012112444385 -0.4620867328592237 
0.031652236480719076 0.7967523592297777 
0.6194156614805525 -0.13552793189869636 
0.44289988167580835 -0.09647958665529925 
0.8477426098507803 -0.7657046648822755 
0.4317180176799408 -0.018629893986189368 
0.6234169305743894 -0.20417263960567106 
0.8288136222129288 -0.5615173643584913 
0.23605187645102296 0.3016569842454802 
0.6305722759874995 -0.3097415480377486 
0.4147439979024342 0.17149676041264367 
0.04295045637238781 0.7526277680792347 
0.013284708884654162 0.8802885437857101 
0.443837084498699 -0.10090644548285758 
0.014713072309312597 0.8733536955870411 
0.07053764098431858 0.6815039286814081 
0.4395653798927621 -0.07843074429379955 
0.24034185914263367 0.281490645869351 
0.23676413435175864 0.2975908273222543 
0.21621044527684083 0.430553568527374 
0.8302854415987844 -0.5863992527291854 
