-18.6068567318724 -1.2503073697346152 
-15.036691238824794 -9.95179639062025 
-15.492451835607866 -8.191225736162787 
-16.146455022356353 -7.290226043133535 
-16.80252277705062 -4.4246264118123175 
-18.311316901171907 -2.603728030891051 
-18.42435206000991 -2.057073790644981 
-18.016905640709215 -3.7914580282834702 
-16.68782726187669 -4.913692666757342 
-19.01335620678124 -0.1006897056152698 
-16.335142454268727 -6.537764011344283 
-16.588950249302663 -5.38228647020084 
-16.241649141742208 -6.965745105559124 
-16.648746705343292 -5.04023338494318 
-15.086119161131906 -9.831037540977452 
-18.102160335422653 -3.5441142591667325 
-16.421380585172834 -6.19252904847397 
-18.901812433728487 -0.32480599770618646 
-16.81936952167395 -4.333671745763443 
-15.113729557796429 -9.732161256939207 
-16.322541483576707 -6.638847286292986 
-19.995569450408908 0.009059920239174868 
-18.721705772024578 -0.8300949917727203 
-16.48396806327323 -5.9073074131508 
-14.813159644443429 -10.833339089932885 
-15.29229970588316 -8.967977540476603 
-15.180879218373219 -9.437090657192979 
-18.81832650987275 -0.5359626545258653 
-15.265127381848234 -9.085074204219858 
-16.389013859993725 -6.326917893348707 
-16.3655948988847 -6.422992248494586 
-14.43538231720815 -11.622035197853128 
-15.326744646976536 -8.835414875623043 
-18.566780673793055 -1.4094511353638661 
-15.03338934918284 -10.070316784037185 
-15.431830047854959 -8.427588855628654 
-18.537188697149432 -1.5358649375844364 
-14.658707360625645 -11.334415078448302 
-16.064692368354258 -7.464306956171325 
-18.481416165769247 -1.7709023006872961 
-16.737511601910548 -4.6888592094358055 
-16.60055215185788 -5.280337848319158 
-16.640375431779596 -5.135974985178124 
-14.790101511634061 -10.979902409702923 
-16.004974807283173 -7.620993634259294 
-16.503841346800513 -5.807987351405439 
-16.712121011497494 -4.80240365442068 
-18.170958582022664 -3.2672496460021576 
-18.139297986045477 -3.406329443686757 
-16.170737086628314 -7.215165525709034 
-16.209752495118607 -7.078430732358093 
-15.162297781320063 -9.522136249089971 
-16.87725572987758 -4.226868201922611 
-19.08329229746425 0.0044195238470887376 
-14.994142040709036 -10.229081325836058 
-15.893901712846343 -7.748901313320813 
-18.377795133536708 -2.2830737695243175 
-18.82577370164964 -0.4037069366196419 
-18.357266537584778 -2.387367799365766 
-16.772811779455424 -4.553070644554724 
-16.545902626376392 -5.58458245855883 
-14.959781919702323 -10.365822675365267 
-16.93217144109259 -4.093104170618073 
-15.351896689091724 -8.727261222757601 
-18.510614066579322 -1.6494021306659767 
-14.619811633208945 -11.425244021368938 
-18.257113374751107 -2.875429221784743 
-15.23412149758966 -9.20963513237167 
-15.207674960095064 -9.313571395583644 
-15.376851545781152 -8.628373538600686 
-15.523525746564248 -8.096600485661293 
-18.200221117541922 -3.1376922761716433 
-15.590891437418641 -7.854150420799199 
-16.983766449496265 -3.9806838911838422 
-17.9411590886959 -3.8739497536979184 
-18.225405077951027 -3.017313366576862 
-17.015978782426743 -3.8752507935598235 
-16.460234656707815 -6.017761647338603 
-16.295975683520744 -6.723358367385064 
-16.56719372479407 -5.465133926569337 
-18.643075189899932 -1.1099618825239546 
-14.705720758402393 -11.227766706159883 
-15.401435356771852 -8.531469515725291 
-14.909511945887722 -10.551908882775118 
-18.05927191397251 -3.67481991764136 
-18.767235471384943 -0.6803174630540642 
-18.9524650664629 -0.2163212897301015 
-18.40299178307835 -2.1601318508840257 
-15.457314446737417 -8.31695971845374 
-16.269863063935013 -6.840824797310368 
-18.678642479063285 -0.9732888810184566 
-18.283024025090654 -2.7511566304334054 
-14.868930216439487 -10.719400988440551 
-18.45451172011711 -1.908750951997094 
-16.52312608912915 -5.716460257277531 
-14.744642138733377 -11.115811997527826 
-15.644219924927462 -7.74928009364198 
-15.563639172001713 -7.974243688485065 
-18.33786766557374 -2.4721876271471652 
-14.527388854420206 -11.527730889087742 
