-1.1337353424615757E-4 -1.907307454695072E-4 -0.7498717559270681 
-1.1143991657076504 -0.8849055795623673 -1.1225366771059533 
-1.0524216701759312 -0.7144105881159027 -1.0642530454368588 
-1.0834525715537842 1.0618897082770307E-4 -1.0569001817300248 
-1.0422678730311294 0.012683629210427316 -0.7052499763627512 
-1.1571049567262023E-4 -8.178409018921307E-4 -0.923841134258252 
-0.8569473426168359 2.74236728429399E-4 9.693953151752692E-5 
-8.960961581981847E-5 -3.41368415322085E-4 -1.1047226247280666 
-0.8215057936490093 1.1645008521953184E-4 -0.9904484685907766 
6.864837790765588E-4 -2.1294573763711228E-5 -0.5186260779044571 
-1.0576506474847716 1.2129950821439675E-4 -0.966896227914807 
-0.9919101753077187 2.74236728429399E-4 -0.8786851996493154 
-1.03824913472205 3.922149533827943E-4 -1.043285944335428 
-1.0639162169884508 -2.2258724272173963E-5 -0.7742517987987638 
-1.0498289133189171 -0.9378392024276572 -1.0553572582777586 
-1.0514757324550272 2.4687230093694526E-4 -5.959406331388917E-4 
-1.0093180919111495 -1.417318739074787E-4 -0.9622734828257657 
-1.1337353424615757E-4 4.027347242519863E-4 -0.5811808623960987 
-0.6161794900192206 -2.468961658834045E-4 -1.1289735997181276 
-1.09024109478675 -0.8902059554554794 -1.0724579991860201 
-1.0107446802537918 4.275462031064145E-4 -1.021112594312632 
-4.771348463321612E-4 1.1635527781499129E-4 0.001720549071732437 
-2.5990149338850355E-5 -3.2112199083015735E-4 -0.6834818497498975 
-0.9665437369110874 1.265217404718554E-4 -0.966896227914807 
-1.145700218891138 -1.0002952109482048 -1.0925667669037515 
-1.0466036883318497 -0.8345834045128657 -1.0550152928898653 
-1.0485032652665716 -0.890865352934293 -1.0553572582777586 
-4.00827329319451E-4 -1.4784397521959577E-5 -0.6283100861045674 
-1.0466036883318497 -0.8443185052335163 -1.0622260385195037 
-1.0293151614345217 -3.727596904771742E-4 -0.9621209480826325 
-1.0387405087384782 0.0012551143792007438 -0.9670252136282959 
-1.1618663085772343 -1.1517352211955134 -1.1456853466049843 
-1.086592941310164 -0.785039538971909 -1.0622260385195037 
4.862181521701049E-4 -2.641522054813014E-4 -0.7728195275614751 
-1.0829880374802272 -0.9421811533622906 -1.0612389536439095 
-1.0769787524190144 -0.7322844686534813 -1.062801321619918 
5.042981382024627E-4 -2.125669670781981E-4 -0.790125667311582 
-1.0963321083508413 -1.0899890390004614 -1.117455555527126 
-1.09766001242845 0.027012176134227517 -1.0927593627057728 
-0.8215057936490093 1.1635527781499129E-4 0.001720549071732437 
-1.0484485930004719 -0.002350561293340492 -0.7371870879435001 
-0.8215057936490093 1.1645008521953184E-4 -1.043930797590913 
-0.8636265491228077 9.38586363204639E-4 -0.9760067046623508 
-1.0963321083508413 -1.0253991076350717 -1.117455555527126 
-1.0963500052210684 -7.502724468794186E-4 -1.1320399196322768 
-0.9591164896156313 0.0012530397946241643 -0.9622734828257657 
-0.989476575164165 -3.727596904771742E-4 -0.8081472773122319 
-3.911992032573669E-4 -7.145199114855748E-4 -1.0089972878681748 
-1.1337353424615757E-4 -3.417949060415817E-4 -1.0289633442327657 
-1.0586264636971534 0.0012551143792007438 -1.0666654592590974 
-1.03824913472205 3.922149533827943E-4 -1.0629733489084323 
-1.0485032652665716 -0.8902059554554794 -1.0724579991860201 
-0.6161794900192206 0.0011323834106609643 -1.0928279799694178 
-0.4805124679280154 -1.8444608971020772E-4 9.693953151752692E-5 
-1.0829698155862817 -0.9413612991379522 -1.097371467366664 
-1.1475824791748988 -2.662664952260813E-4 -1.1503856317100565 
-0.8846544111587741 2.74236728429399E-4 9.693953151752692E-5 
0.008375419988394028 -0.009986647927720527 -0.6097353541090982 
-8.677904966893042E-5 -1.4784397521959577E-5 -0.8971631118637446 
-1.0561627067252464 -0.003250678449775019 -0.709560652426143 
-1.0042832441841822 -3.4704700020744134E-4 -0.8922816117305101 
-1.0833125364024825 -0.9769429030310199 -1.064598014903328 
-0.5883503132959126 -1.975932546410201E-4 -1.089363347453479 
-1.0847420603805276 -0.7515662673694593 -1.0915514724181854 
6.92947630508434E-4 -3.727596904771742E-4 -0.805430499458702 
-1.1078438778262891 -1.1005052660445052 -1.1225366771059533 
-4.00827329319451E-4 -1.4784397521959577E-5 -0.9570644646549309 
-1.0827848721896576 -0.8178746604371594 -1.0928279799694178 
-1.0843287018556402 -0.8278382081769249 -1.0980040264704425 
-1.0484485930004719 -0.7834268662162298 -1.0622260385195037 
-1.0828080638045157 -0.6743314274812888 -1.0621826595866388 
6.8648433462931E-4 -3.2106771091128933E-4 -0.9911957817827499 
-1.0963500052210684 -0.5560215888298068 -1.1320399196322768 
-0.5299574320216698 1.252988008014624E-4 -1.1223199680385305 
1.1408229519255242E-4 -2.0149061494596603E-4 -1.1523376586281235 
6.8648433462931E-4 -7.106725985477221E-4 -0.9755864812309253 
-0.565411479444556 1.2261533246303778E-4 -1.062744855219017 
-0.9809616046966296 5.234968392634057E-4 -0.966896227914807 
-1.0561201972332195 -2.023708670709861E-4 -0.9922247607369699 
-0.8632686338286322 -2.0129521259699816E-4 -1.02105423852394 
8.763428338267695E-5 -2.0234536031364322E-4 -0.7288781019564474 
-1.0963500052210684 -1.0661687358923653 -1.1191251325830394 
-1.048131231123099 -0.7687613969459777 -1.0642751928742622 
-1.0833319635933003 -1.0019564311753384 -1.0642530454368588 
0.0014938344809414163 -3.727596904771742E-4 -1.0768995675307762 
6.96699336080303E-4 -2.015325145750839E-4 -0.6569906654186197 
-4.00827329319451E-4 -1.4784397521959577E-5 -0.552832865983705 
-0.8696402625137012 2.74236728429399E-4 9.693953151752692E-5 
-1.1024966703971304 -0.6743314274812888 -1.0928279799694178 
-1.0093674989906083 -3.4704700020744134E-4 -1.0549137954922891 
6.96699336080303E-4 -2.015325145750839E-4 -0.7077642803276794 
1.1408229519255242E-4 -2.0149649829936735E-4 -0.9416052987877449 
-1.0963500052210684 -0.9995696740311619 -1.0927593627057728 
6.965320106165618E-4 4.88687015906178E-5 -0.8385985545791237 
-0.9428454377801907 4.1930877612709734E-4 -0.966896227914807 
-1.1146165495204017 -1.0354505739354363 -1.1225366771059533 
-1.0963500052210684 -0.5560215888298068 -1.093811374352129 
-1.0769787524190144 -0.6294399631985448 -1.092125869423213 
6.927470768472999E-4 -3.727596904771742E-4 -0.9079445216451933 
-1.1085363208794392 -1.1430086619355242 -1.1263236063430635 
