-18.097227528117866 -3.568811804902434 
-14.516213784337907 -11.578127550580378 
-18.80162019050919 -0.5451569304349831 
-15.926735115501646 -7.735961625543902 
-17.977512640873115 -3.8553384682180467 
-19.99961885241204 0.0012125733967950911 
-18.29852910713933 -2.677636161613554 
-14.563539537366925 -11.53161053392579 
-18.400000827230773 -2.1781716204484964 
-14.641454573579395 -11.391830046450085 
-15.165603753463039 -9.48722249990896 
-16.567502443542704 -5.502794907590492 
-16.532933635267497 -5.671045268470648 
-16.29355546280361 -6.761762464210628 
-16.33223314775005 -6.599401016568426 
-14.93516775755127 -10.47151158981439 
-14.532778417884437 -11.571185928973314 
-14.498911625325558 -11.6010747533598 
-18.646547545177192 -1.0990081683292356 
-15.988200427264868 -7.6692295637786465 
-17.993887323854842 -3.834513195933896 
-16.498709782601814 -5.8354826945617555 
-18.15716812799618 -3.336726658368673 
-15.042454658248499 -10.03978642242433 
-16.178728692003595 -7.193254785424715 
-15.008769816848659 -10.177417930389755 
-18.576268632334816 -1.3767729027668958 
-15.362180174812934 -8.699550921035414 
-14.457027388874227 -11.624309936917022 
-14.877520328094661 -10.687636792568483 
-14.738917821522874 -11.14457739212422 
-16.611435199869664 -5.286727881264272 
-18.19053460210241 -3.1915837180988356 
-18.4734365517962 -1.8290335170563599 
-16.073492729008677 -7.501303028090048 
-18.004095103112718 -3.8181687374222446 
-17.977512640873115 -3.8553384682180467 
-17.96921636260368 -3.8631022584308004 
-18.385236702102237 -2.2499598815257214 
-14.815553254407147 -10.905409683559153 
-15.146002721714211 -9.6031074925226 
-14.710690649286706 -11.223435824409629 
-15.272538235143188 -9.066208288679212 
-15.937866568603479 -7.727539183474901 
-14.853159154605311 -10.77579650461795 
-18.039017999331755 -3.744267344258092 
-14.61143816771365 -11.452091361816262 
-17.94725465219053 -3.874569544297573 
-16.521220644289382 -5.728298982966532 
-18.333804645203042 -2.5034012088794113 
-16.363666435589277 -6.462723068246458 
-16.14113588078274 -7.314421638864879 
-14.781799886860876 -11.015459282608553 
-16.045409122438308 -7.565322574601602 
-16.204664462415927 -7.103125978099682 
-16.124331141910634 -7.364260900324538 
-18.075577599630243 -3.6406739387009717 
-15.105180399875694 -9.776460876355074 
-16.410404183589307 -6.252326066462345 
-14.641454573579395 -11.391830046450085 
-17.966073175092696 -3.8655723721355586 
-18.13200421134129 -3.4393636491940844 
-14.510905932370926 -11.593057836809642 
-15.070152312153638 -9.923938028868657 
-18.013381023996793 -3.801074738697098 
-15.219562281779286 -9.289499871709165 
-15.178083217465161 -9.466445566421385 
-18.264422073185308 -2.844495877006354 
-18.53923037492087 -1.5338872154180412 
-14.903914830835479 -10.591086247150589 
-14.969697107529033 -10.335933294907523 
-15.313703624894927 -8.896423164518778 
-14.563539537366925 -11.53161053392579 
-18.05549983814464 -3.700717023371692 
-15.954733911590143 -7.711632538058374 
-15.988200427264868 -7.6692295637786465 
-14.680722122605696 -11.300089320044195 
-16.268912208703465 -6.861397324260695 
-18.427114226126754 -2.0470990455715192 
-16.07230071682674 -7.504183049798059 
-18.216570964913565 -3.0725360505477344 
-16.38849724951148 -6.351119059305933 
-16.014193825716525 -7.627137112840274 
-17.95613546689306 -3.8715933630265655 
-16.4552209542462 -6.043849079290194 
-16.235702850963662 -6.98976917561745 
-15.926735115501646 -7.735961625543902 
