-1.0552212563699204 7.534886078931657E-5 -1.772266309895867E-5 
-1.1549870406755902 -1.1203621881332004 -1.1360579465639733 
-0.004848324666093751 7.535892758019982E-5 -0.6327429642882421 
-1.1380850762565555 7.427202479057713E-5 -1.139246212145355 
-1.1296967906913775 7.545567467326463E-5 -9.642971732901393E-6 
8.495642895343328E-5 7.513803651803229E-5 -1.7544297407828935E-5 
-0.9324410197715499 7.514087549406004E-5 -1.7710420503474575E-5 
-1.1356445927789822 -1.1085309255116975 -1.1330392882764913 
-0.8716758865113177 7.544733966292158E-5 -9.683705019785907E-6 
-1.120429616576155 -1.0843757606657014 -1.1208075793231473 
-1.1047072248437984 -0.8513366796666739 -1.076383097807862 
-0.9385661627484828 7.432127104476372E-5 -0.9443273017565843 
-0.9436256417738911 7.499394122123575E-5 -0.9601670739568304 
-1.0273117513399974 8.380999113276203E-5 -1.0223156328748169 
-1.0164940902851312 7.433785235324551E-5 -1.0094246499201542 
-1.0818899473656907 -0.9780905299994568 -1.0861838511975728 
-1.1390321396940315 -1.1203621881332004 -1.1360579465639733 
-1.137964696976027 -1.1361754794678531 -1.1386231186713105 
-0.7270333345791752 7.858876748876299E-5 -9.557266409594746E-6 
-1.1219292648299186 8.207529737903359E-5 -1.1168849681722042 
-1.1194431986515587 7.503004445632488E-5 -1.771518392896681E-5 
-0.9741652404113471 8.430890013440199E-5 -0.9503639841505455 
-1.0183403984957193 7.940657083440656E-5 -1.77088474123047E-5 
-1.0748606001926142 -0.9323700437287454 -1.0785137849047237 
-1.0600442205906004 1.0849001175311702E-4 -1.0603051498751932 
-1.0734711979543943 -0.9473705861642829 -1.0834782803968426 
-0.7678359614230821 7.940657083440656E-5 -1.77088474123047E-5 
-1.0730730482801352 -0.7726383438883689 -1.0652439686249215 
-1.1487053627006043 -1.1466254812309955 -1.147895893734671 
-1.097385154674471 -0.9956653063304084 -1.0910255639603046 
-1.1118022311282634 -1.0476986637012935 -1.1077698100209512 
-0.9254177739817248 7.432127104476372E-5 -0.9309932532631708 
-0.9979320956828556 7.929459329109793E-5 -9.565058692952471E-6 
-0.8281512390595143 7.858876748876299E-5 -9.55965271264725E-6 
-1.0924902236581677 7.452969199861869E-5 -1.0931175183381638 
-1.113062324148567 7.534085066859413E-5 -1.7546625102162494E-5 
-1.1296967906913775 7.545567467326463E-5 -9.642971732901393E-6 
-1.1348978470397035 7.511521947552788E-5 -1.7546625102162494E-5 
-0.8804599560399602 8.395041864378775E-5 -1.7975674849305012E-5 
-1.1000256335444893 -1.0197170290885167 -1.1008818481483054 
-1.071427492140565 -0.8864403590064245 -1.069845494759063 
-1.1118022311282634 -1.0616126328787505 -1.1077698100209512 
-1.0749854076262093 -0.8173856588427418 -1.0697823914485787 
-1.1334867315133053 7.546686403054003E-5 -1.136858337024654 
-1.097385154674471 -1.0077999877564663 -1.0910255639603046 
-1.0912944979404637 7.534981058884393E-5 -1.7710420503474575E-5 
-1.1254927946331272 -1.0956451333515411 -1.1224615513318625 
-1.1487056118705468 6.85919727732879E-5 -9.547585112357972E-6 
-0.9515721187529131 6.825925866923754E-5 -0.9592970532137113 
-0.9112319408519249 7.550722322336485E-5 -1.7710420503474575E-5 
-1.0018029446767875 8.418175409203041E-5 -1.0048861008866903 
-1.0733615888705161 6.853417325469613E-5 -1.0702512548178749 
-1.1003285561158749 -1.0358591037889775 -1.101639619836511 
-1.0996440980770334 1.0486420485622307E-4 -1.1034516255955624 
-1.0553963624344966 8.530735569506048E-5 -1.0489371465294082 
-1.0735639035148508 7.555162154542637E-5 -1.0804673871282147 
-1.0685971717991443 8.395041864378775E-5 -1.7975674849305012E-5 
-1.0717269598789132 -0.9064728048877078 -1.0712077716797297 
-0.9890982969810482 6.857658943656334E-5 -0.9890690826368813 
-1.120429616576155 -1.0843757606657014 -1.1208075793231473 
-1.1368700026951002 7.534085066859413E-5 -1.7546625102162494E-5 
-1.0337931492344685 7.535746826183053E-5 -1.7900924641185465E-5 
-1.1417302233244464 -1.1284157164629072 -1.1386231186713105 
-1.0731144394032908 -0.9192799888811538 -1.0785137849047237 
-1.1072545555969664 8.3967281905733E-5 -1.7542770816661763E-5 
-1.0712481370501232 -0.8513366796666739 -1.064641188385751 
-1.071427492140565 -0.8697578266068418 -1.069845494759063 
-0.95302809349461 7.932662814064989E-5 -1.7710420503474575E-5 
-0.7894808281518818 7.501283750385593E-5 -1.7546625102162494E-5 
-1.0877821120302855 -0.9894935221505062 -1.0878977151073372 
-1.0828098761682703 -0.9605415099368684 -1.0856680250701807 
-1.0715243549169227 -0.7972017154123362 -1.0699547388394102 
-1.1356445927789822 -1.1085309255116975 -1.1330392882764913 
-1.0810563952204921 7.503213088527728E-5 -8.425952084782085E-6 
-1.132098659440117 8.208784462046862E-5 -1.127669229525924 
-1.1219292648299186 8.207529737903359E-5 -1.1168849681722042 
-1.1150521012265329 -1.0678486869315345 -1.1208075793231473 
-1.0323747393776186 7.39630474939193E-5 -1.032387388065456 
-0.8555496404369836 8.566286875493906E-5 -1.7973297956825908E-5 
-1.0924902236581677 7.441584036265114E-5 -1.093859221108265 
-0.9820642894146143 7.858876748876299E-5 -9.55965271264725E-6 
-1.00246560634408 6.853417325469613E-5 -0.9890690826368813 
-1.110787431472515 7.432127104476372E-5 -1.111780917508598 
-1.1431085755646038 7.896051857639441E-5 -9.424140493214352E-6 
-0.9741655200731754 8.43040940886343E-5 -0.9767294359356028 
-1.0408042804103208 6.853417325469613E-5 -1.0443921247872143 
-1.1380850762565555 7.427202479057713E-5 -1.139246212145355 
