0.845482308448666 -0.754105191732143 
0.8257092111645493 -0.5036830397027383 
0.8265329303523387 -0.5195103193708603 
0.41285444377183816 0.20128097770491327 
0.8295464109051267 -0.5734221836027168 
0.015259287025777335 0.8722249406278997 
0.6212406545500168 -0.1707262855850039 
0.41934156614666074 0.11531443793996235 
0.210022599732724 0.4798081700276 
3.473267159363573E-8 1.0023805110668076 
0.06779773355383938 0.6847755076674062 
0.6276475528246154 -0.26431942417192406 
0.4191121569366409 0.1282069382909802 
0.644990685303875 -0.4200213155257381 
0.4234038296298414 0.06819844128515486 
0.22679812528632115 0.3574155142561616 
0.8321076461570097 -0.6145538433899339 
0.23521684632425874 0.3065822802209554 
0.24556955681418524 0.2637534687177041 
0.4173493581031322 0.1399484407934622 
0.824671070227108 -0.4828858320481661 
0.43427299378606665 -0.03837257898696834 
0.012879844490506345 0.8847571506900351 
0.8343343343987368 -0.6472038099371202 
0.8283933039369797 -0.5525255181413394 
0.21897157416865662 0.4120648654029427 
0.006213833548750072 0.9235017713497531 
0.0027133424735956597 0.9502110020518899 
0.20267411608576916 0.5362258017718252 
0.6185168750645574 -0.12423699588578017 
0.04289324276569767 0.7533159747283504 
0.8305892474579608 -0.5903876403066334 
0.20078200868416765 0.5487951378142496 
0.42667696851617637 0.03206214275289578 
0.03642193135127697 0.7791893413053999 
0.6393958317199498 -0.4020574714729899 
0.21649391364044013 0.4309322095232635 
7.678639972274366E-4 0.9748675114015442 
0.19820180390029157 0.5693041165772588 
0.4414009480212687 -0.0872651404773873 
0.6348217994880033 -0.3589132175731515 
0.18732997033630844 0.6454370937762446 
0.6200823146210797 -0.151128493403432 
0.8235267646151357 -0.45925136973002934 
0.4219731708566315 0.08374645083294807 
0.4454496965555506 -0.10608280075838651 
0.18496523720215916 0.6568454987303894 
0.4248669375442067 0.05094270334778391 
0.026885716864321674 0.8183123775365576 
0.05827393253175399 0.7051966915184333 
0.8518938811473123 -0.7715010409930063 
0.6298440512950213 -0.29907164771242656 
0.4321073535692405 -0.020437689412752952 
0.18235760137838017 0.6718415706828028 
0.19243310076326747 0.6089440682922871 
0.4286303494922722 0.014132107251843839 
0.8274703944632741 -0.5365404791871744 
0.6310773465870311 -0.3145428784267678 
0.6225580117035624 -0.19146778949453852 
0.8356864257895457 -0.6649796673745293 
0.2292168558973719 0.341568210135268 
0.02303758538052641 0.8354436885629271 
0.6260274282499767 -0.24436042043591327 
0.08198362373791128 0.6719003519211335 
0.22441030882041596 0.37310349034772144 
0.4145255013258936 0.1754853640109547 
0.23211824196247105 0.3236730716964544 
0.2216304945400139 0.3929085011480374 
0.21191753426744583 0.46546051086970525 
0.19606403388620441 0.5859608296529454 
0.833236227766052 -0.631409699441213 
0.1895402640574922 0.6286607631499358 
0.6453608345909326 -0.4399440155377745 
0.6246919005407914 -0.21067626478001245 
0.009896430637094056 0.9006514430655337 
0.43605721803997777 -0.05259557434251673 
0.6370775341727248 -0.38105480663914404 
0.840624861349956 -0.7196562313965502 
0.43033352306633105 -0.0036754422396457357 
0.2586567532701665 0.2448690011511472 
0.8386721787335643 -0.6992779222646319 
0.6249734976196951 -0.2282495862258348 
0.23970242700563973 0.285795614958441 
0.41631335436941974 0.15298348924322167 
0.8425147236992021 -0.7346972013456139 
0.4114339383081447 0.21629377196739832 
0.03127918340518859 0.8010339382794784 
0.020112483604441896 0.8561902021369557 
0.6284419949292697 -0.2804266621433078 
0.6528678901146223 -0.4563963714579406 
0.6324208365851484 -0.33182922843305845 
0.05079295343141248 0.7268094450600336 
0.4384731107462608 -0.06899703460841726 
0.8369068447837704 -0.6803043809562942 
0.42067714008035295 0.09969417859921023 
0.20423288894997008 0.5229726552771614 
0.20652974318216344 0.5056193106612094 
0.4094362980683326 0.24285375181672705 
0.21409560648122383 0.44896580397862407 
0.4521854247257649 -0.12083259140112534 
