0.4647734796137978 6.145534018142044 
0.4359572133297928 7.057098006406569 
0.9999999354798711 1.000000064566063 
0.4551901215626447 6.433759183242897 
0.4385531726128411 6.962187891143802 
0.610570996943905 2.470727760613595 
0.7582336681083242 1.3199306830214457 
0.7881987711424903 1.2854401548907664 
0.5297291059629924 4.2834523768965465 
0.7456715448846939 1.3618708598973448 
0.40296833217573413 8.373412345778092 
0.8434906317814268 1.1857486661101109 
0.4758331218406148 5.790061062455231 
0.6472542642501181 1.8675280688767004 
0.6359670347471413 2.0286220174950516 
0.6745141581099297 1.4826157538866482 
0.4965996660358729 5.170021102019283 
0.572408829851713 3.2648217205775025 
0.4606789966946203 6.243973906852595 
0.47586734302910555 5.715902746727277 
0.41992597567834145 7.783422061439559 
0.42318094300886866 7.559759060692251 
0.8758729887556427 1.1417348216322898 
0.6268977726338856 2.2614438551708953 
0.5661942519075861 3.383336254220532 
0.4203272084021453 7.660427428727762 
0.41269072906605136 7.972225486332903 
0.4561255499339637 6.3477650345624665 
0.43340526251292105 7.191341602727966 
0.9606805571425543 1.0409403547093525 
0.46519488439110074 6.059197621863989 
0.45187060848610816 6.518004572196624 
0.5567162160476615 3.5812877803829215 
0.6650284988090319 1.607745988684198 
0.49955070370528254 5.025936743807622 
0.5449126768903642 3.872428068527641 
0.3985257688283686 8.629246825535407 
0.5857686453362543 2.977473520789607 
0.5484382625482008 3.787819191509061 
0.8103288853146611 1.2350358291819699 
0.6503523286273811 1.8095359193763711 
0.4089020877125394 8.181032627931302 
0.5641245503530185 3.4363284624431727 
0.4300757863390645 7.2992436486258425 
0.6297122003548353 2.1202916269042165 
0.5354494483858708 4.0869445074972015 
0.5914499521365764 2.8367663006556656 
0.6274488977553032 2.1595483718894477 
0.6022297338336 2.6337122755679894 
0.5230213220657505 4.458404988849365 
0.39678771390252565 8.69404001688312 
0.588806451986195 2.9099281565470236 
0.46800189832365713 5.9761452431798165 
0.6594614651388631 1.6613936374320941 
0.5172718580615832 4.532996329895191 
0.5425856481220483 3.9591806786006223 
0.42588227985770705 7.4865353365081795 
0.6168476661570826 2.391330352149056 
0.7041743004962996 1.420170121831667 
0.9139938292492764 1.0940993052216366 
0.44950515775472694 6.637672017189864 
0.63907785059598 1.9558734150547628 
0.41751509073561816 7.828366389122956 
0.561337437190584 3.486074000985277 
0.5233915572495071 4.374350182938177 
0.4009035182796155 8.4941418130236 
0.5821024417315044 3.0360156572366916 
0.5385132647614157 4.012654680166401 
0.4778147415091299 5.6777866701223925 
0.4897606798462105 5.295029340024775 
0.4452672886737686 6.731103304780592 
0.41040496120345216 8.06616110709849 
0.41460765657362997 7.888199929500527 
0.6534761606635027 1.7142155173859701 
0.5977254558082674 2.717847526120454 
0.4259654944779482 7.437553330545894 
0.48587340542676366 5.408564332361672 
0.39903964684132215 8.567341536118168 
0.552446152866428 3.67624958626906 
0.48270026969845603 5.502470942428596 
0.6655632963229938 1.5479607426900204 
0.39370701654394136 8.792489768934345 
0.5139017675019033 4.630384948355405 
0.44067244823549623 6.889038223855145 
0.5061981844410887 4.83635278568954 
0.4795541325074366 5.613287526094328 
0.5943153982036425 2.7945301058088385 
0.4611085028571742 6.207447860695815 
0.47078981808602677 5.874825809380517 
0.49273296115996174 5.207139663807095 
0.5029709880216237 4.918963351249943 
0.42755136116930115 7.37439925948406 
0.3908530677245547 8.914142667513564 
0.5314595706532106 4.171816619858538 
0.45816193572626024 6.278443431611941 
0.4429716386173523 6.8075043159245725 
0.5765363033683314 3.1827244741846585 
0.5096930273211697 4.743128840251913 
0.578035023383934 3.1168388106560707 
0.40119775443253913 8.448064725382721 
