0.4647734796137978 1.8562812296968418 
0.4359572133297928 2.0765927810682445 
0.9999999354798711 4.5929947375917624E-11 
0.4551901215626447 1.928583624725116 
0.4385531726128411 2.05328958798782 
0.610570996943905 0.5085547119748247 
0.7582336681083242 8.15883436076581E-4 
0.7881987711424903 0.013182350462114542 
0.5297291059629924 1.2690693980484622 
0.7456715448846939 0.015508348033099625 
0.40296833217573413 2.3742200075978994 
0.8434906317814268 1.6789151120166768E-4 
0.4758331218406148 1.7551028309958596 
0.6472542642501181 0.20876550618723277 
0.6359670347471413 0.29013672908909116 
0.6745141581099297 4.5317033371072846E-5 
0.4965996660358729 1.5674307526611915 
0.572408829851713 0.8688127807502245 
0.4606789966946203 1.8764676347962423 
0.47586734302910555 1.7200114530978756 
0.41992597567834145 2.2684611032663344 
0.42318094300886866 2.199145968223586 
0.8758729887556427 1.469058946432087E-5 
0.6268977726338856 0.4176941157432217 
0.5661942519075861 0.9156255394102086 
0.4203272084021453 2.2198860762843644 
0.41269072906605136 2.2900635482336815 
0.4561255499339637 1.8953778172413913 
0.43340526251292105 2.1167652951504046 
0.9606805571425543 1.1159914348824254E-5 
0.46519488439110074 1.8187077372058509 
0.45187060848610816 1.9452946921537233 
0.5567162160476615 0.9937609816725088 
0.6650284988090319 0.06919690132089504 
0.49955070370528254 1.5107102371473344 
0.5449126768903642 1.1101351448867798 
0.3985257688283686 2.4389772255562576 
0.5857686453362543 0.7441106307974954 
0.5484382625482008 1.0773849762379604 
0.8103288853146611 7.852067846938482E-4 
0.6503523286273811 0.17683589890131196 
0.4089020877125394 2.3452413212055117 
0.5641245503530185 0.9385172487410339 
0.4300757863390645 2.1392279518631816 
0.6297122003548353 0.3351735057717877 
0.5354494483858708 1.188352182123041 
0.5914499521365764 0.6778052927454464 
0.6274488977553032 0.3550062455912935 
0.6022297338336 0.5860998427095955 
0.5230213220657505 1.3318408715725325 
0.39678771390252565 2.4496882628761285 
0.588806451986195 0.7133844733911817 
0.46800189832365713 1.796847318466048 
0.6594614651388631 0.0956250823133537 
0.5172718580615832 1.3447914341512228 
0.5425856481220483 1.14819461453081 
0.42588227985770705 2.1883827373473896 
0.6168476661570826 0.47508654673373985 
0.7041743004962996 4.7302126558582125E-5 
0.9139938292492764 1.3558496502098652E-8 
0.44950515775472694 1.9836678072110663 
0.63907785059598 0.24995537813101687 
0.41751509073561816 2.2684611032663344 
0.561337437190584 0.9568638455698012 
0.5233915572495071 1.289497954202679 
0.4009035182796155 2.405331337607153 
0.5821024417315044 0.7672721272125561 
0.5385132647614157 1.160867772176583 
0.4778147415091299 1.7129301701285145 
0.4897606798462105 1.5932971693761653 
0.4452672886737686 1.997140118302697 
0.41040496120345216 2.31039253621955 
0.41460765657362997 2.2705080873544867 
0.6534761606635027 0.12019897485118347 
0.5977254558082674 0.6245266513677203 
0.4259654944779482 2.168141082152092 
0.48587340542676366 1.6278775706342956 
0.39903964684132215 2.4187089409415843 
0.552446152866428 1.0309299409111397 
0.48270026969845603 1.656044207918201 
0.6655632963229938 0.030265854483359667 
0.39370701654394136 2.461664914920269 
0.5139017675019033 1.379563009174052 
0.44067244823549623 2.0358093400941613 
0.5061981844410887 1.4481529994326467 
0.4795541325074366 1.6918752300909805 
0.5943153982036425 0.6608322726258473 
0.4611085028571742 1.8623069896094162 
0.47078981808602677 1.7658081740853484 
0.49273296115996174 1.5657293457211579 
0.5029709880216237 1.4740958568203406 
0.42755136116930115 2.1529344411982962 
0.3908530677245547 2.4841200077320216 
0.5314595706532106 1.2171518696339465 
0.45816193572626024 1.876543795975151 
0.4429716386173523 2.0155313417198055 
0.5765363033683314 0.8349562029863392 
0.5096930273211697 1.4175396975623462 
0.578035023383934 0.8016419948015348 
0.40119775443253913 2.389344597124293 
