-18.847679821935976 -0.4594907326746274 
-16.13317941870863 -7.3380057251034625 
-16.76564048530875 -4.588564323703202 
-18.207576758294127 -3.1127583699961066 
-15.368502286393817 -8.674700390909923 
-15.258281988729998 -9.126621810913303 
-18.258565215092204 -2.8713745189520012 
-15.135819283092168 -9.646383599253923 
-16.598718541070593 -5.348296186931751 
-16.434158540493925 -6.14196004357418 
-15.183587461506256 -9.44302248870881 
-15.109683818399713 -9.757375110253427 
-16.67608704517785 -4.967775162447133 
-18.600955304307984 -1.2716866202781876 
-14.509183346368818 -11.59390647276592 
-18.034466975765476 -3.7544412132658196 
-18.65459291413339 -1.067745719530441 
-18.121881084543045 -3.4773044785633593 
-17.962986906091228 -3.8670614339666947 
-15.044658330123465 -10.030223061578539 
-17.942776686296735 -3.874619220218225 
-18.0976853933144 -3.565945886816507 
-15.30781585609138 -8.91972299325294 
-15.37044900177687 -8.667548663117604 
-16.01371591234936 -7.626911819684164 
-14.894998327323961 -10.623510505770241 
-15.005186060672319 -10.191000504407995 
-18.152966348667086 -3.353087019605057 
-18.524608737961294 -1.5962852837917014 
-17.973124111888225 -3.8590789033396313 
-18.070585205943594 -3.655131639841417 
-14.538546819573234 -11.564668731392334 
-16.6410343017681 -5.139193000598967 
-18.46365459379552 -1.8730730823872166 
-18.57735342717524 -1.3710637736095215 
-16.456063971883623 -6.038082311672172 
-17.997607904807538 -3.828070441704248 
-18.179801014767307 -3.237803930809704 
-16.550575401500268 -5.584815963155465 
-14.830930878116039 -10.852160694576366 
-16.094223445006477 -7.4479457073121935 
-16.03263861307569 -7.591328044070156 
-15.933592766485027 -7.729982134051567 
-14.497693083513253 -11.60385503115261 
-18.379192811819777 -2.278253624565594 
-14.862706165217306 -10.741881053720274 
-16.054697337176098 -7.54423159587618 
-18.23840276955447 -2.9676208033439706 
-14.73682391411057 -11.150134675393142 
-16.24974752146673 -6.935500210603783 
-15.080619587552132 -9.880245668239047 
-18.013360102274575 -3.80034431859408 
-16.38316307454284 -6.375230146844494 
-15.332232285456996 -8.820534652591748 
-15.252512943017468 -9.149970020894326 
-15.207859345555642 -9.33975002363236 
-16.47733629097477 -5.938676383226456 
-18.720325481190166 -0.8363450218178687 
-16.216011889248232 -7.060816242831561 
-19.9992322258716 0.0017116387599965801 
-18.337097355308757 -2.485695982452655 
-17.987556161276704 -3.842626717600533 
-18.2849366382637 -2.7429107297250512 
-16.1290634822863 -7.350127441046476 
-14.609536612396862 -11.45552256353563 
-16.423368488434985 -6.192129750516444 
-16.313253847222473 -6.6792532951186745 
-14.633249648791136 -11.408798291062453 
-18.06139910222967 -3.6826241538708806 
-14.472485434509643 -11.618843361461437 
-18.501839681674838 -1.697212231049739 
-16.34320729840065 -6.551562001236297 
-15.972024419255348 -7.691494110844726 
-14.574454373175822 -11.513395208610833 
-16.183254839834284 -7.177167725552883 
-14.923287479824694 -10.517251225629273 
-14.670217312884406 -11.325466182822728 
-16.515830644263147 -5.7515947403731085 
-17.952264894941727 -3.872557357564741 
-14.960536240801872 -10.37253497107263 
-15.976163764708268 -7.685914970565447 
-16.279489273545018 -6.8182384766665 
-18.436850518676334 -1.999383826447262 
-14.796135848390144 -10.968428656423157 
-15.941647094133806 -7.723978060539293 
-16.16604760592206 -7.234281750605222 
-14.704972629223088 -11.2390013686591 
-14.767068880461794 -11.061376261455273 
