1.727067667047309E-5 -1.8357488378982048E-4 -0.6119407576062652 
-1.0728590736268602 -1.842898923013481E-4 -1.0756841808970397 
-0.7358330057780837 -1.8859430903683772E-4 -1.032576034355047 
1.7266330537676166E-5 -1.7316692776511453E-4 -0.9874248147211379 
-1.0665919213191277 -0.7705041162381916 -1.0697340862468745 
-1.0707512001090063 -0.827842209903805 -1.0697340862468745 
1.727064730666123E-5 -1.8374855409588744E-4 -0.9564476329315841 
-1.070790633384892 -0.8921533314761737 -1.0697340862468745 
-0.9457948605273983 -1.7237545439285868E-4 -0.918310651547889 
-0.9798709469239995 -1.843764801673798E-4 -0.9838324730205449 
-1.0707512001090063 -0.8673660306523218 -1.0697340862468745 
-1.0707912980322585 -0.9028113822184607 -1.0744216337841523 
-0.9857755410927711 -1.9617489896566398E-4 -0.832956983970107 
3.3216366984822887E-4 -1.848558798412978E-4 -0.75311711261032 
-1.1435819432279581 -1.125677786032681 -1.1438445128801458 
1.760975738409816E-5 -1.7278087925930898E-4 -1.0940060001899805 
1.760975738409816E-5 -1.7268657040969915E-4 -0.7222741215463845 
1.7258754374322998E-5 -1.8357488378982048E-4 -1.039889496316558 
1.726939597636614E-5 -1.848558439710503E-4 -1.1386714604154795 
-1.0724975771270446 -0.9346323461619828 -1.0750090840274138 
1.7714315858812182E-5 1.5938187116202213E-4 -1.1514089493723323 
1.727067667047309E-5 -1.8357488378982048E-4 -1.0548064222311593 
-1.072769542098997 -0.795923802490253 -1.0753980511568935 
-1.0707512001090063 -0.7665259628321369 -1.0697340862468745 
-1.1137889619455166 2.371686816457469E-4 -1.1090788368747655 
-1.0907900729182465 -0.9886536320678991 -1.094492931837939 
-1.0725337573905809 -0.9548210403003424 -1.0744377104191294 
1.7276221319337513E-5 -1.7327105759375793E-4 -1.02080272862336 
1.7266327217002748E-5 -1.848252505487495E-4 -0.7979220631656974 
1.7714865833913863E-5 1.5922056961244766E-4 -1.1323425326336212 
1.727064730666123E-5 -1.8357299009301857E-4 -1.0715670155341943 
-1.1373162732828217 -1.1187170266636077 -1.1354447046721234 
-0.9457948605273983 -1.9626363143301678E-4 -0.8929515430389979 
1.760975738409816E-5 -1.7339394742931391E-4 -0.833814204950756 
1.760975738409816E-5 -1.7278087925930898E-4 -0.7670959334197344 
-0.9854212603535332 -1.7290528457590174E-4 -0.9649819348777335 
1.760975738409816E-5 -1.7290186624136368E-4 -1.116995724376692 
1.7266327217002748E-5 -1.848252505487495E-4 -1.004359397779239 
-0.9522949887184083 -2.0234982068037316E-4 -0.9408255941022214 
-1.1029713290178902 -1.0122728533158292 -1.097561227141596 
-1.0845317674302135 -1.8074165591953345E-4 -1.0881874525059851 
-1.1076618981272481 -1.9207212618767072E-4 -1.1033961362880418 
-1.1337006234367566 -1.9318863381034425E-4 -1.1393273311346999 
-1.1435819432279581 -1.1313176945123093 -1.1438445128801458 
1.7714901569040662E-5 1.7359750844305017E-4 -0.8839592696845922 
-1.0899396455135446 -1.0043860397864282 -1.096021786723034 
-1.1019109351934429 -1.7738461432410991E-4 -1.0953991344861274 
-0.9686480745949931 -1.8475484631275853E-4 -8.117375053904754E-5 
-1.1063794884872784 -1.0485896952421718 -1.1134614123501012 
-1.035200733198225 -1.842898923013481E-4 -1.0413501452485536 
-1.0725630812282014 -0.9164508836242988 -1.0747680878671038 
1.7266330537676166E-5 -1.7316692776511453E-4 -1.107157482876111 
-0.9998101267655988 -2.0033664660697208E-4 -0.994972082104772 
-1.0665919213191277 -0.7905288049725813 -1.0697340862468745 
-1.0706310187510728 -0.8273457990642075 -1.0753980511568935 
-1.0707512001090063 -0.8546248605209833 -1.0697340862468745 
-0.9697405038125473 -1.7772666872030579E-4 -0.9677236166314027 
1.772144031081784E-5 1.7359750844305017E-4 -0.6844425283440243 
-1.0463457843774513 -4.849865252760568E-4 -1.0509863803261994 
1.7254662190690927E-5 -1.8294106055823732E-4 -8.117375053904754E-5 
1.760975738409816E-5 -1.7290528457590174E-4 -0.9091414067026329 
1.760975738409816E-5 -1.7290528457590174E-4 -1.1232836179572074 
1.7714315858812182E-5 -1.804071355014331E-4 -0.9405116406069578 
-1.076490496292966 2.2912439721095769E-4 -1.0746040699973938 
-1.1288172471826752 -1.0928966302774383 -1.126295560497098 
-0.9864382894962433 -1.663794888518218E-4 -0.9838324730205449 
-1.0218439262159413 2.3235577799359734E-4 -1.015701673975234 
-1.1194926493847825 -1.0870900922217253 -1.1242889932762599 
1.725411394596578E-5 -1.8484621343640525E-4 -1.0772595273030459 
-1.1459295748180758 -1.1414200274458217 -1.1459616340013519 
-0.8112751182175917 -1.848558798412978E-4 -8.117375053904754E-5 
-1.0109361344588734 2.4258038867487616E-4 -1.0082633473617604 
-1.124233684697656 1.6349115141894646E-4 -1.1247018572428191 
-1.1321505088500883 -1.1100352181826743 -1.1230830374725322 
-1.060929712812139 2.3595669495509047E-4 -1.0566233394876794 
-1.0832058054623626 -0.9834407054387833 -1.0859202066255462 
-1.111406941654878 -1.0758523625119858 -1.1190070972416561 
-0.9733564809923854 -1.8029880789837972E-4 -0.9408255941022214 
1.7714315858812182E-5 -1.749495264587089E-4 -1.1454204331976678 
-1.082922115937966 -0.9655740247097295 -1.0848026637721466 
-1.1242297755830284 -1.9218504952984744E-4 -1.1221146834404763 
-1.0256891512981887 -1.8859059912827876E-4 -1.032576034355047 
1.760975738409816E-5 -1.7290528457590174E-4 -0.8496740661384985 
-1.0948587894539348 -1.033394839976618 -1.0984346685726363 
-1.1337006234367566 -1.9315197770438536E-4 -1.1342721065537809 
-1.067235207724081 2.5655599981240615E-4 -1.0609572753309504 
-1.1117673295936767 -1.0610508491365511 -1.114254069197882 
-1.1028142481979304 -1.040583273756089 -1.1039514642418586 
