0.3891496786328673 8.987989451040743 
0.3891496786328673 8.987989451040743 
1.0 1.0 
0.41474258901526384 7.8814950713573335 
0.40453409118746086 8.410897485018015 
0.3938591031452657 8.784310576597896 
0.5538894856308328 3.648377862244219 
0.5930171018271226 2.8204585028774556 
0.5723143201360512 3.288999804153372 
0.42552687710723136 7.453777765502981 
0.6411880454232283 1.9190784305003512 
0.48198470631251455 5.550318673935419 
0.6723097160367802 1.487784117637018 
0.5239296455811826 4.426935436625288 
0.5771300859023042 3.141468666909904 
0.4071675387581255 8.21589054332379 
0.7104866192522419 1.4078774936701937 
0.6950377434895942 1.4392565832111306 
0.48959232730481095 5.308144813954983 
0.7780500247836873 1.285268995011109 
0.4721416995795372 5.965966407337853 
0.6113355277404728 2.466398856330171 
0.42220299559803126 7.736897662753886 
0.973454050361757 1.0272700926586824 
0.6309661315756494 2.095501128260081 
0.685459912375742 1.4593671049712125 
0.44937581476153876 6.57872881093686 
0.4848916017138023 5.448944537404597 
0.45227563733062637 6.524973860927273 
0.5652196627759816 3.4677740822672476 
0.653265020243492 1.7725204540838302 
0.5473235198895717 3.7912785878189683 
0.767356969321056 1.303383633573315 
0.5617889551978392 3.488950929396843 
0.42327783820714276 7.62574505799639 
0.9110155684219231 1.0976767416220925 
0.4675222713887952 6.039000822731472 
0.5376799097031854 4.025855993963042 
0.8962249925306803 1.1162858492098513 
0.6180304299432138 2.394002058132727 
0.8319019722374161 1.202064706386697 
0.597854658753252 2.734529047494052 
0.9278467219584162 1.0777642215400511 
0.5183677229577573 4.650670854470375 
0.6619971550738868 1.5748925999667098 
0.6395364152427001 2.0457824459124443 
0.6282209576173091 2.2459556149949966 
0.5315342513251455 4.224318253469841 
0.4753055944468045 5.747886598253101 
0.6519654087160734 1.7760537519918418 
0.5836054205766921 3.038404003283473 
0.5301041042133945 4.235714876324293 
0.5112144959530496 4.715745895592176 
0.8596182748529849 1.1638104967292615 
0.5187054049585289 4.498289009382863 
0.39780359388793374 8.603888035537961 
0.6209902621575217 2.274105830584599 
0.7997746504620459 1.2503583591181817 
0.7401052266684783 1.351376100157573 
0.814655743817882 1.2281976538405677 
0.49387972455906975 5.188029946203011 
0.504744765390824 4.975439998296682 
0.606108850806343 2.6073880881026716 
0.474391308118503 5.758964402680532 
0.45673753327507144 6.333923530881393 
0.498768970946791 5.035051177881494 
0.4619009309208774 6.157135227816637 
0.8442110562184835 1.1846906795314975 
0.41001536272899886 8.092757106151321 
0.8647937808398296 1.1568303772054598 
0.4317925374387157 7.266385834515032 
0.44140052410220093 6.9244443852772495 
0.8767824626490316 1.1410504105003667 
0.4352138188176456 7.105487122292545 
0.45673753327507144 6.333923530881393 
0.7202382866490206 1.3885043974225106 
0.7516736804317572 1.331088070324171 
0.7557623737476927 1.323185274686817 
0.4317925374387157 7.266385834515032 
0.39775335280472646 8.604974811178321 
0.7928306610701022 1.2613095944931176 
0.4441971446343611 6.7625796955564 
0.5473002216463775 3.893186131478691 
0.5836054205766921 3.038404003283473 
0.4352138188176456 7.105487122292545 
0.947829942989936 1.055041824654309 
0.9332098907632043 1.0715705433490583 
0.9871854874251901 1.0129810778839115 
0.66215099159234 1.5745267075983636 
0.4441971446343611 6.7625796955564 
0.509407350024468 4.832873475154343 
0.44140052410220093 6.9244443852772495 
0.498505686666657 5.152208959560451 
0.8129471011042806 1.2307790653115558 
0.5376799097031854 4.025855993963042 
0.9050039300330772 1.10498040292254 
0.8827677920834466 1.1332486262947143 
0.7330555930716484 1.3645564955542786 
0.9435381491240571 1.0598408030795599 
0.5059213217731129 4.866174173789789 
