0.20131517237231972 0.5471697282083776 
0.06314482697353008 0.69448548183256 
0.2375996627485322 0.2958707090060657 
0.18556679134539283 0.6536618863413332 
0.2131799675378732 0.45674104042120534 
0.43708922411328416 -0.054657150495561205 
0.05804058729187969 0.7068524475494676 
0.8474021428901637 -0.7605867369955676 
0.030183068109147875 0.8067536098780458 
0.638954492241983 -0.3858476917951178 
0.19132642539092976 0.6176928580799761 
0.6217113702431998 -0.17641064195927872 
0.4146014228351726 0.17486985158201404 
0.013796278717199184 0.8816870341258616 
0.8432378290318655 -0.7403239880669201 
0.19940416023444218 0.5608722420684955 
0.825642855816663 -0.501518269682859 
0.24237294973326942 0.27560141681452854 
0.6330820170695015 -0.33866724433015755 
0.2060417562248384 0.5197043213989221 
0.6452350779078645 -0.43640592410688256 
0.62284031891122 -0.19422104191139083 
0.4194984103171775 0.11426886297712421 
0.8519573655292332 -0.7712939417309365 
0.0011461272242851706 0.9701064175256007 
0.43891937669928516 -0.0716860665889865 
0.21081145316933744 0.473513334412687 
0.19697535221958012 0.5771167169745742 
0.2342757736128048 0.31297840387966275 
0.01813518160141156 0.8606175750024975 
0.45416632452764233 -0.1208923424303989 
0.24913896271752978 0.2564217799437599 
0.417944895423646 0.1355845048888713 
0.2257521424882375 0.3668472294394513 
0.6396952167059862 -0.40389427212289886 
0.05330301973513565 0.7241810967046667 
0.6347898635792312 -0.35597238262082664 
0.43111899956925526 -0.010769105465256827 
0.23118839301588417 0.3295424712167588 
0.22805477860614834 0.3484508716755649 
0.4251683384365921 0.051700031969576184 
0.8286395309302862 -0.5486342648361296 
0.6202522019283452 -0.15300037136071928 
0.002886155861977234 0.9497636878488236 
0.42888471065141137 0.010402910645071926 
0.422755731462118 0.08115715667939853 
0.0223302615932795 0.8395292109169188 
0.03721976629098829 0.7758324605648949 
0.8293947830386277 -0.5689798001667314 
0.20913122869587525 0.4889363407682776 
0.19455998858755538 0.5954795409236763 
0.6367494327882706 -0.3693398409516966 
6.374831459285323E-9 1.0148283966325335 
0.0427832689334776 0.7547421747342743 
0.6250436862700901 -0.23021381373904837 
0.412034900490916 0.20874471025101127 
0.6279876847829475 -0.27301068360956254 
0.20287891939106778 0.53481701576437 
0.6262901952587183 -0.24872768198436768 
0.8356392588699839 -0.6633267092440871 
0.034790879864280824 0.7900337723045129 
0.6187410816053567 -0.12479856735183134 
0.8306105599952447 -0.5848139024825655 
0.005986133348789668 0.925598595089308 
0.22284447642329167 0.3833959712682945 
0.4364456290705547 -0.04511612170822034 
0.630048691921971 -0.30046332671271075 
0.4425508114407353 -0.0933204815092678 
0.4263635685088968 0.03502168509644214 
0.6421831169846979 -0.4200310910167242 
0.18288986153569073 0.6702731590246835 
0.22063045437213064 0.4001569865794019 
0.04778518498438228 0.7377337488707606 
0.8374080142691536 -0.6854755839606905 
0.20694391052953698 0.5032764599327654 
0.02571331836214917 0.8250734023821455 
0.8243253364130345 -0.47574791393607185 
0.4095150933246544 0.24113434970832368 
0.4331738439548208 -0.02855931421866181 
0.6237536119897705 -0.20947562682288245 
0.18808664922701618 0.6376639531020565 
0.8268087468858152 -0.5226258700076151 
0.8342662475037521 -0.6437508287211964 
0.8310821240757145 -0.5978709050259369 
0.07935985464255851 0.6740816546342302 
0.8396027745300136 -0.7044512613593509 
0.8406629990486252 -0.7194876987052002 
0.42109125999486374 0.09639878767808771 
0.4162657920214712 0.154787593007366 
0.41318473110337633 0.19425318781612272 
0.4110133603702141 0.22518138427379306 
0.65285156016144 -0.45542659499547106 
0.8324919152668282 -0.6186061986986235 
0.631675551247759 -0.320744077239103 
0.21609266405706026 0.4341349204964458 
0.21848727369266344 0.4171717325054395 
0.2572132657253017 0.24460858153006917 
2.5677693576615923E-4 0.9909454008189167 
0.009504315222553378 0.9045866765192602 
0.823369031057431 -0.45600632715656897 
