0.45399530218354417 6.500259001115085 
0.6666814396759628 1.5543451313977854 
0.7427351617538946 1.3709977575581136 
1.0 1.0000000000000633 
0.5747354429922631 3.3103683885203283 
0.5826434848336314 3.1235026820952365 
0.4419075515421468 6.88209013051523 
0.43645836438298163 7.043501273061941 
0.6229718176687103 2.2448234211419935 
0.5058062656530548 4.842633699167855 
0.4455192910534568 6.725784325111368 
0.3966160615632617 8.653618115470847 
0.5700063453716449 3.3366372626804557 
0.47644752427585396 5.728464500854476 
0.5916229977805036 2.901621884616941 
0.6470591558584228 1.827000802724668 
0.8936525928641617 1.119003075679879 
0.5802256672749346 3.26610022347668 
0.4501067035310689 6.579672959128555 
0.7082130332737002 1.4138960338241984 
0.4639080571334488 6.103986920336915 
0.7898752470397706 1.2699568161252295 
0.5265910290949276 4.297795759580457 
0.39079625678764385 8.95385317061562 
0.4340494724658562 7.1343314870515915 
0.6441984430478831 1.896981524492634 
0.6116008061378786 2.4628330095247533 
0.4235814577769987 7.544663099609635 
0.5209582995938934 4.4968233908690545 
0.636885179660282 2.062337786131864 
0.41989796748139635 7.673746934759059 
0.5009352916549965 5.010034341870513 
0.6432660385862491 1.9577807134869154 
0.4273778551679388 7.387483546312052 
0.5938597023252138 2.7993574853095406 
0.48878232819597833 5.364206578352005 
0.4742884956613155 5.790913061996494 
0.43899038033879917 6.957813691008454 
0.4777794877985314 5.652896042186016 
0.4672720993284371 6.00747861776546 
0.3934138797741379 8.801487904654374 
0.4602869677986456 6.210460890728088 
0.6628916206487986 1.61918554382561 
0.5577351216810672 3.558681046045749 
0.6213131994779757 2.379593285544245 
0.40659268364226975 8.22991860184204 
0.5149273073528194 4.597666980806952 
0.6849718236909048 1.4618697648797694 
0.4111005168244539 8.029380653028094 
0.6075000298680228 2.5261412748614296 
0.42218621334190265 7.605309081185117 
0.5651932375821518 3.402633809837405 
0.492144417412649 5.258936672788669 
0.4470158544078807 6.6623796870583645 
0.639865218351735 2.0045388228269148 
0.6667307302998884 1.501865075872381 
0.8181335078989703 1.2222943937106505 
0.41294160622016673 7.967793824166169 
0.9319160253628651 1.0730580575764355 
0.4320493785365304 7.205405585588596 
0.5383953466053499 4.025905722696678 
0.5540692442046179 3.6603984063870336 
0.6007861939229762 2.6611194370988818 
0.5844652940328225 2.9806776085767175 
0.49474967555483274 5.154668421236247 
0.4718476745531226 5.880956450108659 
0.5483907488022604 3.779896356812465 
0.607120756134956 2.5932569138399284 
0.4028268835453039 8.382604828176794 
0.7573841987761676 1.3203338566632423 
0.857695399875225 1.1659150791309927 
0.39239143478605093 8.845694906603676 
0.39847904234728027 8.569137101734285 
0.5074943659242059 4.813831298581182 
0.5458659441876917 3.8327770901600626 
0.42697827024529017 7.467337367215352 
0.4292739115089972 7.309862639453577 
0.3955696145959429 8.740930028099418 
0.5231339225674221 4.3923573709557555 
0.5112063307593961 4.694904496972141 
0.655190497343972 1.6935185858821975 
0.49698797003236345 5.085229634737546 
0.6526492960620832 1.7648942208313703 
0.5331017183807576 4.146238757169456 
0.5305051296996207 4.2086973147915945 
0.4178541205922501 7.785802388329392 
0.443078403851455 6.802597236010527 
0.4686729426265233 5.937436238646754 
0.5513474517364949 3.731963379896424 
0.48461389845022296 5.512565073144492 
0.45553249585648176 6.389762854781881 
0.4848393259228235 5.445002376620634 
0.5399118002661571 3.970359436113029 
0.48045538715383906 5.578678626364799 
0.6287843469478376 2.1334711946554674 
0.40062934308184917 8.48399311659569 
0.40939242851240354 8.099388699183756 
0.5425963406362714 3.9056775611052337 
0.45762486320153206 6.3065162077956 
0.41519524279046593 7.878945667661036 
