0.45399530218354417 1.9510870494825459 
0.6666814396759628 0.03625304995359907 
0.7427351617538946 0.01828824122415229 
1.0 6.335713525947853E-14 
0.5747354429922631 0.9025860422438151 
0.5826434848336314 0.819888487583163 
0.4419075515421468 2.0412475990683587 
0.43645836438298163 2.0741950451700637 
0.6229718176687103 0.3984617270141205 
0.5058062656530548 1.4494344673017316 
0.4455192910534568 1.9964666643020688 
0.3966160615632617 2.432163935230542 
0.5700063453716449 0.9019044119313355 
0.47644752427585396 1.7293127293342307 
0.5916229977805036 0.7166662378025894 
0.6470591558584228 0.18217759716368462 
0.8936525928641617 4.295584389724088E-12 
0.5802256672749346 0.8950751815535698 
0.4501067035310689 1.961554905945867 
0.7082130332737002 0.0013395988482898732 
0.4639080571334488 1.8316887129814814 
0.7898752470397706 0.0031074538667560936 
0.5265910290949276 1.2631806918772888 
0.39079625678764385 2.499132302902761 
0.4340494724658562 2.0966528183512905 
0.6441984430478831 0.2220325445687545 
0.6116008061378786 0.5062706540083166 
0.4235814577769987 2.1957793941689787 
0.5209582995938934 1.3426574672811884 
0.636885179660282 0.3134723714407802 
0.41989796748139635 2.222190740871924 
0.5009352916549965 1.5097030142464543 
0.6432660385862491 0.2593738439852883 
0.4273778551679388 2.157246873111283 
0.5938597023252138 0.6624256029277829 
0.48878232819597833 1.621929380291076 
0.4742884956613155 1.7465634446797793 
0.43899038033879917 2.054413278542305 
0.4777794877985314 1.7008377756139799 
0.4672720993284371 1.8071271453939641 
0.3934138797741379 2.462627504355225 
0.4602869677986456 1.8585942120253072 
0.6628916206487986 0.07334452927766477 
0.5577351216810672 0.9848014062404334 
0.6213131994779757 0.4784727176978031 
0.40659268364226975 2.346224690480392 
0.5149273073528194 1.3674642785318911 
0.6849718236909048 0.0013395988482898732 
0.4111005168244539 2.300882536240121 
0.6075000298680228 0.5346308999291635 
0.42218621334190265 2.2108566422803295 
0.5651932375821518 0.9231456192884948 
0.492144417412649 1.5881563250395943 
0.4470158544078807 1.9781893482001038 
0.639865218351735 0.2826346715626737 
0.6667307302998884 0.0013395988482898732 
0.8181335078989703 1.1739629769835763E-11 
0.41294160622016673 2.290233579782303 
0.9319160253628651 2.282823390098272E-13 
0.4320493785365304 2.113091005357198 
0.5383953466053499 1.1675289069717398 
0.5540692442046179 1.0281141785146515 
0.6007861939229762 0.59876381818909 
0.5844652940328225 0.7421026149138414 
0.49474967555483274 1.5502705289993748 
0.4718476745531226 1.7749156251319576 
0.5483907488022604 1.0728601935073232 
0.607120756134956 0.5744200983826997 
0.4028268835453039 2.376738578926275 
0.7573841987761676 1.4593710115726178E-10 
0.857695399875225 1.5811372712648524E-11 
0.39239143478605093 2.470974916081879 
0.39847904234728027 2.4146215460416265 
0.5074943659242059 1.442992262539554 
0.5458659441876917 1.0921824851811763 
0.42697827024529017 2.18839079239163 
0.4292739115089972 2.1379333278317194 
0.3955696145959429 2.4576463224253917 
0.5231339225674221 1.2977911407860137 
0.5112063307593961 1.4000649011629167 
0.655190497343972 0.10957728454541704 
0.49698797003236345 1.5272979533166302 
0.6526492960620832 0.15185697084963262 
0.5331017183807576 1.2103670062639338 
0.5305051296996207 1.2327355148499604 
0.4178541205922501 2.2533296100804185 
0.443078403851455 2.0140839253758642 
0.4686729426265233 1.7827157136239307 
0.5513474517364949 1.05760849947981 
0.48461389845022296 1.6714656505570904 
0.45553249585648176 1.9107446211698282 
0.4848393259228235 1.6399512819289201 
0.5399118002661571 1.14364391085551 
0.48045538715383906 1.6803061992369466 
0.6287843469478376 0.34149329186346106 
0.40062934308184917 2.3989365890126613 
0.40939242851240354 2.3158284090247547 
0.5425963406362714 1.1192063523608968 
0.45762486320153206 1.886018616870706 
0.41519524279046593 2.2713007594174135 
