0.4095761191239859 0.24101991269244327 
0.22478334116715595 0.3705104567514086 
0.0695367779068769 0.6821266090399148 
0.8281626176407494 -0.549088837227423 
0.8392281955154555 -0.7063342262900073 
0.6249071567780027 -0.22886553696970868 
0.42642064801731827 0.039971444190672875 
0.24007474495876968 0.2856868664861475 
0.4401089518526364 -0.08113227164072387 
0.4430487146526576 -0.09651088137433188 
0.055318773795289405 0.7131952593871038 
0.0013209841346324414 0.9666899326482832 
0.6330997106532782 -0.3397721466755059 
0.25582746417097635 0.2449541190730173 
0.2437965570393625 0.2694851001311871 
0.18613968961610566 0.6501878816823382 
0.22187852547336684 0.39087483735863154 
0.1889622342366079 0.6316339922647033 
0.4207988172409208 0.10063038317829336 
0.23582109344061347 0.30439610784613874 
0.8295098685058049 -0.5722246616023376 
0.2304927350859124 0.3390566610580081 
0.8458340236238835 -0.7562828017198774 
0.6446782370512507 -0.4363175578869487 
0.04947723144762828 0.7307194670870624 
0.19956310590788487 0.5636421158712777 
0.41682801144258064 0.14729069426907967 
0.8270343882113949 -0.5287867575612949 
0.02927294909674637 0.8087158533913372 
0.4459714360314005 -0.10849928798341026 
0.6283922617291587 -0.27983226120744326 
0.1945526859652471 0.5952180472432527 
0.04444337731540543 0.7485025471423085 
0.418490600984308 0.1268587546632857 
0.2119031477997405 0.4646005309287006 
5.270331878598489E-4 0.9798077134062989 
0.19662374803913882 0.5796318584680044 
0.0023313386463272613 0.9540579111602405 
0.6314836778267685 -0.3204639565368258 
0.4115756614380012 0.2141891040929734 
0.018434455642499403 0.8593587597274976 
0.20148661164236242 0.5439657581232502 
0.4310270100112083 -0.010669432727817826 
0.4346452976883621 -0.04212813380232641 
0.21448399203250307 0.445319893801084 
0.6258764582353519 -0.2430584070101517 
0.22687941180013121 0.35724504376799443 
0.06216419408604534 0.6968924806497803 
0.4232013172647451 0.07091872246416726 
0.8257167921954098 -0.5040373635825917 
0.6349166799339354 -0.359950523932722 
0.42841151638513686 0.015966495559917016 
0.8244286477616477 -0.47870982640386156 
0.20909748735633377 0.48557507279837614 
0.8307260663166809 -0.5928577285500121 
0.627105075055505 -0.2612327911676313 
0.6516679637131957 -0.45627065126415334 
0.00757928816703742 0.9192966528612859 
0.20674099587454517 0.5038226509563752 
0.4215933642289862 0.08856248005454082 
0.010334005127169962 0.8983445372988138 
0.4334194398657161 -0.02692271620604561 
0.21958824145914063 0.4075963007075465 
0.8525462883494507 -0.7717476719173836 
0.19203127086397404 0.6118657968754708 
0.4147627906283578 0.17272826133960031 
0.21677475991724865 0.42869877207755575 
0.8361584328280202 -0.670707863578035 
0.03959862229864275 0.7676276247758806 
0.18222630204160434 0.6723746446793815 
0.6224184397969845 -0.1902434989737026 
0.6202290562540844 -0.15380601157164836 
0.02604228118745583 0.8222332745462745 
0.013675135340579625 0.8797945328016759 
0.8318688964552853 -0.6111216719769065 
0.8346859006945992 -0.6523548163734799 
0.41317546284854195 0.19330257841496234 
0.24822428363584584 0.2560461856193027 
0.021873123888750873 0.8415800980792508 
0.23208898236586026 0.324090267381556 
0.8235292805775503 -0.4603346900414143 
0.43693503856886323 -0.059184716728279775 
0.08069570092139847 0.672958867231172 
0.6363899429269918 -0.37459860146467777 
0.8375900428498759 -0.6883685625242815 
0.6185083137578384 -0.12449733996059313 
0.841081926852238 -0.7229364768597225 
0.6410793974969664 -0.41459965605661514 
0.8334149793215838 -0.6333132020318921 
0.6238217103489472 -0.211420121723817 
0.6386446853374027 -0.395116342126072 
0.6213648431713076 -0.17189074350987502 
0.454052821438071 -0.12204244547607451 
0.8430270165765759 -0.7397576035419987 
0.20336125082650094 0.5300949311040541 
0.032157508338021834 0.7955594008370521 
0.6300479418908959 -0.2970130088784323 
0.036141843500200665 0.7797648787346779 
0.42966084952112965 0.00218765032202088 
6.994262148618535E-10 1.0029476904593857 
