-17.965084095748328 -3.867014104863933 
-17.965084095748328 -3.867014104863933 
-19.999775404931242 7.271119119135173E-4 
-14.654349003644487 -11.362316542596444 
-18.64664822029321 -1.0997766763344456 
-15.396566931166747 -8.562698415791825 
-18.029589116474362 -3.7677704087749033 
-18.275960288160388 -2.789714344380344 
-14.75970584208675 -11.08373301959642 
-16.47777857672544 -5.937525038800297 
-14.996819083104334 -10.227117446796983 
-15.023263743654079 -10.118715180746145 
-16.0374517320818 -7.582542278901914 
-17.956185010978178 -3.8722107716600664 
-18.42804700987079 -2.044119137412711 
-15.35603573136226 -8.724590994996893 
-14.47887304990639 -11.615395243428807 
-18.75931867784158 -0.7131544016807057 
-18.6675872711333 -1.0223516568327797 
-14.512231844415547 -11.591816274632619 
-16.13879000048885 -7.3199656821227705 
-16.08055112515192 -7.483903380077765 
-16.60452776107939 -5.319932462490222 
-18.318926901304373 -2.5783214594937456 
-16.254286757604454 -6.919170615192078 
-18.07714748538171 -3.636892691380501 
-18.10659162860009 -3.536673484426941 
-16.541706696291662 -5.627580113433625 
-18.15267667159569 -3.3568122272020187 
-17.95607344315178 -3.872263219706313 
-18.11860909828289 -3.4907804979946735 
-16.327004437865753 -6.619053744230568 
-18.47577835324774 -1.8194898808355089 
-18.579382935694753 -1.365180507702313 
-14.808884613458503 -10.92764953867967 
-16.114429228318166 -7.393680439929879 
-16.28349904844316 -6.8021758267746915 
-17.94964437858085 -3.874568847372394 
-14.878284258251686 -10.685422152468991 
-15.269939258976375 -9.074864512658763 
-18.53257886257189 -1.5640688930731754 
-14.47887304990639 -11.615395243428807 
-15.982296069240856 -7.678381529357747 
-15.238067058475778 -9.211408007430883 
-18.217466406613987 -3.069636998932939 
-16.59263385387132 -5.379807781294517 
-16.508069921917485 -5.792359823305164 
-16.1683850887206 -7.227890504711469 
-19.999775404931242 7.271119119135173E-4 
-14.602278008823923 -11.469279614768123 
-14.6052834004278 -11.463712239470112 
-18.02056521928768 -3.787556508962575 
-16.007284674625822 -7.639516700425521 
-19.999775404931242 7.271119119135173E-4 
-15.934428978228224 -7.730928753001901 
-16.380333923326575 -6.389082023831742 
-15.339212532119447 -8.792017073333765 
-16.242471115434498 -6.963035844120726 
-16.194420088615523 -7.1398122694912995 
-15.93259066920426 -7.732245943168554 
-15.112433562809812 -9.745086875115362 
-17.98057303632922 -3.8527079452248203 
-16.446220099208176 -6.086686536621403 
-18.176438539944332 -3.255317620505009 
-18.25046847158402 -2.913313997244877 
-18.373956515678884 -2.3067250412768416 
-14.674670356178332 -11.31570220485981 
-15.07842313790994 -9.88916161379535 
-18.054480954676517 -3.7045136926819278 
-18.350941170947145 -2.420077601620216 
-18.00341793236798 -3.8202005362543536 
-16.0374517320818 -7.582542278901914 
-14.783675186333038 -11.009098833825842 
-16.41238068656606 -6.243232593134021 
-14.5684955444707 -11.524586086981106 
-14.903367983165154 -10.593059690438984 
-15.149561816765765 -9.587682249881743 
-14.546114261686034 -11.555253798159935 
-15.274483672115572 -9.058741048540853 
-14.996819083104334 -10.227117446796983 
-17.988190573661896 -3.843327661986499 
-14.937354698308559 -10.462600233483718 
-15.965985527891966 -7.699854257879287 
-14.512231844415547 -11.591816274632619 
-14.838918275334958 -10.825513784188765 
-14.717195431710085 -11.20430748844954 
-16.34696206660746 -6.535763509260667 
-15.18228652109488 -9.448038986339235 
-16.08055112515192 -7.483903380077765 
