-1.1375851233267231 -1.5085094146071997E-6 1.679565313653271E-6 
-1.1375851233267231 -1.5085094146071997E-6 1.679565313653271E-6 
1.1002927783552855E-4 -1.4909625939999823E-6 1.697577164646647E-6 
-1.122872116128734 -1.0800235007110404 -1.1145306561178183 
-0.7270639762426974 -1.6125758527766643E-6 1.6934219338110559E-6 
-1.0824417980460432 -0.7367606728829694 -1.0789342517684497 
-1.0972558501490508 -1.5033588743804982E-6 1.6979572726694397E-6 
-0.9461477794602324 -1.6365516455919718E-6 1.7309065834685122E-6 
-1.103538590674578 -1.0426580286124452 -1.1061685808326798 
-0.9690463184713034 -4.722373118980467E-6 -0.9681492543414075 
-1.0824417980460432 -0.9508883621047786 -1.0789342517684497 
-1.0825019736260513 -0.9377002940761943 -1.0785257983386702 
-1.106397952413248 -1.8245264044017864E-6 -1.1016587036845202 
-1.1431743871689928 -1.6453467469741492E-6 1.7322554943854193E-6 
-0.8550973196574214 -1.6138373649375957E-6 1.694597219474548E-6 
-1.0672815057692207 -0.7768885752060247 -1.069817043684047 
-1.147845413940818 -1.138752015359243 -1.1431288509888686 
-0.6623322920941804 -1.4494420074262095E-6 1.694597219474548E-6 
-0.7149705097248656 -1.5100786203330414E-6 1.6945974093851284E-6 
-1.1397440130138123 -1.1289452077154982 -1.138275048405115 
-1.0663660957738403 -7.628752097438792E-5 -1.0787073392451527 
-1.0879158469954187 -6.4815880190689525E-6 -1.0933029684025954 
-0.9506832557460372 -4.618742990994784E-6 -0.9099682166355845 
-0.9202563746570196 -1.5316359121747752E-6 1.6979555920099106E-6 
-1.0352244181730885 -1.4980020528191492E-6 -1.0385321198642963 
-1.0677285463556376 -1.7709623619814215E-6 1.6979981242959745E-6 
-1.0495343116731297 -2.3669549897987085E-6 1.6975387485159926E-6 
-0.9335798694441257 -4.584806501114052E-6 -0.9649433467457356 
-1.0211911866958887 -1.5033588743804982E-6 1.6980358609289634E-6 
-1.143244621493298 -1.5033857250123579E-6 1.7322554943854193E-6 
1.1002927783552855E-4 -1.4909625939999823E-6 -1.0419956976724143 
-1.002690485682972 -4.464376931627122E-6 -1.02645598019264 
-0.8268603484946514 -1.490634469976722E-6 1.6979760722801927E-6 
-0.7661128786341633 -1.5034014663316783E-6 1.6783647403465746E-6 
-1.0958455379390712 -1.025286212237373 -1.1008493118975236 
-1.0814505424832879 -2.2703370764904206E-6 -1.0787216055902842 
-1.0337429878077646 -3.888435817499782E-5 -1.0220638988559347 
-1.147286648820626 -1.5086700128805798E-6 1.678647794627612E-6 
-1.0955194646003832 -0.997210314536419 -1.0893805166639345 
-1.076147514027276 -0.8126283642661002 -1.0779725925422472 
-0.7934637783681449 -2.4199682857792446E-6 1.6981490385251624E-6 
-1.147845413940818 -1.138752015359243 -1.1431288509888686 
-1.1194286890371632 -8.066904049810155E-6 -1.1230785730368533 
-1.0658725828759708 -0.8404921346885732 -1.0716913988656374 
-0.9816121142083728 -2.480573593275682E-6 1.6980377785742343E-6 
-0.9380135178550059 -1.4836685710938344E-6 -0.9297241220221577 
-0.9615728029513521 -1.5039416903618403E-6 -0.9572573885293432 
-1.066685882823682 -1.5800250601661751E-6 -1.0600610693796653 
1.1002927783552855E-4 -1.4909625939999823E-6 1.697577164646647E-6 
-1.1272522417481325 -1.0975616384106897 -1.1257237441409471 
-1.1246816764021184 -1.0975616384106897 -1.1254202822675747 
-1.1028773007154906 -2.4203242897908156E-6 1.697956011878189E-6 
-1.1152673157528783 -1.6257890230700258E-6 -1.1116169781342145 
1.1002927783552855E-4 -1.4909625939999823E-6 1.697577164646647E-6 
-1.1366744183770099 -2.2703370764904206E-6 -1.1358272251542818 
-0.9995140224767403 -1.7709623619814215E-6 -0.9969943879218963 
-1.0659265371361712 -0.7878799608259894 -1.068655307158618 
-1.0476126548668787 -1.4490454463329705E-6 -1.0334252903484784 
-1.0525630832055821 -3.6099780158770363E-6 -1.0580937424188692 
-1.1378283203553534 -3.9148449404199955E-6 -1.1358272251542818 
-1.0672892361520292 -0.904874599659162 -1.0720602141694924 
-1.1278715334459268 -1.5033588743804982E-6 1.6980358609289634E-6 
-0.9783499436675097 -1.6832129465801021E-6 -0.9780161013971873 
-1.006639309296302 -1.5077288909792243E-6 1.731739960203806E-6 
-0.9615728029513521 -1.5039416903618403E-6 1.694597219474548E-6 
-0.8872903602227005 -1.5316359121747752E-6 1.6979555920099106E-6 
-1.1187607544776865 -1.0719050826572993 -1.1150409007102031 
-1.076147514027276 -0.9135854652292399 -1.0779725925422472 
-1.0817797604319153 -1.5086345262490011E-6 1.6980358609289634E-6 
-0.9010514774633327 -1.5077288909792243E-6 1.731739960203806E-6 
-1.113579166999786 -1.5086345262490011E-6 1.6980358609289634E-6 
-1.106397952413248 -1.8245264044017864E-6 -1.1016587036845202 
-1.0978895501266839 -1.035282310113597 -1.1034201325906676 
-0.993607248557374 -4.472694851052832E-6 -0.9833610368639862 
-1.1342484171382834 -1.1074375750536751 -1.1318150993764406 
-1.0901248671469426 -0.9888427068445163 -1.0872333579405418 
-1.0739342014379054 -0.8837989336248253 -1.068655307158618 
-1.1353869133113033 -1.1173870140954323 -1.1326898197983821 
-1.0672815057692207 -0.8213482386035305 -1.069817043684047 
-1.0824417980460432 -0.9508883621047786 -1.0789342517684497 
-1.1231011508125057 -1.6376902916441792E-6 1.694824978241494E-6 
-1.0898936188239474 -0.9747749437207114 -1.0821751760135256 
-1.126396820226515 -2.4856917898138538E-6 -1.1263203676974152 
-1.1397440130138123 -1.1289452077154982 -1.138275048405115 
-1.0908496318744554 -1.0150117763744757 -1.0972909170827077 
-1.103943068859633 -1.0587166353007933 -1.1150409007102031 
-1.002690485682972 -5.969018790158145E-6 -1.0142181566257404 
-1.065744404260925 -0.8697131447165688 -1.0720306206410348 
-1.0879158469954187 -6.4815880190689525E-6 -1.0933029684025954 
