0.6361806573401525 -0.37469373999695754 
0.6421437238282419 -0.4239036764342518 
0.640798567568113 -0.4145988535016463 
0.43429880379370334 -0.04145472021985122 
0.2195641534768467 0.4049340421409665 
0.02893165759463419 0.8072705739239074 
0.45377942942827504 -0.12409165223746348 
0.43889462501502563 -0.07482506506338285 
0.4223483746842427 0.07750715204212148 
0.2496892844437783 0.2507480460773566 
0.07072897886281708 0.6779090819681615 
0.6333915485444994 -0.34483719809141894 
0.0665044403614164 0.6844918021522366 
0.07567872267475856 0.6726734927305543 
0.045056504142825804 0.7433801581537672 
0.06283796038546473 0.6916243162934448 
0.07051910522810367 0.6781824797456739 
0.24457710146114137 0.26456504517257656 
0.23348769833859606 0.31415791529700504 
0.2573039343329223 0.24226931348726088 
0.24707188926628906 0.2570366772621077 
0.632251971175604 -0.3315176707181237 
0.02244662191164533 0.8358049555541801 
0.22705863965795003 0.3530272278961522 
0.6302390729652138 -0.30645176421822756 
0.2356556256790723 0.30256960180922804 
0.44825163576297505 -0.1169936089241931 
0.4289137899042249 0.006968422077746294 
0.2426354177606198 0.27135931140812397 
0.00519368459163147 0.927244032060623 
0.25388658265583713 0.24423365218006984 
0.45175465634069595 -0.12305384188070319 
0.8358919475599959 -0.6692214230418252 
0.001744869706057306 0.9582888346008634 
0.2523731890519338 0.24604576687745183 
0.008110645883442041 0.9080496396104953 
0.8481084195671614 -0.7674485157481884 
0.837765544539703 -0.6918511589505159 
0.011811247122532724 0.887156012755418 
0.8425292484917409 -0.7372218085698938 
0.8409517625667225 -0.7241140756424727 
0.6498525038789458 -0.4558878629362378 
0.6522300805250426 -0.4581635349183447 
0.048003540721249516 0.733179996847864 
0.05938963045212503 0.699590578435187 
0.07913258942154358 0.6705752957871043 
0.2230412939314924 0.3801323570780651 
0.8495319828619581 -0.7710071945999739 
0.845667819999525 -0.757341753094362 
0.20642045985563529 0.5044669653177857 
0.4500124246319403 -0.12077272864213227 
0.8513323463529232 -0.7731800687468284 
0.6492783596794188 -0.45476548937811856 
0.016212356964859717 0.8649269071219208 
0.8442894383956705 -0.7494872784637139 
0.8510730581133701 -0.7730389738182097 
0.04072621248893765 0.7593199739854022 
0.035846560896124174 0.7784373031917285 
0.241828122784907 0.27445486268431457 
0.4452863274284001 -0.10758365240274599 
0.2546472873874316 0.2435355774873684 
0.21264197210893182 0.45673434409284874 
0.025626049315665603 0.821549601123519 
0.22969716519819486 0.3363213527067817 
0.6512963393077211 -0.4576722216215168 
0.6482349284720829 -0.4522434001150115 
0.6515539800107928 -0.4578392498494273 
0.21059527468350273 0.4723983425543813 
0.42653136196991365 0.03120941165056936 
0.052751015385551436 0.7179758837432938 
0.4471828180569944 -0.11405319322365758 
0.6466841387190368 -0.4472513532444332 
0.4308818735843811 -0.011782546056894112 
0.0770289459881 0.6716839971969832 
0.8502375295481633 -0.7722029349131413 
0.8395116620594332 -0.7105233078394144 
0.6383687590059995 -0.39506989136415993 
0.6442509644556551 -0.4362649024291166 
0.0805989279580179 0.6701024693213731 
0.07283089964491274 0.6753833416480436 
0.44313731540466395 -0.09838036694043582 
0.2571816992472259 0.2423051239012225 
0.6511049407888698 -0.45754498881296013 
0.2510023445502721 0.24824860465400606 
0.0319960675486301 0.7942737499094843 
0.23940934085774207 0.28453191233084396 
0.44773527541144575 -0.11563178930023779 
0.8490125238530322 -0.7699510279227233 
0.846832734061695 -0.7627405180860104 
0.45078666390393407 -0.12191964984082823 
0.4532933790111111 -0.12398215162874857 
0.2560150039923442 0.24271150588770632 
0.055480997483769195 0.7099262855853516 
0.6457909527925186 -0.44364199323242803 
0.20376302644983618 0.524792166189339 
0.21805344954540187 0.41598721999029137 
0.4515799535067828 -0.12287144971239572 
0.44065764954450615 -0.08539975186589004 
0.4366001481224991 -0.05900934572562242 
