0.8506897453535234 -0.7718956345889431 
1.7551972541218763E-6 1.000683950691461 
0.823410583434961 -0.45905549513596616 
0.6527772486264214 -0.45700594839573194 
0.45369456351706894 -0.12342314130219008 
0.6185865524426 -0.1264907725671958 
0.4093884428205547 0.24278937664763467 
0.2575802997532889 0.2435078202774842 
0.0797315711181848 0.6718919379416016 
0.18229501025008732 0.6713001169347562 
0.6279522436780385 -0.27424236642204547 
0.8416264937113194 -0.7288635277462531 
0.6319163209315395 -0.32628046810046657 
0.21427137210605895 0.446083050629028 
0.6436041748551607 -0.4316299986584545 
0.8249791220152508 -0.4900304069317967 
0.4261474469299898 0.036681512868830625 
0.2453266280017061 0.26868259809350126 
0.6363316346855291 -0.37435854797356183 
0.21773489891732184 0.4201442839273494 
0.4302767575377113 -0.0049961348065560565 
0.844904144460995 -0.7522253752190718 
0.017379917287084518 0.8623617252722292 
0.4204461194869407 0.10060998470608298 
0.6393763394021806 -0.4026305886171287 
0.4113727057826007 0.21667038874250472 
0.8279277297480512 -0.5400843070265356 
0.051854789315082805 0.722078341799413 
0.2566387303708466 0.24358792434384682 
0.6334818841364627 -0.3408613756450055 
0.6227907664827843 -0.1963584969890536 
0.42785320789719855 0.019205546534508965 
0.838034683515761 -0.6935876173391191 
0.8336294765187023 -0.6373685564379706 
0.4327816083701688 -0.0272831544596499 
0.8319252021664184 -0.6123576679437805 
0.625349639533079 -0.23634696388560245 
0.020723886713514217 0.8457392444119208 
0.0014259759046992837 0.9642481890184866 
0.04522075015369459 0.7455619539738046 
0.6242167115856769 -0.21789815789729874 
0.23898707866789998 0.2878303160526533 
0.19759750318254465 0.5733170813209808 
0.1900418640492089 0.6244290731394915 
0.6472860640954968 -0.4484317477515123 
0.0029987267294264014 0.9477731932105757 
0.6269079602344033 -0.2592908490888698 
0.4230097221020732 0.07120176893836225 
0.03312553109316002 0.7913517781030369 
0.20129289715281648 0.5447069669750877 
0.6215349625838251 -0.17316974302366225 
0.8288267426598352 -0.5609876753562741 
0.23566677063924835 0.3042892149707348 
0.024191173254809906 0.8298501932582977 
0.4154534125717353 0.1749510254058288 
0.029895259087882403 0.8048870137809531 
0.05750170884600181 0.7203862862333814 
2.077592830275754E-4 0.9881265759761384 
0.83132499500732 -0.594433512929857 
0.4421379244238673 -0.09221606017537283 
0.03679120669043444 0.7764568046513027 
0.829798565576886 -0.5777248347753173 
0.6205470974018925 -0.15854989820714668 
0.00799441533189485 0.9117142500305221 
0.1940471191883039 0.5972004878125164 
0.8349734579509613 -0.6556906919595905 
0.8360292929373099 -0.6701740435567228 
0.22039353202565148 0.40061406637082225 
0.02688465761983331 0.8180882398218347 
0.011837551212730335 0.9011030643992765 
0.20495649364007518 0.5171295141502277 
0.6193280875917224 -0.13911906550047876 
0.19247207882770365 0.6095484693815396 
0.43589771042637426 -0.05204200948363659 
0.2076423235753918 0.4974796449421527 
0.42289787461315304 0.07310476629898452 
0.6385978864066235 -0.3884714057814578 
0.41911467382533585 0.11918389887736038 
0.20855021190721323 0.48953195383922155 
0.183412636543914 0.6648410766976038 
0.2425428115231985 0.27372354866117826 
0.21118407422106533 0.4699857708029341 
0.22583999014595496 0.3620867511208291 
0.4156616774226396 0.16030660734227842 
0.8491881970066545 -0.7696403401069889 
0.41893534530529597 0.13068593472747445 
0.4506342217615517 -0.1140416589516307 
0.19665593380010238 0.579831141915295 
0.43560921451275125 -0.043294965132016375 
0.22815354043117952 0.34789222284555904 
0.18722341074142423 0.64332045602061 
0.23330341761689896 0.3166835630198605 
0.18632736525280055 0.6471503580632945 
0.826282459180903 -0.5153404825704679 
0.060246116323410925 0.6999337253930927 
0.44786289271962965 -0.1042412179741655 
0.41297372925700115 0.19507723235987226 
0.8375014249109153 -0.6877664026643132 
0.2042037258487967 0.5265208421200518 
0.826282459180903 -0.5153404825704679 
