0.6491544951260828 -0.4545412302320298 
0.21070956592191747 0.4715724985727936 
0.08117896338893851 0.6699506106892889 
0.4206814244702115 0.0970035767360718 
0.03232277014928715 0.7929156193255874 
0.6370646189263172 -0.3832546322717602 
0.45366108539073724 -0.1241193178750751 
0.03582325574617373 0.7785352989830702 
0.2557193309427356 0.24283006335842733 
0.2546952668548014 0.24353235347613889 
0.04492191004695201 0.743830485512438 
0.24999001197246448 0.25011812049877075 
0.4457985253484629 -0.1094479050720088 
0.6469638359798701 -0.4482889833082586 
0.23505892324137248 0.3056365010668721 
0.2453610371678399 0.26202695329524506 
0.6283733594160953 -0.2814097253827199 
0.44270845100273826 -0.09638092158187296 
0.6359216082604174 -0.372036150078045 
0.6465832990240493 -0.446884569047299 
0.0010693448344916562 0.9674088426622784 
0.20216750491279933 0.5382174904807825 
0.2426774297118378 0.27120294006215623 
0.6452371559076746 -0.44120251943078964 
0.43458773540982615 -0.04374694906123423 
0.8503839934844744 -0.7724127753557993 
0.8483257313552893 -0.7681278186649938 
0.05518828131112195 0.7107691063211993 
0.07890253540316332 0.6706943966005716 
0.20497649473836183 0.5154764751261922 
0.06241789611630988 0.6925709146660692 
0.03901363929473217 0.7659389591059648 
0.025196663041563705 0.8235056288950059 
0.05869116399977891 0.7013670530041924 
0.2552015500609545 0.24314412715543668 
0.08021385639988443 0.6702023545649824 
0.25688903765754634 0.24240394154754366 
0.020469340021693316 0.8448134313738723 
0.6312641348107524 -0.31945634301005693 
0.23236873875408898 0.3204121376683645 
0.013680473386149469 0.877564086406211 
0.8508008511171545 -0.7728303287086412 
0.0649486235363118 0.6873564043730245 
0.21393617743031107 0.4469066713894577 
0.24846769607203173 0.25344840544786507 
0.03000832328994707 0.8026498928694907 
0.6344994252664531 -0.3571826865822742 
0.8429099567654661 -0.7400451055102311 
0.4255869054968729 0.04132778958931692 
0.43735116348171954 -0.06450715841241385 
0.07076722068654236 0.6778672981528154 
0.07480637326388376 0.6734087612878932 
0.07635823461063214 0.6721673867228689 
0.22119977863310092 0.39312563276855367 
0.8335761225590458 -0.6379748914306086 
0.8397287694657207 -0.7126449220145329 
0.6427001763118311 -0.4274328555111081 
0.00446825210417523 0.9327084391191088 
0.8359669163042711 -0.6702650966069861 
0.6515671951042907 -0.4578765086620408 
0.009614541929439765 0.899245371311739 
0.6386495152915612 -0.39751381634870625 
0.049530250642137535 0.7280489758818017 
0.6519825676733639 -0.45807516732810716 
0.43220669138687245 -0.023713547811894938 
0.06738530046895375 0.6829638190022314 
0.21738424338146758 0.42097779338018926 
0.2295209908677564 0.33742941723082803 
0.6509174343807187 -0.4573595315875447 
0.8415223929979924 -0.7291289052278158 
0.45225941406916564 -0.12353725710542234 
0.24076978293479445 0.2787312336616487 
0.44438282862665857 -0.10401058664157642 
0.22606611878348787 0.35953624716191734 
0.4290556957151055 0.005601561334067202 
0.8454306492263464 -0.7561056336522228 
0.07576832227113241 0.6725965449614001 
0.4503317986382757 -0.12123967413663791 
0.6503559879205978 -0.4566571237919746 
0.44067670651966007 -0.08557526177926189 
0.252999197170507 0.2452494872299941 
0.8376558576547486 -0.6905896195739548 
0.2523856474522265 0.2460768126196575 
0.23830574202206928 0.2895865801309516 
0.8491899560263332 -0.7703573764187824 
0.8470391912421912 -0.7636486936119042 
0.8512333148875709 -0.7731147820715532 
0.425011540786543 0.04755704121858832 
0.8443894014682316 -0.750108027664009 
0.451007545788603 -0.12216795352161446 
0.4489301114903832 -0.11854932708455354 
0.44735090138393185 -0.11451691271741922 
0.6414226172026304 -0.4190440361191832 
0.6483138204515033 -0.45248011538040445 
0.8480597173878451 -0.7672862277257251 
