0.21507917282691905 0.4538153700105828 
0.8511007296822937 -0.7711207516279482 
0.4117438494014195 0.21248973167498653 
5.781781008823428E-8 1.00331229253661 
0.6395115390463613 -0.39845498484561104 
0.4270960851094684 0.033044048503987296 
0.41951325014778135 0.11325575272548859 
0.6267906332065494 -0.25706456946331263 
0.629668874741837 -0.2970113559493232 
0.18689564354483185 0.6452228188163225 
0.41942506106808614 0.1266293533348557 
0.8391908875678333 -0.7053278527929199 
0.20167161435276842 0.5440143356408188 
0.22985212534498906 0.33690084554031907 
0.25174514192393777 0.2548330293573326 
0.2043668332136031 0.5221380530681999 
0.6363323680804875 -0.3591561119794005 
0.05194475090465517 0.7222606290735295 
0.8262373710337926 -0.5134016000069662 
0.22459608830958783 0.37248220829047196 
0.4134186211328652 0.18951352669343102 
0.024106785062954647 0.8523432172287015 
0.6240873746661143 -0.21655047484286483 
0.42944509622106997 0.0037206982280063926 
0.4364839482059922 -0.055787907679553175 
0.002794327803620933 0.9510092025124424 
0.8295786576753486 -0.5739841318055595 
0.22767880806526197 0.35142445629144725 
0.02637777102561134 0.8206881509702186 
0.4240646145898289 0.0603827458245273 
0.6252512455301668 -0.23428713928979508 
0.19057176243227314 0.6216246492703181 
0.23646803580377068 0.30080022691530134 
0.6515940616184939 -0.4564483532343564 
0.4105327726916419 0.22820886254433673 
0.0010641399853869894 0.970067371811206 
0.6209514092374663 -0.16585584050069413 
0.6184380127160816 -0.12337235028915479 
0.2161015883387682 0.43269642385598417 
0.4252970149003644 0.04701499063493615 
0.009555851092160231 0.9015010886179398 
0.6369851509799908 -0.3805861165298882 
0.8432590279222292 -0.7411683270416041 
0.08240919562953447 0.6716204342302922 
0.05842780947940057 0.7052242994134528 
0.24404071025888874 0.26855284957575454 
0.19936033370973555 0.5605226773207577 
0.4339832844698924 -0.036303974115886394 
0.19633613433872635 0.5819701182768449 
0.41685279484975146 0.14655613978613433 
0.024258783002192474 0.8359451654341452 
0.42252864700617015 0.07731018305218768 
2.8817435559783436E-4 0.9880690243961316 
0.8411807040585018 -0.7242217157273981 
0.041519306142231094 0.7610348998596577 
0.19367025357674583 0.600723040692913 
0.6419124272589658 -0.42075017911075663 
0.432133069221728 -0.021763480022872025 
0.20842936948190283 0.4919496058153473 
0.42780249475606913 0.020394983704719347 
0.8285578956749929 -0.5564661878717839 
0.06919275878454464 0.6826337659123368 
0.8360954091371486 -0.6692485251248631 
0.006517804379414072 0.9205898114994722 
0.18291364915771502 0.668140930774367 
0.06325441246340122 0.6939092618607013 
0.831144355503169 -0.5988130885700141 
0.4415158043658148 -0.08848770405867654 
0.6468494343810303 -0.4430116156779408 
0.8252017206062106 -0.49403109879746343 
0.23235138744921768 0.32280812682810706 
0.632894918895839 -0.33644467993299537 
0.8344802617367704 -0.6481342060706698 
0.8272321730066797 -0.5319405556072981 
0.4093823350164536 0.2432244134918916 
0.8375766258738448 -0.6881839506019848 
0.6284131150689327 -0.28024639153080744 
0.6226559225310364 -0.19398081067187126 
0.22234107528341399 0.38786447732972507 
0.2193048101232157 0.40870876052801025 
0.6219141441370838 -0.17850071202884663 
0.6197155207427099 -0.14529676177987796 
0.016017436973593424 0.8675640551542504 
0.8325738823262427 -0.6211645268532655 
0.6309521199479539 -0.3128483801410798 
0.43870426017657865 -0.07180908848390269 
0.030889112552008297 0.8012122188444872 
0.4211998373618373 0.09430470502867973 
0.036404636769655385 0.7785411802551502 
0.004795030023447153 0.9338114272004479 
0.2400051366338758 0.28380946585681255 
0.210869463864615 0.47311498913768246 
0.047141640280005226 0.7405207710165524 
0.4531561458653405 -0.12207792782834836 
0.258544081211457 0.2441190101274581 
0.824409081844237 -0.47860664461734864 
0.41529204272304004 0.16565959675091055 
0.8233805300211223 -0.4580359692001247 
0.4451906624799687 -0.10430579363025377 
0.012789911051055758 0.8840147678543796 
