0.6371669427115704 1.9870807609437184 
0.5886959555668712 2.898425938934552 
0.47469734790747625 5.759393024665444 
0.44092896076931926 6.8763158471419175 
0.3890422338808324 8.993858064582954 
0.5400401399911561 3.963489088784039 
0.389146019114495 8.991459402859817 
0.42353067629655455 7.529987975594324 
0.5681346774284143 3.3339367005301628 
0.532967446181861 4.134120179021257 
0.5921774448445469 2.822571297427143 
0.46629718525944297 6.038432472873782 
0.52114575145224 4.433277791409712 
0.4802616350028182 5.576884886375012 
0.3926129946793356 8.841411184684892 
0.5069572558375168 4.814797199581717 
0.4912709571180697 5.250063126879032 
0.6668934630365232 1.4994898817073417 
0.44428078047209274 6.756288954368792 
0.4113996200843169 8.015090267501401 
0.5999999354187098 2.668641218372255 
0.6038773769158331 2.59267358171208 
0.45449201886569607 6.402275774366545 
0.6371510143428537 1.9871304366945493 
0.5019531523039903 4.945656538698159 
0.5107172733563763 4.706307024852677 
0.4912709571180697 5.250063126879032 
0.5019531523039903 4.945656538698159 
0.4768311117937371 5.680654027833178 
0.45449201886569607 6.402275774366545 
0.4802616350028182 5.576884886375012 
0.6514554710193035 1.7493875405533081 
0.41838507269670827 7.733037160320042 
0.6582344156896348 1.634584079944414 
0.529907870467963 4.210376052886755 
0.39795211142952375 8.591565207602411 
0.6668934630365232 1.4994898817073417 
0.581713417834289 3.0369205027458115 
0.559483863309114 3.5127839241074863 
0.389146019114495 8.991459402859817 
0.5107172733563763 4.706307024852677 
0.5400401399911561 3.963489088784039 
0.6514554710193035 1.7493875405533081 
0.529907870467963 4.210376052886755 
0.44428078047209274 6.756288954368792 
0.44092896076931926 6.8763158471419175 
0.4629725739871411 6.119724889534125 
0.45801077806269663 6.284367746591336 
0.4629725739871411 6.119724889534125 
0.559483863309114 3.5127839241074863 
0.5815500507836814 3.03777362406322 
0.532967446181861 4.134120179021257 
0.6076064667148776 2.5210102248925668 
0.41307682653404787 7.9470649214819815 
0.5621451907735402 3.4525334293867624 
0.40482660766871087 8.292792826193947 
0.6341912935830318 2.0407020176932953 
0.6582344156896348 1.634584079944414 
0.5475804192841502 3.78448527025254 
0.4272348802404178 7.385172183513706 
0.40482660766871087 8.292792826193947 
0.6174400660479752 2.340283938232636 
0.547399132575891 3.788392966279294 
0.5621451907735402 3.4525334293867624 
0.45021052845204335 6.549745009570732 
0.42353067629655455 7.529987975594324 
0.4912709571180697 5.250063126879032 
0.5734237796679986 3.2074784159666057 
0.5886959555668712 2.898425938934552 
0.6480251771960435 1.805753550459792 
0.3951410404953497 8.71718094143607 
0.6209595125770742 2.277434963811487 
0.6209595125770742 2.277434963811487 
0.5734237796679986 3.2074784159666057 
0.4272348802404178 7.385172183513706 
0.5107172733563763 4.706307024852677 
0.6174400660479752 2.340283938232636 
0.6371669427115704 1.9870807609437184 
0.5475804192841502 3.78448527025254 
0.5400401399911561 3.963489088784039 
0.5921774448445469 2.822571297427143 
0.6662852686776832 1.5062431431716845 
0.52114575145224 4.433277791409712 
0.4629725739871411 6.119724889534125 
0.6076064667148776 2.5210102248925668 
0.45021052845204335 6.549745009570732 
0.4834674445026804 5.480933308498708 
0.4325776836252248 7.184610476846278 
0.5768451085609043 3.1370208501564774 
0.4325776836252248 7.184610476846278 
0.41838507269670827 7.733037160320042 
0.6341912935830318 2.0407020176932953 
0.4114156073330743 8.014778808141 
0.52114575145224 4.433277791409712 
0.3980087698419228 8.590342158057851 
0.4768311117937371 5.680654027833178 
0.52114575145224 4.433277791409712 
0.48804409995118714 5.343399714931162 
