0.6371669427115704 0.2661021733714899 
0.5886959555668712 0.7062916277608816 
0.47469734790747625 1.7339685943655045 
0.44092896076931926 2.0319668004018867 
0.3890422338808324 2.498990632652492 
0.5400401399911561 1.140443202360352 
0.389146019114495 2.498990632652492 
0.42353067629655455 2.1891808998083877 
0.5681346774284143 0.8941250519224561 
0.532967446181861 1.203351474021857 
0.5921774448445469 0.6714630588019632 
0.46629718525944297 1.8157040654802625 
0.52114575145224 1.3103838860007408 
0.4802616350028182 1.6783638537529693 
0.3926129946793356 2.4712529224105078 
0.5069572558375168 1.440896375714108 
0.4912709571180697 1.5792035372721474 
0.6668934630365232 3.5521977281364755E-14 
0.44428078047209274 2.001689329741946 
0.4113996200843169 2.2974050909915826 
0.5999999354187098 0.6011845586790601 
0.6038773769158331 0.5656569217232688 
0.45449201886569607 1.9097832420267884 
0.6371510143428537 0.2661021733714899 
0.5019531523039903 1.4824878898123823 
0.5107172733563763 1.4035922913107188 
0.4912709571180697 1.5792035372721474 
0.5019531523039903 1.4824878898123823 
0.4768311117937371 1.708712575807265 
0.45449201886569607 1.9097832420267884 
0.4802616350028182 1.6783638537529693 
0.6514554710193035 0.13964808422645636 
0.41838507269670827 2.2353873144868475 
0.6582344156896348 0.07593949675779063 
0.529907870467963 1.2311114080545276 
0.39795211142952375 2.419031514849814 
0.6668934630365232 3.545035275792317E-14 
0.581713417834289 0.7666174053432933 
0.559483863309114 0.9653459208298061 
0.389146019114495 2.498990632652492 
0.5107172733563763 1.4035922913107188 
0.5400401399911561 1.140443202360352 
0.6514554710193035 0.13964808422645636 
0.529907870467963 1.2311114080545276 
0.44428078047209274 2.001689329741946 
0.44092896076931926 2.0319668004018867 
0.4629725739871411 1.8332647842007865 
0.45801077806269663 1.8783081612484136 
0.4629725739871411 1.8332647842007865 
0.559483863309114 0.9653459208298061 
0.5815500507836814 0.7666174053432933 
0.532967446181861 1.203351474021857 
0.6076064667148776 0.5317821152990513 
0.41307682653404787 2.282748358025829 
0.5621451907735402 0.9408250633146464 
0.40482660766871087 2.3571431879275173 
0.6341912935830318 0.29419545241841405 
0.6582344156896348 0.07593949675779063 
0.5475804192841502 1.0723100310595766 
0.4272348802404178 2.155203153378343 
0.40482660766871087 2.3571431879275173 
0.6174400660479752 0.4449850693933741 
0.547399132575891 1.073763023597892 
0.5621451907735402 0.9408250633146464 
0.45021052845204335 1.9487641619849732 
0.42353067629655455 2.1891808998083877 
0.4912709571180697 1.5792035372721474 
0.5734237796679986 0.8392443964870961 
0.5886959555668712 0.7062916277608816 
0.6480251771960435 0.17017376450909139 
0.3951410404953497 2.444515947385281 
0.6209595125770742 0.41419490505436773 
0.6209595125770742 0.41419490505436773 
0.5734237796679986 0.8392443964870961 
0.4272348802404178 2.155203153378343 
0.5107172733563763 1.4035922913107188 
0.6174400660479752 0.4449850693933741 
0.6371669427115704 0.2661021733714899 
0.5475804192841502 1.0723100310595766 
0.5400401399911561 1.140443202360352 
0.5921774448445469 0.6714630588019632 
0.6662852686776832 0.0035876173420638646 
0.52114575145224 1.3103838860007408 
0.4629725739871411 1.8332647842007865 
0.6076064667148776 0.5317821152990513 
0.45021052845204335 1.9487641619849732 
0.4834674445026804 1.6498528201494915 
0.4325776836252248 2.107902157823685 
0.5768451085609043 0.8095751328663336 
0.4325776836252248 2.107902157823685 
0.41838507269670827 2.2353873144868475 
0.6341912935830318 0.29419545241841405 
0.4114156073330743 2.2974050909915826 
0.52114575145224 1.3103838860007408 
0.3980087698419228 2.419031514849814 
0.4768311117937371 1.708712575807265 
0.52114575145224 1.3103838860007408 
0.48804409995118714 1.6078147045530093 
