0.6538787986654814 0.1488015738181554 0.5126170777951842 0.17242746355702898 0.13471194653579832 0.4010135972286534 0.6767630989294813 0.01268848092460051 0.9089210031726721 0.6308258651572846 0.07965393925961939 0.07045197286730054 0.9439629213756903 0.5531088240861616 0.27647692459107076 0.16953799264888803 0.9500591434175414 0.1672230596032922 0.7196609644137447 0.7587364104781986 0.5810864021060866 0.6607301402293363 0.13821216986629759 0.2911404731479801 0.7456059298869052 0.6771285572842597 0.8383044904478995 0.5485809855400878 0.035916924339008394 0.46238217140694227 
0.12489538749378548 0.8523127789928058 0.011758599893189281 0.32897077912657013 0.003129253995851733 0.8888771560742474 0.21193251620889908 0.0918253973982831 0.886828386255206 0.42798150836013915 0.06327792700773871 0.7526969589205859 0.4144149956042189 0.2240303104233422 0.4051961509275339 0.2901296826590023 0.6827182512192043 0.1653954150673964 0.13497772075369485 0.7332885890520956 0.3097047821325437 0.9486337529165687 0.45281765004915964 0.5699275808693252 0.5289834111716959 0.2964887948253496 0.5008584779019949 0.8434566844304588 0.1315826925399466 0.5121364411544059 
0.2528047341588816 0.40858440398621965 0.008517702089968271 0.8624787035515443 0.6228427537720825 0.8077424208887954 0.5274217449555665 0.1387412434667309 0.6136706772387459 0.5550615389190748 0.35525388484790854 0.08094868219539764 0.3764972406751088 0.5869548844257121 0.6451140438206713 0.32348782629495654 0.2616337834501016 0.29121997914478115 0.02493018648669154 0.40355051488457816 0.816966833336875 0.7913076691367341 0.5850756320727747 0.09147526920989602 0.3208497391594778 0.014736355784097821 0.5629803832897798 0.019012515095226612 0.9166696376467854 0.1933961168874644 
0.17584826039828205 0.27217727458490204 0.23311613445929857 0.7317051841777465 0.031404414612741904 0.08498603324587972 0.7624148417336932 0.4929663127216788 0.2804590181718494 0.3041444807178395 0.4445897699888651 0.28330946217667974 0.2106778885002708 0.9217681574350132 0.46326902381996315 0.20760159996626937 0.6369310127127554 0.31613058276899497 0.06780796460604754 0.3549859391201937 0.1945071446001203 0.9348699863262403 0.6450432952823415 0.6314946624182407 0.33344888061389877 0.6474141444576805 0.4357377761989767 0.44027820778629445 0.2501797545115463 0.23801123307270733 
0.6482880227361392 0.535250644790405 0.7841023052729598 0.5385961758813615 0.7243663249223816 0.49618909212654283 0.5093813003266587 0.17278102296754572 0.014037806857173929 0.6422343339535339 0.3558654964961001 0.7503523863864455 0.5361514497253349 0.7165050286983009 0.02410531556781903 0.03604526464647084 0.6736281278804681 0.36937916341066934 0.9511900770242829 0.7061450362604053 0.42196416273897863 0.4939354326296944 0.48470535323695363 0.02004265057780208 0.5391623805979274 0.1854414741766267 0.42540515519107835 0.2542493006099348 0.43031069016037005 0.6985324299098993 
0.010012518825451178 0.667169496129038 0.07580197594701277 0.8636803430131385 0.8954706652919838 0.6301088242424943 0.003567420369868013 0.5323657964554953 0.211335630692986 0.5418340554387063 0.9022004767333534 0.11869356257069219 0.02539044824715453 0.5321708911407019 0.5624171527232324 0.2875237153494363 0.5014938245286157 0.1990395083626183 0.9407485790309436 0.7833265776817591 0.6494328465981867 0.12500423108385983 0.7312141668976415 0.7541629979222364 0.4259090059256706 0.37233784457693686 0.498669855946103 0.44778589209126374 0.9061255956703922 0.01064449491859265 
0.6155019138066791 0.47387730435641495 0.6959958544591115 0.564309484241296 0.7440352424234349 0.44827854975387627 0.2008573750738113 0.15736308192300164 0.06928477101867248 0.8550337677617906 0.904198024552704 0.5470593365754886 0.1498514941075224 0.04184379911967184 0.5304499115201179 0.3012748634523088 0.2802166475576825 0.68967118492466 0.41187398592059343 0.39245825589263506 0.7140009818591503 0.49528095927961824 0.9539795830659343 0.9770902964116278 0.20957206963043895 0.1850169772634136 0.49335559213071656 0.11293704403901639 0.5328370359565358 0.18769984020282204 
0.23631378215178067 0.23666643738806403 0.18778212075092793 0.6375357448467999 0.19841852370036617 0.8826977629275553 0.5907170270425283 0.002276018487504472 0.27701680764326375 0.16523685098838292 0.563118632603335 0.270985719585383 0.31816491218666465 0.45880224169583017 0.5630685007217969 0.8222387320716462 0.9856384668563847 0.728129960855274 0.7029577295309914 0.2033596786376195 0.30306778433571335 0.49138816163376686 0.4252945898142634 0.10196495699025787 0.10730243285502794 0.15372173287371704 0.6906933856284256 0.5434621846127716 0.6876986858758607 0.433443098026172 
0.20650609388180807 0.5177021094795402 0.23674426575126328 0.726858179165926 0.18187119878887847 0.1740253933060366 0.7364347915655848 0.545663027880428 0.26606381070532814 0.8277617816206074 0.17958756108623009 0.4234902834178267 0.489922281829845 0.09550335443566216 0.23200865553164285 0.2180434710768595 0.3063498413399258 0.9372420353876413 0.3893222965762182 0.31820252820561057 0.04361890037738281 0.24221678035373595 0.9893251439770101 0.014305634738561057 0.0298076882699726 0.7189643279085238 0.9510378549996646 0.9106775656808739 0.016547324911487693 0.7086723696215187 
0.04505399916210029 0.7362122077821763 0.4492550260226563 0.9856492899021528 0.13962834918550826 0.781063437755538 0.2226615577510025 0.22679358616418732 0.3450250296449374 0.5158888907317204 0.048396431468743395 0.33880766427905584 0.3847552013253809 0.1597407782602367 0.0608510039819774 0.5020630176567568 0.4109889550757023 0.07215726872028527 0.3883381049465041 0.2026838778740524 0.7800158199475518 0.5269148597012839 0.979026316254342 0.48551682328967893 0.16145209471970778 0.7814899016973639 0.787489239728607 0.7412088892637732 0.042242849603370214 0.3929619555504986 
0.8359305295106414 0.03962487834501982 0.8256085682201401 0.2242162634860141 0.0131607426374033 0.6612830914973356 0.5501205128943699 0.07638338772856346 0.65305593689938 0.16269153625928556 0.3469829255393462 0.47742502908111395 0.43308805627641667 0.9711579512355817 0.51344151067622 0.2827179474379937 0.9870073557514847 0.5986448157715953 0.46295105034414086 0.5231792218862296 0.44603724871237915 0.9065786954685668 0.30808658355730834 0.8399658277404325 0.2472741032305572 0.23002736639438182 0.4048283127388206 0.6073672618300936 0.5220285733040518 0.7877029597549718 
0.5906395175430931 0.09679785191210277 0.8069539813129494 0.6522973763444838 0.7053594750742223 0.06545006687175259 0.9835281092198344 0.694575969608855 0.6544918023619216 0.3931918968351634 0.7314414657580561 0.16343178048403062 0.366748307978514 0.1549788963039992 0.11252697829584457 0.5311566409516544 0.16897811907962745 0.07919039583936349 0.6182334079434649 0.12969039181841213 0.7001321165095433 0.809170217544645 0.22840485120925802 0.4492518666596289 0.05492040440315582 0.09903845742902828 0.8316450639749585 0.1910855960947404 0.1762543260142886 0.8672426103976941 
