0.017173216334283592 0.7284961797166253 0.48519944686189365 0.12102462675791847 0.560570225150178 0.686737187891783 0.07191321848715004 0.8975064602044066 0.49778358245341503 0.6667935110528287 0.14033019719995565 0.6786036086521103 0.5001935027209737 0.8423747195268544 0.2937713818670903 0.2808430778342741 0.9640989061252283 0.9385987827142966 0.4193889888053002 0.1950568235133242 0.3486177535040942 0.9171950301789775 0.9504091219248734 0.0732506979519133 0.4010631764748901 0.09555180609051528 0.037577301945572406 0.20404531807757642 0.1893053808452465 0.780893107331436 
0.4364573235387137 0.2283765768417244 0.5415895060054488 0.5941460236700766 0.36303480238863406 0.011365796310378706 0.9499661842777798 0.029485833653017046 0.6006428920499468 0.599894247113582 0.49565439020739843 0.7302402447384567 0.030929521664794013 0.5077419328507945 0.03624067867930536 0.35204203722844074 0.9356196591295054 0.788497222974708 0.2863115501956378 0.15973648763503867 0.15791485712344977 0.06983369198051559 0.06107930962484931 0.08984593627435888 0.3234892599165341 0.9606440321088641 0.6303591416374921 0.3220262552775679 0.25831643862689224 0.712023987546249 
0.03272968809928567 0.31739179276762086 0.507393224508198 0.3919778785168555 0.32152569264941555 0.4706438651413065 0.49470414833699783 0.8986475866347192 0.9195669248876213 0.15602987426040515 0.40969205859633706 0.2090320730047187 0.8410788180467731 0.3877008888388457 0.03600205714701399 0.12385314118628998 0.17859031045810914 0.9042173684357213 0.5558756234228899 0.5407235004839239 0.20644508220997593 0.05140630778459543 0.7841231527313067 0.5525916493339369 0.5777252388463442 0.4982347427716487 0.5051185180871998 0.1667767535405431 0.6634702204757147 0.41443268425850677 
0.05008540838148334 0.09492141499847606 0.09381612591202537 0.19643903464007262 0.07661144208921333 0.01972012075870022 0.29801116444161235 0.09268712862687001 0.3675441955521438 0.44262115145258585 0.9100581645660024 0.15310525222272842 0.528881010110986 0.9359934978262235 0.9405301297602955 0.5181813953333355 0.7216959258454997 0.18066638083754816 0.3148543788306666 0.2638614357322361 0.5270867858918105 0.8753678659192641 0.9092913041854668 0.17107945132737057 0.9350909661169146 0.5222338791398783 0.179437764360325 0.31161311701533645 0.7178679106554627 0.9868322918333098 
0.37117924832503557 0.1976458636323064 0.4038386067884979 0.035581996267626925 0.2737310874763673 0.25544877860284976 0.9485073721853267 0.7211756950031339 0.3855544379847382 0.37613477116452376 0.9590832313175218 0.5608255363852572 0.7867282504054125 0.05316096671104387 0.6025727594266577 0.7321704466482691 0.19328260808280717 0.24364943947233086 0.2517607945656778 0.24633914608714724 0.1954973956989593 0.6566546057741849 0.026752480105968646 0.6209907006176321 0.011051826895712491 0.16910937319794017 0.4151880751572471 0.07429376098303275 0.26774943592255374 0.13004723293686948 
0.4212947009707112 0.10893065160670201 0.5627491928574501 0.4273707550785192 0.4401199762618748 0.1927454864986441 0.5049412680673057 0.03795789338881095 0.33471333873568976 0.6157255074832428 0.09826461259777963 0.32727125451300365 0.7375399962123812 0.3856324881916633 0.28585078802062636 0.26944553045558706 0.46568428249334404 0.9605202667596502 0.8455287996841198 0.48095033657545916 0.5989202859678713 0.48666768858284293 0.06951988915056428 0.9855266775484859 0.28407645638698464 0.09672556950674083 0.9467376341523753 0.16020006252060293 0.007835947605562277 0.8827560542057338 
0.39102091815463047 0.9184996997195736 0.15838488258747763 0.5101305904886412 0.09738706525103558 0.2540112283962406 0.03386118128380433 0.49623873369171745 0.46434423171550665 0.08743920562788499 0.4822967887731754 0.4659816593951249 0.013467867401417033 0.40262332336138473 0.8470583123783546 0.6194532641538598 0.5544208929796363 0.5226856382991187 0.14300626242855108 0.5708524701329826 0.27295261055601683 0.6527703968611085 0.2617649059649316 0.44491174178118664 0.3732276090515634 0.11272775794507539 0.9930304241324756 0.17068637176476198 0.4918726283025938 0.055110989147074574 
0.25782624945437893 0.44159270831195463 0.4371525773123105 0.085198683572425 0.31461842933859174 0.7001617655321943 0.16421564443306558 0.650504200036233 0.9276203657576932 0.1334104716335589 0.6982998281659221 0.100802602712043 0.671527113149091 0.42224993954073864 0.02751239148088669 0.6576144063748902 0.554834251457167 0.11540464231302361 0.5689743146017441 0.16627470690427393 0.8084662412823045 0.610679350093783 0.1351362789097431 0.5346044220131217 0.5317245171184302 0.1373993933571247 0.3181017561975885 0.8766884435727398 0.15385181606593767 0.4229671756752976 
0.01021711446287199 0.13068802117294576 0.4643909596289679 0.963679291553748 0.3397732737864879 0.09025071608691337 0.6018365074905064 0.7221747431790829 0.9144381578080836 0.82821692986769 0.05994664772701663 0.6213027455466485 0.8228719858784621 0.666065264488408 0.7890998000258247 0.41014452707148763 0.7336558429683852 0.16275853667324547 0.9424965816303971 0.4418425111511116 0.8335070111375853 0.6661393104714391 0.0638069224030241 0.9646324868853113 0.19379108924010302 0.37399115558256224 0.7318452702304722 0.8675698535793457 0.32710764981729457 0.16575902556476707 
0.6385227855104321 0.23179745835455678 0.7479686988216068 0.9162907407694106 0.0747343631328855 0.20446677992303763 0.18644602768577345 0.09842313409652914 0.3516804435995454 0.44587131838086336 0.16565268724707705 0.5592137793447003 0.8641539510316415 0.4170805480864651 0.369638902554576 0.6094649990729795 0.48357644158413216 0.12396908076354762 0.19400480019555366 0.07535295983475343 0.8534050174418834 0.6611124351881814 0.38891258875773005 0.19825041096630147 0.5205623136651877 0.09072101949918476 0.5011212367860158 0.19410220847090354 0.5695629571753558 0.061354751636600646 
0.06095506434775222 0.32944025590666703 0.5789894477808221 0.0793574787564536 0.5848841457363919 0.7813457388712426 0.7480380928870958 0.511036587693438 0.587675828224443 0.016418494442250853 0.9197032016082782 0.3160779355304808 0.3193620107088485 0.7214499108480366 0.18226126546749832 0.19416930366419594 0.07202441709917418 0.3739193974209647 0.650242014448422 0.29640543003129605 0.39898786362548255 0.15921511502887498 0.6691018487420268 3.996872888484271E-4 0.48475151605842826 0.782487711356969 0.8742956305972645 0.22927322187248544 0.25850153081961436 0.5559675786026129 
