-19.996321491927404 0.007900201214879546 
-14.433946862664989 -11.627251545642627 
-19.996321491927404 0.007900201214879546 
-14.433946862664989 -11.627251545642627 
-17.941162526766725 -3.8742948718949455 
-19.080083045555167 6.577218392720395E-4 
-17.046536046141256 -3.8743136285899054 
-15.636599202217917 -7.76419591171992 
-18.052422166446362 -3.7047891731764033 
-15.986196719947813 -7.664470598006119 
-15.880679334264311 -7.750296888682714 
-15.057757111684314 -9.968651789618939 
-14.814680895350438 -10.892576512966762 
-14.629500574061964 -11.357933901975446 
-18.893060710826177 -0.3429253765338393 
-16.239753091685788 -6.958396514818101 
-18.09838713309386 -3.5620100395551244 
-18.410630770773125 -2.1219183221753184 
-18.306778317372906 -2.6267890913743788 
-18.27138248843383 -2.8094480054760105 
-18.586612221897866 -1.3286473617359373 
-15.219608976056772 -9.268102962328673 
-18.659848370293304 -1.0449667543027663 
-18.999715831203655 -0.12787889722639503 
-18.442450653342227 -1.9728057166847173 
-18.82111583647992 -0.5275008110490772 
-18.221586454934744 -3.0313870780004177 
-15.107753530517734 -9.739542205810105 
-14.919210263153019 -10.512106490020418 
-16.329270173378298 -6.575167005543531 
-18.528078454480248 -1.5768831633588873 
-14.735390568209706 -11.153772972963669 
-18.362804370194517 -2.3540837656350555 
-16.514516633322742 -5.760172117598133 
-15.016774482461098 -10.123261191785144 
-14.77834365571518 -11.026167825632108 
-14.671345189550092 -11.239365360372757 
-18.14155434116975 -3.395271832701573 
-14.548629079579126 -11.536872389738408 
-16.48336950904835 -5.889511066074193 
-15.519395614178233 -8.06103396717485 
-16.36517148825223 -6.452148269084583 
-16.9275958365029 -4.0997378002197005 
-14.945102659827445 -10.329504988050777 
-15.342659082852506 -8.751795049941787 
-15.398371887155623 -8.556594007040765 
-16.563829940605952 -5.518758309653116 
-15.420848441453149 -8.41935440183745 
-14.872127577630229 -10.661276511449266 
-16.748736061478198 -4.6495742991468845 
-15.464053045198492 -8.307262830605213 
-15.166903279460943 -9.50405968337298 
-18.55177767171861 -1.4766820419898292 
-18.203953688653527 -3.1241011711514117 
-15.555884520213759 -7.914118583281246 
-16.848800038112056 -4.2911411908225 
-18.775218843755454 -0.6593521913060933 
-15.494098979464379 -8.195911207195142 
-16.599031492462757 -5.312145471682642 
-16.87781690246985 -4.229958121276705 
-14.989575993381433 -10.254186983252097 
-16.531420094083387 -5.557880720635723 
-16.183784795488073 -7.082771841918882 
-18.874661314839784 -0.3873287641908333 
-15.123380518738479 -9.651272149138043 
-15.259026192867958 -9.122806587909187 
-16.06173945671631 -7.514927945334543 
-18.48384326206169 -1.7730850507945104 
-16.79287805152832 -4.473240394332817 
-16.284364468398465 -6.789246841148305 
-15.594698060335245 -7.848744886634716 
-16.393980307203893 -6.301459179411973 
-18.71161912090575 -0.8655505042970811 
-18.71161912090575 -0.8655505042970811 
-15.353387677517631 -8.675498931092633 
-16.293387192582898 -6.74976693348086 
-15.290829761026611 -8.949278275033357 
-14.527417806463758 -11.5609573291713 
-16.9638370829854 -3.897096506775906 
-16.80180174643412 -4.43392241831928 
-19.00526235146458 -0.11420880662364001 
-18.370782080273358 -2.3148176476517626 
-18.47866417849612 -1.803011988749138 
-16.66516448256684 -4.9399832736869005 
-16.451743776490076 -6.042760865604119 
-16.962915758514477 -3.9992719469751807 
-14.444990359961272 -11.623960946063256 
-18.292724639169343 -2.6960704954803214 
-18.62498344981038 -1.1495787675120395 
-18.151023002432154 -3.2541051717899903 
-14.880516675781784 -10.64845574642718 
-16.731711459079122 -4.7224819417920445 
-15.290494688954476 -8.950611539078686 
-15.162397996667565 -9.520526032828819 
-15.880679334264311 -7.750296888682714 
-16.706172551828168 -4.800607323317871 
-18.779731167454592 -0.6458509241766096 
-15.243975646625449 -9.186374908849064 
-16.159883995020408 -7.248362224112275 
-16.694941708830694 -4.880139067086194 
