-0.0013132458237050115 4.2845522136542106E-4 -1.6209909565753462E-4 
-1.1535204892044313 -1.1528247182649374 -1.1532792622209103 
-0.0013132458237050115 4.2845522136542106E-4 -1.6209909565753462E-4 
-1.1535204892044313 -1.1528247182649374 -1.1532792622209103 
-1.152397958270908 8.013120917438594E-5 -1.633532526699689E-4 
-0.4822014748289716 2.2264157821669215E-4 -1.6813905551966974E-4 
-1.1096978435053941 4.199356367462193E-4 -0.5063451379856337 
-1.1084599192056355 -0.5547003982322551 -1.088500312193509 
-1.0824918669919448 4.2845522136542106E-4 -1.6209909565753462E-4 
-1.1110133430949538 8.342655605905695E-4 -1.1290686217121633 
-1.1536828488937125 2.2156662592218496E-4 -1.1526075604886596 
-1.075771702504034 -0.9354826385361223 -1.0586758167308354 
-1.0929811720392888 -1.0136109604532841 -1.1199303943959917 
-1.1084599192056355 -1.1122489638585087 -1.0890654268432431 
-0.585906293267459 4.1869987316576704E-4 4.147718697475036E-4 
-1.0233454289283896 0.0016148047209256205 -1.0594185560741047 
-1.054271298869831 2.1201639156359685E-4 -1.6209909565753462E-4 
-0.8650052341673977 1.3769412100023482E-4 3.415819708049235E-4 
-0.9266955762449555 6.374128320285099E-4 3.415819708049235E-4 
-0.9487137087439321 -6.773865265830188E-6 -1.6813905551966974E-4 
-0.7613514192742414 4.4700847368025023E-4 -1.591838252135651E-4 
-1.0741546545152405 -0.8279509786756998 -1.0981341266328135 
-0.7189777095277787 2.130082817511119E-4 3.383577744918437E-4 
-0.526751142016153 8.106065845024657E-5 -1.700423242014799E-4 
-0.8463524830923097 -9.077608830110372E-6 1.7693109361583185E-4 
-0.6267274178073309 2.1271741644016335E-4 3.415819708049235E-4 
-0.9775593321412834 6.839249835355239E-4 -0.00107564179152877 
-1.0755676161893832 -0.8833282070768242 -1.10345280812927 
-1.059634680665809 -0.9948112140586983 -1.0922995944278915 
-0.9753029811191296 2.2112465823609191E-4 -1.052727293325459 
-0.795567908436396 4.2845522136542106E-4 -1.6209909565753462E-4 
-1.1056409016832556 -1.0554934576415227 -1.102422333295523 
-0.8934018650791946 4.320174429919482E-4 -1.68375921813207E-4 
-0.9565900184656208 2.0857069050745657E-4 -0.9583349231557213 
-1.0613253914143916 -0.9390142814086895 -1.103036221360892 
-1.1056409016832556 -1.0343209885531643 -1.102422333295523 
-1.0734084827767043 -1.1027764396720143 -1.1026128018937935 
-1.0274188634847405 4.2804945383699897E-4 2.370790635352331E-4 
-1.1500277213381795 -1.1148609452522305 -1.1205311966520868 
-0.9266955762449555 6.374128320285099E-4 -1.007433020666694 
-1.0307164037539494 -0.6927815806361829 -1.093700560372934 
-0.9919628530522867 4.2845522136542106E-4 -1.0138297388070696 
-0.5808207081909114 0.0016148047209256205 -1.1005464077457106 
-1.1110133430949538 -0.9298798196927174 -1.1316625415738952 
-1.0755676161893832 -0.7548676821730547 -1.10345280812927 
-1.0738276970693 -0.7526649888264316 -1.0640798213788025 
-0.9267102138836193 2.0857069050745657E-4 -0.9584488542345361 
-1.1110606996619359 -0.7265406191919757 -1.0449980599338022 
-1.0610870646407966 -1.001999116511752 -1.120417692266411 
-1.034963350693464 0.0016148047209256205 -0.7433788660690348 
-1.0747991818151315 -0.692740814718078 -1.0922995944278915 
-1.0765532543700356 -0.8604623288853029 -1.0891014688444758 
-0.7819033263335449 2.2264157821669215E-4 -1.6813905551966974E-4 
-0.9892257459747057 4.4700847368025023E-4 2.4047682792311913E-4 
-1.1331150669056393 -0.5471189279066906 -1.1290686217121633 
-1.1096978435053941 4.199356367462193E-4 -0.6169646581566246 
-0.6528082452352028 2.130082817511119E-4 3.415208914055344E-4 
-1.063389210576057 -0.6836209249933399 -1.0922995944278915 
-0.8607226863402031 0.005261414392409359 -1.0041552631921107 
-0.6248293557651696 2.1229818267271341E-4 -1.0829834054206187 
-1.0759135583651738 -0.9524712611468404 -1.0891014688444758 
-0.8507865571881 0.009895641609393713 -1.055907432316281 
-1.1070883335821575 4.2845522136542106E-4 -1.0106016804907882 
-0.5963124848003409 4.2231095378137334E-4 3.415819708049235E-4 
-1.1097385046852108 -0.8631348838512215 -1.08830205515662 
-1.07386516492859 -0.8279509786756998 -1.0658321024267146 
-1.1110133430949538 8.342655605905695E-4 -1.0819508635168815 
-0.8214129522168094 4.1869987316576704E-4 4.147718697475036E-4 
-0.7418941571351387 -1.163329940907093E-5 -1.0094589879246998 
-1.0093857471807772 2.115321080570149E-4 -1.045949666815767 
-1.1054012275742948 -0.5471189279066906 -1.1290686217121633 
-1.0272430215981392 0.0016557817961500576 -0.9611532141136122 
-0.6894514442418125 1.558793349777474E-4 -4.321191732863214E-5 
-0.6894514442418125 1.558793349777474E-4 -4.321191732863214E-5 
-1.0755143192018313 -0.7369281249402768 -1.1194869051756153 
-1.0038682491659596 2.115321080570149E-4 -1.045949666815767 
-1.0752838273715417 -0.8361237736577785 -1.0249824837432686 
-1.1500339515411664 -1.1252446324787055 -1.1205311966520868 
-1.0597268510518323 -0.044482557141426626 -0.594927829692379 
-0.736719452894917 -0.0012700280819462062 -1.0094589879246998 
-0.5232253560814498 4.1869987316576704E-4 4.147718697475036E-4 
-0.8886330018188676 4.3372981900575037E-4 -1.68375921813207E-4 
-0.8249387381515128 8.106065845024657E-5 -1.700423242014799E-4 
-0.7467839244381662 1.606691832103937E-4 -1.0829834054206187 
-0.9426370422326733 4.506078298240167E-4 -1.0106016804907882 
-0.5435832353922425 0.008782001818994356 -1.1199366544495466 
-1.1434244355384218 -1.1528247182649374 -1.1525430389853895 
-0.9351661124688332 6.214230225896331E-4 3.605884365319648E-4 
-0.7361783375456454 1.0110170134915809E-4 0.002960175439707613 
-1.0102192195828124 4.320174429919482E-4 0.009783995464138884 
-1.0932385553414914 -1.0136109604532841 -1.059119305951212 
-1.024902617200374 2.154737545774713E-4 -0.762796565187819 
-1.0755625012274435 -0.8361237736577785 -1.0249824837432686 
-1.0747991818151315 -0.8619363869067231 -1.0922995944278915 
-1.1536828488937125 2.2156662592218496E-4 -1.1526075604886596 
-0.853423077397046 0.008663259046174664 -0.946466194831512 
-0.650238197378998 2.1271741644016335E-4 3.415819708049235E-4 
-1.07386516492859 -0.834049040874706 -1.0688595315547218 
-1.0725916643415236 0.0016148047209256205 -1.0594185560741047 
-0.9896761297079371 3.583452600954109E-4 -0.8180611563640395 
