2.4973620910430907 0.32527247777863133 
2.497933642571118 0.22732784051340693 
2.49657250708629 0.4338229775765346 
2.4979037092549774 0.2511938981160271 
2.497389518479882 0.3214754973083209 
2.497865636797609 0.30720429097715696 
2.497091107580268 0.4259840601947904 
2.497878131163062 0.29678031639130076 
2.4978678660149365 0.2981431624034366 
-3.141592653589793 1.0508809027263537 
2.497091107580268 0.4259840601947904 
2.497865583125428 0.31138311095698185 
2.4971155184225773 0.40842235582560243 
2.497933642571118 0.22732784051340693 
2.497091107580268 0.4259840601947904 
2.4979068323537157 0.24698357010923688 
2.497389518479882 0.3214754973083209 
2.497865583125428 0.31138311095698185 
2.4974085826394194 0.318629289281404 
2.497877581385672 0.2972961218109837 
2.0655417025937535 0.48635465126679156 
2.497389518479882 0.3214754973083209 
2.497934585197073 0.22333542667831124 
2.4979037092549774 0.2511938981160271 
2.4978804568860222 0.26153781587507385 
2.4978774512734083 0.29738483897107326 
2.497903318946473 0.25758514277902 
2.4979160012223107 0.24453288044045235 
2.497878131163062 0.29678031639130076 
2.4979312493851933 0.23010599487584088 
2.4978799459992227 0.2967729376182953 
2.4979350634991206 0.21591713763702036 
2.497078245072105 0.4312554381421556 
2.497091107580268 0.4259840601947904 
2.497878131163062 0.29678031639130076 
2.497903318946473 0.25758514277902 
2.4974085826394194 0.318629289281404 
2.497903318946473 0.25758514277902 
1.8365913696257932 0.7266583487705943 
2.497389518479882 0.3214754973083209 
2.497389518479882 0.3214754973083209 
2.4978774336602148 0.2980363887807991 
1.7896366822692495 0.9526136639296606 
2.497903318946473 0.25758514277902 
2.497389518479882 0.3214754973083209 
1.8117389057334012 0.9457231686162978 
2.4978678660149365 0.2981431624034366 
2.4971100012259533 0.40872031553146354 
1.8361459649493783 0.9419316597848486 
1.8506439906299081 0.5971466489671733 
2.4979350634991206 0.21591713763702036 
2.4979312074546667 0.23449476964374205 
2.497878131163062 0.29678031639130076 
2.497865583125428 0.31138311095698185 
2.497934585197073 0.22333542667831124 
2.0655417025937535 0.48635465126679156 
2.497903318946473 0.25758514277902 
2.497865583125428 0.31138311095698185 
2.497933642571118 0.22732784051340693 
-3.141592653589793 1.0508809027263537 
2.4979350634991206 0.21591713763702036 
1.8666426661696636 0.4951315519866208 
2.497903318946473 0.25758514277902 
2.4979336425276237 0.22732929343858208 
2.497935217152343 0.2098059981810228 
2.497930394408118 0.24432325179607206 
2.4979350634991206 0.21591713763702036 
1.855974220567696 0.5463236444647306 
2.497933642571118 0.22732784051340693 
2.4978804568860222 0.26153781587507385 
1.8558621684986147 0.592628570536844 
2.0655417025937535 0.48635465126679156 
2.4979350634991206 0.21591713763702036 
1.8666426661696636 0.4951315519866208 
1.8666426661696636 0.4951315519866208 
2.497389518479882 0.3214754973083209 
2.4974357162547354 0.31151410833056464 
2.497389518479882 0.3214754973083209 
2.497878131163062 0.29678031639130076 
2.4974085826394194 0.318629289281404 
2.4974085826394194 0.318629289281404 
2.0655417025937535 0.48635465126679156 
2.0655417025937535 0.48635465126679156 
