2.4973620910430907 -3.997157800235494 3.003002046458604 
2.497933642571118 -3.999533370285797 3.000629003001066 
2.49657250708629 -3.9945441813967717 3.0031663471736882 
2.4979037092549774 -3.9995333324566826 3.0007525714236185 
2.497389518479882 -3.9995343035389395 3.002808087782374 
2.497865636797609 -3.9995333430976965 3.0007525891591964 
2.497091107580268 -3.9995318894468133 3.0031428810427228 
2.497878131163062 -3.9995333324566826 3.000752496344177 
2.4978678660149365 -3.999464703066993 3.0007513363039218 
-3.141592653589793 -4.999999995692913 -1.1948716345123912E-4 
2.497091107580268 -3.9995318894468133 3.0031428810427228 
2.497865583125428 -3.9995329566755946 3.0007141881865755 
2.4971155184225773 -3.9984901207082126 3.00286014615262 
2.497933642571118 -3.999533370285797 3.000629003001066 
2.497091107580268 -3.9995318894468133 3.0031428810427228 
2.4979068323537157 -3.9995329525403984 3.0007382371047453 
2.497389518479882 -3.9995343035389395 3.002808087782374 
2.497865583125428 -3.9995329566755946 3.0007141881865755 
2.4974085826394194 -3.999554343961347 3.002730801559619 
2.497877581385672 -3.9995333720230266 3.000752496344177 
2.0655417025937535 -2.373401995790586 4.399785702509939 
2.497389518479882 -3.9995343035389395 3.002808087782374 
2.497934585197073 -3.9995326132005853 3.000625227527326 
2.4979037092549774 -3.9995333324566826 3.0007525714236185 
2.4978804568860222 -3.99953324257502 3.000846060570691 
2.4978774512734083 -3.9995330757595258 3.000752496344177 
2.497903318946473 -3.9995333324566826 3.000757824783847 
2.4979160012223107 -3.999467930296901 3.0007368363576092 
2.497878131163062 -3.9995333324566826 3.000752496344177 
2.4979312493851933 -3.9995329566026414 3.000642734868758 
2.4978799459992227 -3.9995333313460724 3.0007413972315273 
2.4979350634991206 -3.9995326132005853 3.000625227527326 
2.497078245072105 -3.9995325618438464 3.0030646160034946 
2.497091107580268 -3.9995318894468133 3.0031428810427228 
2.497878131163062 -3.9995333324566826 3.000752496344177 
2.497903318946473 -3.9995333324566826 3.000757824783847 
2.4974085826394194 -3.999554343961347 3.002730801559619 
2.497903318946473 -3.9995333324566826 3.000757824783847 
1.8365913696257932 -1.301916535197166 4.822277755106875 
2.497389518479882 -3.9995343035389395 3.002808087782374 
2.497389518479882 -3.9995343035389395 3.002808087782374 
2.4978774336602148 -3.999537138373266 3.0007511208643485 
1.7896366822692495 -1.0483560019450568 4.867779659977966 
2.497903318946473 -3.9995333324566826 3.000757824783847 
2.497389518479882 -3.9995343035389395 3.002808087782374 
1.8117389057334012 -1.2380845109171568 4.865033784796115 
2.4978678660149365 -3.999464703066993 3.0007513363039218 
2.4971100012259533 -3.9984579290595073 3.00286014615262 
1.8361459649493783 -1.321138779554022 4.869668069709588 
1.8506439906299081 -1.3846357006926546 4.805915038926402 
2.4979350634991206 -3.9995326132005853 3.000625227527326 
2.4979312074546667 -3.9995333338224697 3.0006373829101816 
2.497878131163062 -3.9995333324566826 3.000752496344177 
2.497865583125428 -3.9995329566755946 3.0007141881865755 
2.497934585197073 -3.9995326132005853 3.000625227527326 
2.0655417025937535 -2.373401995790586 4.399785702509939 
2.497903318946473 -3.9995333324566826 3.000757824783847 
2.497865583125428 -3.9995329566755946 3.0007141881865755 
2.497933642571118 -3.999533370285797 3.000629003001066 
-3.141592653589793 -4.999999995692913 -1.1948716345123912E-4 
2.4979350634991206 -3.9995326132005853 3.000625227527326 
1.8666426661696636 -1.4586826326252829 4.782743735803162 
2.497903318946473 -3.9995333324566826 3.000757824783847 
2.4979336425276237 -3.99953337458429 3.0006290045998014 
2.497935217152343 -3.999532612585823 3.000625226697419 
2.497930394408118 -3.9995319072770417 3.0006288463817943 
2.4979350634991206 -3.9995326132005853 3.000625227527326 
1.855974220567696 -1.4068925539861896 4.799611900309812 
2.497933642571118 -3.999533370285797 3.000629003001066 
2.4978804568860222 -3.99953324257502 3.000846060570691 
1.8558621684986147 -1.4066757170067743 4.801091416270803 
2.0655417025937535 -2.373401995790586 4.399785702509939 
2.4979350634991206 -3.9995326132005853 3.000625227527326 
1.8666426661696636 -1.4586826326252829 4.782743735803162 
1.8666426661696636 -1.4586826326252829 4.782743735803162 
2.497389518479882 -3.9995343035389395 3.002808087782374 
2.4974357162547354 -3.9995320711433173 3.0026226531674514 
2.497389518479882 -3.9995343035389395 3.002808087782374 
2.497878131163062 -3.9995333324566826 3.000752496344177 
2.4974085826394194 -3.999554343961347 3.002730801559619 
2.4974085826394194 -3.999554343961347 3.002730801559619 
2.0655417025937535 -2.373401995790586 4.399785702509939 
2.0655417025937535 -2.373401995790586 4.399785702509939 
