-17.95844027026417 -3.870946680361873 
-16.648696608479018 -5.102672843742884 
-18.451247746967404 -1.9338471726282185 
-18.264677758859357 -2.8446622676980198 
-18.5143314212256 -1.6440684728515689 
-18.20132133692037 -3.1437794785096616 
-18.050624273600782 -3.715108719017747 
-16.534916005304368 -5.661890389908844 
-19.99992920893933 2.939281524766183E-4 
-16.435103826138608 -6.137825566776605 
-18.678223828548145 -0.9835527398424209 
-15.405471614414928 -8.502910108766493 
-15.949407482912468 -7.717858108568239 
-14.781888197370542 -11.014588184262067 
-18.026581357526386 -3.7743468774392612 
-18.050624273600782 -3.715108719017747 
-14.545365029627469 -11.55405483635262 
-16.42682855463371 -6.175640444264959 
-14.897657494289252 -10.60725131023072 
-16.09787905029819 -7.439187404672733 
-15.145346345800341 -9.604401685283023 
-18.124908384876793 -3.467948725469743 
-14.884595678382942 -10.66182159866314 
-18.143948354904516 -3.3927386675605247 
-17.992740452571628 -3.8370298480186382 
-18.55655475661938 -1.4603038640426715 
-16.48713493521673 -5.892804498783143 
-18.235278363005836 -2.9851803292415027 
-16.056559976729424 -7.541451134064448 
-18.678223828548145 -0.9835527398424209 
-14.700243311318179 -11.25082062329968 
-14.539775458332961 -11.563055548700996 
-16.630862912547165 -5.189861505671527 
-14.615889322839632 -11.443319684858814 
-17.961538409059237 -3.8693538844390756 
-16.13947851026898 -7.3195390385303 
-18.489161095923325 -1.7580484729337853 
-16.584314517043026 -5.420459211768668 
-16.173599846498483 -7.208945980007115 
-14.658024250756155 -11.354460641663657 
-15.976184195191786 -7.68676814231529 
-15.936611733936669 -7.729053224626457 
-19.99992921706328 2.945238166776578E-4 
-14.971394785380392 -10.329089318001094 
-14.85472341632768 -10.76998508187816 
-18.086128980893726 -3.6077192046393574 
-18.36329978378287 -2.35914305798452 
-18.410520737246443 -2.128452145451982 
-14.719279962024867 -11.200238681440771 
-19.99992921706328 2.945238166776578E-4 
-19.99992921706328 2.945238166776578E-4 
-15.955782861251954 -7.711388680070337 
-15.33326045609779 -8.81555921369114 
-16.324515688319217 -6.633118736763846 
-14.625011451429817 -11.425745775076518 
-19.99992921706328 2.945238166776578E-4 
-19.99992921706328 2.945238166776578E-4 
-18.613294020494642 -1.2279792294702672 
-17.976457216823185 -3.8571363281254305 
-15.214358557424207 -9.311710156362473 
-15.274958370942429 -9.05677732627366 
-16.25847307784891 -6.902486023063904 
-19.99992921706328 2.945238166776578E-4 
-17.945047954931965 -3.8754661119492404 
-15.051961482568322 -10.000084883706304 
-14.575197536105662 -11.514571033634734 
-19.99992921706328 2.945238166776578E-4 
-15.995548676075003 -7.658795970023772 
-19.99992921706328 2.945238166776578E-4 
-16.3992343579663 -6.302991323693547 
-15.18101836563438 -9.452633600106259 
-19.99992921706328 2.945238166776578E-4 
-14.475336431220917 -11.616037640491879 
-19.99992921706328 2.945238166776578E-4 
-19.99992921706328 2.945238166776578E-4 
-18.311930187026423 -2.6128945297890813 
-19.99992921706328 2.945238166776578E-4 
-17.98710947340267 -3.8447606294635834 
-15.009192221716653 -10.174889158029744 
-17.9582114284198 -3.8712263362108907 
-15.065834577829028 -9.942068693326608 
-16.530464406184425 -5.683310171916161 
-18.292169541362654 -2.7101866542738486 
-14.943393971931147 -10.439657584794233 
-14.781888197370542 -11.014588184262067 
-14.507914234408068 -11.595582581361523 
-16.10273329730545 -7.426026051771336 
-18.010147902047578 -3.8081414593933935 
-16.219215813126297 -7.050751308717332 
-18.162043150786396 -3.3167474197049844 
-14.80555364421205 -10.938960663456044 
-16.364349217494663 -6.459620044187683 
-15.30839128472535 -8.918162552310669 
-16.28978167203481 -6.777137346783505 
-15.115820233973936 -9.730913663824307 
-16.197390316539526 -7.129524579043804 
-16.02443065852694 -7.608283486088288 
