-2.4865640499462438E-6 -1.8029393462098568E-5 -1.1417374225007637 
-0.9430614617452147 -2.606997191757445E-6 -0.8910770761038087 
-6.837063707077339E-6 -9.886310964135356E-7 -0.8413468266828881 
-2.4917463656750494E-6 3.2878668805332255E-7 -0.9529687145583222 
-0.8041328553156841 9.359046453098317E-8 -3.2902308108706535E-5 
-2.4865406702973443E-6 -1.7979882462092473E-5 -0.9914269334001757 
-2.4873759163480755E-6 -3.5846973579233246E-7 -1.0841741536868574 
-0.9430614617452147 -2.606997191757445E-6 -0.9595321719100951 
-2.492478442990396E-6 6.286288785018059E-8 -3.2902308108706535E-5 
-0.9879214182405797 -2.65491338557205E-5 -0.9752141455567309 
-0.7088031530140437 9.359046453098317E-8 -3.2902308108706535E-5 
-1.0367728115118142 -0.770831218766389 -1.0693336732974439 
-1.1309359760208815 3.350159195612449E-7 -1.1321700343229972 
-1.0981409597533174 -1.0375296825486116 -1.1005964560406112 
-2.552532823943832E-6 -1.7862395247779394E-5 -1.0991094672910466 
-2.4873759163480755E-6 -3.5846973579233246E-7 -1.0841741536868574 
-1.1278193490731216 -1.1189123557543805 -1.1379644418784978 
-0.9929654877521547 -2.65491338557205E-5 -0.9752141455567309 
-1.074003631647065 -1.000458313732674 -1.0872392580284755 
-1.0862555818790396 -1.8093978773386814E-5 -1.0841920931970255 
-1.0786818670388096 -0.8801251893470425 -1.0735446054090751 
-2.547515005672065E-6 -1.8029015425184587E-5 -1.0382307924480432 
-1.0859541758219293 -1.000458313732674 -1.0872392580284755 
-2.5558149343984167E-6 3.371622283406535E-7 -1.026546707992915 
-2.4873759163480755E-6 9.359046453098317E-8 -1.1202539193496803 
-0.7793988174850082 -1.8053538210444648E-6 -3.2902308108706535E-5 
-0.9687690809618912 -2.6836862219976567E-6 -0.96275170615302 
-0.9707440420115568 -1.8093978773386814E-5 -3.2902308108706535E-5 
-1.0978535639301896 -1.805243962958115E-5 -1.098294307387846 
-0.7088031530140437 9.359046453098317E-8 -3.2902308108706535E-5 
-1.110906295052348 -1.0665861751268537 -1.10897188063975 
-1.1350526624022057 -1.117806721816184 -1.1383136208380527 
-0.8954848009389487 -2.8780022363704427E-5 -0.9493813673215171 
-1.1278193490731216 -1.0926569175623468 -1.121698731297842 
-2.4676665227619388E-6 -9.823245337629563E-7 -1.1398108856708273 
-1.0748806190650053 -2.926400705637497E-5 -1.069759907485029 
-2.4916648652768046E-6 4.932655886612745E-7 -0.818971549917626 
-0.9431143454849573 -1.789958538757613E-5 -0.9296440617065915 
-1.054836415502264 -2.702386365633023E-5 -1.0686931815739191 
-1.12206422742684 -1.0780080336126132 -1.1157444119370914 
-1.1239275861444893 -2.6622583967817614E-5 -1.1224040094209087 
-1.1348168785788948 -1.8715752125787157E-5 -1.1363150986437176 
-2.4873759163480755E-6 9.359046453098317E-8 -3.2902308108706535E-5 
-1.0831020580878423 -0.9594558396302922 -1.085783679861455 
-1.0963068717451545 -1.0040126490589436 -1.0976314705627608 
-2.3715787933871893E-6 -9.823245337629563E-7 -1.0621716792917533 
-2.496290997744704E-6 9.140685503766025E-8 -0.8936571771679402 
-2.487329296171101E-6 9.359046453098317E-8 -0.8655055510546666 
-1.1102841007658761 -1.0584163302755547 -1.1073234360953417 
-2.4873759163480755E-6 9.359046453098317E-8 -3.2902308108706535E-5 
-2.4873759163480755E-6 9.359046453098317E-8 -3.2902308108706535E-5 
-1.129319795882161 3.350159195612449E-7 -1.1297896971462875 
-1.077357431102102 -0.7813443751983757 -1.0716116215149067 
-1.0145870568296922 -9.598820009248683E-7 -1.016055708049057 
-1.125569843828058 -1.089371920754933 -1.1216314732352177 
-2.4873759163480755E-6 9.359046453098317E-8 -3.2902308108706535E-5 
-2.4873759163480755E-6 9.359046453098317E-8 -3.2902308108706535E-5 
-2.5658970871311736E-6 -1.809959805598134E-5 -0.7463701109054663 
-2.453296956066901E-6 -1.2671079414185681E-6 -1.1304502278252686 
-1.0738033551973392 -0.8487126433096052 -1.0706238745822503 
-1.0674402033021295 -0.8213045450236248 -1.0693336732974439 
-1.0347776816982057 -6.998599363719042E-5 -1.0364032506477099 
-2.4873759163480755E-6 9.359046453098317E-8 -3.2902308108706535E-5 
-2.4678200386755117E-6 4.832676841192221E-7 -1.150178120696317 
-1.0786818670388096 -0.9282025890382791 -1.0735446054090751 
-1.1318375931237958 -1.1067718022387703 -1.1290944265726508 
-2.4873759163480755E-6 9.359046453098317E-8 -3.2902308108706535E-5 
-1.1164970000099916 -1.8079508951366702E-5 -1.1177210522773646 
-2.4873759163480755E-6 9.359046453098317E-8 -3.2902308108706535E-5 
-0.9968476837779682 -6.803880526514995E-5 -0.988132362433437 
-1.077357431102102 -0.8634559462249276 -1.0716116215149067 
-2.4873759163480755E-6 9.359046453098317E-8 -3.2902308108706535E-5 
-1.1404170469536987 -1.142286679008035 -1.14696014681774 
-2.4873759163480755E-6 9.359046453098317E-8 -3.2902308108706535E-5 
-2.4873759163480755E-6 9.359046453098317E-8 -3.2902308108706535E-5 
-2.4916648652768046E-6 3.2878668805332255E-7 -0.9244631677732555 
-2.4873759163480755E-6 9.359046453098317E-8 -3.2902308108706535E-5 
-2.496290997744704E-6 1.5465930603518062E-7 -1.1237777021313895 
-1.084250014705905 -0.9478078405559023 -1.0715523030872467 
-2.4676665227619388E-6 -9.823245337629563E-7 -1.141900729105293 
-1.0786818670388096 -0.9211347048767454 -1.0735446054090751 
-0.9430614617452147 -2.606997191757445E-6 -0.9622295827566472 
-7.065084833480317E-6 -9.823245337629563E-7 -0.9363586591227326 
-1.0847580713021665 -0.974880674470955 -1.0816889929602933 
-1.0981409597533174 -1.0375296825486116 -1.1005964560406112 
-1.1415582722649107 -1.1299591422520903 -1.1386399480114244 
-1.0851794338542795 -1.805243962958115E-5 -1.082253453452069 
-7.234306930953089E-6 3.3090150070051617E-7 -1.1093702961901357 
-1.0519435074768084 -1.8176764793134726E-5 -1.0434158576986547 
-1.015406856423597 -1.8068765133578217E-5 -3.2902308108706535E-5 
-1.0980098811046424 -1.026249703724585 -1.0999649391107063 
-0.9984760200044787 -2.8224892416108648E-5 -1.0077996569076066 
-1.0674402033021295 -0.8032420018685494 -1.0693336732974439 
-1.0304542777396823 -2.6605363079211668E-5 -1.0214922735056777 
-1.077357431102102 -0.8974108884908195 -1.0716116215149067 
-1.054836415502264 -2.864049836279649E-5 -1.0539849786063018 
-1.1070242635707872 -4.9166146160508545E-5 -1.1091539581021916 
