2.440455462442242 0.32470848400884234 
2.4404554624422237 0.3247084860050783 
-3.141578760728635 1.0014581100346618 
2.4404554624426535 0.3247084796008064 
2.44045546244279 0.3247084786142179 
-3.141578760470319 1.000474342130335 
2.4404554624422357 0.32470848471929303 
-3.141578760473433 1.000485641262654 
-3.1415787604801455 1.0005653774962928 
-3.14157876073152 1.001638839130561 
-3.1415787604742853 1.00050449594294 
-3.1415787606427803 1.0011304760870876 
-3.1415787606398338 1.0010218415455356 
-3.1415787604742853 1.00050449594294 
2.4404554624422357 0.32470848471929303 
2.4404554624426535 0.3247084796008064 
2.4404554624428147 0.32470847857142504 
-3.14157876073152 1.001638839130561 
2.44045546244279 0.3247084786142179 
2.4404554624426535 0.3247084796008064 
