2.440455462442242 -3.820527106449686 3.2247630237897695 
2.4404554624422237 -3.8205271064459585 3.224763023784332 
-3.141578760728635 -4.999999999516896 -6.946690499396726E-5 
2.4404554624426535 -3.820527106460547 3.22476302378458 
2.44045546244279 -3.8205271064622544 3.224763023792793 
-3.141578760470319 -4.99999999952681 -6.946561568989482E-5 
2.4404554624422357 -3.820527106449686 3.2247630237732223 
-3.141578760473433 -4.9999999995214965 -6.9465616551218E-5 
-3.1415787604801455 -4.999999999525354 -6.946559734934038E-5 
-3.14157876073152 -4.999999999517874 -6.946812451001381E-5 
-3.1415787604742853 -4.99999999952179 -6.946561733909635E-5 
-3.1415787606427803 -4.999999999530003 -6.946545961162223E-5 
-3.1415787606398338 -4.999999999517359 -6.946567540312764E-5 
-3.1415787604742853 -4.99999999952179 -6.946561733909635E-5 
2.4404554624422357 -3.820527106449686 3.2247630237732223 
2.4404554624426535 -3.820527106460547 3.22476302378458 
2.4404554624428147 -3.820527106462352 3.2247630237934968 
-3.14157876073152 -4.999999999517874 -6.946812451001381E-5 
2.44045546244279 -3.8205271064622544 3.224763023792793 
2.4404554624426535 -3.820527106460547 3.22476302378458 
