0.6654046478687151 1.520452051447489 
0.6668167154921679 1.4996624661124673 
0.4078203747420307 8.165656197995768 
0.43140079642444285 7.22666450645632 
0.5686416604242761 3.3134827677180123 
0.4748485807992562 5.741603683858885 
0.49504840999205535 5.140288767471178 
0.5271992944566194 4.278157738891248 
0.63161348464441 2.085797108144933 
0.7549883113134624 1.324554557418611 
0.38931766957024627 8.988983087693846 
0.49504840999205535 5.140288767471178 
0.6972206910503151 1.434303015335168 
0.4078203747420307 8.165656197995768 
0.4359569288018953 7.056779311603154 
0.5985336491348764 2.6967911263694404 
0.4150663060346286 7.879686782352085 
0.6498182012627789 1.772462047154332 
0.39879281733406197 8.554958817579964 
0.6172812026414364 2.3407913441331294 
0.6172812026414364 2.3407913441331294 
0.6105454096380009 2.4652050834589505 
0.5686416604242761 3.3134827677180123 
0.4644427412556459 6.072077381007046 
0.45975636279415144 6.226696928130187 
0.38931766957024627 8.988983087693846 
0.5337236077789232 4.117016861698443 
0.6248634383302789 2.2119732582066325 
0.6065414209344835 2.542115846576199 
0.6433644377573552 1.8807385322300367 
0.4299744219918935 7.283405808462544 
0.5985336491348764 2.6967911263694404 
0.516598167280899 4.550357073478951 
0.6663430191651626 1.505220697060883 
0.4467344144742752 6.671755545166242 
0.6668167154921679 1.4996624661124673 
0.5862868891177471 2.940548117764383 
0.5271992944566194 4.278157738891248 
0.5811924676269796 3.045087260390922 
0.5811924676269796 3.045087260390922 
0.63161348464441 2.085797108144933 
0.6275709528814779 2.1551250982828254 
0.5258428664376952 4.31517793656943 
0.5155485782448881 4.577836014316464 
0.465221234349454 6.047909201993121 
0.3916295833896091 8.874439682225113 
0.555462571456071 3.6022883516807953 
0.555462571456071 3.6022883516807953 
0.5603400982951025 3.499284698683956 
0.5686416604242761 3.3134827677180123 
0.5933281564594006 2.798860972416047 
0.3916295833896091 8.874439682225113 
0.40144419788813085 8.453018566833553 
0.39879281733406197 8.554958817579964 
0.6554201966346913 1.681512046673103 
0.4129221467138171 7.954434484761773 
0.6433644377573552 1.8807385322300367 
0.4855669708577448 5.41771700167991 
0.5074795840354807 4.793855206367027 
0.5050292407199846 4.860617764674737 
0.6554201966346913 1.681512046673103 
0.5407086655229285 3.94694119123483 
0.45266027466017417 6.465800694792026 
0.44331842052568704 6.793430488432636 
0.5566125471108258 3.5763163626919647 
0.44150822825885927 6.854948463767634 
0.545157522805108 3.84119471181419 
0.5862868891177471 2.940548117764383 
0.4677272210025328 5.9754330455855875 
0.5985336491348764 2.6967911263694404 
0.6105454096380009 2.4652050834589505 
0.4491729933002098 6.586950233473766 
0.4078203747420307 8.165656197995768 
0.5407086655229285 3.94694119123483 
0.5074795840354807 4.793855206367027 
0.6498182012627789 1.772462047154332 
0.5208442120525654 4.444420583249637 
0.42318049851078604 7.545774224710896 
0.5155485782448881 4.577836014316464 
0.5811924676269796 3.045087260390922 
0.43140079642444285 7.22666450645632 
0.42243780766134237 7.571253685974068 
0.5045819803585814 4.874237496428242 
0.49504840999205535 5.140288767471178 
0.6321142678258976 2.0778570879853446 
0.545157522805108 3.84119471181419 
0.45266027466017417 6.465800694792026 
0.6663430191651626 1.505220697060883 
0.4800896053246473 5.581400856331629 
0.5661320537061605 3.369946893529582 
0.4915288891209269 5.242365596674862 
0.4187884215748544 7.715226493810086 
0.4855669708577448 5.41771700167991 
0.4800896053246473 5.581400856331629 
