0.6654046478687151 0.011715861894682086 
0.6668167154921679 1.3877787807814457E-17 
0.4078203747420307 2.3301209706812194 
0.43140079642444285 2.1175888235775098 
0.5686416604242761 0.8841843428223966 
0.4748485807992562 1.7263923607921725 
0.49504840999205535 1.5446917812366283 
0.5271992944566194 1.255441741517592 
0.63161348464441 0.3174175797366543 
0.7549883113134624 2.3208548027775977E-5 
0.38931766957024627 2.4995699475073248 
0.49504840999205535 1.5446917812366283 
0.6972206910503151 2.573952753652845E-5 
0.4078203747420307 2.3301209706812194 
0.4359569288018953 2.0764518359192636 
0.5985336491348764 0.6141202338204547 
0.4150663060346286 2.270592485460768 
0.6498182012627789 0.15177809928837088 
0.39879281733406197 2.411656129039589 
0.6172812026414364 0.44492649603916234 
0.6172812026414364 0.44492649603916234 
0.6105454096380009 0.5051196475221271 
0.5686416604242761 0.8841843428223966 
0.4644427412556459 1.820132263951315 
0.45975636279415144 1.8627635318986504 
0.38931766957024627 2.4995699475073248 
0.5337236077789232 1.1973490927123531 
0.6248634383302789 0.38218121561762625 
0.6065414209344835 0.5418985577623953 
0.6433644377573552 0.2100002883567711 
0.4299744219918935 2.131678202626082 
0.5985336491348764 0.6141202338204547 
0.516598167280899 1.350706124632901 
0.6663430191651626 0.0029933037894395026 
0.4467344144742752 1.9805028069853399 
0.6668167154921679 1.3877787807814457E-17 
0.5862868891177471 0.7240048082651267 
0.5271992944566194 1.255441741517592 
0.5811924676269796 0.7697817790060788 
0.5811924676269796 0.7697817790060788 
0.63161348464441 0.3174175797366543 
0.6275709528814779 0.35249391150814163 
0.5258428664376952 1.269105535354368 
0.5155485782448881 1.3600968486190979 
0.465221234349454 1.8136157841846605 
0.3916295833896091 2.475493115566036 
0.555462571456071 1.000936350950866 
0.555462571456071 1.000936350950866 
0.5603400982951025 0.9607895320231157 
0.5686416604242761 0.8841843428223966 
0.5933281564594006 0.6606430209497787 
0.3916295833896091 2.475493115566036 
0.40144419788813085 2.393415258295973 
0.39879281733406197 2.411656129039589 
0.6554201966346913 0.10209695627408755 
0.4129221467138171 2.284562163342247 
0.6433644377573552 0.2100002883567711 
0.4855669708577448 1.6306644334702172 
0.5074795840354807 1.4327836460534624 
0.5050292407199846 1.4547540991237513 
0.6554201966346913 0.10209695627408755 
0.5407086655229285 1.1341453044100627 
0.45266027466017417 1.9268111184025036 
0.44331842052568704 2.011652874083003 
0.5566125471108258 0.9906225599120982 
0.44150822825885927 2.0265161510438374 
0.545157522805108 1.0940561937047044 
0.5862868891177471 0.7240048082651267 
0.4677272210025328 1.794872692698448 
0.5985336491348764 0.6141202338204547 
0.6105454096380009 0.5051196475221271 
0.4491729933002098 1.9586801530889277 
0.4078203747420307 2.3301209706812194 
0.5407086655229285 1.1341453044100627 
0.5074795840354807 1.4327836460534624 
0.6498182012627789 0.15177809928837088 
0.5208442120525654 1.3148507367128603 
0.42318049851078604 2.193224498062997 
0.5155485782448881 1.3600968486190979 
0.5811924676269796 0.7697817790060788 
0.43140079642444285 2.1175888235775098 
0.42243780766134237 2.198383808350743 
0.5045819803585814 1.4594524086858156 
0.49504840999205535 1.5446917812366283 
0.6321142678258976 0.313443111818708 
0.545157522805108 1.0940561937047044 
0.45266027466017417 1.9268111184025036 
0.6663430191651626 0.0029933037894395026 
0.4800896053246473 1.6795725342749004 
0.5661320537061605 0.9078349557145979 
0.4915288891209269 1.5767741380993598 
0.4187884215748544 2.231047525435224 
0.4855669708577448 1.6306644334702172 
0.4800896053246473 1.6795725342749004 
