0.6278845690579395 -0.2714165538943228 
0.42536799884777765 0.04723879563591773 
0.19673909233619435 0.5801074677317047 
0.06887833201310628 0.6851964541134197 
0.8393309148226344 -0.7053900943344648 
0.414573447962547 0.17715372361449647 
0.8412423437776217 -0.7228214695847022 
0.6266138099169427 -0.2532232923232393 
0.8311249077968366 -0.5973265792112987 
0.6320292620436895 -0.3256601589804391 
0.42893913638883685 0.009563482122185845 
0.035995949949394535 0.7831043013842541 
0.2121700656994301 0.4634163961325437 
0.6423707682628215 -0.42110527393468256 
0.8330230247690001 -0.6251491619219427 
0.4374991641359695 -0.06290752102880567 
0.2234344371156897 0.38988134429349164 
0.4342103413442338 -0.038377399485671565 
0.023521636725089945 0.8418741714743426 
0.4103640102106706 0.23948267032659099 
0.4277844141314729 0.022132490976755573 
0.22029818841463555 0.4029667892462211 
0.6332679986396602 -0.3404256225416491 
0.846791154124259 -0.7593527375870397 
0.018071571158022104 0.85951828522332 
0.02516451702269551 0.8276560224556928 
0.4127853600403921 0.1992998619173985 
0.4112025516917862 0.2199329650400416 
0.2265147680523181 0.3599021546247543 
0.6528443594478222 -0.4550261756140125 
0.439632657197785 -0.07589921829955572 
0.0590520571422956 0.7041356099048359 
0.8266654831572446 -0.5137782112586872 
0.6384625391464123 -0.39298769947364176 
0.827515798196869 -0.5368388800267812 
0.030196478460719947 0.8114759314334816 
0.19921373019007121 0.5630665190692834 
0.19408483212333563 0.6006848232318185 
0.6400908232344606 -0.4068655152225232 
0.03260257070513632 0.7972589862455299 
0.2100636380570175 0.4791373551845333 
0.8343341238400015 -0.6448863756323263 
0.6216208245331893 -0.17477040355071616 
0.6201716420940535 -0.14808084333976054 
0.2414875502807331 0.27961408181736774 
3.544216389227972E-4 0.9854738186457833 
0.2579503159561826 0.24566144323063038 
0.0012648875118205505 0.9692661080809583 
0.2150538295575256 0.4429240373787544 
0.6288770362576948 -0.28557683086353647 
0.44555933313745044 -0.10554687157101397 
0.4171113499865998 0.14394123611802187 
0.23806432277866485 0.2943145644264222 
0.6240615390346314 -0.21435864705591642 
0.2019530933063879 0.5419314332222332 
0.41590481056796547 0.15918689245842468 
0.00283471622019954 0.9546503721899233 
0.8439557270468285 -0.7433237726361879 
0.20728454483135328 0.5002851854977998 
0.0038703318281557465 0.9425432844804247 
0.8234857340270944 -0.4581806830163183 
0.04620750212962693 0.7431172576128917 
0.6452040278194248 -0.43749473631118474 
0.42289479358254684 0.07469789455784732 
0.837330637504538 -0.6848420470861691 
0.21774818473557783 0.4227231405061408 
0.006269638290281931 0.924491598065508 
0.040343479251773395 0.76618145703421 
0.4212029071845725 0.09505714952882473 
0.6346485109086653 -0.3551664672294549 
0.8299500358848662 -0.5795733107960923 
0.8510369585029727 -0.7703900390364006 
0.23403574357017293 0.3141156484473773 
0.2466886109123402 0.2620659281904886 
0.43083651132221634 -0.008384421996197834 
0.825498161378585 -0.4976367157074504 
0.6186559211090843 -0.1252406071967155 
0.4526504499862497 -0.12118418956458958 
3.0573052955604196E-7 1.0036415132383472 
0.009287009694033205 0.9053212818958764 
0.43260406436006227 -0.022280747114832015 
0.630204027870918 -0.30296590617142166 
0.8288506924832795 -0.5598854519790664 
0.1875546425290661 0.6429335404597788 
0.8320032799851922 -0.6107384011770222 
0.6227370033252353 -0.193672843479342 
0.012700200983328247 0.8877499476801131 
0.6251074650656738 -0.23131339782791482 
0.22979843846661396 0.3382568410644291 
0.20439685865053708 0.524717207068771 
0.19035953435375785 0.6249596441025829 
0.8356558239336158 -0.6636670963387367 
0.22469213700368976 0.3724315187230381 
0.4421443999657422 -0.09017811362163689 
0.8244994673175904 -0.4787314189285767 
0.41907798478842323 0.11998911241021842 
0.636562300485313 -0.37548059993469607 
0.05111923289812703 0.7274764876961787 
0.18452832525766422 0.6612351330106142 
0.08408445537280235 0.6737504123509427 
