-1.0836943746855021 -0.6863405896629416 -1.0593233690036754 
-1.350632685699448E-4 1.2111242259630142E-5 -1.1585022514535532 
-1.0735013676387664 -0.014213207142999895 -1.0130351260192954 
-0.8954517558005828 6.324163630866177E-4 -0.9645253809295167 
-1.0510403561196489 8.406687445491246E-4 -0.9018092350777898 
1.9218199593642874E-5 6.305611028645147E-4 -0.5754688854348682 
-1.0735464793437552 -0.6805199450988756 -1.0480972492775922 
1.9218199593642874E-5 6.319497347755139E-4 -0.5448166437669041 
-1.0293054398609123 9.96459225506278E-4 -1.0226309981563 
-1.0836943746855021 0.013225275750312071 -1.0660446949704943 
-0.7476334218375985 8.077991921419314E-4 -1.0172818560911798 
-1.0399759073533879 -0.8750525543851028 -1.1305390021365849 
-1.0004100055355056 0.001558319087122165 -0.8331261338085981 
-1.0299810311182775 8.459278427440565E-4 -0.9049387294812788 
-1.026897972142632 9.96459225506278E-4 -0.6691872119213456 
-1.0631357051944437 9.96459225506278E-4 -1.0598107285627782 
-0.7265077663485586 8.146226722871709E-4 -9.595025785997802E-4 
-1.0834883738139587 -0.006792065882435194 -1.0815055121527175 
-1.0660231980687498 -0.7905004756572357 -1.056635340453257 
-1.0630622379921337 -1.1179396936333492 -1.158223981214753 
-1.0399759073533879 8.222069022457935E-4 -0.9872776190343248 
0.0025321291147261116 8.120837921427855E-4 -0.8443973123503309 
-1.0830677464239662 -0.741115967322699 -1.0815055121527175 
9.687654481760344E-5 8.077991921419314E-4 -0.966658460971154 
-1.0772910015872375 7.859758772825953E-4 -1.1096717865478873 
-0.7022255435497462 8.354408142921355E-4 -1.0195246146390204 
-1.066989874419203 -1.0175698737590353 -1.078358249490633 
-1.0783551840216168 -0.9776502999698133 -1.0992897509948452 
7.910246013083377E-5 6.638120694264488E-4 -0.995951514961132 
-1.3688107355367454E-4 8.454817464970344E-4 -1.0130351260192954 
-1.0471382628308603 3.498330600078324E-5 -0.6220134654916032 
-0.9670006056419156 7.310634791461672E-4 -0.9522273392230063 
-1.0868267659020912 -0.5619431403629882 -1.0990100366670346 
-1.0635702213399647 8.232472666380444E-4 -0.9028683414254888 
-0.907182938651437 0.019408532036028048 -0.9886958118671538 
-1.1559730846362517 8.443643693025362E-4 -1.15302763571105 
-0.9708144816338322 8.118687438063968E-4 -1.0113358459498825 
-2.1426438485547196E-5 -0.0019437753902600862 -1.0711609957551658 
7.047767428811079E-4 0.0013116929397376234 -9.595025785997802E-4 
-1.11691293489491 8.213335543106051E-4 -1.1363562378306553 
-1.1408196487813425 -1.0915194648462676 -1.152109336108181 
-1.0569621558452278 -0.832781709863476 -1.0825465620182482 
8.170303253320604E-4 6.48731868422261E-4 -0.6656723181624656 
-3.605302133218109E-4 8.150129390457566E-4 -0.887755430314986 
-9.660039092906529E-5 7.332108630401789E-4 -0.600491453492962 
-1.0802795796058589 0.017731067766695585 -0.6700858342554705 
-1.1127166017702637 -0.8214379277379806 -1.0782363274086593 
-1.0777244157974302 6.478835421275837E-4 -0.7313859326382702 
-0.9507646329270085 0.0015426497636986866 -0.8312245544966884 
8.056981884219188E-4 8.462765497920033E-4 -0.8227935286367115 
-1.4353462866485505E-4 7.310634791461672E-4 -0.9522273392230063 
-1.0659255898305457 -0.7941274474591656 -1.0817670825938484 
-1.026897972142632 9.96459225506278E-4 -0.7913631258804383 
-0.6243782233754017 7.3299760246862E-4 -0.0011424786928526665 
-2.1426438485547196E-5 -0.0019437753902600862 -0.8582104398441669 
-1.047850927937224 0.001049498225629889 -1.0571976245571073 
3.654088789536991E-4 8.366003686873551E-4 -0.9411883452028835 
7.055411823096963E-4 6.476551615814652E-4 -0.6858572696832784 
-1.0846569880467833 -1.0386295277107052 -1.0849499120698642 
-1.082846191320894 -0.6778874584555343 -1.0970905200774643 
7.053560302661889E-4 6.935433251316766E-4 -1.096714863072678 
-1.00151908231735 0.0015318969950776419 -0.9918764892653461 
5.860641150901508E-4 8.066360519785403E-4 -0.9824600836620065 
-1.0836943746855021 -0.9761820374994566 -1.0660446949704943 
-0.8954517558005828 0.0015586279620573385 -0.9782054833100262 
-1.349364156155303E-4 -6.253465080566624E-6 -0.7904273628929183 
-1.0830787010000824 -0.6486139376052709 -1.0463280709616847 
-1.100857780962761 -1.079009433916958 -1.0875351586407211 
-1.0768451863988324 -1.0683064255180177 -1.099220129454348 
-1.0791020020103457 -1.05956320084044 -1.0830781562038376 
8.056981884219188E-4 8.462765497920033E-4 -0.9234649244543368 
-1.1143515257181145 -0.9970597577208166 -1.099202177770398 
-1.0716537792273289 -0.7563567847218459 -1.0495216952294033 
-0.9904468623385327 8.354408142921355E-4 -1.0191618902048463 
-1.0646866964496848 -0.858829936710681 -1.0860204678717198 
-0.6456678428265706 8.150775691826821E-4 -0.0011424786928526665 
-1.1138989676837778 0.001079516034988873 -1.0992897509948452 
7.055411823096963E-4 6.476551615814652E-4 -0.7046533862426548 
-0.5202432980906238 -1.839923638207487E-4 5.350969673640349E-4 
-1.0659255898305457 -0.8901775013239913 -1.0817670825938484 
-1.0931908494018618 -0.8902076032215717 -1.0817410517358108 
-0.9403563707096658 0.0013212360171788575 -0.9645253809295167 
-1.0846569880467833 -0.9485047132459865 -1.0849499120698642 
-1.0569448246194684 -0.9473250607014978 -1.0491509092843485 
-1.461985804791391E-4 -6.253465080566624E-6 -0.7411449262999121 
-1.0801079888298026 -0.9476810656912981 -1.047185109105288 
-1.0324815057818402 8.406687445491246E-4 -0.0011424786928526665 
-0.9402254421106536 8.459278427440565E-4 -0.9049387294812788 
-1.1127166017702637 -0.7862230181251665 -1.0782363274086593 
-1.0567406757598687 -0.7514520293431799 -1.0487043623011612 
-0.8075747761477365 8.293777689968641E-4 -0.0011424786928526665 
-1.078664421794869 -0.9524738924724361 -1.0600691215793805 
-1.153002995265076 -1.1478462835094825 -1.147368317088587 
-0.9904468623385327 0.0015458544442883589 -0.9781092591275469 
-1.3504579255882324E-4 8.445026024651854E-4 -0.9051886824243013 
7.993265368381958E-4 8.479272384415165E-4 -0.482820683355879 
-1.0510403561196489 8.406687445491246E-4 -0.0011424786928526665 
7.166105991919481E-5 6.638120694264488E-4 -0.7768656310995175 
-1.3504579255882324E-4 8.445026024651854E-4 -0.7581163705999879 
-0.001218520393628908 9.147857333367769E-4 -0.8712790121920668 
