0.01758523043445337 5.047077280329633 
0.38188808374240457 3.743888504982798 
0.4066741647911212 3.6812759234849213 
0.04015766564279277 4.822566690152719 
0.6087050152897914 2.8250901079338995 
0.6502946203055208 2.3200267229268308 
0.05650072321366573 3.9449345019896627 
0.041548444988643074 4.193005372755758 
0.01673544237482305 5.297636905821895 
0.6469613800083212 2.5861855505678877 
0.4248808374305659 3.516885816048563 
0.3591611627374798 3.761825542992181 
0.4523900156534426 2.8696054449037027 
0.8678896489935038 2.228139557995954 
