0.01758523043445337 0.8760072964083266 0.7825313974053553 0.14369869779826083 0.22461210433566536 0.4810293292460781 0.7915046836352362 0.6214470912770597 0.8468608468380324 0.8220937748941027 0.9735938120783729 0.2396079093486021 0.20799062493441 0.15805597170070163 0.44884274410090275 0.2017229565168147 0.8171422272794266 0.5294424096197229 0.7678364754808501 0.34558603966443346 0.867486586690879 0.111298355150513 0.20494206092819223 0.3413961541911016 0.15965712122133968 0.4627243435758672 0.13138624654766173 0.5850261078424969 0.5176281174893653 0.3987452738528242 
0.38188808374240457 0.8260966824798607 0.06544517015404172 0.390991698777019 0.05346898154354396 0.6867400024838132 0.6888077443015111 0.43967721195195786 0.1918051056892206 0.9524069657415515 0.9653180663535047 0.6645039140393378 0.49737538707463014 0.2685077289251733 0.29057432621758783 0.5038727955190387 0.3889391751014636 0.11983802591420556 0.1421393778917519 0.008709934872864533 0.4071137003988339 0.3835029155023144 0.13672190323882583 0.5856134768199552 0.9129627960078566 0.26861134074094595 0.9433295030375933 0.363714634608975 0.11657476267831757 0.32602352003280455 
0.4066741647911212 0.2798927192820069 0.86291837075443 0.4359210803943846 0.9062390348093446 0.541063079923327 0.537186440838105 0.07418555729150511 0.8729436078616135 0.8523634368169902 0.06035926235832134 0.6386603019871723 0.786699573522125 0.4105600020978738 0.5722406083927328 0.11209261173988938 0.43412331602350795 0.6738594678511648 0.23627499368839777 0.15535128918964847 0.2629363434891886 0.6980033294923919 0.5504050100949749 0.6636293067118149 0.47020256906886204 0.5882403172905719 0.48690555195880314 0.2536737243344055 0.131763057957343 0.06001307064637862 
0.04015766564279277 0.517187471977717 0.7945154380582774 0.6401375809298137 0.7858322701067587 0.2581334708736679 0.9956736216112915 0.11329923689613597 0.5865103699991137 0.07771755204845743 0.9627840203998943 0.9898421490038299 0.5886342143587611 0.7094621935259607 0.18829821127479096 0.1351153354049498 0.04560709412840391 0.5926563524106404 0.4663329841415438 0.55843340603771 0.2958476937616068 0.5546756345803241 0.5177389609761852 0.4445035545246312 0.41642314092466237 0.31993578611928986 0.5203498517893038 0.6974402214195543 0.15237812843255316 0.004742901996526938 
0.6087050152897914 0.3482759858520197 0.06376216876686969 0.37877243516849846 0.19855229746313585 0.25360045337038306 0.9171487404803087 0.3897713801965521 0.2026167126394477 0.8429236603047869 0.7076630220550448 0.7804545431492217 0.007202531694743275 0.3405381417118496 0.4424435774990291 0.8001546987800624 0.8032127685949073 0.6423829036518857 0.2191652874538701 0.20786497435458173 0.1610237154674169 0.11830491403506427 0.8103673108868683 0.04182015325267807 0.016328976258290884 0.021690160848976126 0.9670469833811921 0.406472538938093 0.6372347423283524 0.12040729867853428 
0.6502946203055208 0.38154963605213854 0.2632878330387022 0.8041319560874974 0.193749712231586 0.6364120331755561 0.2534158156522559 0.592180782796266 0.7792788635645107 0.11958627628209528 0.656221254513791 0.12158203496152076 0.2309458983144408 0.6804344850963486 0.9440355056156992 0.6245036830756274 0.1426150024777736 0.37250474359876273 0.4898736571532736 0.6966749862067777 0.13091372128685053 0.5763862027989315 0.13243560445689428 0.8537714815855866 0.22715537923765283 0.08498815281331751 0.25963021267937225 0.18502272293691246 0.5621402642875798 1.8463771812715635E-4 
0.05650072321366573 0.009779165699718706 0.09629127750376354 0.22907903905878158 0.7060314353064516 0.6865470134749982 0.17611998118298156 0.5219317726428462 0.12064608889489636 0.040626986477973914 0.6657187629334869 0.6596038527029829 0.33307533720308236 0.03197125190369088 0.06521610831894908 0.64409581820233 0.26447540650533885 0.5971972055142334 0.9324358311182003 0.4414353944692365 0.041162220901657665 0.4263506329021628 0.8732916129529357 0.03290242475395111 0.4206584590582877 0.9222979604810463 0.18457951417741725 0.7148562215188787 0.28959205309020564 0.16515686143339958 
0.041548444988643074 0.1785205659489124 0.15026091005032705 0.17775798371599516 0.8477799661184099 0.5510780128770812 0.12121848108045197 0.9752535219879052 0.5994594147040296 0.6301118156665073 0.8210591841386865 0.05167047149213211 0.4698034082410184 0.3998059470552825 0.18675261787265895 0.3348556393193127 0.07322868091034274 0.8486984212707349 0.7966133444098844 0.9470026531339703 0.18152408616528637 0.28518115691652557 0.2484407199161417 0.6591702968853456 0.9386200982060177 0.13706964998684412 0.011328276981333207 0.08849428774336998 0.011001307391207082 0.11592688219353098 
0.01673544237482305 0.4362898693049049 0.7016804596280541 0.8193015880986046 0.820441030426633 0.6410071009836434 0.29164260080897564 0.6157816120836046 0.9028956678777801 0.7914660709440592 0.4225664403051006 0.3332844125071984 0.499803508825723 0.824335900546022 0.1078444825209135 0.5088272377219568 0.06094382356997963 0.8379800337838339 0.5476264196118753 0.25473654717756977 0.045551534978133246 0.12912181546889867 0.8370780174072705 0.11393055765607085 0.7848146618601416 0.8295586073589467 0.03980105058433514 0.4928812657091709 0.5750648416314832 0.596283047882426 
0.6469613800083212 0.8620432541830013 0.479906982773854 0.20633183736923688 0.07489970427458059 0.37381350845213834 0.5925637744200288 0.6501434217704518 0.628177380995562 0.4446478639525012 0.07473426324122157 0.8737051821186935 0.12416432842780911 0.2951704430751788 0.5133066738469346 0.2205346443379832 0.6587985936479515 0.4777274428999341 0.9627439168889323 0.07110875706459963 0.03534263566077611 0.10518901181535101 0.46101060079840994 0.9444298759355649 0.14611156056397245 0.12996511788306864 0.4856490291744132 0.8725552074959518 0.24280742981732995 0.9942499498214634 
0.4248808374305659 0.9565423505463986 0.43104184486507646 0.26064490269717255 0.5500376680199893 0.14127050382283735 0.26637228063694063 0.06191333555939227 0.6693472300184413 0.4876256038791448 0.5940751582216084 0.7397144714713946 0.9239559313283134 0.255318360437655 0.751701588293659 0.48987025294685516 0.9558633822335295 0.30589397894856485 0.42442392113353744 0.7896192702344078 0.15825724233247496 0.1255560162259889 0.40557848220555426 0.8099792551886028 0.030905954094934796 0.7723272695908452 0.1833653631641452 0.8617805974858211 0.18884058595426456 0.3268507120389106 
0.3591611627374798 0.8964752010595706 0.40784257616392394 0.10264291499935829 0.4028508229045137 0.6978652279967312 0.39260174986913754 0.04351957055044786 0.04776574740745998 0.8478394827830464 0.666484458028704 0.6594919442712136 0.37923941886428614 0.9869558128682767 0.5414954992973459 0.3952746697812951 0.244315040480922 0.5853786355787641 0.8401324829302856 0.9114536176397181 0.5641828072256142 0.08544780765383131 0.048549456330933105 0.33923018663368243 0.06571967469308615 0.06006714948682801 0.02319926870115252 0.15800198769781426 0.14718684511547564 0.4434052758261061 
0.4523900156534426 0.9318223001485546 0.2082656672632216 0.11655595879877978 0.1594768592344532 0.8729396885820295 0.47416364858889903 0.3437997242652907 0.031206072490820858 0.7320639724144374 0.5755865907081565 0.7406917309596548 0.4682852932002497 0.13983656619184148 0.0848001695117584 0.558188201134498 0.010693964055232485 0.023092561366755526 0.5758653595620712 0.15115376675192993 0.8682877667046974 0.9837185245162894 0.4735229749099026 0.011375119460122818 0.8032433859630507 0.34879158692235 0.3858292098650711 0.05305930757093902 0.46053300232331296 0.6359441292014696 
0.8678896489935038 0.36836336702794326 0.11647389668876973 0.14997361764663264 0.4450852045087963 0.033118303729709475 0.4094675223709361 0.46657207559797864 0.48513164911083273 0.14179571727265572 0.6147155779280759 0.8044553389600697 0.4445850063768979 0.3024777896336476 0.21133890037479597 0.7929750771756242 0.14205365273557036 0.8342778323568117 0.236906735053538 0.7953695682181652 0.4950769908018181 0.5147567749818989 0.6924819817514681 0.5863196137379678 0.6510090516853106 0.2253452200556656 0.5135451107962092 0.5353291476185673 0.22222826343524293 0.8433799267965422 
