2.7646597496396614 0.24787788443683956 
3.1326653792425785 0.14465913424198812 
1.2665849784856367 0.9486003369508246 
2.764660240234258 0.245477056313774 
1.2665821486472062 0.9489522559228996 
1.3475034076267283 0.5406633428888734 
1.2664541747613642 0.9628522602534804 
1.3475015080319301 0.5493481278659663 
2.764751646835562 0.18503295662470104 
1.3350621062087757 0.8158510196820244 
-3.141592653589793 1.091664443765549 
3.133049224840667 0.08390116915245498 
1.3458268502920754 0.7778221328888892 
1.3474978812509475 0.5506492921814576 
1.3475015636716912 0.5492892875374511 
1.3354088325671838 0.806596740906358 
1.2665821486472062 0.9489522559228996 
1.345789971824361 0.7806486134313401 
1.34750907358043 0.5341639993648848 
1.2665849784856367 0.9486003369508246 
3.0261088520277273 0.17331809979071267 
1.3354088325671838 0.806596740906358 
3.1326653792425785 0.14465913424198812 
1.3475015636716912 0.5492892875374511 
1.2098625890667203 0.9689496067497914 
1.3474952573447565 0.5535275474392124 
-3.1415926535897927 1.0480219488247517 
1.2664541747613642 0.9628522602534804 
3.1331363315527025 0.0446479822468158 
3.133049224840667 0.08390116915245498 
1.347503604390616 0.5399359868089487 
3.1326626115144993 0.14506262608826515 
1.3474318692386749 0.5985420093332434 
1.3354088325671838 0.806596740906358 
3.1326653792425785 0.14465913424198812 
1.3458268502920754 0.7778221328888892 
3.133047644280375 0.0941426820415977 
3.133087747647296 0.06825209187688121 
1.3474952493771846 0.553541240015977 
1.2664541747613642 0.9628522602534804 
3.133087747647296 0.06825209187688121 
3.133049224840667 0.08390116915245498 
3.0261088520277273 0.17331809979071267 
1.3467377727142276 0.6445434339189209 
1.2667356735016757 0.8561443366923485 
1.3474321373698745 0.5983702431330271 
1.345808015866711 0.7794093245084773 
1.3354088325671838 0.806596740906358 
3.1330509437945318 0.08342969894999644 
3.133087747647296 0.06825209187688121 
1.34750907358043 0.5341639993648848 
3.133047644330562 0.0897486916729047 
3.1331363315527025 0.0446479822468158 
3.133047644280375 0.0941426820415977 
2.7585013986317124 0.2674012016632722 
3.1330509437945318 0.08342969894999644 
2.7585013986317124 0.2674012016632722 
1.3467512289767805 0.6033982822017244 
1.345808015866711 0.7794093245084773 
1.3475000015199343 0.550538800192745 
3.0261088520277273 0.17331809979071267 
3.133087747647296 0.06825209187688121 
3.133049224840667 0.08390116915245498 
1.3467512289767805 0.6033982822017244 
3.1330509437945318 0.08342969894999644 
3.133047645021531 0.08884860524408601 
1.3475034076267283 0.5406633428888734 
1.3475015636716912 0.5492892875374511 
3.1330909541216063 0.06474927073446012 
1.3467512289767805 0.6033982822017244 
3.0263624641894875 0.16635632408958434 
1.3475015636716912 0.5492892875374511 
1.34750907358043 0.5341639993648848 
1.3475000015199343 0.550538800192745 
1.3475034076267283 0.5406633428888734 
3.133047644280375 0.0941426820415977 
3.1326653792425785 0.14465913424198812 
1.3475034076267283 0.5406633428888734 
1.3467512289767805 0.6033982822017244 
2.758384577797025 0.423548483641592 
3.026115273992553 0.16950084239111546 
2.764751646835562 0.18503295662470104 
1.3475000015199343 0.550538800192745 
1.3458268502920754 0.7778221328888892 
2.7585013986317124 0.2674012016632722 
1.3458268502920754 0.7778221328888892 
1.2665849784856367 0.9486003369508246 
2.7585013986317124 0.2674012016632722 
1.3458222110691176 0.7782131604117952 
2.764751646835562 0.18503295662470104 
1.3458222110691176 0.7782131604117952 
2.764751646835562 0.18503295662470104 
1.3458222110691176 0.7782131604117952 
2.764751646835562 0.18503295662470104 
3.0263624641894875 0.16635632408958434 
3.0263624641894875 0.16635632408958434 
3.026115273992553 0.16950084239111546 
3.026115273992553 0.16950084239111546 
3.0263624641894875 0.16635632408958434 
3.026115273992553 0.16950084239111546 
