2.7471754240446535 0.21540370459925276 
3.0777716827697454 0.12033253755988033 
3.0777716827697454 0.12033253755988033 
2.7471754240446535 0.21540370459925276 
3.0777716827697454 0.12033253755988033 
-3.1415071274411126 1.0030253319744389 
-3.1415071274411144 1.0030253362045416 
-3.1415071274411126 1.0030253319744389 
-3.141507127441147 1.0030254251010475 
2.7471754240446535 0.21540370459925276 
-3.141507127441113 1.0030253320991718 
-3.1415071274411153 1.0030253381455043 
-3.1415071274411126 1.0030253319744389 
-3.141507127441114 1.0030253347620517 
-3.141507127441114 1.0030253347620517 
-3.141507127441114 1.0030253347620517 
-3.141507127441114 1.0030253347620517 
-3.141507127441127 1.0030253782060201 
2.7471754240446535 0.21540370459925276 
3.0777716827697454 0.12033253755988033 
2.7471754240446535 0.21540370459925276 
3.0777716827697454 0.12033253755988033 
3.0777716827697454 0.12033253755988033 
3.0777716827697454 0.12033253755988033 
3.0777716827697454 0.12033253755988033 
3.0777716827697454 0.12033253755988033 
3.0777716827697454 0.12033253755988033 
3.0777716827697454 0.12033253755988033 
3.0777716827697454 0.12033253755988033 
3.0777716827697454 0.12033253755988033 
3.0777716827697454 0.12033253755988033 
