1.098125116575425 0.8335904031503194 
1.9962393801107254 0.35795315144515144 
1.9556264414539681 0.5058527610465957 
1.9471429950135526 0.798505723645197 
1.9962373843851167 0.3583326490054541 
1.9962393801107254 0.35795315144515144 
-3.141592653589793 1.010065926585235 
1.9560900502841516 0.4017015729904264 
1.947178774069714 0.5092990687315221 
1.9557518529439997 0.5046669999953503 
1.9557562082244702 0.4976655657286351 
1.098125116575425 0.8335904031503194 
1.9962393801107254 0.35795315144515144 
1.9557584570080018 0.42765473104387297 
1.9471758369919565 0.7714555600260699 
1.9962373843851167 0.3583326490054541 
1.098125116575425 0.8335904031503194 
1.9557568277079256 0.46731184509797563 
1.9557562356124079 0.4966585912438534 
1.9557561594820694 0.5038582079083294 
1.9962373843851167 0.3583326490054541 
1.9962393801107254 0.35795315144515144 
