1.098125116575425 2.2693214978306853 4.45084915442508 
1.9962393801107254 -2.063614302768094 4.554280152463117 
1.9556264414539681 -1.8761087067107265 4.634004417839478 
1.9471429950135526 -1.830336725719629 4.6323812484925755 
1.9962373843851167 -2.063614265755227 4.554280100591927 
1.9962393801107254 -2.063614302768094 4.554280152463117 
-3.141592653589793 -4.999999999787043 -8.489439451142555E-7 
1.9560900502841516 -1.8791848351135807 4.633414647540589 
1.947178774069714 -1.8393371472546671 4.649879485943747 
1.9557518529439997 -1.8791712805127563 4.63397635933861 
1.9557562082244702 -1.8791712805127563 4.634004417839478 
1.098125116575425 2.2693214978306853 4.45084915442508 
1.9962393801107254 -2.063614302768094 4.554280152463117 
1.9557584570080018 -1.877567608165773 4.633950265781896 
1.9471758369919565 -1.8319385157918604 4.634881385882088 
1.9962373843851167 -2.063614265755227 4.554280100591927 
1.098125116575425 2.2693214978306853 4.45084915442508 
1.9557568277079256 -1.877567608165773 4.633340003486987 
1.9557562356124079 -1.8791712805127563 4.634009018972912 
1.9557561594820694 -1.8791712805127563 4.633970289875189 
1.9962373843851167 -2.063614265755227 4.554280100591927 
1.9962393801107254 -2.063614302768094 4.554280152463117 
