0.24923734751211088 0.251747622056618 
0.24229792219860563 0.27270968149434016 
0.44690775643851244 -0.11320448841546765 
0.8358284529705452 -0.6684539549359487 
0.03443040155536736 0.7842422400008163 
0.22502798312936284 0.36653310250429466 
0.4418470580423305 -0.09204241081877873 
0.8453106705058795 -0.7554734735868662 
0.25251331506299185 0.24593247854315786 
0.6320068595972242 -0.32852597108762954 
0.4520480339206626 -0.12334639446615558 
0.20631957712378518 0.5052587202488815 
0.8507769361869624 -0.7728044902657782 
0.8347899603180805 -0.6548308955504918 
0.8470324959522741 -0.7635749618039591 
0.8377740642334485 -0.6919354560739627 
0.42319386764649414 0.06778177498348326 
0.4439052620212082 -0.10190246957231588 
0.20913887677285176 0.4836308541544048 
0.2538632729832525 0.24428984925840716 
0.45174760206733067 -0.12306204010358633 
0.44514538900289957 -0.1070178242972562 
0.4507579639700547 -0.12186924330958344 
0.2446655512727945 0.2642894041789615 
0.2135593810020518 0.44988376767402793 
0.2505810767449562 0.24906105523871916 
0.2572325028424443 0.2424078553877026 
0.8478025550327181 -0.7664231233052493 
0.42521467403032803 0.04537468595270944 
0.05490346564819862 0.7115897034644446 
0.8515544899528981 -0.7731797345789567 
0.06506203109510958 0.6872513817951125 
0.012789730653393006 0.8821786016920485 
0.44960295493632485 -0.12000002241299056 
0.23456485467327687 0.3083189366717694 
0.6446779363690708 -0.4384772526214039 
0.2552992628998479 0.24309201080943596 
0.8430268285289659 -0.7409002222926695 
0.20287316288813212 0.5314877548897126 
0.8500971826491035 -0.7719663776930111 
0.22131450941097924 0.3923485823055624 
0.8400028053102 -0.7153419426850466 
0.004370290717593189 0.9335774781730435 
0.2556087848333245 0.24289953648081783 
0.4487348527335372 -0.11811373752030528 
0.4530135194582219 -0.12390361861585036 
0.4355951772421443 -0.05161620409730607 
0.07305283209939145 0.6752131547718575 
0.025703296579782042 0.8213124147872262 
0.4316218268747878 -0.018482749449706595 
0.6466582722235555 -0.44711102819804877 
0.0423943150789155 0.7530957127088678 
0.6445617481749669 -0.4378710801291405 
0.029833608905497633 0.8034126469878838 
0.45324007164323976 -0.12396643346389127 
0.08118302413388659 0.6700521530554466 
0.0026068711568709158 0.949025650640126 
0.6369932582723423 -0.3825287959850141 
0.4378868718673608 -0.06813078205835274 
0.07945800355417652 0.6705126875934643 
0.8490528287269257 -0.7700076317103336 
0.06089257630001545 0.6960401609605907 
0.056996473315649165 0.7058408030967875 
0.6515979377855153 -0.4578856812684393 
0.22611516238402513 0.3593576616199029 
0.04597198008401437 0.7401644521527092 
0.8412689104646208 -0.7268966303303832 
0.24701863310901395 0.2571873764452519 
0.6477566757538186 -0.45082667370081125 
0.6427881486494156 -0.4279457578718871 
0.2313190645605186 0.32659710928702823 
0.06797631603546544 0.6820256669798546 
0.6408548711571684 -0.41498587384986635 
0.23665334944669336 0.2975241476111217 
0.8447530088431212 -0.752262222491713 
0.6347760441044058 -0.3601243592452983 
0.07883425983764569 0.6708047889498373 
0.05050338385303585 0.7249418715598314 
0.6524297735412836 -0.4581172620667408 
0.4402984815263234 -0.08341495016299591 
0.4322110153359719 -0.023726483755978793 
0.008436784010668955 0.9061993564807574 
0.21774995840574557 0.41835414502236723 
0.6383505673186278 -0.39482370736977324 
0.6325279839448354 -0.3347585548871377 
0.07460408967100986 0.6736542357408701 
0.07034039349993765 0.6785408183074239 
0.23951178766170778 0.28418500634222627 
0.038246122536438165 0.7689525760135407 
0.06506203109510958 0.6872513817951125 
0.42897904448154367 0.006388881673367539 
0.07700829637588748 0.6718133569987 
0.2563904783452646 0.24261008945546328 
0.649946688426046 -0.4560252845974424 
0.6512477937871837 -0.4576286184139901 
0.013857264306284617 0.8767741596032649 
0.6489511255733053 -0.4540400634926312 
0.650721447540723 -0.45707494578969055 
0.02061648342107441 0.8442612346338484 
