3.1406122229954905 0.11250054530727681 
3.140564356843885 0.1209431756769003 
2.3918052157687586 0.43907373674770456 
2.386083950081639 0.5911939219810776 
2.3848194646698158 0.7069871262563137 
2.391867625751981 0.4250695333358222 
0.9471930238643798 0.9203011003042292 
2.3918108409140006 0.437915417616966 
3.140517230383699 0.12761340445505678 
3.1408291803579194 0.05173035291927356 
3.140523162331435 0.12680220703615616 
3.140516750076257 0.1276803221011269 
2.39192551869092 0.41089657572863636 
2.3918729174578024 0.42420181545654806 
3.1415920281455914 0.04829857455608502 
3.1406003368019975 0.1147942059874831 
2.39186148722358 0.4262267065210205 
2.3917993796927326 0.4402624357270675 
3.140442580549859 0.13727401099418868 
3.141592604968452 0.0478749654242879 
2.394315823576623 0.3627512577594219 
2.391925016504356 0.41103512424195005 
2.3919860821422794 0.39274917245979774 
3.1406589149936774 0.10362293031668486 
2.3918716132097506 0.424509693199091 
2.391926696041894 0.4073030104299874 
-3.141592653589793 1.0571530427158329 
2.391872843564254 0.424219975899313 
3.140516181562756 0.12775896281140936 
2.3916574680219815 0.4658585782690704 
2.39186148722358 0.4262267065210205 
2.391923093432642 0.4115550283495618 
3.136339351111463 0.17166388638533722 
0.9528495110303968 0.7454146171214041 
2.386083950081639 0.5911939219810776 
2.39172208844468 0.44713821627425865 
3.140608156169084 0.11342810949420998 
2.3918719808337894 0.4244230086548908 
2.3918296620512574 0.433945459071536 
2.384867201942092 0.6175754640095609 
3.1407044429734188 0.09310360395466873 
2.3918296620512574 0.433945459071536 
3.1405804393965213 0.11812425785378741 
0.9477924158724972 0.9192823103168628 
2.391656259025097 0.46611564142569106 
2.3919229142639744 0.4116307796287028 
0.9524896185316244 0.8402976723191278 
0.9525063898149883 0.8290670197655454 
0.952856066999318 0.7397140691934956 
3.1407044429734188 0.09310360395466873 
2.3918507095845003 0.42931999581528313 
2.394315823576623 0.3627512577594219 
2.3916694966306125 0.46389457666079614 
3.1189244513744816 0.24445768841295168 
3.1405797543621303 0.11823556209542062 
2.384867201942092 0.6175754640095609 
2.394399512129183 0.2912847301486873 
0.9525063898149883 0.8290670197655454 
2.384825138245104 0.7058276658508003 
0.9524896185316244 0.8402976723191278 
0.9525863721563724 0.8155596427344792 
3.14057595353019 0.11886773584548944 
2.391926428811862 0.4106517706909745 
2.3860224215792973 0.6169032183183099 
0.952856066999318 0.7397140691934956 
2.391860908087753 0.4270895172976538 
0.9524917131836548 0.831380726323643 
0.9526289465570138 0.813829088845105 
2.388281713674237 0.5498023619640714 
2.391870747660751 0.42471349072790143 
0.9528619473559335 0.725861187909426 
3.14074597768887 0.07972188310047634 
2.391805352251011 0.43904578017810764 
0.9477928877895306 0.8914487244219895 
2.384825138245104 0.7058276658508003 
2.391926428811862 0.4106517706909745 
3.1405168644918016 0.12766393289640293 
3.1415914727624865 0.04869736601051921 
3.140517903402494 0.12751980892004686 
2.391860908087753 0.4270895172976538 
3.1406042704190433 0.114131078721226 
3.1415914727624865 0.04869736601051921 
2.391665850110473 0.46449336111967676 
3.1406013343179726 0.11439607428694627 
3.1405771960793345 0.11864958108875703 
2.3943561679668957 0.3445771040741626 
2.3917193132295447 0.4476900134159112 
2.391872998967826 0.4235223812398242 
3.1407464644918233 0.07911360166613757 
0.9524917131836548 0.831380726323643 
2.391805356104005 0.4390449908380726 
2.3918730466693656 0.4235110215176412 
2.391665850110473 0.46449336111967676 
3.140604326419563 0.11410265741420246 
0.9528635092437203 0.7191347127196716 
3.136339351111463 0.17166388638533722 
2.3918729353858423 0.42419757678918324 
0.9528635092437203 0.7191347127196716 
2.5048346030160444 0.26159050045767485 
2.5048346030160444 0.26159050045767485 
