3.1406122229954905 -4.999999999436152 0.003937865500493041 
3.140564356843885 -4.999999998472739 0.003923583019010139 
2.3918052157687586 -3.66031191688339 3.406081912352544 
2.386083950081639 -3.637537989935973 3.4148828965975597 
2.3848194646698158 -3.624774374816036 3.4149889080960554 
2.391867625751981 -3.6603012207969896 3.406081915478768 
0.9471930238643798 2.9336217357528 4.057775806703706 
2.3918108409140006 -3.66031191688339 3.406081912352544 
3.140517230383699 -4.99999985200194 0.003923764167794268 
3.1408291803579194 -4.999999986248607 0.0038822619363877873 
3.140523162331435 -4.999999852008746 0.0039229726896010736 
3.140516750076257 -4.999999852161005 0.003923773982822859 
2.39192551869092 -3.6603118553870577 3.406081912352544 
2.3918729174578024 -3.66031191688339 3.406081912352544 
3.1415920281455914 -4.999999999868459 -1.0602689989827575E-4 
3.1406003368019975 -4.999999849161449 0.0039233817489871155 
2.39186148722358 -3.6602934148428905 3.406081912352544 
2.3917993796927326 -3.66031191688339 3.406081912352544 
3.140442580549859 -4.999999849174789 0.003923781384770427 
3.141592604968452 -4.999999999868459 -1.0602689989827575E-4 
2.394315823576623 -3.6680517242055126 3.397886594917386 
2.391925016504356 -3.6603119129506814 3.406081912352544 
2.3919860821422794 -3.66031191688339 3.406081912352544 
3.1406589149936774 -4.999999849161449 0.0039233817489871155 
2.3918716132097506 -3.66031191688339 3.406081912352544 
2.391926696041894 -3.660098707238257 3.4058883181119524 
-3.141592653589793 -4.999999847038462 1.3903216252736774E-4 
2.391872843564254 -3.6603119364161754 3.406081912352544 
3.140516181562756 -4.999999852004303 0.003923781384770427 
2.3916574680219815 -3.66031191688339 3.406081912352544 
2.39186148722358 -3.6602934148428905 3.406081912352544 
2.391923093432642 -3.6603119182382495 3.406081912352544 
3.136339351111463 -4.999999996662726 0.02841202409632082 
0.9528495110303968 2.8943014648189282 4.07538824050719 
2.386083950081639 -3.637537989935973 3.4148828965975597 
2.39172208844468 -3.660036579040216 3.406081915478768 
3.140608156169084 -4.999999847943724 0.003923375538276375 
2.3918719808337894 -3.66031191688339 3.406081912352544 
2.3918296620512574 -3.66031191688339 3.406081912352544 
2.384867201942092 -3.6376158647211287 3.414812963529594 
3.1407044429734188 -4.999999998472739 0.0039235924533331 
2.3918296620512574 -3.66031191688339 3.406081912352544 
3.1405804393965213 -4.999999849161449 0.0039233817489871155 
0.9477924158724972 2.916431104165137 4.075242321541796 
2.391656259025097 -3.660314491806041 3.406081912352544 
2.3919229142639744 -3.6603125942342563 3.406081912352544 
0.9524896185316244 2.8936185099292158 4.075241541039231 
0.9525063898149883 2.8943014648189282 4.075241541039231 
0.952856066999318 2.8943014648189282 4.075391671115226 
3.1407044429734188 -4.999999998472739 0.0039235924533331 
2.3918507095845003 -3.66031191688339 3.406081912352544 
2.394315823576623 -3.6680517242055126 3.397886594917386 
2.3916694966306125 -3.66031191688339 3.406081912352544 
3.1189244513744816 -4.99999984917165 0.11120681129094079 
3.1405797543621303 -4.999999849161449 0.0039233817489871155 
2.384867201942092 -3.6376158647211287 3.414812963529594 
2.394399512129183 -3.6680525307167122 3.397886594917386 
0.9525063898149883 2.8943014648189282 4.075241541039231 
2.384825138245104 -3.625018544274263 3.4148828965975597 
0.9524896185316244 2.8936185099292158 4.075241541039231 
0.9525863721563724 2.8943014648189282 4.075246952952737 
3.14057595353019 -4.999999852144614 0.003922953546719743 
2.391926428811862 -3.66031191688339 3.406081912352544 
2.3860224215792973 -3.63592685969322 3.4148035960111223 
0.952856066999318 2.8943014648189282 4.075391671115226 
2.391860908087753 -3.6603144722491088 3.406081912352544 
0.9524917131836548 2.8943014648189282 4.075241541039231 
0.9526289465570138 2.8943014648189282 4.0753884155474305 
2.388281713674237 -3.6504618321467777 3.414911866368451 
2.391870747660751 -3.66031191688339 3.406081912352544 
0.9528619473559335 2.894310499872711 4.0753884155474305 
3.14074597768887 -4.999999852008746 0.003923781384770427 
2.391805352251011 -3.66031191688339 3.406081912352544 
0.9477928877895306 2.917737687062744 4.075244334871949 
2.384825138245104 -3.625018544274263 3.4148828965975597 
2.391926428811862 -3.66031191688339 3.406081912352544 
3.1405168644918016 -4.999999852004303 0.003923781384770427 
3.1415914727624865 -4.999999999868459 -1.0602689989827575E-4 
3.140517903402494 -4.999999852004303 0.003923754092385326 
2.391860908087753 -3.6603144722491088 3.406081912352544 
3.1406042704190433 -4.999999851682576 0.003922955215679279 
3.1415914727624865 -4.999999999868459 -1.0602689989827575E-4 
2.391665850110473 -3.66031191688339 3.406081912352544 
3.1406013343179726 -4.999999838212008 0.003929655073518834 
3.1405771960793345 -4.99999984917165 0.003923375538276375 
2.3943561679668957 -3.667900209143458 3.3974837949778616 
2.3917193132295447 -3.660039026531972 3.4060840945959416 
2.391872998967826 -3.6602934148428905 3.406081912352544 
3.1407464644918233 -4.999999855101086 0.003929655073518834 
0.9524917131836548 2.8943014648189282 4.075241541039231 
2.391805356104005 -3.66031191688339 3.406081912352544 
2.3918730466693656 -3.6602934148428905 3.406081912352544 
2.391665850110473 -3.66031191688339 3.406081912352544 
3.140604326419563 -4.99999984917165 0.003923375538276375 
0.9528635092437203 2.8943014648189282 4.0753884155474305 
3.136339351111463 -4.999999996662726 0.02841202409632082 
2.3918729353858423 -3.66031191688339 3.406081912352544 
0.9528635092437203 2.8943014648189282 4.0753884155474305 
2.5048346030160444 -4.020131801455188 2.973090265576648 
2.5048346030160444 -4.020131801455188 2.973090265576648 
