-15.224118393432846 -9.270479349164251 
-16.068272058031223 -7.5141056256574625 
-18.459008453605136 -1.8945246861043108 
-17.956472463441685 -3.8713599377346197 
-14.969246883619881 -10.330856672171905 
-15.305432719482225 -8.930453809816239 
-18.341015698538744 -2.467284104994272 
-17.98420072339355 -3.8473558808524646 
-14.837084252984809 -10.831611798160212 
-18.266361102292446 -2.834653226469854 
-17.956472463441685 -3.8713599377346197 
-15.079893533032035 -9.882776524115199 
-18.506969617805957 -1.6757288807580077 
-16.074633657796664 -7.498341477764884 
-19.999434910472452 0.001703032940795939 
-18.137848697630336 -3.415658567807618 
-14.548610717789224 -11.551385034922564 
-18.194167047174865 -3.173618705831858 
-18.01350334182823 -3.8005881747416153 
-15.965608163868131 -7.699942176124722 
-18.082718206310112 -3.6174682676022143 
-16.152068197487523 -7.280606166899254 
-18.413227731243047 -2.113560767963875 
-18.606697880975318 -1.2516953389277141 
-18.065117857447603 -3.6724717888286538 
-16.006311392498993 -7.641039431196212 
-14.692281806563752 -11.2716823747617 
-15.02747680232972 -10.100506958411316 
-14.793591318663992 -10.976585348296627 
-16.42645026120988 -6.177922658900448 
-15.965608163868131 -7.699942176124722 
-16.118945275732667 -7.380277490832953 
-19.999434910472452 0.001703032940795939 
-16.239973513176054 -6.974153262563059 
-15.188265622086213 -9.422477651386043 
-14.511108648520825 -11.593065993558529 
-18.10746051166899 -3.5319817719328053 
-19.999434910472452 0.001703032940795939 
-18.163614641122784 -3.3090405731476906 
-15.359326627622748 -8.711631106814194 
-16.61683856376664 -5.260232653538151 
-14.468251669199184 -11.620590091126479 
-17.951054415216674 -3.8734766232813915 
-15.069468811865434 -9.92683950610359 
-16.344257851056597 -6.547366987026502 
-17.98420072339355 -3.8473558808524646 
-16.458414459799684 -6.028907272930713 
-14.9785290642467 -10.299474370144036 
-14.625004812978403 -11.425980538643255 
-14.692281806563752 -11.2716823747617 
-18.231154018589663 -3.003641414323242 
-17.953288133805277 -3.8726999660252206 
-17.966132984247515 -3.86547889992322 
-16.265164588486137 -6.875453989669566 
-18.266361102292446 -2.834653226469854 
-16.56157952227997 -5.53196267240873 
-16.38145140334997 -6.383140748564129 
-17.974067893264518 -3.8586935620262706 
-17.998181351478635 -3.827649666779052 
-14.596031480276668 -11.480374087279984 
-14.837084252984809 -10.831611798160212 
-16.140516378891277 -7.316775504188744 
-16.54233288352257 -5.626082687220551 
-18.30320481426513 -2.6541245485383635 
-18.546192625893298 -1.5033480406232649 
-16.31158220994495 -6.686914433516456 
-14.736253989462893 -11.151072360700377 
-14.947661625128879 -10.42277863144055 
-16.05519972186845 -7.544178450078862 
-15.163391220375555 -9.528844310729713 
-14.915391868763123 -10.547718604037453 
-14.482390701419824 -11.613745015275658 
-16.290275060015723 -6.7756180546200255 
-15.108874849014516 -9.760484667745597 
-18.655622797544744 -1.0647095116695415 
-16.503121750395742 -5.8156597899999865 
-18.038310427931023 -3.74568421676629 
-16.200921332093404 -7.116876404604323 
-14.670998091134194 -11.324781034979873 
-15.963076252480967 -7.7030279686251895 
-15.930694308208748 -7.733305086336582 
-15.986461899897725 -7.6723971522458765 
-14.592472641869886 -11.48624815392578 
-16.0226407116742 -7.611589440800602 
-15.268018546949289 -9.085488222922402 
-14.7812774495892 -11.016278223566175 
-14.873987714618027 -10.701221886666785 
