-1.0728784479438669 -0.8441641252253094 -1.07056117213273 
-1.0935423749898705 -3.1234709155984165E-5 -1.0953140363871934 
1.8418914786064145E-4 -3.1397064031212676E-5 -0.8365447759554709 
-1.1428732112233746 -4.770382976972003E-6 -9.817653029396667E-5 
-1.072982409017013 -0.9745125456502021 -1.0708228979871988 
-1.0706490376847613 -0.8021882721681588 -1.0701236814943762 
-0.906876706246542 -3.19218790794776E-5 -9.81899649293438E-5 
-1.1254729676398183 -3.139480039951238E-5 -9.818101376047636E-5 
-1.0937992737694147 -1.0123084442732782 -1.1010260502715878 
-0.9518270172630825 -3.19261036344429E-5 -9.953158518846289E-5 
-1.1428732112233746 -4.770382976972003E-6 -9.817653029396667E-5 
-1.06971523473098 -0.9177028552007056 -1.076107530013322 
-0.8083753376235776 -3.149921831317651E-5 -9.81899130715841E-5 
-1.0895855360219826 -3.123164107065567E-5 -1.0953140363871934 
1.8418914786064145E-4 -4.4844154487899835E-6 -9.820305787933146E-5 
-1.030165548703696 -3.75980717612486E-5 -9.943557571228595E-5 
-1.1355666825897919 -1.1127328149841391 -1.13924371716865 
1.8418914786064145E-4 -3.142058344909844E-5 -0.9955846187625178 
-1.1071548470978585 -3.19261036344429E-5 -9.953158518846289E-5 
-1.1250457925644224 -3.285759281377413E-5 -1.1279081615483904 
-1.0641567999860384 -3.139480039951238E-5 -9.818101376047636E-5 
-1.065834164849308 -6.889320525982456E-6 -1.0710088771945996 
-0.8637767618923793 -3.1944078806912504E-5 -9.818065748554875E-5 
1.8418914786064145E-4 -3.1399208412725644E-5 -0.7500047614652422 
-1.0750560076207971 -3.14399483018606E-5 -9.818997810222193E-5 
-1.115086431102924 -3.176288207074356E-5 -1.112405597961704 
-1.1114524073997845 -1.0660462357131566 -1.1169646775528352 
-1.0738149505542192 -0.9440996152999441 -1.0723065319335332 
-1.0974508263402656 -1.028806989172498 -1.106801209016821 
-0.990716896501945 -3.228149596140196E-5 -0.9776857641283635 
-1.1250457925644224 -3.285759281377413E-5 -1.1279081615483904 
-1.075819832056136 -3.233654301163618E-5 -1.0815514911825534 
1.8418914786064145E-4 -4.4844154487899835E-6 -9.820305787933146E-5 
-1.0424748389333967 -6.94281355022048E-8 -1.0400911430054594 
-1.0697271980733092 -0.8684964778753741 -1.064952489960602 
-1.140910866261284 -1.1279746022421924 -1.140119448983071 
-1.0488748575898055 -3.1397076236610243E-5 -9.820305787933146E-5 
1.8418914786064145E-4 -4.4844154487899835E-6 -9.820305787933146E-5 
-1.0143637935986582 -3.1937450479533324E-5 -9.817764009002515E-5 
-1.0736713534655575 -0.7681841460815628 -1.0733423982928498 
-0.931508288280343 -3.8356615626241455E-5 -0.9216537757736611 
-1.1462313042170276 -1.1419658246667077 -1.1487013330027187 
-1.1462792483287916 -4.968469248707163E-6 -9.804250541401165E-5 
-1.0741085677968927 -0.9230642260016473 -1.0716290547025433 
-1.0146697717028172 -3.9541078767367947E-5 -1.003892430968074 
-1.1254729676398183 -3.139480039951238E-5 -9.818101376047636E-5 
-0.9784959164316824 -3.138193883957594E-5 -0.9704614083228031 
-1.0889013576015294 -0.9555486174350425 -1.0805241791961624 
-1.1243614116584686 -1.0890926367463516 -1.1233886907716628 
-1.1114524073997845 -1.0660462357131566 -1.1169646775528352 
-0.973168944127328 -3.1768880620411395E-5 -9.820295319672364E-5 
-1.1448730628461863 -4.968469248707163E-6 -9.943557571228595E-5 
-1.1368060499078663 -4.761885764715997E-6 -9.828620435415826E-5 
-1.0392933692069914 -3.1765915757980567E-5 -1.027779203599996 
-0.9518270172630825 -3.19261036344429E-5 -9.953158518846289E-5 
-0.9384408527363268 -3.139532918490853E-5 -0.948031218626233 
-0.9917839759099254 -3.226780965550005E-5 -1.0040494530554744 
-1.1318282495613312 -4.761885764715997E-6 -9.828620435415826E-5 
-1.116725528366259 -3.1765915757980567E-5 -9.817764009002515E-5 
-1.1276414591386927 -1.0998832164891352 -1.126783327227411 
-1.0937992737694147 -1.0123084442732782 -1.1010260502715878 
-1.072987493391803 -6.889320525982456E-6 -1.0710088771945996 
-0.9500644765527181 -3.143883899446616E-5 -0.948031218626233 
-0.9295933790337898 -3.1765915757980567E-5 -9.817764009002515E-5 
-0.7853733586289453 -3.686607445234299E-5 -9.818953798426786E-5 
-1.0240203053972048 -3.187549470734499E-5 -1.014552705835159 
-1.1084623537407041 -1.047011590759411 -1.114888048374802 
-1.0863140929921316 -0.9725206714079591 -1.0805344073827094 
-1.0978178232137823 -7.074919484715211E-5 -1.0991773269932161 
-1.0738092837144968 -0.8753584578763883 -1.0708310287200788 
-1.0883133416894626 -0.9835971064180358 -1.0876690124568955 
-1.146168712307306 -1.1361413130103362 -1.1465671903047179 
-1.0243914491835493 -2.81936415038849E-5 -1.0272486169717354 
-1.06971523473098 -0.9028638690560057 -1.076107530013322 
-0.7217605302344529 -3.1765915757980567E-5 -9.817764009002515E-5 
-0.9604338682830326 -9.267758824670283E-5 -0.9613933042970161 
-1.0917026415064033 -3.144013571587025E-5 -9.817958640817637E-5 
-1.0557655598875146 -2.9454367041125323E-5 -1.0508772398862003 
-1.1166378443657574 -1.073815609793035 -1.1169646775528352 
-1.1266314436050797 -3.207808107981165E-5 -1.1279081615483904 
-1.1357891659775838 -3.233531179285216E-5 -1.1390570233941557 
-1.1188881520841 -3.19278466856479E-5 -1.1210124800612333 
-1.1308181802903194 -1.0998832164891352 -1.1270114017789412 
-1.1106373613540808 -3.6909171644104266E-5 -1.1066584996495463 
-1.072982409017013 -0.8204544239028974 -1.0708228979871988 
-1.098664673758427 -1.0342530985049956 -1.106801209016821 
-1.0954878701352861 -0.9987111925428199 -1.0905830540946464 
