-14.434620583232597 -11.627218969410752 
-19.99895827122545 0.0019398154145365072 
-14.434620583232597 -11.627218969410752 
-19.99895827122545 0.0019398154145365072 
-17.037074384218826 -3.879084115204195 
-17.941834263413657 -3.874840895687007 
-19.0791939140948 -4.174965285930432E-4 
-19.998956925579854 0.0018768070786512974 
-18.169534173051737 -3.25285962787949 
-18.104367685888008 -3.4315686781818915 
-18.355434254766386 -2.2739807983510314 
-18.731726814236147 -0.7159326828927907 
-16.394726319568406 -6.282100076134839 
-15.881477136687066 -7.750381252224539 
-14.778157665256654 -11.01592690385819 
-15.205931149274903 -9.311880028455185 
-18.453888702417053 -1.9176475644744866 
-15.153489981151198 -9.511721992644969 
-15.636331383538385 -7.753226250185699 
-15.23871401108984 -9.158241656098252 
-16.12950144368558 -7.2900962603352095 
-16.45879143385119 -6.026245328277003 
-16.93858965986535 -4.042583428051872 
-18.63125711158774 -1.1537535662407323 
-18.224394503263387 -3.035529364040314 
-15.048560069830721 -9.927008661033813 
-16.624457298909697 -5.208476534051901 
-15.588903593290917 -7.872584910150973 
-18.578169691731215 -1.3096141334173341 
-18.694679013086784 -0.9227746636487693 
-15.128612001031037 -9.6726951279439 
-18.49412089533754 -1.7337598683350262 
-16.66562121543693 -5.008345613554438 
-15.964425940195879 -7.661382676480003 
-16.343087535499272 -6.5319243546855095 
-18.8027589684815 -0.5790133548563972 
-18.315176856367362 -2.5947572371183245 
-16.535969242561144 -5.623371205172515 
-14.72643500345704 -11.178468955347489 
-16.86567227478915 -4.189904956683668 
-16.28179591956296 -6.809421769196806 
-18.0681901522704 -3.6617146896380484 
-15.333770450598454 -8.607940810015348 
-18.414991442293775 -2.099336993877101 
-15.009658042445352 -10.137946221579394 
-14.95169284582254 -10.401421238207673 
-16.399429367036298 -6.0840021067245 
-18.876618107277928 -0.3861693376667572 
-17.979742061941714 -3.7971982550299677 
-16.013253872534904 -7.562711079382687 
-18.24395995427556 -2.9387613704892157 
-16.981884614795863 -3.949982369080091 
-18.63842253060303 -0.9591327769856886 
-18.559712100467657 -1.4429255218121673 
-14.822395861641514 -10.843149509973975 
-14.688850792542983 -11.251598784627253 
-15.433565593506334 -8.392689534173126 
-14.493346268237886 -11.574541331096043 
-16.82252130288486 -4.375933166002122 
-16.687629498716824 -4.904382252041849 
-16.059536806973504 -7.396021532495034 
-16.236014046192793 -6.973121815515258 
-15.478664165567215 -8.162801503482255 
-18.991010721068392 -0.1444685585005786 
-18.048525827946975 -3.7175869893750515 
-16.54748710408267 -5.4718057072478095 
-14.929380584092435 -10.48709383832208 
-16.50151168927745 -5.808336423201352 
-15.525528311590536 -8.081792550899396 
-14.59416163162263 -11.25588338514773 
-16.748870729975216 -4.600048759137713 
-18.992027885704132 -0.038127988500913666 
-18.39642459392369 -2.1892828037805097 
-18.27765495931895 -2.777107380719628 
-15.010589068895179 -10.134050652652446 
-16.716383717193395 -4.7643925157570175 
-15.280338525770436 -8.963918665306089 
-16.224071695507654 -7.022675499126797 
-15.33178913224366 -8.821424826763494 
-18.929744861346478 -0.2322900340198915 
-16.837377549013766 -4.2529062548449446 
-18.922097898750724 -0.2812530993787823 
-14.57964205680237 -11.327716625334622 
-14.553813497595858 -11.524362590956438 
-16.040186243664678 -7.447041876967262 
-15.89433880763858 -7.747646740734257 
-18.52736713726786 -1.5631437514634723 
-16.59421277369859 -5.3262045493049275 
-16.18559598437848 -7.157136125470068 
-14.869287732082896 -10.70852136821893 
-14.577393715131127 -11.485648346598698 
-15.397726752962523 -8.493450012584395 
-15.367361026714047 -8.503574748118048 
-15.310893676200383 -8.84276966809871 
-18.497487244783457 -1.5721563673284382 
-15.084951168286436 -9.8057167020335 
-18.287213441422157 -2.7326910285699024 
-16.333752571585197 -6.585067753395397 
-14.839746762125102 -10.79005275354385 
-16.733776276984194 -4.71137306196768 
