-1.1530268201569551 -1.1535227808040012 -1.151716168761871 
1.4775256970535095E-5 -2.557247916075137E-4 6.844738984212401E-5 
-1.1530268201569551 -1.1535227808040012 -1.151716168761871 
1.4775256970535095E-5 -2.557247916075137E-4 6.844738984212401E-5 
-0.5263670572356148 -1.94571727376688E-4 -1.0930874813899993 
1.4775256970535095E-5 -1.273847034983385E-4 -1.1520426695656327 
-0.48265596031419167 -2.8106439272440376E-4 -1.3279172936023106E-4 
-6.5734255577477385E-6 -2.5624107452526035E-4 6.844738984212401E-5 
-1.007608771586738 -0.0026570098939596738 -1.2013812056610451E-4 
1.4802107626921232E-5 -0.01136494826619494 -1.0368597561182298 
-0.8870612707292698 -0.0021672720301565036 -0.009210439351166999 
-0.6674471223362766 -3.0387007448257823E-4 0.009323893898634528 
-0.9946812422125819 -0.01778161835057762 -0.9927263478021744 
-1.1530704648735446 -2.092561898580195E-4 -1.1527175371523406 
-1.1055302782172223 -1.0252561691753102 -1.1195379913936188 
-1.1050740681239664 -0.8271307471376532 -1.0797502029761457 
1.4802107626921232E-5 -2.589708670363267E-4 -0.8394859240996735 
-1.117519027393928 -0.8558470758695857 -1.0665745084975522 
-1.0913747053297937 -0.5883432593502602 -1.0704861344294156 
-1.1133260979908224 -0.8124462686062748 -1.0665618530793344 
-1.0818627253832855 0.02645571687162529 -1.0683183999998573 
-0.9738404264859021 -2.565276716953862E-4 -0.9748846148191576 
-0.5914674498740913 -0.013425704947988115 -1.0816826642319366 
-0.7356135795045424 -2.875365786801452E-4 -1.2013812056610451E-4 
1.4802107626921232E-5 -1.0593108887085254E-4 -0.9772720232783001 
-1.0714702094197368 -0.9003265742425808 -1.1303534439695668 
-0.9742108219477134 -0.002710250328183726 -0.8748481567643535 
-1.1135779900686449 -0.6032314713901288 -1.0665745084975522 
-0.7605741174616338 -2.5571715837802324E-4 -0.005360171442137518 
1.4802107626921232E-5 -2.520285907926416E-4 -0.6990789161715516 
-1.0851380208302364 -0.8867207988212511 -1.0705565313229595 
1.4802107626921232E-5 -1.0609444470331019E-4 -0.815928023757787 
-0.8097972991055353 -3.217433431841048E-4 -1.0161748782305913 
-1.1127427693801766 0.010923776837175159 -1.140884966877455 
-1.0398116506787918 -1.0593108887085254E-4 -0.979641820637097 
-3.161239882318867E-4 -2.111821277007358E-4 -0.6371676270753647 
1.4775256970535095E-5 -1.270333121931657E-4 -0.9223597479560321 
-0.887635400161847 -2.745276811587762E-4 -1.015120229320516 
-1.1044309060334059 -1.0532731766503944 -1.1162471497511108 
-0.5914674498740913 -0.013425704947988115 -1.1271571165943628 
-1.029807935398628 1.4621594131381237E-4 -1.027038473252329 
1.4775256970535095E-5 -2.557247916075137E-4 -1.0729620271902367 
-1.1037571495307235 -0.70195094028354 -1.151716168761871 
-0.8623086018076725 -3.728162260537467E-4 -2.638754192167969E-4 
-1.1135779900686449 -0.9334708028914174 -1.0665745084975522 
-1.091362796175725 -0.9732726908901068 -1.0704807620365413 
-0.887635400161847 -2.745276811587762E-4 -1.099465290510974 
1.4775256970535095E-5 -2.5613517002965306E-4 -0.5955331921177467 
-1.1165606320730457 -0.0021672720301565036 -0.009210439351166999 
-1.1085962371208258 0.03185020682168793 -1.113647508964743 
-0.9650990971309747 -3.0387007448257823E-4 1.6994300921202576E-4 
-0.50989184597075 -3.198663914639487E-4 -1.1461891591207694 
-0.014620193172971807 -0.006724984673494028 -0.7132290442463097 
-0.7772569349047869 -2.548515917321288E-4 -1.3279172936023106E-4 
-1.0818627253832855 -1.043103207623289 -1.0683183999998573 
-1.1138074383877015 -1.0535240571113804 -1.1414530857207559 
-1.110614221523443 -0.7010780362501976 -1.0691998571661605 
-1.153624653335233 -1.1421850311183064 -1.1162471497511108 
-1.0996502484455055 -3.2335909545983996E-4 -0.6410011945333097 
-0.9523594376029568 -0.002710250328183726 -0.85871663931351 
-1.110614221523443 0.06405731843812235 -1.0799827491793335 
-1.0275499848659222 -0.002578699258913693 -1.057492557412926 
-1.1400049867942919 -0.6346352443764312 -1.0862515638444268 
1.4802107626921232E-5 -1.1909352883647528E-4 -0.5316656302659044 
-1.0851518026255158 -2.557247916075137E-4 6.844738984212401E-5 
-0.827321136767976 -6.795087100554017E-4 -1.0706179404985257 
-1.0910874757080655 -0.9845453482373574 -1.0704861344294156 
-0.9987717432142049 -3.4314382108505863E-4 -0.9243081658857278 
-1.0812105660075386 -0.6346352443764312 -1.1102012011388462 
-1.1792900344158002 -1.1068116610322354 -1.062309544196467 
-1.1019420108099744 -3.198663914639487E-4 -0.6809320840911701 
1.4775256970535095E-5 -0.018434624506127983 -0.5104791677720016 
-0.8733515979001422 -3.728162260537467E-4 -2.638754192167969E-4 
-0.9448064836116392 -2.5624107452526035E-4 6.844738984212401E-5 
-1.1135779900686449 -0.9329939941728531 -1.0665745084975522 
-0.8140260818352323 0.00683575249536647 -0.9807406785279751 
-1.0761774704403737 -0.7775287603004353 -1.1207492129095655 
-1.0534865332286216 -0.0028239751428119787 -1.0388787833870516 
-1.0710938181387415 -0.7822867369104983 -1.0776901559330756 
1.4775256970535095E-5 -0.004885159045084463 -0.5605000341556704 
-1.065235849501018 -0.04388316477978429 -0.6618298819787447 
2.106094447921717E-5 -2.578102513066957E-4 -0.5699799560957781 
-1.1792900344158002 -1.1068116610322354 -1.076523470254356 
-1.1530268201569551 -1.099996968125408 -1.1414675789101667 
-1.1496495505456084 -0.002578699258913693 -1.0571230611615132 
-1.1530704648735446 -2.577963736958274E-4 -1.1446258185058205 
-0.0018167263556502222 -2.548785352060596E-4 -0.7943716774132356 
-1.0278840825147089 -9.458582862074947E-4 -0.840650340340689 
-1.041663487745336 -6.883156558785926E-4 -1.0744955976168482 
-1.1062229916381496 -1.001602782359023 -1.0787898569337309 
-1.1069890169027545 -1.1201283874742516 -1.1253176325187015 
-1.1043549827090016 -0.6906131905978452 -1.1162471497511108 
-1.077764260912181 -0.70195094028354 -1.1518199715792266 
-1.0761774704403737 -0.7608726035160956 -1.1196996588572836 
0.012970681334452339 -2.557247916075137E-4 -0.798848802696836 
-1.0256511260075967 -0.9427968346477481 -1.0715557591727547 
2.106094447921717E-5 -1.125663625069738E-4 -0.9392183848023594 
-1.0088077056337779 -0.0024847345579286787 -1.0161748782305913 
-1.1246341711653471 -0.9933999796554007 -1.1020492951878567 
-1.0278840825147089 -9.458582862074947E-4 -0.7587663214325042 
