2.9626225199829985 -4.920144423538264 0.890061870886237 
2.962625835661271 -4.920143522448946 0.8900601313624688 
2.9626261509796654 -4.920144423538264 0.8900610528620923 
2.9626227310656974 -4.920144023382459 0.8900611913379489 
2.962625551265005 -4.920144876566723 0.890061903529735 
2.9626243651883395 -4.920144423538264 0.8900618081915851 
2.9626220170263626 -4.920144423538264 0.8900611509484014 
2.9625658699937008 -4.920102856548874 0.890180811693483 
2.962622098091561 -4.920143544041431 0.8900602916939874 
2.9626264523791015 -4.920144423538264 0.8900617460675692 
2.9626226189932883 -4.920144423538264 0.8900620672422589 
2.9626263989132187 -4.920144423538264 0.8900611295403471 
2.962625663571386 -4.920144423538264 0.8900611167511844 
2.962578737743613 -4.920103794817839 0.8901823023076372 
2.962625852731176 -4.920144423538264 0.8900611444557288 
2.9269429798114635 -4.885493236062946 1.065595959806043 
2.962623026468345 -4.920144423538264 0.8900625915625875 
2.962625446044907 -4.920144423538264 0.8900609936905612 
2.9625690341776023 -4.9201028632777035 0.8901842646129827 
2.6348787420136 -4.37144967105117 2.3392401744614184 
2.962625927703566 -4.920144423538264 0.8900610298780051 
2.9626249461304357 -4.9201444236213385 0.8900618410862609 
2.9626256897440757 -4.920144423279235 0.8900611194625611 
0.8850584940991925 3.165373052822438 3.8680002161071263 
2.9626264523791015 -4.920144423538264 0.8900617460675692 
2.962621502448856 -4.920143731249123 0.8900614632936444 
2.9626222938956834 -4.920144423538264 0.8900610478734818 
2.962626037665549 -4.920144423538264 0.8900612199819824 
2.9626263989132187 -4.920144423538264 0.8900611295403471 
2.9626223787186117 -4.920144423279235 0.8900615929987314 
2.9625896327966394 -4.920105469712166 0.8901747071383482 
2.9626230178822452 -4.920144423538264 0.8900625915625875 
2.962620797104176 -4.920143536805867 0.8900601595981383 
2.9626226950793253 -4.920144023692557 0.8900611913379489 
2.96262564657016 -4.920144423538264 0.8900610260853693 
2.9626209192298925 -4.920143536805867 0.8900601323077003 
2.962623004428344 -4.920144423538264 0.8900625544285747 
2.9626297766043477 -4.920144423538264 0.8900454955923862 
2.962620404765262 -4.9201440168141355 0.8900612010552761 
2.9626259414483895 -4.920144423538264 0.8900610180078917 
2.9626227365614772 -4.920144423538264 0.8900620503288759 
2.962621263669953 -4.920144423538264 0.890061829764275 
2.9626257062080184 -4.920144423538264 0.8900610901575741 
2.962625736961311 -4.920144414294932 0.890061079846678 
2.962625291394904 -4.920144423279235 0.8900611194625611 
2.962629806127616 -4.920144423538264 0.8900453851865833 
2.962625455884457 -4.920144423538264 0.8900610216805376 
2.6930299100602304 -4.505360822513706 2.166556931018087 
2.9626255181989936 -4.920144423538264 0.8900612581810361 
2.9626257434453063 -4.920144423538264 0.8900610796118934 
2.9626254475480063 -4.920144423538264 0.8900610213759251 
2.962622458133452 -4.920144423279235 0.8900611194625611 
2.96262545960157 -4.920144423538264 0.8900610250904961 
2.9626254588492595 -4.920144423538264 0.890061021164517 
2.962565393246026 -4.920104315252969 0.8901831858680688 
2.962571398062391 -4.920102082992862 0.8901842114670696 
2.962621444733006 -4.920144414797244 0.8900618446657086 
2.9626224889544255 -4.920144240298179 0.8900609174580809 
2.9626243573551805 -4.920144423538264 0.8900611286954919 
2.962621460088312 -4.920144423538264 0.8900618415467352 
2.9625713529284443 -4.920102851875469 0.8901771656416766 
2.9625654504925896 -4.920102856548874 0.890180811693483 
2.9625750103585076 -4.920103872943327 0.8901863855858149 
2.9625654263447054 -4.920104307098966 0.8901833822884637 
2.9600906228579587 -4.917642007699626 0.9025764668931542 
2.962572182738507 -4.920102517082835 0.890180811693483 
2.962625622000586 -4.920144423538264 0.8900610792160524 
2.962621151111218 -4.920144423538264 0.8900611286954919 
2.962573570411039 -4.920102851875469 0.8901813517573173 
2.9625684606097837 -4.9201028632777035 0.8901813517573173 
2.659807787415743 -4.431064882605137 2.3399336130364525 
2.962625790433695 -4.920144423538264 0.8900611235596311 
2.962572336240215 -4.9201028632777035 0.8901829677930171 
2.962629906737574 -4.920144423538264 0.890044892746522 
2.9626259316307086 -4.920144423538264 0.8900610478734818 
2.962623724313234 -4.920144423538264 0.8900614860590006 
2.9626257345815032 -4.920144423538264 0.8900610502604827 
2.9625751160734843 -4.920103872943327 0.8901862737675456 
2.962574205425671 -4.9201028632777035 0.8901821571602798 
2.9625728126637214 -4.9201028632777035 0.8901823023076372 
2.962625715361987 -4.920144423538264 0.8900611209828029 
2.9626247436678312 -4.920144423538264 0.8900610250904961 
2.962570069407835 -4.92010244263952 0.890178824250012 
2.9626256831596045 -4.920144423538264 0.8900611448067719 
-3.141592653589793 -4.999999989649474 8.053227121217967E-4 
2.9626256239162885 -4.920144423538264 0.8900611158412296 
2.6513189866761873 -4.412541194857315 2.3794969075531296 
2.96262990447459 -4.920144423538264 0.890044892746522 
2.65104820758563 -4.412587125451315 2.3793211643627274 
2.962625714817953 -4.920144423538264 0.890061079846678 
2.660851959462068 -4.446974855644154 2.3111245462978482 
2.6583124156240316 -4.423556484163337 2.3111245462978482 
2.9626297434811666 -4.920144423538264 0.8900440748262956 
2.9269610535951784 -4.885496135270115 1.0649768111630833 
2.6656157537328777 -4.4453710387806495 2.2816408494016382 
2.92674929086712 -4.885493236062946 1.065595959806043 
2.6348787420136 -4.37144967105117 2.3392401744614184 
2.9600879943036937 -4.91758997963812 0.9025764668931542 
2.690111921318161 -4.49829826903131 2.18386631357356 
0.8850584940991925 3.165373052822438 3.8680002161071263 
