0.6194157740005127 2.301152763928743 
0.5718296648728769 3.2470812463749867 
0.5671121711461117 3.343595637337301 
0.6323764779209322 2.0694537611694455 
0.6170278812109372 2.3454886516880777 
0.48032196285462037 5.576274987521048 
0.468446985466008 5.944133712212835 
0.8015815616875644 1.2507879258460548 
0.4392205433319328 6.93806119956703 
0.45294258829301415 6.457699397468284 
0.3890976895052948 8.991156716891984 
0.6666953233347686 1.4999355253174693 
0.6957917768711293 1.4372195404518722 
0.4038353552086487 8.33399227085992 
0.5810003362938672 3.049986448684234 
0.3917009703592493 8.878392077326945 
0.8194497397182264 1.220331098223052 
0.4920142890144641 5.247508155629085 
0.5219257027684475 4.4124413499957225 
0.479172624489315 5.614486912962661 
0.5203014808708291 4.454918777130753 
0.49676041650502234 5.100131145304738 
0.41399580109888606 7.908975393779216 
0.5813136241218868 3.0418662665193157 
0.5363977905439988 4.051883958257997 
0.40106156947820437 8.456697526399658 
0.5542335040187101 3.6307121856893856 
0.6406050345431037 1.9277974122101398 
0.4482241918288354 6.619571356897303 
0.6596273824496357 1.6243322496285437 
0.6018599264821671 2.6313860411371945 
0.5671121711461117 3.343595637337301 
0.5671121711461117 3.343595637337301 
0.5433272237945188 3.8854038362107337 
0.5901708525195297 2.8618298315502986 
0.6502048667735065 1.7664288506865473 
0.4085619686898513 8.133507570172931 
0.3967082999966506 8.645452176748696 
0.4085619686898513 8.133507570172931 
0.4392205433319328 6.93806119956703 
0.6243718186725955 2.220256628433448 
0.5073146187579223 4.799366963047206 
0.4423038234299191 6.8270249782831804 
0.3890976895052948 8.991156716891984 
0.6660130228111105 1.5107257662395885 
0.6086400891010122 2.5042305641459173 
0.3890976895052948 8.991156716891984 
0.48376009887343635 5.470601133031964 
0.5567802892127928 3.572344676144475 
0.548069429095897 3.772170859411031 
0.6194157740005127 2.301152763928743 
0.6502048667735065 1.7664288506865473 
0.4205175561149841 7.646208362688484 
0.5567802892127928 3.572344676144475 
0.645152774604933 1.8504523294464998 
0.6406050345431037 1.9277974122101398 
0.4953431581591785 5.131663133198482 
0.6018599264821671 2.6313860411371945 
0.5709209194879927 3.262465552646323 
0.5316611662487232 4.1671070772609236 
0.548069429095897 3.772170859411031 
0.5073146187579223 4.799366963047206 
0.4580491268420042 6.282601480651674 
0.4636583179457653 6.098130794845149 
0.42493553805455425 7.4753565581488255 
0.6170278812109372 2.3454886516880777 
0.5132804508136207 4.6379434381932745 
0.5132804508136207 4.6379434381932745 
0.5839965615648073 2.98997592400847 
0.4482241918288354 6.619571356897303 
0.6323764779209322 2.0694537611694455 
0.6018599264821671 2.6313860411371945 
0.41399580109888606 7.908975393779216 
0.5364723393460606 4.049876356286019 
0.468446985466008 5.944133712212835 
0.4354683621748084 7.075135825134315 
0.43001580432519354 7.278749725097676 
0.43001580432519354 7.278749725097676 
0.46146692460913646 6.170021038734994 
0.5030740343215424 4.914784080010841 
0.5030740343215424 4.914784080010841 
0.5901708525195297 2.8618298315502986 
0.5203014808708291 4.454918777130753 
0.4205175561149841 7.646208362688484 
0.48032196285462037 5.576274987521048 
0.6323764779209322 2.0694537611694455 
0.4953431581591785 5.131663133198482 
0.468446985466008 5.944133712212835 
0.6102023964489117 2.4764255044888537 
0.5316611662487232 4.1671070772609236 
0.4856500362406111 5.420209206454168 
0.5949253093275629 2.7680913501810798 
0.5433272237945188 3.8854038362107337 
0.45663508634774985 6.329852147500935 
0.5219257027684475 4.4124413499957225 
