0.6194157740005127 0.4253703203623416 
0.5718296648728769 0.856777380929612 
0.5671121711461117 0.8961937813250236 
0.6323764779209322 0.30867388070855994 
0.6170278812109372 0.44723189315539247 
0.48032196285462037 1.678407347423233 
0.468446985466008 1.7845115186929739 
0.8015815616875644 0.002608538939630145 
0.4392205433319328 2.0473390097440323 
0.45294258829301415 1.9249670795075224 
0.3890976895052948 2.498438304522683 
0.6666953233347686 3.283618906294028E-11 
0.6957917768711293 5.537804915863845E-6 
0.4038353552086487 2.3655607290088483 
0.5810003362938672 0.7720431523772774 
0.3917009703592493 2.477674791918835 
0.8194497397182264 8.089373800905023E-10 
0.4920142890144641 1.5818489942894458 
0.5219257027684475 1.3029665525210747 
0.479172624489315 1.6903084292452308 
0.5203014808708291 1.3179008369003937 
0.49676041650502234 1.5335432719718185 
0.41399580109888606 2.2742826040190045 
0.5813136241218868 0.7682783034844568 
0.5363977905439988 1.173421602750262 
0.40106156947820437 2.3916563825402957 
0.5542335040187101 1.0122623367580577 
0.6406050345431037 0.23495672784098243 
0.4482241918288354 1.9670520216986007 
0.6596273824496357 0.07145403005100459 
0.6018599264821671 0.5837258092650328 
0.5671121711461117 0.8961937813250236 
0.5671121711461117 0.8961937813250236 
0.5433272237945188 1.1110456796489512 
0.5901708525195297 0.6889685514518618 
0.6502048667735065 0.14854063552552466 
0.4085619686898513 2.323041865223661 
0.3967082999966506 2.4297226357403177 
0.4085619686898513 2.323041865223661 
0.4392205433319328 2.0473390097440323 
0.6243718186725955 0.3862656690148769 
0.5073146187579223 1.4347890211376604 
0.4423038234299191 2.019619250546211 
0.3890976895052948 2.498438304522683 
0.6660130228111105 0.006163034211859542 
0.6086400891010122 0.5241751136912491 
0.3890976895052948 2.498438304522683 
0.48376009887343635 1.646458545012676 
0.5567802892127928 0.9890111019515013 
0.548069429095897 1.067411529369583 
0.6194157740005127 0.4253703203623416 
0.6502048667735065 0.14854063552552466 
0.4205175561149841 2.2153648542237154 
0.5567802892127928 0.9890111019515013 
0.645152774604933 0.19382445461657105 
0.6406050345431037 0.23495672784098243 
0.4953431581591785 1.541934223007561 
0.6018599264821671 0.5837258092650328 
0.5709209194879927 0.8626098331147412 
0.5316611662487232 1.2154890085798509 
0.548069429095897 1.067411529369583 
0.5073146187579223 1.4347890211376604 
0.4580491268420042 1.877740122508782 
0.4636583179457653 1.8274490669511745 
0.42493553805455425 2.176544661186612 
0.6170278812109372 0.44723189315539247 
0.5132804508136207 1.380565698803918 
0.5132804508136207 1.380565698803918 
0.5839965615648073 0.7461356587825039 
0.4482241918288354 1.9670520216986007 
0.6323764779209322 0.30867388070855994 
0.6018599264821671 0.5837258092650328 
0.41399580109888606 2.2742826040190045 
0.5364723393460606 1.1726466429190605 
0.468446985466008 1.7845115186929739 
0.4354683621748084 2.0809978099355515 
0.43001580432519354 2.129977417519658 
0.43001580432519354 2.129977417519658 
0.46146692460913646 1.847260633518707 
0.5030740343215424 1.472500254950344 
0.5030740343215424 1.472500254950344 
0.5901708525195297 0.6889685514518618 
0.5203014808708291 1.3179008369003937 
0.4205175561149841 2.2153648542237154 
0.48032196285462037 1.678407347423233 
0.6323764779209322 0.30867388070855994 
0.4953431581591785 1.541934223007561 
0.468446985466008 1.7845115186929739 
0.6102023964489117 0.5111207774663036 
0.5316611662487232 1.2154890085798509 
0.4856500362406111 1.6323247975461608 
0.5949253093275629 0.6468076027534302 
0.5433272237945188 1.1110456796489512 
0.45663508634774985 1.8904325819425793 
0.5219257027684475 1.3029665525210747 
