0.4888086222771107 5.359510264852375 
0.8579962930340914 1.1655062011353354 
0.3983067875379906 8.607408288543294 
0.4995128870434342 5.045039267935361 
0.6741389006951587 1.4839627722794444 
0.6083308793047539 2.512147762872063 
0.540443878119627 3.966736122358841 
0.8276676704704791 1.208214402885008 
0.3949160055000855 8.732486798660139 
0.43803153662428224 6.9953629745449675 
0.4046570795653703 8.303087787609314 
0.9999999996158195 1.0000000084856555 
0.6242652078867347 2.2439114711014336 
0.49392485870713626 5.1938263531385145 
0.6562037166272585 1.697095343233786 
0.5909686004254783 2.870832707331742 
0.5151711949119997 4.592752522389692 
0.7985462432847743 1.2529829987820502 
0.613891236585923 2.4293719996378904 
0.5696698462337678 3.425970738212811 
0.45515967468799884 6.398760118269167 
0.6598126046355778 1.630041597712369 
0.4280833539548482 7.381642518030767 
0.584878317748036 3.027540046723583 
0.9355609222697063 1.0703232910558984 
0.5495790329326318 3.7705197372284482 
0.4745490466378357 5.785240194532671 
0.6269769796223106 2.1822798268573385 
0.7581371477406175 1.319022558128964 
0.650551319617572 1.7651090005685177 
0.4596976980340182 6.272131600608043 
0.5481825104618203 3.8440385286107888 
0.9008780422346829 1.1111239435247653 
0.4838754919932603 5.4978498743135376 
0.5525080995955486 3.6822576417197785 
0.42177924206305256 7.607340273577561 
0.5431705012294643 3.909161577924398 
0.7319120534271183 1.3662843717202486 
0.4410787171141601 6.883276706420594 
0.556374850341292 3.591245421164673 
0.4397699220066911 6.934087309466135 
0.7017556268149361 1.4249974810522548 
0.5752289089908104 3.2000702021896763 
0.4147650727190009 7.879181845970744 
0.4189650768684918 7.733158880373214 
0.4334680608963615 7.1490228879864475 
0.6181654686529638 2.3418865730961023 
0.4314015768293402 7.228092369866124 
0.561809708305312 3.5081110224200427 
0.6384035369641204 1.9760638923038842 
0.4348398868249864 7.100406500165838 
0.5108051834475847 4.7077505618910775 
0.5907329390643901 2.9354099727967946 
0.4140339385571974 7.92239393924587 
0.6305314858258364 2.1091053585328234 
0.4293681244063109 7.326039116951314 
0.4075720338555626 8.181056983940026 
0.4507290667498969 6.535639211697516 
0.621072321789695 2.2888144965899366 
0.5284500801948055 4.252267374740085 
0.4639762120941244 6.089357461405796 
0.4237309992079922 7.528635589072923 
0.4118617769526365 8.008546340491858 
0.5031689740981433 4.922734933149447 
0.6448392976180539 1.8560886599281743 
0.47709733671392707 5.672924345227925 
0.44549738761994345 6.747412631041759 
0.4905761598816397 5.2790764758729285 
0.5005003935463266 4.987673510026349 
0.4610974782355209 6.201219248286396 
0.5954242402241763 2.800873757988096 
0.6426838387542657 1.9188606847037049 
0.598724172656529 2.693473977411962 
0.5052792764037145 4.854403889421111 
0.523628432740258 4.399956745588145 
0.40265579208658364 8.454918125913364 
0.4364137421231519 7.043208924398559 
0.5268841205040934 4.325782349572917 
0.4272502472580494 7.445763186193873 
0.4957968947091515 5.118723690964468 
0.6048199470620057 2.5968620327878673 
0.5170569917618489 4.54546100630468 
0.47113485557046 5.859256520464444 
0.46859944053606845 5.958848397761121 
0.4464019963467233 6.688895795736563 
0.6629445420180325 1.562426999029149 
0.5346993620368803 4.0925699855942135 
0.48123356034548365 5.552246502056818 
0.5082555823509092 4.782658277164748 
0.4485368041976262 6.607048428881705 
0.4423971475152045 6.829820429455963 
0.534687389756326 4.17604528481334 
0.634605688958077 2.0410855182569354 
0.39978345018984157 8.515664551397093 
0.48502397601501956 5.433040158454427 
0.5385759936032792 4.027339965004301 
0.4101540415806445 8.097623732235041 
0.579845054804684 3.072609450365018 
0.40567818910559456 8.255697321910786 
0.5197980964304664 4.475766646111504 
