0.4888086222771107 1.6197748286425222 
0.8579962930340914 8.236399977403798E-11 
0.3983067875379906 2.4283891444375527 
0.4995128870434342 1.5200621299738861 
0.6741389006951587 3.970319770048164E-4 
0.6083308793047539 0.5282170575314326 
0.540443878119627 1.1437982534448232 
0.8276676704704791 2.647153560111584E-10 
0.3949160055000855 2.448598804609091 
0.43803153662428224 2.0641895929845417 
0.4046570795653703 2.3599032555088764 
0.9999999996158195 8.101475084720563E-9 
0.6242652078867347 0.40079586098656517 
0.49392485870713626 1.5653599476233413 
0.6562037166272585 0.11364027170082336 
0.5909686004254783 0.6965719871075265 
0.5151711949119997 1.3660538048945985 
0.7985462432847743 5.648665770972006E-4 
0.613891236585923 0.49137018098492125 
0.5696698462337678 0.9516722236390799 
0.45515967468799884 1.9124575738379352 
0.6598126046355778 0.07552199225093688 
0.4280833539548482 2.1599582868143217 
0.584878317748036 0.7707425294424994 
0.9355609222697063 0.0013526453070035194 
0.5495790329326318 1.0721985908394116 
0.4745490466378357 1.7453802188863663 
0.6269769796223106 0.3682392145337131 
0.7581371477406175 2.5425656844624517E-11 
0.650551319617572 0.14829398958870277 
0.4596976980340182 1.8832844585659396 
0.5481825104618203 1.1072346909258242 
0.9008780422346829 9.871629226710088E-4 
0.4838754919932603 1.6602748128385474 
0.5525080995955486 1.034477171847781 
0.42177924206305256 2.208618214705279 
0.5431705012294643 1.1233412536681588 
0.7319120534271183 7.114741655625003E-11 
0.4410787171141601 2.036066859209777 
0.556374850341292 0.998078633739345 
0.4397699220066911 2.049403035271509 
0.7017556268149361 5.255300591791248E-10 
0.5752289089908104 0.8407728910995695 
0.4147650727190009 2.2680094313102876 
0.4189650768684918 2.2399235047518236 
0.4334680608963615 2.0988730885591913 
0.6181654686529638 0.44767341099003555 
0.4314015768293402 2.1182104458283684 
0.561809708305312 0.9708908302084539 
0.6384035369641204 0.26152617811388645 
0.4348398868249864 2.087539958943511 
0.5108051834475847 1.4047433893922419 
0.5907329390643901 0.7340433605891716 
0.4140339385571974 2.2801399654676375 
0.6305314858258364 0.3298573354789345 
0.4293681244063109 2.1455676749726518 
0.4075720338555626 2.334370034032691 
0.4507290667498969 1.9458025625024533 
0.621072321789695 0.42151933354302384 
0.5284500801948055 1.247111035191153 
0.4639762120941244 1.8253170090301543 
0.4237309992079922 2.1901162808307206 
0.4118617769526365 2.2984141266025104 
0.5031689740981433 1.4769674860698991 
0.6448392976180539 0.19687890778491896 
0.47709733671392707 1.7065370964878415 
0.44549738761994345 2.005954700322913 
0.4905761598816397 1.589789065255241 
0.5005003935463266 1.496332554648776 
0.4610974782355209 1.8593665573704294 
0.5954242402241763 0.6677081293138956 
0.6426838387542657 0.2332207508800156 
0.598724172656529 0.6126479786978674 
0.5052792764037145 1.452829684618076 
0.523628432740258 1.3039424548172471 
0.40265579208658364 2.404421755016859 
0.4364137421231519 2.073753163251955 
0.5268841205040934 1.2791860287468568 
0.4272502472580494 2.181204162326214 
0.4957968947091515 1.5378473108543496 
0.6048199470620057 0.5706339571980904 
0.5170569917618489 1.3502623940906842 
0.47113485557046 1.7604999745192917 
0.46859944053606845 1.7923130254301092 
0.4464019963467233 1.9859364365720062 
0.6629445420180325 0.03580245130798829 
0.5346993620368803 1.1882945603885102 
0.48123356034548365 1.67192735210056 
0.5082555823509092 1.4308127678457647 
0.4485368041976262 1.963504387469547 
0.4423971475152045 2.021493076032387 
0.534687389756326 1.2328787528410579 
0.634605688958077 0.29528448153579623 
0.39978345018984157 2.404421755016859 
0.48502397601501956 1.635154739502838 
0.5385759936032792 1.169028623230387 
0.4101540415806445 2.321273100975545 
0.579845054804684 0.7816373951402937 
0.40567818910559456 2.3491563393566746 
0.5197980964304664 1.3264949827157326 
