1.8787047323364525 0.4951538053318415 
1.875170273939496 0.5192070322974807 
1.8750831519221607 0.6025146812739626 
1.8715161826633548 0.6222999273942381 
0.21210260732840458 0.8585391238957726 
1.878701567256524 0.49974187516398305 
1.8750831519221607 0.6025146812739626 
0.2119778229909317 0.9172161821052849 
0.21150225518204535 0.9689087205741843 
0.21211793681422647 0.8413695037076125 
1.8750831519221607 0.6025146812739626 
1.8788901697061033 0.46464903898221394 
1.8750831519221607 0.6025146812739626 
1.8750831519221607 0.6025146812739626 
0.21368367673069466 0.7740667374853627 
0.2114792332569689 0.9894038671086374 
0.2121126473078992 0.852805836410374 
1.8787047323364525 0.4951538053318415 
1.8750831519221607 0.6025146812739626 
1.8787047323364525 0.4951538053318415 
1.8750831519221607 0.6025146812739626 
0.2114900816872183 0.9701990550792725 
0.21350335486489974 0.8269643974099257 
1.8787047323364525 0.4951538053318415 
0.21359078788914068 0.8042714676649559 
0.21148153704581749 0.9891783861265553 
0.21350335486489974 0.8269643974099257 
0.21211680073647637 0.8478374334301941 
1.8788901697061033 0.46464903898221394 
0.21210254072455337 0.8697064784894102 
1.8787047323364525 0.4951538053318415 
0.2114042890654525 1.0011998544256937 
1.8787047323364525 0.4951538053318415 
0.21150225518204535 0.9689087205741843 
0.21361001929603646 0.796575328287136 
0.2135908723862564 0.8039149592170894 
1.8788835073358852 0.4699662863060002 
0.21148153704581749 0.9891783861265553 
1.8787047323364525 0.4951538053318415 
0.2136825422165493 0.7928983323473714 
1.8750831519221607 0.6025146812739626 
0.21356607640304048 0.8229511816899922 
1.8787047323364525 0.4951538053318415 
1.8750831519221607 0.6025146812739626 
0.2135911813570523 0.8036202359260132 
0.21154976253319643 0.9601212754864803 
0.21201232663982114 0.8732998537577787 
1.8750831519221607 0.6025146812739626 
1.875015376203561 0.6128105123033101 
1.8788842646979895 0.46934096086447 
1.8788852675048122 0.46810559977530025 
0.2135908723862564 0.8039149592170894 
0.2136825422165493 0.7928983323473714 
0.2135908723862564 0.8039149592170894 
1.8787047323364525 0.4951538053318415 
1.8788964231378558 0.459578067354073 
1.8750831519221607 0.6025146812739626 
0.21368261503369756 0.7924963888623057 
1.8750831519221607 0.6025146812739626 
1.8787047323364525 0.4951538053318415 
1.8750831519221607 0.6025146812739626 
0.21345134812442224 0.8289398053102565 
1.8750831519221607 0.6025146812739626 
1.8750831519221607 0.6025146812739626 
0.21368367673069466 0.7740667374853627 
1.8787047323364525 0.4951538053318415 
1.8788928298100684 0.462391210894924 
-3.141592653589793 1.0229824859293493 
1.8787047323364525 0.4951538053318415 
1.8787047323364525 0.4951538053318415 
1.8750831519221607 0.6025146812739626 
