1.8787047323364525 -1.5162065017295032 4.764793392147234 
1.875170273939496 -1.4967479901885463 4.770222972801084 
1.8750831519221607 -1.4964147916968011 4.772113551622984 
1.8715161826633548 -1.4804539726853052 4.7702362615529585 
0.21210260732840458 4.8873485375128505 1.0527838116408028 
1.878701567256524 -1.5162912122270211 4.764793387806798 
1.8750831519221607 -1.4964147916968011 4.772113551622984 
0.2119778229909317 4.886309339207688 1.0525013844641447 
0.21150225518204535 4.8873485375128505 1.0527838116408028 
0.21211793681422647 4.886509724751342 1.0526567648004326 
1.8750831519221607 -1.4964147916968011 4.772113551622984 
1.8788901697061033 -1.5162893710673626 4.764791969899836 
1.8750831519221607 -1.4964147916968011 4.772113551622984 
1.8750831519221607 -1.4964147916968011 4.772113551622984 
0.21368367673069466 4.886313917107914 1.060326890584018 
0.2114792332569689 4.88650970873295 1.0526559088624239 
0.2121126473078992 4.886509709612014 1.0526439455179533 
1.8787047323364525 -1.5162065017295032 4.764793392147234 
1.8750831519221607 -1.4964147916968011 4.772113551622984 
1.8787047323364525 -1.5162065017295032 4.764793392147234 
1.8750831519221607 -1.4964147916968011 4.772113551622984 
0.2114900816872183 4.8873485375128505 1.0527838116408028 
0.21350335486489974 4.886508530146544 1.0599224163696441 
1.8787047323364525 -1.5162065017295032 4.764793392147234 
0.21359078788914068 4.886508548526337 1.059911577943702 
0.21148153704581749 4.88650970873295 1.0526559088624239 
0.21350335486489974 4.886508530146544 1.0599224163696441 
0.21211680073647637 4.886509755903993 1.0526568074887432 
1.8788901697061033 -1.5162893710673626 4.764791969899836 
0.21210254072455337 4.886509708733821 1.0526509877519001 
1.8787047323364525 -1.5162065017295032 4.764793392147234 
0.2114042890654525 4.886509755535883 1.0529904280956806 
1.8787047323364525 -1.5162065017295032 4.764793392147234 
0.21150225518204535 4.8873485375128505 1.0527838116408028 
0.21361001929603646 4.886508548526337 1.0599224163696441 
0.2135908723862564 4.886508548526337 1.059910326217689 
1.8788835073358852 -1.5162912125330574 4.764799827832754 
0.21148153704581749 4.88650970873295 1.0526559088624239 
1.8787047323364525 -1.5162065017295032 4.764793392147234 
0.2136825422165493 4.886508548515116 1.0603056822850494 
1.8750831519221607 -1.4964147916968011 4.772113551622984 
0.21356607640304048 4.886509695752984 1.0599607404383264 
1.8787047323364525 -1.5162065017295032 4.764793392147234 
1.8750831519221607 -1.4964147916968011 4.772113551622984 
0.2135911813570523 4.88650853445596 1.0599103457697223 
0.21154976253319643 4.886508473789625 1.0515370842123082 
0.21201232663982114 4.886508548526337 1.052216012534113 
1.8750831519221607 -1.4964147916968011 4.772113551622984 
1.875015376203561 -1.4964147916968011 4.767637275460771 
1.8788842646979895 -1.5162900417914682 4.764799600768814 
1.8788852675048122 -1.5162895394801457 4.764793392147234 
0.2135908723862564 4.886508548526337 1.059910326217689 
0.2136825422165493 4.886508548515116 1.0603056822850494 
0.2135908723862564 4.886508548526337 1.059910326217689 
1.8787047323364525 -1.5162065017295032 4.764793392147234 
1.8788964231378558 -1.5162912122270211 4.7647934612200595 
1.8750831519221607 -1.4964147916968011 4.772113551622984 
0.21368261503369756 4.886508548526337 1.0603056836654858 
1.8750831519221607 -1.4964147916968011 4.772113551622984 
1.8787047323364525 -1.5162065017295032 4.764793392147234 
1.8750831519221607 -1.4964147916968011 4.772113551622984 
0.21345134812442224 4.886508548526337 1.0598320733320767 
1.8750831519221607 -1.4964147916968011 4.772113551622984 
1.8750831519221607 -1.4964147916968011 4.772113551622984 
0.21368367673069466 4.886313917107914 1.060326890584018 
1.8787047323364525 -1.5162065017295032 4.764793392147234 
1.8788928298100684 -1.516291072284546 4.764786824361631 
-3.141592653589793 -4.999999999999991 1.2106440165596255E-5 
1.8787047323364525 -1.5162065017295032 4.764793392147234 
1.8787047323364525 -1.5162065017295032 4.764793392147234 
1.8750831519221607 -1.4964147916968011 4.772113551622984 
