0.5372767955654452 4.048617304008041 
0.41084577664686917 8.116142693156949 
0.7299958956506036 1.3698707156548708 
0.5481397580963383 3.810791666491169 
0.4252127645263127 7.523709517149807 
0.8693217506511668 1.1572839222541895 
0.9971732748397379 1.043395817180903 
0.39347995950979137 8.837461512135109 
0.6493361738253424 1.7987504078682648 
0.5123631534877746 4.676322369094848 
0.6276794218591253 2.1766399224796675 
0.5245799770589634 4.384277132420856 
0.498278842064898 5.0514522740173575 
0.8264399442149383 1.2100092777460711 
0.3989387377538858 8.605102231259991 
0.5946720255236617 2.7755503659831455 
0.658238520139762 1.6932631707455978 
0.42123982774581403 7.639992750184602 
0.7038133745497609 1.4228881797425614 
0.4039210337426025 8.341736723891122 
0.9999999999930003 1.0000000000069997 
0.5322853327457399 4.213321491553556 
0.5017161140262747 4.960303773663225 
0.7579408687091349 1.319364136813458 
0.6820900354354311 1.4825929543616627 
0.4673669825696789 6.012328142236669 
0.538607081216084 4.003884351093011 
0.6092496618825979 2.5358006356320595 
0.7908998488949647 1.2696076837560906 
0.5412694727981652 3.950250902006868 
0.589260934391191 2.9221886769606904 
0.9514688017135537 1.0512431288617012 
0.5981759325352248 2.7131717972400407 
0.6166083585207016 2.4063564295405024 
0.48613554992235536 5.458730851234706 
0.44967869442294606 6.596495675785338 
0.4370241597156864 7.023282033276619 
0.5203576309732301 4.4662078485833 
0.5154526462162846 4.623599034060457 
0.5273427974893437 4.278920577444612 
0.4637520763525466 6.140156266887786 
0.5657330698465071 3.3761148755473536 
0.4726226193219907 5.811058629239509 
0.574830082680809 3.2181223103357826 
0.5914987163695342 2.8531209353225075 
0.4898449545536866 5.297891124324203 
0.5184659246701949 4.521331407836297 
0.4195825135465418 7.720682667218628 
0.5692264414489754 3.306991974294646 
0.5161484050802463 4.564114043712861 
0.4446715409566616 6.748240444204194 
0.4760792972381412 5.712312534299393 
0.39430671340265466 8.75802798825365 
0.5330267504907005 4.142477703050946 
0.44231496360918776 6.829026810969165 
0.39627568736323554 8.666926581768967 
0.43518212170234727 7.106891146710732 
0.9045736093532961 1.1054932286992756 
0.5536697996454208 3.6509034712163118 
0.4822556841056889 5.542102293169569 
0.3904458194088764 8.952963443810443 
0.5792766282127328 3.0989964782206347 
0.4480610107693906 6.6825985587428836 
0.48941714778975304 5.365988238412012 
0.453001352810879 6.4531062190239075 
0.5084462891031011 4.7705396771454485 
0.41698940832710557 7.796463035056796 
0.41100464258843133 8.0437691938337 
0.4012277640146691 8.450934370015766 
0.5590186291549412 3.538090236148789 
0.49346266058379595 5.219933608287921 
0.665286334685758 1.5219206649125003 
0.6349870433525306 2.030721015384266 
0.5059424255965634 4.842544075845167 
0.6037828275034499 2.614664930982725 
0.4272650118861865 7.386010597228835 
0.4396840851863156 6.945398022269297 
0.4253704730259067 7.476568951978118 
0.40732486298907594 8.190941469805843 
0.4556708820883695 6.392693915093407 
0.4232050191927743 7.566899775704893 
0.42918375586671803 7.314350824816279 
0.45761072868586283 6.312211836226058 
0.6103146167626576 2.4733218805896633 
0.3996396545210338 8.51840473644765 
0.4154538745422378 7.859957566417075 
0.5495272606464597 3.7413423875204126 
0.5566578879378473 3.589165975724523 
0.494614544938183 5.163097808397254 
0.6001013309793898 2.6717764078154986 
0.4317224146114527 7.2153739740536285 
0.4048725202706376 8.292538042134396 
0.4127379933418688 7.962925371653677 
0.5608071938767307 3.483430952372491 
0.5846714110642687 2.975795886768352 
0.47877774912747023 5.633791994150347 
0.4506723910012358 6.538824157683349 
0.4592031234425579 6.256666714325385 
0.6593579273200336 1.619331899380769 
0.44061291595068575 6.8885157824110745 
