0.5372767955654452 1.175228131568252 
0.41084577664686917 2.334482948146879 
0.7299958956506036 1.0967809602434229E-14 
0.5481397580963383 1.0888464222260112 
0.4252127645263127 2.1991773232801983 
0.8693217506511668 0.006052085294460663 
0.9971732748397379 0.0404464239723657 
0.39347995950979137 2.477363997964262 
0.6493361738253424 0.16799370751195297 
0.5123631534877746 1.3959752757548571 
0.6276794218591253 0.36623208813752905 
0.5245799770589634 1.2999039975454703 
0.498278842064898 1.5170317898434647 
0.8264399442149383 2.0958987442820874E-14 
0.3989387377538858 2.4329086223820067 
0.5946720255236617 0.6505421580821377 
0.658238520139762 0.1145710437187436 
0.42123982774581403 2.2182692300670297 
0.7038133745497609 0.001447731391578777 
0.4039210337426025 2.3694029207227327 
0.9999999999930003 0.0 
0.5322853327457399 1.242689232096361 
0.5017161140262747 1.4886643337121792 
0.7579408687091349 7.03647414198801E-14 
0.6820900354354311 0.011261880776867017 
0.4673669825696789 1.8099636620559152 
0.538607081216084 1.156520463868961 
0.6092496618825979 0.5449356798605091 
0.7908998488949647 0.004132525238578193 
0.5412694727981652 1.138150223149734 
0.589260934391191 0.7219316302532145 
0.9514688017135537 2.250401276497893E-4 
0.5981759325352248 0.6229540699423333 
0.6166083585207016 0.4837794880347058 
0.48613554992235536 1.6536831242431111 
0.44967869442294606 1.9663035632537602 
0.4370241597156864 2.069343929038992 
0.5203576309732301 1.3240253355228526 
0.5154526462162846 1.38324635714952 
0.5273427974893437 1.2564579475443598 
0.4637520763525466 1.847510217898312 
0.5657330698465071 0.9099798326978625 
0.4726226193219907 1.7464377503848338 
0.574830082680809 0.8498735137272742 
0.5914987163695342 0.687617370890308 
0.4898449545536866 1.5951452370249688 
0.5184659246701949 1.3441562691042401 
0.4195825135465418 2.2394634398068103 
0.5692264414489754 0.8824272734280627 
0.5161484050802463 1.3557601842667468 
0.4446715409566616 2.000750477070346 
0.4760792972381412 1.7195137369338804 
0.39430671340265466 2.45334923193676 
0.5330267504907005 1.2080514290374267 
0.44231496360918776 2.020580745379994 
0.39627568736323554 2.434492288517195 
0.43518212170234727 2.092791967933204 
0.9045736093532961 1.3253723079888887E-13 
0.5536697996454208 1.0213949934331068 
0.4822556841056889 1.6727103327761983 
0.3904458194088764 2.4956471479562845 
0.5792766282127328 0.795176230746783 
0.4480610107693906 1.994211864796409 
0.48941714778975304 1.6262066587169681 
0.453001352810879 1.9232658470501265 
0.5084462891031011 1.4255631958637092 
0.41698940832710557 2.251042508032483 
0.41100464258843133 2.3060264825754544 
0.4012277640146691 2.3907495011161415 
0.5590186291549412 0.977858353638378 
0.49346266058379595 1.5758423264165313 
0.665286334685758 0.012513020842149183 
0.6349870433525306 0.2894815334327042 
0.5059424255965634 1.450048495791372 
0.6037828275034499 0.5786897850028625 
0.4272650118861865 2.1557839056164774 
0.4396840851863156 2.0537809756763212 
0.4253704730259067 2.1803116717137394 
0.40732486298907594 2.336374111940205 
0.4556708820883695 1.9129644752115649 
0.4232050191927743 2.202349964806989 
0.42918375586671803 2.1392005587214777 
0.45761072868586283 1.8885358579949347 
0.6103146167626576 0.509504495682776 
0.3996396545210338 2.4042923259442763 
0.4154538745422378 2.265449824705552 
0.5495272606464597 1.055969633354578 
0.5566578879378473 0.9979375515051958 
0.494614544938183 1.5537432729717378 
0.6001013309793898 0.6033365784094136 
0.4317224146114527 2.115038674403066 
0.4048725202706376 2.3574207765590915 
0.4127379933418688 2.2866018390273934 
0.5608071938767307 0.9535331374633642 
0.5846714110642687 0.7398627801560991 
0.47877774912747023 1.6973342500116653 
0.4506723910012358 1.9468675174797965 
0.4592031234425579 1.873080897557303 
0.6593579273200336 0.0677193248189171 
0.44061291595068575 2.035169025460463 
