3.027951522490456 0.14875254848285646 
3.0288531343309444 0.08635441771642055 
3.028804532961552 0.08732426194708984 
2.4568225163759556 0.8013195058233125 
2.7640144406019798 0.19935030584815616 
3.0288531343309444 0.08635441771642055 
3.0286346696246675 0.1344931804866762 
2.5697712060975313 0.7266557611817552 
3.0288531343309444 0.08635441771642055 
3.0286185962351913 0.13697298654782464 
2.7640182005758183 0.19454710149836318 
3.0286185962351913 0.13697298654782464 
3.0288531343309444 0.08635441771642055 
3.0286310206373255 0.13660881498268732 
3.0288708748395257 0.08397327138309593 
3.0288531343309444 0.08635441771642055 
2.585176056347782 0.560622969359826 
3.0288015570796136 0.12156240162151315 
3.0286316671040834 0.13461650893030436 
3.0286170763795854 0.14689276979516971 
3.0279429929631987 0.15968385453194556 
3.0286310206373255 0.13660881498268732 
2.7640144406019798 0.19935030584815616 
3.027917205991595 0.17385620894411058 
3.0288531343309444 0.08635441771642055 
2.5855139513103325 0.46026187981398214 
3.028636197419254 0.13019769943063206 
2.5411781949623244 0.7798756961942992 
3.0286316671040834 0.13461650893030436 
2.5697712060975313 0.7266557611817552 
3.0288531343309444 0.08635441771642055 
3.0286346696246675 0.1344931804866762 
2.7640144406019798 0.19935030584815616 
2.5836393340273394 0.5629721258762825 
3.0288531343309444 0.08635441771642055 
2.570430732801824 0.6853811590161618 
2.7639842713281775 0.20496653053407857 
3.0288531343309444 0.08635441771642055 
3.027917205991595 0.17385620894411058 
2.7640144406019798 0.19935030584815616 
2.5411781949623244 0.7798756961942992 
3.0286170257749654 0.14858365649136035 
3.0286176723020612 0.1413916742566372 
-3.141592653589793 1.0530214166675993 
3.0288531343309444 0.08635441771642055 
3.0288710017077656 0.08032011576113862 
2.59257856504008 0.24986593428323145 
2.7640144406019798 0.19935030584815616 
3.0286185962351913 0.13697298654782464 
3.0286310206373255 0.13660881498268732 
3.0288531343309444 0.08635441771642055 
3.0286185962351913 0.13697298654782464 
2.7640182005758183 0.19454710149836318 
3.0286310206373255 0.13660881498268732 
