3.027951522490456 -4.967747591699674 0.5680382343053884 
3.0288531343309444 -4.968268711860532 0.5624802356223026 
3.028804532961552 -4.968237020081123 0.562782805193426 
2.4568225163759556 -3.8831804586715606 3.1087888727147566 
2.7640144406019798 -4.647808207385814 1.8436074169675087 
3.0288531343309444 -4.968268711860532 0.5624802356223026 
3.0286346696246675 -4.968135368370861 0.5627922429913941 
2.5697712060975313 -4.199313229387619 2.651426778956199 
3.0288531343309444 -4.968268711860532 0.5624802356223026 
3.0286185962351913 -4.968126414206343 0.5628286235277589 
2.7640182005758183 -4.647810183647611 1.8436074169675087 
3.0286185962351913 -4.968126414206343 0.5628286235277589 
3.0288531343309444 -4.968268711860532 0.5624802356223026 
3.0286310206373255 -4.968133808223337 0.5628294576700719 
3.0288708748395257 -4.968268711860532 0.5624802356223026 
3.0288531343309444 -4.968268711860532 0.5624802356223026 
2.585176056347782 -4.252241437533318 2.6493435637381304 
3.0288015570796136 -4.9681365120882 0.5628280961187724 
3.0286316671040834 -4.968133808223337 0.5628295708087567 
3.0286170763795854 -4.968131888056309 0.562887245267989 
3.0279429929631987 -4.967728477280916 0.5679908844184104 
3.0286310206373255 -4.968133808223337 0.5628294576700719 
2.7640144406019798 -4.647808207385814 1.8436074169675087 
3.027917205991595 -4.967747591699674 0.5685494536839564 
3.0288531343309444 -4.968268711860532 0.5624802356223026 
2.5855139513103325 -4.247163512275518 2.6487477760685523 
3.028636197419254 -4.968135686003794 0.562905734327753 
2.5411781949623244 -4.23428640477462 2.8231715911035717 
3.0286316671040834 -4.968133808223337 0.5628295708087567 
2.5697712060975313 -4.199313229387619 2.651426778956199 
3.0288531343309444 -4.968268711860532 0.5624802356223026 
3.0286346696246675 -4.968135368370861 0.5627922429913941 
2.7640144406019798 -4.647808207385814 1.8436074169675087 
2.5836393340273394 -4.254004108666191 2.651539078525018 
3.0288531343309444 -4.968268711860532 0.5624802356223026 
2.570430732801824 -4.203824061027585 2.650169556378313 
2.7639842713281775 -4.647807898902197 1.8436074708892076 
3.0288531343309444 -4.968268711860532 0.5624802356223026 
3.027917205991595 -4.967747591699674 0.5685494536839564 
2.7640144406019798 -4.647808207385814 1.8436074169675087 
2.5411781949623244 -4.23428640477462 2.8231715911035717 
3.0286170257749654 -4.968133808223337 0.5628872057970056 
3.0286176723020612 -4.968131064031528 0.5629903664549843 
-3.141592653589793 -4.999999997311482 -1.376351969102379E-4 
3.0288531343309444 -4.968268711860532 0.5624802356223026 
3.0288710017077656 -4.96826940955644 0.5624550761398828 
2.59257856504008 -4.265172741560574 2.609387461090333 
2.7640144406019798 -4.647808207385814 1.8436074169675087 
3.0286185962351913 -4.968126414206343 0.5628286235277589 
3.0286310206373255 -4.968133808223337 0.5628294576700719 
3.0288531343309444 -4.968268711860532 0.5624802356223026 
3.0286185962351913 -4.968126414206343 0.5628286235277589 
2.7640182005758183 -4.647810183647611 1.8436074169675087 
3.0286310206373255 -4.968133808223337 0.5628294576700719 
