1.0 1.7337368919930384E-17 
0.3923263427979535 2.4845440712981604 
1.0 1.7337368919930384E-17 
0.3923263427979535 2.4845440712981604 
0.5013860229036327 1.4937279407083293 
0.4949794295895998 1.5986353043050874 
0.539588183592395 1.1774523709128366 
0.43105628822460157 2.1376636417615367 
0.6532677080787804 0.13040288923691362 
0.418644962917096 2.2331343947576854 
0.6123416171893022 0.5219024733904375 
0.4027474557673839 2.4005195184944306 
0.5889654470427065 0.7060137581816696 
0.9799917375332653 1.7337368919930384E-17 
0.6184835914067702 0.4380340937911561 
0.5810687429784216 0.7825886269158333 
0.4614950968223915 1.9052476461414138 
0.40620787990915963 2.352937278798469 
0.8298331111085552 9.500901673142861E-7 
0.6911464300821611 3.55095763330825E-12 
0.4103325799330352 2.339234469337349 
0.5164004258653159 1.359678520013184 
0.5619210340102742 0.9615948233720536 
0.4242951403823077 2.1910675707515126 
0.702116284484623 0.007557846012975017 
0.7413487167350871 1.5535260728108055E-6 
0.6045586980931104 0.564470008320408 
0.5226110793147523 1.2967248771742197 
0.7987984721530152 1.7337368919930384E-17 
0.5981109357298806 0.7060137581816696 
0.715896538294526 6.106415266598245E-5 
0.44211576033767186 2.0678772706130877 
0.44685717112364376 1.9944548863199811 
0.4668958509820124 1.8145523325054698 
0.462261213046428 1.8454883088537746 
0.5560227624390487 1.021614555755717 
0.544449912009684 1.1052674529395508 
0.413190318684022 2.2906022279382583 
0.45046174499698527 1.9734055630818772 
0.42612352443837387 2.1723911448325266 
0.9218315295181833 5.973199532301988E-8 
0.6382265682950684 0.2592843641045536 
0.8102019047767713 7.758514687978307E-4 
0.7548844671107049 3.755570705009185E-10 
0.507387486104601 1.440152184455449 
0.41585009728746375 2.2743994414862505 
0.5727890176980379 0.8491926047678326 
0.5269619834134568 1.280297016715006 
0.8600976431756034 5.028894405892902E-6 
0.7715881785796606 1.4547144924181834E-6 
0.4912534300307844 1.6613934840480795 
0.3972354847130147 2.440408246054409 
0.4438781798385985 2.042977320123924 
0.8494028216001109 0.001041802453822821 
0.400082772123263 2.4459772088352683 
0.39502682602463135 2.4953943245493058 
0.507387486104601 1.440152184455449 
0.9957902388093298 1.7337368919930384E-17 
0.675955345879274 5.041036369188484E-8 
0.664943273753074 0.02243669350837857 
0.9652970541023848 1.59516705920777E-6 
0.5771526798472579 0.821580542711907 
0.4752883235703656 1.7230267651806055 
0.45344699844432196 1.9252116522398586 
0.4856913682366856 1.6381646336653461 
0.4705894501683875 1.784737556166119 
0.5177788065480701 1.3645915465385112 
0.6298501131906288 0.40522493950096994 
0.4366079100618412 2.1018971696340265 
0.7629007146022503 5.4383107418968025E-9 
0.626291429102599 0.40643407928358566 
0.5993271004335073 0.6061106095049119 
0.4752883235703656 1.7230267651806055 
0.4366079100618412 2.1018971696340265 
0.48138286919380946 1.6719427964156472 
0.5312879975543066 1.2320704033476944 
0.6436240053981322 0.21805234042656646 
0.88899090164398 1.7337368919930384E-17 
0.571797722470581 0.9470798036330281 
0.8715206598655869 2.1030563518353515E-6 
0.7859772822325996 0.001041802453822821 
0.5312879975543066 1.2320704033476944 
0.6631366855711619 0.11299797433813363 
0.5590264972587364 1.021614555755717 
0.7837969801515919 0.0027611035338002132 
0.9484328301279781 3.126846729954403E-10 
0.6436240053981322 0.21805234042656646 
0.6335757697016619 0.3223706762350538 
0.7302511204236914 4.662521079970466E-9 
0.6727138752010455 1.218259332329795E-6 
0.9361335919868773 1.7337368919930384E-17 
0.5471927433032704 1.078538097198695 
0.48138286919380946 1.6719427964156472 
0.5721608538210647 0.9451651591298437 
0.8813400536021672 0.005973581279380968 
0.4533051790193299 1.9252116522398586 
0.5471927433032704 1.078538097198695 
0.9129100164086549 1.7337368919930384E-17 
0.9361335919868773 1.7337368919930384E-17 
0.7245657146321395 1.7337368919930384E-17 
