0.7894627738380366 1.266689274169522 
0.554147300143536 3.6367001670069024 
0.6715456970240797 1.5401548308467659 
0.6279243427304922 2.1493288506406403 
0.8429897837185069 1.1878813904287429 
0.44394949008649676 6.8029349281837606 
0.8122237083829985 1.2311928569132768 
0.7428395036126202 1.34619067850769 
0.404456403129452 8.357580700938113 
0.4491453380130009 6.613854225601246 
0.4974585118102754 5.089376882911885 
0.48733375158560605 5.369462184294023 
0.45198104297981684 6.497331502282607 
0.4785361769350014 5.629593253520512 
0.3921357464367738 8.899240832231836 
0.543986364417345 3.868097609754678 
0.4221086462738625 7.595418385639408 
0.49960402548870353 5.020106456077971 
0.4541004645507957 6.421973889796245 
0.7133771584521623 1.4017837784017861 
0.59826037133732 2.725391520042129 
0.9177165423099862 1.089820036695912 
0.42428137975349944 7.52197319359188 
0.4595310476860598 6.26430356617781 
0.8718154124146642 1.1470677321911131 
0.4136166541774395 8.00321659384987 
0.5941042360480175 2.865722151063806 
0.6595005814632593 1.6228312303449484 
0.9999999998607665 1.0000002050623342 
0.43554104863757864 7.097307604609776 
0.4915973137293566 5.293847942287502 
0.9558744678990232 1.0461632577982103 
0.6848013895323161 1.460279643738194 
0.48475426076197325 5.450087532715659 
0.7679611160150199 1.3024166303755886 
0.6484060647312496 1.8802576004729672 
0.5029945221477662 4.924204452385775 
0.5467653134314713 3.803555474359773 
0.4473477354200365 6.702955407723276 
0.45645571894964665 6.346092751026091 
0.4699376712729272 5.903701239128318 
0.573665302521228 3.230548118456136 
0.4391332084232639 6.95134939090027 
0.41766167987721775 7.77492828152555 
0.613816973654741 2.4458262576265035 
0.49486873272474036 5.160525956781313 
0.39299267292282436 8.819815138174295 
0.4006589882456382 8.476707633972364 
0.5968174285158303 2.793974587294915 
0.5330224466115978 4.149356722541325 
0.6376819479223697 1.9797588072574122 
0.6501874489409908 1.7669682394608885 
0.5706981907416472 3.319521724822387 
0.43910739652638997 7.027044676250583 
0.4077958147501625 8.168393705517053 
0.46244411923306505 6.144737292829981 
0.6037617696757656 2.646865330567197 
0.6163287277639747 2.3617041055121626 
0.4267239951240202 7.429291380140398 
0.407221351629926 8.244671996759596 
0.5649190469162685 3.413114570963071 
0.5238319416592668 4.368688157739328 
0.5580309955198066 3.5591759498584863 
0.6341251520793384 2.0694926954951365 
0.41561183833965554 7.859529608021608 
0.6258959325386868 2.2292155132078912 
0.39644347501403093 8.69078419293703 
0.4137508877455179 7.919814056433424 
0.6221907696623427 2.2778548393483837 
0.4941877863794966 5.230431306222051 
0.4330219454081562 7.167458275167018 
0.4415976829306691 6.855840631204724 
0.4307812756106887 7.261200760104001 
0.6557270421196197 1.6839947328122364 
0.5062026765849601 4.830127650666108 
0.4744171718583493 5.821530315484388 
0.4604245740350482 6.206719620231207 
0.5127959225464188 4.654749326047056 
0.5273881083228988 4.291984725866467 
0.410140103374023 8.071055824518545 
0.3897750575638811 8.968002366119624 
0.5363439000120894 4.05249186051799 
0.3977800281558777 8.602017081330269 
0.46375194091663513 6.096062526644888 
0.41968405220027233 7.692298923362875 
0.40001660606931966 8.528814514939064 
0.4679083750875414 5.994986493821523 
0.5859283572003926 2.949498857078208 
0.5604318292007786 3.4928118149373146 
0.4818662295316811 5.549206484637063 
0.5403815591514143 3.9713343527933875 
0.520401228438567 4.458168128292373 
0.5094869538915952 4.741092839734773 
0.3941371884487253 8.774293215366843 
0.5826257399169739 3.020872552065554 
0.6057670563353472 2.5582015506473503 
0.5159597556558 4.567348111366358 
0.5792004570824983 3.137577174627829 
0.5510604158184094 3.7074649669392588 
0.42886993180550914 7.330012261641171 
