0.7894627738380366 4.027976760225308E-6 
0.554147300143536 1.0152675789784213 
0.6715456970240797 0.03428434940599501 
0.6279243427304922 0.3496159058502084 
0.8429897837185069 0.0013718764007650819 
0.44394949008649676 2.020159492458799 
0.8122237083829985 4.027976760225308E-6 
0.7428395036126202 3.615390588886428E-6 
0.404456403129452 2.3802770291655535 
0.4491453380130009 1.9705817917263857 
0.4974585118102754 1.5317538502149646 
0.48733375158560605 1.6167201502690491 
0.45198104297981684 1.9366706689873125 
0.4785361769350014 1.6939640332387815 
0.3921357464367738 2.4897104464678472 
0.543986364417345 1.1041923559418696 
0.4221086462738625 2.206091772645857 
0.49960402548870353 1.508065393838384 
0.4541004645507957 1.9162213266895556 
0.7133771584521623 5.286006017496956E-7 
0.59826037133732 0.630493742819987 
0.9177165423099862 1.4587581671485217E-4 
0.42428137975349944 2.1914331650459995 
0.4595310476860598 1.87864198078921 
0.8718154124146642 3.1328007748937514E-5 
0.4136166541774395 2.310263670205547 
0.5941042360480175 0.7025376692836438 
0.6595005814632593 0.07025814002922996 
0.9999999998607665 2.0492310062874565E-7 
0.43554104863757864 2.0911687966152033 
0.4915973137293566 1.6024414277202181 
0.9558744678990232 7.473833728857628E-7 
0.6848013895323161 1.529137670687789E-6 
0.48475426076197325 1.6419531530096259 
0.7679611160150199 2.0532897975866857E-4 
0.6484060647312496 0.21917043140369885 
0.5029945221477662 1.4768478654856856 
0.5467653134314713 1.0796522010923097 
0.4473477354200365 1.9985519222664947 
0.45645571894964665 1.896710329190755 
0.4699376712729272 1.7743716122070565 
0.573665302521228 0.8532533636835236 
0.4391332084232639 2.052568360897137 
0.41766167987721775 2.247289606986851 
0.613816973654741 0.5012896715416014 
0.49486873272474036 1.5537829404254968 
0.39299267292282436 2.4661227258363057 
0.4006589882456382 2.396269104281445 
0.5968174285158303 0.6674927285279294 
0.5330224466115978 1.2117002721132575 
0.6376819479223697 0.2624564526283736 
0.6501874489409908 0.14886057197482883 
0.5706981907416472 0.8944450424837282 
0.43910739652638997 2.0856272930630224 
0.4077958147501625 2.3310367663414255 
0.46244411923306505 1.841597625301329 
0.6037617696757656 0.5980760960766812 
0.6163287277639747 0.45558608670526696 
0.4267239951240202 2.1702568986739568 
0.407221351629926 2.3574064742658436 
0.5649190469162685 0.9281334304444865 
0.5238319416592668 1.2884584001724375 
0.5580309955198066 0.9861304985296845 
0.6341251520793384 0.3123173702579335 
0.41561183833965554 2.266513548874813 
0.6258959325386868 0.3952569224689603 
0.39644347501403093 2.445404686044967 
0.4137508877455179 2.27683009662876 
0.6221907696623427 0.41726025567326264 
0.4941877863794966 1.5848152690318942 
0.4330219454081562 2.10366672594461 
0.4415976829306691 2.027523337281942 
0.4307812756106887 2.1279893259029037 
0.6557270421196197 0.10424088509198715 
0.5062026765849601 1.4450235450142088 
0.4744171718583493 1.7618339481597474 
0.4604245740350482 1.85772623729993 
0.5127959225464188 1.3869364748726212 
0.5273881083228988 1.2635417055254916 
0.410140103374023 2.310263670205547 
0.3897750575638811 2.4955036384872984 
0.5363439000120894 1.1735292892374674 
0.3977800281558777 2.421710596808895 
0.46375194091663513 1.8270608286807333 
0.41968405220027233 2.2283351828927236 
0.40001660606931966 2.411667436060675 
0.4679083750875414 1.8051043889957858 
0.5859283572003926 0.7281950198922699 
0.5604318292007786 0.9574829144994106 
0.4818662295316811 1.6739752056448163 
0.5403815591514143 1.1460358494740635 
0.520401228438567 1.3200361705490176 
0.5094869538915952 1.4155249490337225 
0.3941371884487253 2.4582752585294134 
0.5826257399169739 0.7600381058420703 
0.6057670563353472 0.5496742228481661 
0.5159597556558 1.3565678155355656 
0.5792004570824983 0.8172861336760523 
0.5510604158184094 1.0430371863137333 
0.42886993180550914 2.143621858783595 
