0.6276364779518858 -0.26928878773455056 
0.6185306615081647 -0.12395412959100023 
0.8233749036854235 -0.4573003108868592 
0.41249335451611857 0.20182833398405892 
0.22033288612867868 0.4013802043494475 
0.4111566822495406 0.2194849553020348 
5.85566733599134E-6 1.001958279336565 
0.24261280341872504 0.2734805376096551 
0.04981815531636344 0.730832268948119 
0.6329135019332089 -0.33622449382696756 
0.6311951801838752 -0.3166038772194686 
0.6195750767393036 -0.14317169996672466 
0.023349910497165074 0.8402342836575848 
0.409736337656901 0.23858558333197794 
0.018998782536479464 0.8543943004962202 
0.2334144483328524 0.316692888638129 
0.42459923587294923 0.054005554987321396 
0.2158295455398163 0.4348561006562675 
0.8405259876626785 -0.7179740425678364 
0.1970021930807455 0.5767662884298803 
0.025569279942013412 0.823846741765497 
0.6420995304816839 -0.4200325746973825 
0.03847516463587625 0.7720587739606636 
0.21769064775826258 0.42056728896085005 
0.015394052891493204 0.8717928059847604 
0.8363187633324931 -0.6717855933208601 
0.2045856535963375 0.5205716178675249 
0.001007360551439962 0.9723530461548434 
0.8339078295359073 -0.6410130346387763 
0.4200827050636783 0.10571172650684858 
0.2000280397396621 0.559694256034712 
0.43198120739308643 -0.01961324824234958 
0.43032871555033747 -0.004819301672649951 
0.4284556349535768 0.018616861085395644 
0.624266634312593 -0.21833751558715464 
0.23759954263945193 0.2955359261692252 
0.8512933055650357 -0.7713781104350966 
0.19490769756714932 0.5920658995810192 
0.25735746810277926 0.2440594752323059 
0.44167916707182703 -0.0891641046363383 
0.41735103039135896 0.13953634082928906 
0.634831706236203 -0.3589881831454974 
0.012522945385292028 0.8864236472356004 
0.033216424888227125 0.7924630035856022 
0.6456555145964592 -0.44130351836198745 
0.05510922854130096 0.7143449081565653 
0.0025732738283537897 0.953495363230047 
0.8247476719484104 -0.48455396817048474 
0.42594965093220405 0.04081322797120825 
0.4155864002949346 0.16205228176775754 
0.8324570297068395 -0.6192624285450067 
0.22268997710316485 0.3847418125344961 
0.6230690464962148 -0.20110292433323615 
0.0765480495401285 0.686630592771272 
0.04472205907610288 0.7470512862639139 
0.06184947905021475 0.6967743755021947 
0.8303286601546442 -0.5866941348227568 
0.6526336062943067 -0.45681254350083683 
0.6219490525377368 -0.18284146952408034 
0.4185278427999818 0.12585581863938025 
0.2089375608772944 0.4875810030905503 
0.04107304816267743 0.7605647279667062 
0.006894514328526197 0.9187994823290162 
0.029566022407356868 0.8073692118856358 
0.009273708745944844 0.9039110752099623 
0.211695660510479 0.4673484752272939 
0.6252053170109566 -0.23364404329336247 
0.19246326427900134 0.6088278998440461 
0.22639378625323942 0.35955439629593633 
0.24736386478327566 0.2583056571775957 
0.0832286714663172 0.6721092142446651 
0.4452985293147028 -0.10607667346780293 
0.6293915344386194 -0.29288521290148317 
0.41390710626296845 0.18412182195222046 
0.2017888164626268 0.5422485109581194 
0.8270864634660995 -0.5295607107408856 
0.6207373511584355 -0.16195632754423125 
0.8292967638316877 -0.5688046665539799 
0.8457818902962777 -0.7560010521254013 
0.4536455823756277 -0.12213221927163766 
0.8378557587779073 -0.691229181931452 
0.4228871299672972 0.07339068274383055 
0.6366236755754601 -0.3768247903025583 
0.8314832844973753 -0.6047903468078317 
0.8430194874639526 -0.739322141668032 
0.6387374421230034 -0.39608886062392845 
0.8260958438659001 -0.5106371628574988 
0.005297342791022591 0.9331352444444831 
0.18892399104997612 0.632253376306479 
0.1867710940868897 0.6460453415647046 
0.2065012211474197 0.5060928174110881 
0.6263055164542252 -0.24965543247815528 
0.23033541406468505 0.3356077099719107 
0.2136441709967474 0.4521092927881255 
0.42161198234093533 0.08889363087082486 
0.8283017247220625 -0.551078740723078 
0.4388796409370199 -0.0731749741501918 
0.18267398323298623 0.6701910295221613 
0.4365357440770584 -0.056684675950585066 
0.4346972287190781 -0.0400208625298735 
