0.4440159615984447 -0.10240141191257228 
0.4225216949167331 0.07543973712923992 
0.6380196265029132 -0.39205686865815387 
0.2200921741880829 0.40106695397451747 
0.2528664063875206 0.24540159061413458 
0.8442835284980872 -0.7494880078843876 
0.2440602866281903 0.26623602948145025 
0.848969495957039 -0.7698702442609956 
0.24172950464453968 0.27478781133935726 
0.2562071457408337 0.24254003136103727 
0.009529867076011233 0.8997357964879574 
0.45187810001326506 -0.12323599336818353 
0.846615590032015 -0.761888813970622 
0.22467316343872692 0.36885499663076443 
0.003872621318544489 0.9374502131532806 
0.2549234674246699 0.24328192039267843 
0.24646951678867407 0.25868656249032 
0.0011285527634588566 0.9664742950624983 
0.6320574803988411 -0.3292089397662775 
0.8412570238562403 -0.7268579176991176 
0.8423490952824921 -0.7358466923921564 
0.028121198699353478 0.8107848604038359 
0.45330852615874095 -0.1240528504087719 
0.6459639884273376 -0.44443166495479813 
0.21717047338682688 0.4225065093089601 
0.25676255695302186 0.2423510568070672 
0.4316967310025416 -0.01922659270420978 
0.25046722526379656 0.24916895306711193 
0.8455689373979424 -0.7568591008133259 
0.2391629791924481 0.28560625521871136 
0.024159228898578244 0.8280708940949333 
0.20639447415394324 0.5046698244592416 
0.43865959615577427 -0.07333634082780477 
0.6419093978954633 -0.42236447554200846 
0.2096014009990088 0.4800191806024675 
0.24915127761478 0.2518636595347837 
0.20128243130269502 0.5433496080784868 
0.2538401954143727 0.24425971286130047 
0.21103299586600757 0.4691043968451722 
0.07837107680264072 0.6708850509761691 
0.6510882611985304 -0.4575185416116075 
0.08047227568066145 0.6700903541731504 
0.6522518144968771 -0.45816053139317253 
0.43271166510006154 -0.02815242868696667 
0.0654006103233504 0.6864607175938807 
0.45298503279482083 -0.12395254519455323 
0.0681651836217913 0.6817090997955796 
0.07560598779477305 0.6726796774176346 
0.45058725289536034 -0.12169060191245384 
0.4501509293630157 -0.12098301419401145 
0.23758602540260698 0.2929242015989324 
0.005418679655102274 0.9255666633928892 
0.07343576975904695 0.6746682113489921 
0.6444187137765658 -0.43722987287260795 
0.8402496133197548 -0.7177087774594889 
0.6515945211000582 -0.4579415533659584 
0.6401935381751261 -0.410051153329587 
0.45223971024071663 -0.12352392561964119 
0.2348975584589733 0.30648837664200146 
0.8358294975297902 -0.6685361222051663 
0.8511638654945375 -0.7731302479447748 
0.4260284245975777 0.03660063667761449 
0.23028119287720217 0.33274202285631355 
0.8504295395171971 -0.7724748845013915 
0.44620451886162604 -0.11091566980717357 
0.447881917069595 -0.11599591476794174 
0.8479236355385958 -0.766878704984178 
0.43572054014461625 -0.05258858361292896 
0.8378044576157488 -0.6922919650055386 
0.07084512688349215 0.6777190967756536 
0.6360084018858223 -0.37296417887871997 
0.8338224219185797 -0.641482020184786 
0.6299525662288832 -0.3027037748224733 
0.42888071537611655 0.007384611309046883 
0.8512956416621411 -0.7731844988480236 
0.4490567235418124 -0.1188395328877764 
0.44286778249043507 -0.09716834457421002 
0.8499474021448172 -0.7718027829911108 
0.6499829204957378 -0.4561079793437294 
0.06278942583602892 0.691758167320623 
0.22740160747181642 0.3507667468886744 
0.6508274782771695 -0.4572649672298465 
0.04976440610491584 0.7272952369259726 
0.6488984942407137 -0.45397741533494734 
0.6478430276805713 -0.45116770815488483 
0.01711035492821414 0.8605333661306642 
0.04559618555900168 0.74145952857626 
0.03293020674718596 0.7903871751455607 
0.4406218116344863 -0.08530012168511694 
0.037191655968823775 0.7731438994282801 
0.01340303150990882 0.8788834681588505 
0.08028914616475384 0.6701371428329559 
0.04246580112866516 0.752770190628309 
0.05151881986533258 0.7216809319544631 
0.05975323360418484 0.6987372762306495 
0.05570459153818861 0.7092707186569062 
