1.3786003363421675 0.8263334358127719 
1.5343534408928037 0.5369602936901606 
1.5342333291744565 0.6002184623949324 
1.6254603697633618 0.46592585938443604 
1.5342145914407328 0.6052120703946511 
1.381835781644618 0.7464682697887277 
1.4054970125890471 0.6155264137737689 
1.3788162711710594 0.7846140313093412 
1.5347217940154603 0.48021941909407034 
1.6254600242983608 0.4728187185823368 
1.5343534408928037 0.5369602936901606 
1.381835781644618 0.7464682697887277 
1.6254586227151633 0.4748530648996908 
1.5343534408928037 0.5369602936901606 
1.6254603697789478 0.4570942495439699 
1.3786003363421675 0.8263334358127719 
1.5343455773597157 0.5898224940003267 
1.3839489942630334 0.6218833432445832 
1.381835781644618 0.7464682697887277 
1.6254586227151633 0.4748530648996908 
1.5342333291744565 0.6002184623949324 
1.3778351853817727 0.9169960447509214 
1.625460316874949 0.4666128369556091 
1.382607011864768 0.7392382510299208 
1.6254603697789478 0.4570942495439699 
1.5343546144452136 0.5359172273594299 
1.6254586227151633 0.4748530648996908 
1.382607011864768 0.7392382510299208 
1.381835781644618 0.7464682697887277 
1.5343534408928037 0.5369602936901606 
-3.141592653589793 1.0695249834113634 
1.6254603697789478 0.4570942495439699 
1.6254603697789478 0.4570942495439699 
1.4054970125890471 0.6155264137737689 
1.6254603105677403 0.4667975081035417 
1.382607011864768 0.7392382510299208 
1.6254603910795902 0.4529420890521733 
1.625460316874949 0.4666128369556091 
1.381835781644618 0.7464682697887277 
1.4054970125890471 0.6155264137737689 
1.534354438480976 0.536044488872296 
1.4054970125890471 0.6155264137737689 
1.4054970125890471 0.6155264137737689 
1.5342333291744565 0.6002184623949324 
1.6254603101407377 0.4675739345407421 
1.6254603697789478 0.4570942495439699 
1.6254603697789478 0.4570942495439699 
1.6254586227151633 0.4748530648996908 
1.5342333291744565 0.6002184623949324 
1.5343534408928037 0.5369602936901606 
1.625460316874949 0.4666128369556091 
1.4054970125890471 0.6155264137737689 
1.6254603105677403 0.4667975081035417 
1.4054970125890471 0.6155264137737689 
