1.3786003363421675 0.9603121643751324 4.912867874914816 
1.5343534408928037 0.18190310462489406 4.996662415796489 
1.5342333291744565 0.1797842106430376 4.996657252793139 
1.6254603697633618 -0.2731871743903127 4.992511708950691 
1.5342145914407328 0.1797842106430376 4.996657252793139 
1.381835781644618 0.9420299289573778 4.912867874914816 
1.4054970125890471 0.8229216951245515 4.932405139810399 
1.3788162711710594 0.9465752426562729 4.909366846344691 
1.5347217940154603 0.18029844464629619 4.9967469257585675 
1.6254600242983608 -0.2731870116929207 4.992563678480154 
1.5343534408928037 0.18190310462489406 4.996662415796489 
1.381835781644618 0.9420299289573778 4.912867874914816 
1.6254586227151633 -0.2731871456080157 4.992510592268197 
1.5343534408928037 0.18190310462489406 4.996662415796489 
1.6254603697789478 -0.2731908736344189 4.99253410143587 
1.3786003363421675 0.9603121643751324 4.912867874914816 
1.5343455773597157 0.18092773496439596 4.996721298463994 
1.3839489942630334 0.9280101001490946 4.91286441071601 
1.381835781644618 0.9420299289573778 4.912867874914816 
1.6254586227151633 -0.2731871456080157 4.992510592268197 
1.5342333291744565 0.1797842106430376 4.996657252793139 
1.3778351853817727 0.9420299289573778 4.912867874914816 
1.625460316874949 -0.2731871456080157 4.992511004408113 
1.382607011864768 0.9383397032925701 4.913223902544181 
1.6254603697789478 -0.2731908736344189 4.99253410143587 
1.5343546144452136 0.18204905224717444 4.996746993347467 
1.6254586227151633 -0.2731871456080157 4.992510592268197 
1.382607011864768 0.9383397032925701 4.913223902544181 
1.381835781644618 0.9420299289573778 4.912867874914816 
1.5343534408928037 0.18190310462489406 4.996662415796489 
-3.141592653589793 -4.999999999993265 -3.3333343979389564E-4 
1.6254603697789478 -0.2731908736344189 4.99253410143587 
1.6254603697789478 -0.2731908736344189 4.99253410143587 
1.4054970125890471 0.8229216951245515 4.932405139810399 
1.6254603105677403 -0.2731871456080157 4.992510696024291 
1.382607011864768 0.9383397032925701 4.913223902544181 
1.6254603910795902 -0.27318705921730607 4.992534452040537 
1.625460316874949 -0.2731871456080157 4.992511004408113 
1.381835781644618 0.9420299289573778 4.912867874914816 
1.4054970125890471 0.8229216951245515 4.932405139810399 
1.534354438480976 0.18204905224717444 4.996746993347467 
1.4054970125890471 0.8229216951245515 4.932405139810399 
1.4054970125890471 0.8229216951245515 4.932405139810399 
1.5342333291744565 0.1797842106430376 4.996657252793139 
1.6254603101407377 -0.2731967531145539 4.992523808013056 
1.6254603697789478 -0.2731908736344189 4.99253410143587 
1.6254603697789478 -0.2731908736344189 4.99253410143587 
1.6254586227151633 -0.2731871456080157 4.992510592268197 
1.5342333291744565 0.1797842106430376 4.996657252793139 
1.5343534408928037 0.18190310462489406 4.996662415796489 
1.625460316874949 -0.2731871456080157 4.992511004408113 
1.4054970125890471 0.8229216951245515 4.932405139810399 
1.6254603105677403 -0.2731871456080157 4.992510696024291 
1.4054970125890471 0.8229216951245515 4.932405139810399 
