0.7235583210443303 1.4585130548257466 
0.6471198418898694 1.8203562171496934 
0.5832222521687642 3.004066731444823 
0.411545461608631 8.00951722347822 
0.6396537101211215 1.9439845125492292 
0.6471198418898694 1.8203562171496934 
0.524266081771464 4.353540437016121 
0.39462330609843876 8.739773244790612 
0.6666698094020402 1.499992928878747 
0.5554622947569113 3.604182376392063 
0.3895322801693078 8.970288027271359 
0.6471198418898694 1.8203562171496934 
0.4624159340569547 6.141024671949826 
0.5908417181874589 2.8486568801344934 
0.4284758212420626 7.337212274401685 
0.6608833596716862 1.5920602386488134 
0.5616553633760283 3.47101708416186 
0.5616553633760283 3.47101708416186 
0.5035079156986823 4.903289912986658 
0.45152060089935697 6.503266055661654 
0.3895322801693078 8.970288027271359 
0.48073179486564266 5.564170215037968 
0.3895322801693078 8.970288027271359 
0.45152060089935697 6.503266055661654 
0.6082720223934932 2.508251675350073 
0.598674188284085 2.692994772208295 
0.5181114020586317 4.512675664465444 
0.496596705459982 5.09650222328929 
0.5183273069401633 4.505999923302103 
0.39878106158307824 8.553566904280418 
0.4373383430494894 7.00633696944496 
0.41821540116870115 7.738432327622053 
0.42216575099221904 7.583996715080889 
0.48364842131913 5.473500747923259 
0.42216575099221904 7.583996715080889 
0.43337798893501545 7.152667850968589 
0.39878106158307824 8.553566904280418 
0.496596705459982 5.09650222328929 
0.4433401454468917 6.789491379155465 
0.531123059736936 4.181352466486409 
0.572727226362208 3.2276853707676727 
0.5554622947569113 3.604182376392063 
0.46832662216337784 5.948665869201824 
0.4574536435495108 6.302599502663384 
0.3895322801693078 8.970288027271359 
0.504134587420258 4.887096796175024 
0.5116312415954611 4.684162660327138 
0.496596705459982 5.09650222328929 
0.5703226608875697 3.2738517073875726 
0.6341883626026166 2.04188717348333 
0.6396537101211215 1.9439845125492292 
0.45152060089935697 6.503266055661654 
0.43337798893501545 7.152667850968589 
0.5513244199414317 3.698341048856662 
0.6292449854745313 2.12893864551475 
0.4433401454468917 6.789491379155465 
0.39462330609843876 8.739773244790612 
0.4664627214748102 6.006948732723187 
0.4048512766084981 8.296249917087158 
0.5832222521687642 3.004066731444823 
0.5832222521687642 3.004066731444823 
0.47707465036871916 5.674977153452409 
0.6274143558549496 2.1611345667231583 
0.6181040923744736 2.3252630939396224 
0.5009966441465074 4.973304185355941 
0.4040431971361207 8.330248065770814 
0.473892226959517 5.775674601028032 
0.5113864643575455 4.689591521399707 
0.4574536435495108 6.302599502663384 
0.5908417181874589 2.8486568801344934 
0.531123059736936 4.181352466486409 
0.48836442619487025 5.334499901593525 
0.6396537101211215 1.9439845125492292 
0.4284758212420626 7.337212274401685 
0.5415939371276653 3.9281191538679066 
0.5513244199414317 3.698341048856662 
0.4433401454468917 6.789491379155465 
0.5832222521687642 3.004066731444823 
0.6181040923744736 2.3252630939396224 
0.48364842131913 5.473500747923259 
0.6082720223934932 2.508251675350073 
0.473892226959517 5.775674601028032 
0.41821540116870115 7.738432327622053 
0.6608833596716862 1.5920602386488134 
0.531123059736936 4.181352466486409 
0.411545461608631 8.00951722347822 
0.4624159340569547 6.141024671949826 
0.5113864643575455 4.689591521399707 
0.524266081771464 4.353540437016121 
0.411545461608631 8.00951722347822 
0.6148217125368579 2.3856620918645897 
0.5420837291119175 3.91335866225004 
0.5420837291119175 3.91335866225004 
0.5701884303136966 3.277049491924094 
0.48836442619487025 5.334499901593525 
