0.7235583210443303 0.05531925717095448 
0.6471198418898694 0.17798862742515034 
0.5832222521687642 0.7520385647785076 
0.411545461608631 2.296280462998624 
0.6396537101211215 0.24347690587011422 
0.6471198418898694 0.17798862742515034 
0.524266081771464 1.2824135867480688 
0.39462330609843876 2.4489182124099513 
0.6666698094020402 2.362432936091096E-15 
0.5554622947569113 1.0019874135131532 
0.3895322801693078 2.494216749038454 
0.6471198418898694 0.17798862742515034 
0.4624159340569547 1.8397076597464825 
0.5908417181874589 0.6831053255851902 
0.4284758212420626 2.143818054901604 
0.6608833596716862 0.052166119317934245 
0.5616553633760283 0.9495153616893315 
0.5616553633760283 0.9495153616893315 
0.5035079156986823 1.4688452841542852 
0.45152060089935697 1.936358597260741 
0.3895322801693078 2.494216749038454 
0.48073179486564266 1.674873534413151 
0.3895322801693078 2.494216749038454 
0.45152060089935697 1.936358597260741 
0.6082720223934932 0.5256993192370568 
0.598674188284085 0.6122264593050857 
0.5181114020586317 1.3380687155520588 
0.496596705459982 1.5309062134549356 
0.5183273069401633 1.3355828053177612 
0.39878106158307824 2.411000490410829 
0.4373383430494894 2.0641398010634395 
0.41821540116870115 2.2363315803133026 
0.42216575099221904 2.2017036687446456 
0.48364842131913 1.6472499958221616 
0.42216575099221904 2.2017036687446456 
0.43337798893501545 2.099808808772906 
0.39878106158307824 2.411000490410829 
0.496596705459982 1.5309062134549356 
0.4433401454468917 2.0100540955452013 
0.531123059736936 1.2208127158388458 
0.572727226362208 0.8485832899696438 
0.5554622947569113 1.0019874135131532 
0.46832662216337784 1.7859185929018646 
0.4574536435495108 1.8831471063266996 
0.3895322801693078 2.494216749038454 
0.504134587420258 1.4637545270225605 
0.5116312415954611 1.3965639577382718 
0.496596705459982 1.5309062134549356 
0.5703226608875697 0.8671518171085936 
0.6341883626026166 0.29494108317067785 
0.6396537101211215 0.24347690587011422 
0.45152060089935697 1.936358597260741 
0.43337798893501545 2.099808808772906 
0.5513244199414317 1.0389857335064854 
0.6292449854745313 0.33962396707309717 
0.4433401454468917 2.0100540955452013 
0.39462330609843876 2.4489182124099513 
0.4664627214748102 1.8020176536257204 
0.4048512766084981 2.3587473699958825 
0.5832222521687642 0.7520385647785076 
0.5832222521687642 0.7520385647785076 
0.47707465036871916 1.707387741333777 
0.6274143558549496 0.35592685209647607 
0.6181040923744736 0.43725463421141075 
0.5009966441465074 1.4916087071831063 
0.4040431971361207 2.3657800614310247 
0.473892226959517 1.737047298874694 
0.5113864643575455 1.3981936274097189 
0.4574536435495108 1.8831471063266996 
0.5908417181874589 0.6831053255851902 
0.531123059736936 1.2208127158388458 
0.48836442619487025 1.6051799834783136 
0.6396537101211215 0.24347690587011422 
0.4284758212420626 2.143818054901604 
0.5415939371276653 1.1274455180499128 
0.5513244199414317 1.0389857335064854 
0.4433401454468917 2.0100540955452013 
0.5832222521687642 0.7520385647785076 
0.6181040923744736 0.43725463421141075 
0.48364842131913 1.6472499958221616 
0.6082720223934932 0.5256993192370568 
0.473892226959517 1.737047298874694 
0.41821540116870115 2.2363315803133026 
0.6608833596716862 0.052166119317934245 
0.531123059736936 1.2208127158388458 
0.411545461608631 2.296280462998624 
0.4624159340569547 1.8397076597464825 
0.5113864643575455 1.3981936274097189 
0.524266081771464 1.2824135867480688 
0.411545461608631 2.296280462998624 
0.6148217125368579 0.46675685285445 
0.5420837291119175 1.1213680569849263 
0.5420837291119175 1.1213680569849263 
0.5701884303136966 0.868535705860496 
0.48836442619487025 1.6051799834783136 
