0.5267026241130045 4.2924470789115485 
0.8692311917164974 1.150441919243839 
0.602040069048696 2.64045831540277 
0.6544554858057153 1.7037546017245326 
0.9999999999992426 1.0000000000008307 
0.47719373288857253 5.678245347041223 
0.48714848475061623 5.476411520379301 
0.6902936528220789 1.4486592207637006 
0.4648061610935351 6.123641131379842 
0.9029598389283553 1.107468967447932 
0.4088487417282389 8.260114148261499 
0.6085773503124199 2.5651765198093104 
0.7244299599855383 1.3803957108899139 
0.5699211438176259 3.286689112934537 
0.38988475612811274 8.957697663056964 
0.5313813370196013 4.184150906828195 
0.6219842956557391 2.2742729559993693 
0.5146469195677535 4.639312218962714 
0.39700818248290376 8.645134681133184 
0.5370203950356194 4.0411321414568615 
0.6114606962079392 2.469804779187105 
0.5409857697430194 3.9606361130743233 
0.5081465917845464 4.778860685548083 
0.4056565494675045 8.316908568318055 
0.48812191768018764 5.3589090116250375 
0.6320078700342918 2.087322639639068 
0.9373581172732585 1.074480944568378 
0.9674786513373659 1.033614539473212 
0.7862977449862183 1.275119204020007 
0.627788459263864 2.1716416164554473 
0.42580555302354073 7.550146254237138 
0.4990863131937318 5.032082509620237 
0.4677585061318165 5.983691996395875 
0.5344970814979243 4.143002883491736 
0.5599061168945545 3.5516806813501502 
0.5734460836816802 3.2265510401849875 
0.7522615224115091 1.3298743735692085 
0.5023393799435568 4.957077878873953 
0.4113428312396228 8.090018241115995 
0.6397807785248458 1.9526677337984877 
0.5510995946755274 3.7600425231870287 
0.40890633813392335 8.138223103284226 
0.4701645401649431 5.8932202060998 
0.4171259513454954 7.921927781096211 
0.8286542512593008 1.2067759248789522 
0.4281166231397301 7.382908894751685 
0.4229985873285278 7.61248377712877 
0.6179665659210718 2.3290991967237105 
0.4579307734470751 6.302514672303919 
0.43639799115348155 7.105923689429163 
0.5467430445185334 3.834582055350617 
0.6149360791259479 2.404971113879558 
0.6463119849899975 1.8393847366107778 
0.46611646168191245 6.027762986375415 
0.4535592974123148 6.457068795765875 
0.5866066232490729 2.945596841275985 
0.4750740125781748 5.783807270557154 
0.4601567837461134 6.217718297458984 
0.393669141159511 8.809080785962296 
0.6662063919392478 1.5292280832918115 
0.47975883778833267 5.593059886041207 
0.5645119088928683 3.4172926906854615 
0.5189356757526782 4.496570369990663 
0.6513481585661441 1.774110765141838 
0.5942257883784288 2.7974879583678836 
0.5842279268939184 3.024884103103811 
0.444607202881695 6.748106916961718 
0.4484083965700364 6.6148234460601385 
0.6573408282775496 1.6571008961042832 
0.5577730905847261 3.59677650500315 
0.40210245801702127 8.416948838126503 
0.40397123752342173 8.363656322731787 
0.43648290784238897 7.050790888662893 
0.5165324440100978 4.553742600130149 
0.41736962729042276 7.789448130301728 
0.5796688082292948 3.097797953524777 
0.5432759287405629 3.9018568084007184 
0.41275374025613504 8.013850392350827 
0.4261953495053545 7.491859293663671 
0.49182691646271776 5.255983990455798 
0.5529640678767179 3.66386944265339 
0.43392425671140494 7.152398698562465 
0.5234017619261926 4.404140730017828 
0.43855961050303777 6.9836224127300515 
0.5211891724269293 4.450012693868259 
0.40084753661772904 8.482728285918084 
0.45567901518128767 6.385321256635551 
0.4202373017895677 7.662503709390471 
0.6339117489872962 2.0458670893601134 
0.44264268523711553 6.814267881867266 
0.5107974824918202 4.708486939213122 
0.43963594278810164 6.92481139122417 
0.4304000446608875 7.266604549148133 
0.5601668041098647 3.506549149961246 
0.6608492288773713 1.5933740612073175 
0.45095288883647505 6.529324329137754 
0.4466110002653349 6.679057261544267 
0.5054413706168457 4.849479258307491 
0.566914419579015 3.34930128024014 
0.5900838168756274 2.8634256117250048 
