0.5267026241130045 1.2608431403289135 
0.8692311917164974 4.6493667136914387E-10 
0.602040069048696 0.5896617065252872 
0.6544554858057153 0.11503154556535217 
0.9999999999992426 7.31931334117808E-14 
0.47719373288857253 1.709623093411769 
0.48714848475061623 1.667825574023595 
0.6902936528220789 2.651953611279242E-7 
0.4648061610935351 1.8463061261911364 
0.9029598389283553 4.6493667136914387E-10 
0.4088487417282389 2.3771372760483374 
0.6085773503124199 0.5611083295091847 
0.7244299599855383 9.60418901210313E-9 
0.5699211438176259 0.8731536186165896 
0.38988475612811274 2.4924697688303294 
0.5313813370196013 1.2233797031621432 
0.6219842956557391 0.4145620626661636 
0.5146469195677535 1.3876077424022002 
0.39700818248290376 2.432189207076603 
0.5370203950356194 1.1701703789963023 
0.6114606962079392 0.5101885497794427 
0.5409857697430194 1.1426477763035134 
0.5081465917845464 1.4283617699744193 
0.4056565494675045 2.3738084320606254 
0.48812191768018764 1.6158009434280522 
0.6320078700342918 0.3192043355526428 
0.9373581172732585 0.007173435246607296 
0.9674786513373659 6.522356332444091E-10 
0.7862977449862183 0.002623354709553112 
0.627788459263864 0.3633315444678522 
0.42580555302354073 2.214894201194059 
0.4990863131937318 1.5114435074130252 
0.4677585061318165 1.7989228293870412 
0.5344970814979243 1.214422949863818 
0.5599061168945545 0.9886077387441682 
0.5734460836816802 0.8502530577931325 
0.7522615224115091 4.1332087722489863E-4 
0.5023393799435568 1.4901354280054637 
0.4113428312396228 2.3277710080808465 
0.6397807785248458 0.24927928292994284 
0.5510995946755274 1.0721579104911185 
0.40890633813392335 2.3277710080808465 
0.4701645401649431 1.7707831682916635 
0.4171259513454954 2.3044416621800665 
0.8286542512593008 4.683185866625268E-10 
0.4281166231397301 2.1607460249693684 
0.4229985873285278 2.220069883786805 
0.6179665659210718 0.4393054322888782 
0.4579307734470751 1.8861154185496727 
0.43639799115348155 2.1010108233568228 
0.5467430445185334 1.096531067398532 
0.6149360791259479 0.4789035071802591 
0.6463119849899975 0.18881640027921565 
0.46611646168191245 1.8096395550665063 
0.4535592974123148 1.928663586350552 
0.5866066232490729 0.7279066165140409 
0.4750740125781748 1.7477365280024082 
0.4601567837461134 1.8611252539980858 
0.393669141159511 2.4678632674145273 
0.6662063919392478 0.018781523822009184 
0.47975883778833267 1.6833199106076737 
0.5645119088928683 0.9291024200644958 
0.5189356757526782 1.333430783520575 
0.6513481585661441 0.1555637799675092 
0.5942257883784288 0.6623394875403169 
0.5842279268939184 0.7672217686507096 
0.444607202881695 2.0002569410969677 
0.4484083965700364 1.966142375041709 
0.6573408282775496 0.08928007558465928 
0.5577730905847261 1.006185147338137 
0.40210245801702127 2.384475816814178 
0.40397123752342173 2.378676594914551 
0.43648290784238897 2.0775497096722013 
0.5165324440100978 1.3521557946381229 
0.41736962729042276 2.2510790629421127 
0.5796688082292948 0.7956968478548555 
0.5432759287405629 1.119784881396589 
0.41275374025613504 2.307746723295899 
0.4261953495053545 2.1929955901079263 
0.49182691646271776 1.5850343990032856 
0.5529640678767179 1.0259881511788218 
0.43392425671140494 2.1035992889773376 
0.5234017619261926 1.3051350178622394 
0.43855961050303777 2.0627347252271764 
0.5211891724269293 1.3192984332065283 
0.40084753661772904 2.400280737207795 
0.45567901518128767 1.9096569018398302 
0.4202373017895677 2.220069883786805 
0.6339117489872962 0.29689918481181854 
0.44264268523711553 2.0162858331547584 
0.5107974824918202 1.405083274895679 
0.43963594278810164 2.044395984610624 
0.4304000446608875 2.127546922486365 
0.5601668041098647 0.964252430787954 
0.6608492288773713 0.05298001966206112 
0.45095288883647505 1.9444176683749497 
0.4466110002653349 1.9829404444077336 
0.5054413706168457 1.4511274430969023 
0.566914419579015 0.898767191282591 
0.5900838168756274 0.6896611143061191 
