0.833985078856929 2.3410998396047074 
0.4344020424286278 3.3238687815772563 
0.8614141905190036 1.703965548243949 
0.6379063805911681 2.576167287813543 
0.02191876943328719 5.315768073980251 
0.03094966265932375 4.825332590175098 
0.2723579867515562 3.613340023355276 
0.4564703877181593 2.8622115945213493 
0.19446655029670912 4.257076453462307 
0.4209871892919055 3.3711308280225154 
0.2514072556749576 4.198861840161135 
0.843213823283035 2.2492157687538175 
0.015264562647066215 5.521512221316396 
