0.833985078856929 0.5275728253303317 0.3800060750581744 0.15345587530310867 0.7726545795736733 0.09129974031596 0.3199024730604807 0.8247791002332601 0.03236599211270175 0.4830103930236259 0.2181050979824254 0.8997605478801124 0.7732130649112151 0.5456884866726712 0.3432857693796636 0.2823895284589877 0.6311458588178616 0.6224602687960401 0.7482927153388634 0.21558909598310383 0.20200072412031644 0.9138596237947691 0.12259892740590284 0.6190730213081742 0.12396424300626607 0.7354559053777885 0.8475140283842928 0.5039543173318065 0.014970325781169413 0.4003819977951669 
0.4344020424286278 0.4197313871899203 0.030740186354971777 0.43369135743574994 0.112498856218601 0.3807815941579301 0.6298361039508618 0.032134406666338156 0.2802980882277356 0.15558535857572287 0.46619787062135953 0.7275828253811106 0.6228076313060382 0.7473141207661476 0.09650996100995624 0.05131591904625177 0.2917141479076141 0.8984408563605084 0.3897594365963254 0.15408280549001752 0.23691781418594904 0.4878508309201893 0.9800798519705687 0.7941210473820856 0.3903389289357905 0.8686892232024492 0.9099834627631619 0.9639757175106699 0.05579819662258667 0.9626376187216558 
0.8614141905190036 0.39773931184168265 0.022189305882803545 0.7346007090496592 0.7600924866684307 0.8129496778209894 0.5441920034758589 0.4224195939754015 0.04875250093468697 0.37697045328079104 0.41452290882013165 0.3360649128786344 0.6748834000035234 0.31484198706705735 0.26552788773513236 0.18729082812902254 0.26009970148237804 0.27568959530674686 0.07226980358675628 0.5697955607569706 0.472275919456126 0.02750202372817978 0.5631633853561996 0.10122342820265218 0.5182312785116064 0.07947295595808257 0.9972458148598339 0.2358913274602834 0.3630754846151215 0.3439547794156841 
0.6379063805911681 0.641326050562718 0.18202239572869228 0.8802413739308227 0.853614938508196 0.028910213863131085 0.08090810510024327 0.5115806745109859 0.2825427534062541 0.5795277013378068 0.30209345201182747 0.008220496307980274 0.9983329432813066 0.9797907286277858 0.011361338681056155 0.13176104216868034 0.7869098411239562 0.2979371075116045 0.04547132983446189 0.13938804374754443 0.17719965078993694 0.9425759085241718 0.45433206844990404 0.008408520578456757 0.011544110940468477 0.6693494970140703 0.951614522919847 0.2733660082563887 0.5794876001882753 0.9005157036389314 
0.02191876943328719 0.9530639586955335 0.3349550982909615 0.30744926221917557 0.4610778291132943 0.005702008000995518 0.23336677927581084 0.7772321770594895 0.6182372054946037 0.9895393615188421 0.24453054080637615 0.8914932019417798 0.44405561882895206 0.3359866732385729 0.19589121619364636 0.9330154882342382 0.2740717475209359 0.9669021713491375 0.2095150312153089 0.5414540618666326 0.6771191675571246 0.6368134719214095 0.7878631441685832 0.12925741405400648 0.6159876111578809 0.6882620918671845 0.8470672974377308 0.5727921117116471 0.3925371093949017 0.023208205862135567 
0.03094966265932375 0.05189421098204494 0.4201032457447662 0.11042964087940632 0.12833773997618425 0.48368887070793765 0.7769479374682106 0.24094427811001173 0.5300187764070702 0.6978507286062975 0.47902886285834523 0.27050918754884257 0.14833317593579365 0.9639805792621295 0.7828883465415937 0.004083581846630269 0.4275191912906404 0.22494697076955394 0.6670982082454325 0.7927453504635763 0.6470118800956498 0.9174216337668467 0.029485514520485534 0.6597166914530268 0.7378081534929242 0.05486924014000272 0.3011039550452165 0.5869797858773788 0.6959428544504773 0.8761528220299388 
0.2723579867515562 0.12318847288507384 0.013533662924965495 0.2351302399897962 0.1769385750265221 0.1405187289714408 0.838988353588956 0.41337300123817355 0.048219520170725394 0.777145767995285 0.796557521123183 0.04549995794576711 0.20464100051707335 0.6661404148115062 0.7797404433577325 0.23733125771794628 0.17916507023398975 0.8930840001163454 0.9401404971071655 0.9432116630622105 0.6883624235436624 0.44033738078218676 0.5345576486984194 0.3909768837268204 0.5493549717481129 0.7613972622971018 0.12271838847047412 0.6785902293331181 0.06216917914238418 0.1647808200476003 
0.4564703877181593 0.278264473399491 0.6542994178007683 0.4484480401533272 0.24330837205199163 0.24894388661832834 0.5082530423598232 0.5026241092391813 0.3556447347473153 0.6349739835780552 0.2502170178359602 0.20990614101287164 0.48886138574883475 0.951248930262685 0.35613336376165106 0.08492213276572558 0.5251837630109996 0.6933144492190504 0.3466941802482555 0.43252377099053674 0.39633164998289316 0.04808619199742736 0.35900961237576945 0.6941042298837542 0.2990363604964431 0.15761573046029442 0.8668368022849232 0.3903712447034262 0.4784871285021638 0.3008172120596767 
0.19446655029670912 0.4103753477706712 0.45474022000922476 0.35094479877072615 0.08970352535340498 0.6694385882905476 0.7449623318520033 0.15659160884333245 0.9324108379077215 0.9545871219262946 0.9080398118162101 0.16756406911840283 0.7454157843412316 0.9215662906520504 0.017444069383149796 0.47200465914246226 0.28985657624346794 0.4422273981024436 0.35457879055207364 0.019099171682288252 0.41378072723204506 0.5202593254120585 0.47224662401689466 0.17712865964307067 0.15611868539794238 0.641296885280643 0.18368398348584702 0.7003989073730883 0.613425819895953 0.6570083631416213 
0.4209871892919055 0.17181168048435502 0.11538310051422973 0.1678531868260127 0.7176446596944591 0.3103839600076358 0.7108246437962513 0.7515827710144335 0.17718469933539482 0.5784126246937195 0.11164172912019743 0.8758587557367876 0.5751737524236865 0.3639982696819899 0.18664782349500508 0.5632806048807089 0.7137940011970451 0.3938601149363621 0.9730476737437188 0.6670772985863146 0.021356858876208196 0.4806650945628159 0.6432165200092825 0.23602117384971577 0.2393863251056455 0.1119212356022179 0.31266744648888367 0.4709730144666282 0.5595857525354968 0.9884046446076258 
0.2514072556749576 0.9455975210588065 0.5235731527826449 0.24810119512568551 0.647220883193972 0.7033502283074937 0.462846012881614 0.7302542265578997 0.440180014320781 0.2495184043586417 0.19136255222691123 0.849977895335299 0.9018978976917131 0.005525158380869866 0.33000274873319757 0.8205170342880403 0.6614118647302378 0.38742635610347465 0.8751698736448731 0.23515324778776048 0.8199064656429554 0.06786475115713242 0.41976917436308747 0.7369973889326682 0.6267948504868579 0.28402207624093767 0.9905139175740868 0.027871322786112485 0.6111861680774696 0.1599627496457804 
0.843213823283035 0.021466542233525066 0.622020954461388 0.8333613970739387 0.7268991720884938 0.8659191892018024 0.10558474290730202 0.8024068192514678 0.8636185780504666 0.4797226608808217 0.8045692212525108 0.12758394631308767 0.7165558901490376 0.6891508282412884 0.9046694385694206 0.03095366887602391 0.10550144064676326 0.14986749273077926 0.15525908156224189 0.030485933559634693 0.2881835259837543 0.06260332977295269 0.7417936352785207 0.33079884801756687 0.9422919728566274 0.5091199628707201 0.5257671529281696 0.025235707014704456 0.024539551554844552 0.9154460802273621 
0.015264562647066215 0.46318190895578926 0.986304103276275 0.8127521012009572 0.3349860635978017 0.58730252740706 0.037606445668937005 0.4314732037353537 0.29814049517591223 0.7895223953335133 0.7098788382880794 0.6625369460469247 0.3345913989831253 0.7409942306867493 0.7582924034612931 0.6832651195800313 0.99304607435492 0.23895109826858818 0.22730000366697178 0.9475481972343913 0.1408942770129371 0.695971950707715 0.7940401477939023 0.5328050535198489 0.4229025256215566 0.24995490199363912 0.3281182839919867 0.793357090781472 0.5537918980869246 0.003476322961268097 
