-15.321544159946367 -8.86376274417561 
-17.987227908790423 -3.843733718080733 
-19.999549528912997 0.0014344828251620857 
-15.360751733996553 -8.697731063001395 
-18.63664022731202 -1.1361311215053964 
-14.470478545086 -11.61976759471047 
-18.17453792649328 -3.262133865233933 
-17.94860807231292 -3.8740841338714707 
-16.684334719121267 -4.87020094922538 
-14.839296869764247 -10.824369555395513 
-18.401929460672818 -2.168071497797989 
-19.999549082924027 0.0014261340313601132 
-16.470851874009647 -5.970185474496461 
-15.094841520262584 -9.819235132896445 
-14.548702052421236 -11.55184735413782 
-16.60311756020898 -5.32820464253415 
-18.63664022731202 -1.1361311215053964 
-18.143299585488656 -3.393914329348406 
-15.246204242411725 -9.176485628290852 
-14.70258753086067 -11.245440444549946 
-15.950886974453645 -7.716125609207964 
-15.370103970171751 -8.668571493084896 
-18.075131983212863 -3.641993274932029 
-16.556725010852432 -5.555758314527813 
-15.942933929508573 -7.723728847584063 
-14.722366428700573 -11.191614984967797 
-16.252710690030174 -6.9252312078535585 
-14.638697432838857 -11.397652868774385 
-18.306756983777454 -2.636881732354374 
-18.025064903284573 -3.776838354467572 
-14.773191056267056 -11.042329902304822 
-16.04020288182574 -7.576511697193048 
-19.999549123014646 0.0014337846208686642 
-18.045119762018608 -3.7286230110507206 
-15.286069803446676 -9.010484446534162 
-14.809679589391195 -10.925120411478336 
-18.21150068592877 -3.0957149567411073 
-16.25682995487955 -6.9089244095845785 
-18.28599595388873 -2.7385697747309807 
-18.06109380041341 -3.684491650135704 
-14.976608560827202 -10.308619671581257 
-19.999549123014646 0.0014337846208686642 
-16.411118421681344 -6.248867483382083 
-15.978878062355191 -7.683210672299619 
-16.542497794764955 -5.625386154684228 
-19.999549528912997 0.0014344828251620857 
-18.353599642531492 -2.405409399966127 
-17.95057678810622 -3.8735515043496376 
-18.394100447914276 -2.2065789089579098 
-14.511066318977763 -11.592921558830156 
-16.488211274190526 -5.886651815531197 
-16.01170257289109 -7.631964324269232 
-18.010160817348286 -3.8071431592393745 
-14.470044316611961 -11.619947251461381 
-18.612204484352414 -1.2311058928043805 
-19.999549123014646 0.0014337846208686642 
-16.44910245382918 -6.0730792282701 
-16.16344698818399 -7.244473134982293 
-17.977926264495224 -3.854703725522603 
-18.544597884006357 -1.5104455319535555 
-18.11592544627063 -3.5005561204787865 
-18.501150063422187 -1.702079575662094 
-16.605936156197778 -5.314304844772521 
-15.228369328889743 -9.252687835849242 
-14.555635129504196 -11.541418785372649 
-17.96357982813315 -3.867224168795624 
-16.115559831354872 -7.390464088591857 
-16.04020288182574 -7.576511697193048 
-17.968084220401767 -3.863902061891615 
-16.640762723159767 -5.137956548900938 
-18.24230152281028 -2.950412267437359 
-16.137453028905103 -7.326068488681569 
-15.103360517675059 -9.783836758685688 
-16.342310766002946 -6.556706737809119 
-18.45759911557596 -1.902371735738917 
-15.147590379497213 -9.595980736401092 
-16.219724278963476 -7.048455112102699 
-14.877878333766073 -10.687290334608065 
-14.60384147553379 -11.466245548357724 
-15.936298009032978 -7.728831023031356 
-14.739787206013144 -11.14257224633658 
-19.999549528912997 0.0014344828251620857 
-16.369075846420927 -6.438768014444244 
-16.300553250269978 -6.733535152535108 
-16.082947671832354 -7.478195612442777 
-15.190004267255638 -9.415121795722245 
-14.946037257727248 -10.429508286361632 
-16.19385369121325 -7.141734172220019 
-14.668808061511122 -11.328812622292357 
-15.011841696377541 -10.164349471833216 
-14.916470508098444 -10.543080794704913 
-15.045426961573238 -10.027059899155947 
