-1.072794322674706 -0.788915976284311 -1.074575121662201 
9.656223610061356E-5 -4.142112515421971E-6 -1.1235856881324453 
9.633339366925505E-5 -4.183518682449862E-6 1.2874598933239372E-4 
-1.0864663392417881 -0.7513576471164384 -1.083105643965356 
1.0150908817783643E-4 1.999733882912451E-5 -0.7327374522754995 
-1.1463870583286315 -1.1416518372907167 -1.146999566407474 
9.622892298771496E-5 9.585226467606225E-6 -1.007686204880676 
1.0184812811132659E-4 1.0020579627338662E-5 -1.1478125754701551 
-0.7378414561159177 -4.001335497111249E-6 -1.0806537584192204 
-1.0989383118357121 -1.0129129047027166 -1.0927419869672717 
-0.8704652775863784 -3.947266262004341E-6 1.2874598933239372E-4 
9.66236349863127E-5 -3.1787058981607437E-6 1.2874598933239372E-4 
-0.9663707127202155 9.874145396647532E-6 -0.9750331183700769 
-1.0789764211611015 -0.9086066473696611 -1.0693108360499852 
-1.1339234188529157 -1.1171609208392639 -1.1321015765069673 
-0.931419951260494 -4.625732226061187E-6 -0.9299980597327594 
1.0150908817783643E-4 1.999733882912451E-5 -0.7327374522754995 
1.0247515946883695E-4 -3.886614853956249E-6 -1.0268222756978023 
-1.072794322674706 -0.8298632861906333 -1.074575121662201 
-1.112736861454512 -1.0629935315175822 -1.1118187399715118 
-1.132812460982693 1.0518570587937997E-5 -1.1293664945105675 
-1.072910137665514 -0.7668388211519267 -1.0674018977204223 
1.0150902250273938E-4 -4.718965694234932E-6 -1.0688535581206269 
-0.93975438940451 2.170639880817512E-5 -0.9496495978544974 
-1.1347316871460347 1.0103323229146754E-5 -1.1324341397667848 
-1.106579765181207 -1.0577635924310491 -1.1093754350140506 
-1.039539890284236 -3.036595106183722E-7 -1.035186727173134 
-1.1223064573446824 -1.0851253680135455 -1.1201003053213605 
9.652823384627731E-5 -3.897731360746425E-6 -0.9274627780745052 
9.623651742252127E-5 9.585226467606225E-6 -1.0999561711686479 
-1.1054521258006567 -1.0373886934800582 -1.101635297246807 
-1.1059418848226592 3.0466300273817674E-5 -1.1003998770557468 
9.655050164089976E-5 -3.995153434721054E-6 1.2874598933239372E-4 
9.658667326967683E-5 -3.9950114921076795E-6 -1.0874769744413069 
-1.0715032431125153 -0.812262135856272 -1.0699319236549953 
-1.0961059946230538 -1.0260870108607165 -1.0983591817963565 
1.0184842633227003E-4 9.96569989286389E-6 -0.9851223723236829 
-1.0326632482482667 9.565627480399882E-6 -1.039530591342781 
-0.9399356988418113 -4.975536230898467E-6 1.2874598933239372E-4 
1.0150902250273938E-4 -5.000958076525431E-6 -1.0775531176842177 
-1.0802026023376883 -0.9605828531416216 -1.082031528822579 
9.655050164089976E-5 -3.995153434721054E-6 1.2874598933239372E-4 
-0.9947866233522281 -5.081522769022697E-6 -0.9829525377821193 
-1.1214470772937126 1.585195949566237E-5 -1.1231985213052003 
-0.9444483850896342 -1.834179759631149E-7 -0.9535515578691304 
9.633339366925505E-5 -4.183518682449862E-6 1.2874598933239372E-4 
9.658667326967683E-5 -3.9950114921076795E-6 -0.8993470413288966 
9.662501842588498E-5 1.4536750631624442E-5 -1.1465801778507463 
9.623651742252127E-5 9.585226467606225E-6 -0.8751645949272031 
-1.1417156443742271 -1.1283380720637501 -1.1386358886977206 
-0.9554741741761752 -5.081522769022697E-6 -0.9754118636809997 
-1.1123438819074152 1.0733699895813667E-5 -1.1117802124656049 
1.0264634742180827E-4 -5.000958076525431E-6 -1.1092429809952515 
-1.1463870583286315 -1.1416518372907167 -1.1474229460689966 
1.0264634742180827E-4 -5.000958076525431E-6 -0.7469045224600648 
9.655050164089976E-5 -3.995153434721054E-6 1.2874598933239372E-4 
-0.9792744491990999 -5.081522769022697E-6 -0.97533992388321 
-1.064070457917568 -3.036595106183722E-7 -1.0657290744606853 
1.0184842604950441E-4 1.0080801265947091E-5 -1.1294046258570911 
1.0247515946883695E-4 -3.886614853956249E-6 -0.7863091674904037 
-1.043625105437563 1.0737833347740521E-5 1.2874598933239372E-4 
1.0264634742180827E-4 -5.000958076525431E-6 -0.8117973007539596 
-0.931419951260494 -4.625732226061187E-6 -0.9283009585632808 
-1.0715032431125153 -0.8431806359976809 -1.0699319236549953 
-1.1399912982699731 -1.1104351765111193 -1.1325581906859972 
1.0152420386828956E-4 1.008024070027214E-5 -1.138404225823641 
-1.079853930167654 1.3453609869433554E-5 -1.0796162637129978 
-1.1059418848226592 3.0466300273817674E-5 -1.1003998770557468 
1.0184812811132659E-4 1.0020579627338662E-5 -1.135576580349895 
-0.8639790122910784 -5.081522769022697E-6 -0.9754118636809997 
-0.9663707127202155 1.005296505948637E-5 1.2874598933239372E-4 
-1.0747970164257268 5.90213573302848E-7 -1.0710979483815812 
-1.07158643982574 -0.9086066473696611 -1.0693108360499852 
-1.010655553286945 -4.130069682056081E-6 -1.0090923326055368 
1.0159440203593231E-4 1.999878094007016E-5 -0.8374763359584656 
-1.070627369233198 -0.8876579829888561 -1.0672642139006623 
-1.0532154861065386 9.565627480399882E-6 -1.0418332300130424 
-1.093711039877527 -0.9983162989967455 -1.0895388514117057 
-1.1249749576097337 -1.0984387568211695 -1.1247944888066972 
-1.132812460982693 1.0509713468308586E-5 -1.1385178917226844 
-1.106579765181207 -1.0491823776616436 -1.1093754350140506 
9.633339366925505E-5 -4.183518682449862E-6 1.2874598933239372E-4 
-0.9967925833477008 1.0080801265947091E-5 -1.0065956001292085 
-1.021012219766366 4.905683999649029E-6 -1.0243205732995222 
-1.090355087372808 9.819125446122642E-6 -1.0893720976325105 
-1.0667512121165 -0.8638933423831867 -1.0739144683562867 
-1.0833198494123237 -0.9735257870497565 -1.0831860759804355 
-1.0532154861065386 2.182717841803579E-5 -1.0577906108671409 
-1.1186931726249962 -1.0766499408074957 -1.111516907115421 
-1.072794322674706 -0.9512569765821384 -1.074575121662201 
-1.0864663392417881 -0.9865931908983204 -1.083105643965356 
-1.072794322674706 -0.9343221928347248 -1.074575121662201 
