-18.478176481240574 -1.806817310467447 
-16.194935516981523 -7.137896834597356 
-18.00189269839008 -3.821682794440671 
-15.987349697025618 -7.666482597136158 
-15.251339326145043 -9.154197240551404 
-16.22353889827084 -7.035209016727855 
-16.569379893978546 -5.488681528236173 
-17.987511303652013 -3.843697496181558 
-16.134530622599925 -7.33449179413138 
-15.919835416099577 -7.737480411014081 
-18.1272213444848 -3.4577745900605845 
-18.30699832990934 -2.6355922365822084 
-17.96953126979619 -3.8626546612495374 
-18.00189269839008 -3.821682794440671 
-17.959048658677464 -3.8700074743593254 
-16.43271897739232 -6.149678893398409 
-18.075388858607838 -3.641757967596967 
-18.45236603767391 -1.927064357832554 
-16.29674932795436 -6.748398085765364 
-18.405047049347395 -2.1534280508313834 
-18.174827401393728 -3.2614629825010426 
-14.475312538322651 -11.617149150315345 
-15.27809412008994 -9.043368863743694 
-18.366886608296042 -2.3398374600577405 
-15.974906849398106 -7.688268086016088 
-19.9995575973647 0.0015643271638735331 
-14.692594103042905 -11.271245356188125 
-16.356541842923257 -6.493653768978118 
-15.20412158989615 -9.354180848289799 
-15.139837347499657 -9.629374110727257 
-15.060225246325253 -9.965468456442931 
-18.34736170970374 -2.4361244364883516 
-14.909644091162999 -10.568580877672067 
-18.221155883956154 -3.051508799590203 
-14.477170077670348 -11.61629575712466 
-18.25995232839773 -2.865897331721845 
-16.616348846490446 -5.261495899696505 
-17.980935687210494 -3.8513461384516523 
-15.346571263593518 -8.762037247446932 
-16.63883739933165 -5.1505263511044586 
-14.872952943596182 -10.70511241753961 
-14.740441378742966 -11.139603498010603 
-16.545087511762738 -5.6113000526837915 
-18.540663799314952 -1.5274448404827015 
-18.665363999856634 -1.0289991702516044 
-14.825742900577872 -10.865893966850528 
-15.933614696761978 -7.730604776543974 
-16.505712534937093 -5.803243677184993 
-17.951669754745193 -3.873576401534062 
-14.565758937764429 -11.528550199599426 
-15.179879067331264 -9.458796316273581 
-16.07914062613132 -7.487178842871428 
-16.054599382995235 -7.545550216026757 
-18.062216982296125 -3.681144047509543 
-14.962873613907053 -10.36336110645503 
-14.804400104772535 -10.941343665878868 
-17.945783660662 -3.874743835423947 
-16.03185252394075 -7.593275041806364 
-16.001823152666407 -7.648722827518581 
-16.17133093691222 -7.218131620858197 
-14.505325059446083 -11.597617628146967 
-15.000178902224745 -10.213333014928828 
-15.1089521216158 -9.759065148278466 
-18.19358117108076 -3.178265238835556 
-16.32781403636539 -6.618603520446935 
-18.013297927842757 -3.8010838284080553 
-16.476521627536343 -5.942854959840144 
-16.25811348023403 -6.903789567601589 
-18.10423813056368 -3.5437164286349376 
-16.401420214999867 -6.293072919489367 
-15.221539772552424 -9.28114010204168 
-16.1136254648346 -7.395591838312103 
-18.611893498840264 -1.2322737675914526 
-15.339461073741546 -8.79071178074904 
-18.04055338245199 -3.7402205633445016 
-14.909644091162999 -10.568580877672067 
-14.692737524290846 -11.270866838486224 
-14.62885265999892 -11.418007328796133 
-14.773680543700117 -11.040599046825909 
-14.537011528264106 -11.56617758064289 
-14.601623724154662 -11.46987341853247 
-14.668548809583141 -11.329722193544388 
-15.029632961079123 -10.092759456263336 
-15.959016344957575 -7.70742400499622 
