-5.567942213512306E-5 6.855324902312533E-5 -0.8253443498485807 
-1.0568877972785617 4.6330128639584674E-5 -1.0534498176800797 
-5.5677706653317393E-5 6.691905684697316E-5 -1.1144261700124618 
-1.111282372403137 6.748625077955498E-5 -1.1280768059109252 
-1.0731537621507077 -0.8256094074207727 -1.0765194335554447 
-1.0464354134271936 6.875299073492283E-5 -1.0462552588146892 
-0.9326557041584039 0.0013554712064264196 -0.9491145499301326 
-5.567783108955948E-5 3.1477359564290408E-6 -1.1234594740767267 
-1.0753634524938858 6.937420815521102E-5 -1.0723423904498643 
-1.1350666786000392 1.3758539075156887E-4 -1.1466042743698306 
-5.546061758821402E-5 7.006048661149893E-5 -1.0367200837505004 
-5.5678078217661485E-5 6.697974372257159E-5 -0.9273289546809419 
-5.5680506019627454E-5 6.313997737717307E-5 -1.1346914364231822 
-5.5677706653317393E-5 6.691905684697316E-5 -1.1144261700124618 
-5.442604165794817E-5 4.977359910721567E-5 -1.1412854116149527 
-0.9826549216107584 5.853709851147033E-6 -0.9819237712348436 
-5.567715392043264E-5 8.831528364547465E-7 -1.068751391370532 
-5.5678078217661485E-5 6.691905684697316E-5 -0.840590438742773 
-1.028576126847282 4.78262173073807E-5 -1.0190944996055522 
-5.5667217201091464E-5 5.830749626361381E-5 -0.8686677302595589 
-5.5677831085760686E-5 7.0618178612760914E-6 -1.0075587933804249 
-1.1431687621909388 -1.1406530248224345 -1.1474921605453943 
-1.0707199802969551 -0.8200923134768743 -1.065326868799419 
-5.5661532350800094E-5 6.690808652582511E-5 -0.8914122177685818 
-1.1241306846197319 6.012892693841898E-5 -1.1230004193472332 
-5.5678078217661485E-5 6.691742898421314E-5 1.162707003940769E-4 
-1.115293046480013 -1.0662341592081046 -1.112471740084518 
-1.0106383731270452 7.205214771654942E-5 -1.0004102875701806 
-1.0731537621507077 -0.8508212483042983 -1.0765194335554447 
-1.0727038639230988 -0.8881732433172547 -1.0709851559167807 
-1.075363148137474 -0.9270455228288146 -1.071611142198208 
-5.5661532350800094E-5 6.585871567402619E-5 -0.903094532546867 
-1.090492855142249 -0.9880757573701229 -1.0825664129884152 
-5.5677831085760686E-5 7.0618178612760914E-6 -0.9793031098228322 
-1.1431687621909388 -1.1406530248224345 -1.145681743515127 
-5.546061758821402E-5 7.006048661149893E-5 -0.9557232050266972 
-0.9065604573847779 7.2324990204042E-5 -0.9469731217928775 
-5.576040714917955E-5 5.984045903153488E-5 -1.12754468660537 
-1.0747830436882386 -0.7796247009397799 -1.0659553007739082 
-0.8931006476531566 7.223954401706219E-5 -0.9469715338905944 
-1.0934586955305112 -1.001396715869961 -1.0886370128141365 
-1.1016290191319391 -1.0523989645708678 -1.107601688479132 
-0.9611581897474606 6.740803879734715E-5 -0.935305651874265 
-5.567783108955948E-5 6.314939462540835E-5 -0.7886332242034804 
-5.44358660408241E-5 7.064875035993207E-5 -0.7161528869603535 
-1.0951138176352617 -1.0261624269176173 -1.084335581744171 
-1.1380798036212907 1.3758539075156887E-4 -1.1349333156220454 
-0.9638810579933776 5.751273331013958E-5 -0.9563791357747212 
-5.567715392043264E-5 8.831528364547465E-7 -1.1459457443125385 
-1.1333876857074625 -1.1078998815507415 -1.134399323249652 
-1.071270814669486 -0.8690648057305828 -1.0696036668795315 
-1.0934586955305112 5.610734446576529E-5 -1.0886370128141365 
-1.098065599582073 6.712580895648485E-5 -1.0993034640464947 
-5.579532559852804E-5 6.698288752832118E-5 -1.0768744420444667 
-1.0830870220452855 -0.9655161355045918 -1.0826485097178333 
-1.0951138176352617 -1.0255862101511355 -1.1051580392196863 
2.1716587823350508E-5 6.691905684697316E-5 -1.1496297669736706 
-1.106894474976538 1.5083414857183577E-4 -1.1046532311058377 
-1.1166160188242444 3.7797141253862046E-6 -1.1136805196610078 
-1.0613893214221577 6.775983608392842E-5 -1.063533847491365 
-1.1402292799556801 -1.128970642923215 -1.1444360791946013 
-1.0826825772856432 -0.9476550974120368 -1.0813899920390728 
-1.0731681927424552 -0.9073391489029455 -1.0650219481175682 
-5.567810142069778E-5 5.311702125587736E-6 -0.9961018853580492 
-1.0153589221632766 6.879949638581706E-5 -1.013263666263924 
-5.5678078217661485E-5 6.691905684697316E-5 -1.1073048161856422 
-0.9638810579933776 5.751273331013958E-5 -0.9740825184874211 
-1.0375831189717353 7.195358854923423E-5 -1.0338195671579111 
-5.4444245602198974E-5 7.100567453787295E-5 -1.0508793039665736 
-0.9870159951126806 5.020674230920593E-5 -0.9966320657624588 
-1.0731537621507077 -0.848268022439493 -1.0659553007739082 
-1.080571588001367 7.064875035993207E-5 -1.0800989916628077 
-5.483878023597201E-5 7.063769525261483E-5 -0.7471005596146514 
-1.0747830436882386 -0.7835537914462773 -1.0659553007739082 
-5.569815316598962E-5 6.313997737717307E-5 -1.0903312036947346 
-1.090492855142249 -0.9880757573701229 -1.0825664129884152 
-1.115293046480013 -1.0662341592081046 -1.1123365554557527 
-1.123930748283906 -1.086748563519601 -1.1246957168615828 
-1.102102432436353 -1.0362229616943155 -1.1067195915488068 
-1.1351704096864579 -1.1210870984751091 -1.134399323249652 
-1.1239118775040982 -1.1001248328151516 -1.1246850368345607 
-1.1187603930273 -1.0763181386367053 -1.1123365554557527 
-1.075363148137474 -0.9377141951178282 -1.080024677362044 
-1.1290063927914702 6.748625077955498E-5 -1.1280768059109252 
