0.39744653697729876 8.614614244205892 
0.4216938376572513 7.602736192061428 
0.39128212014903574 8.892959456166018 
0.39744653697729876 8.614614244205892 
0.530308066947616 4.2011716223231215 
0.6667589374297272 1.4997924202892052 
0.48360851221467777 5.4750452598257535 
0.5500324817381548 3.7290953545406262 
0.6356600362485589 2.016957956473628 
0.5834577292574415 2.998232712470551 
0.5102443465167276 4.721933276874074 
0.455845878552861 6.3572845728751775 
0.5590315239060141 3.5232185402693443 
0.5102443465167276 4.721933276874074 
0.6054939725796539 2.5612134416812085 
0.39574135950567685 8.688767843689147 
0.7073411674298921 1.4137449459548517 
0.6409789865336362 1.921829845031458 
0.4749169396573 5.739505255037231 
0.6215264635607798 2.2632826348291335 
0.43372247702298633 7.139439564646473 
0.4695392054873319 5.910448341851646 
0.4035662968981837 8.349136575978019 
0.6585220605584581 1.6299127905187576 
0.4216938376572513 7.602736192061428 
0.5314322548261614 4.173271003619394 
0.6485656661037589 1.794468652849603 
0.666418518878912 1.5039112204309035 
0.524129660015785 4.356423629169973 
0.3891669896356359 8.988135888646832 
0.6304336495091057 2.105003880019917 
0.4749169396573 5.739505255037231 
0.4495380787729117 6.571583329276034 
0.45805142370040897 6.283222062418681 
0.3891669896356359 8.988135888646832 
0.524129660015785 4.356423629169973 
0.48360851221467777 5.4750452598257535 
0.5679252559978996 3.327406520148401 
0.5314322548261614 4.173271003619394 
0.4353322302442271 7.080737456501332 
0.666418518878912 1.5039112204309035 
0.5731827682874384 3.21679110538105 
0.6585220605584581 1.6299127905187576 
0.4094255267194279 8.098201291262587 
0.6115673312738055 2.450232554994147 
0.5014328490946105 4.961958226304881 
0.6115673312738055 2.450232554994147 
0.39128212014903574 8.892959456166018 
0.4035662968981837 8.349136575978019 
0.4953229864117335 5.133255740934707 
0.423805860020313 7.522642178086431 
0.5834577292574415 2.998232712470551 
0.5679252559978996 3.327406520148401 
0.4353322302442271 7.080737456501332 
0.43372247702298633 7.139439564646473 
0.46051784437577536 6.200916310388377 
0.4132327972585435 7.941273144877116 
0.5014328490946105 4.961958226304881 
0.4913992618898321 5.246503176263624 
0.4669575544688207 5.997921148537751 
0.5500324817381548 3.7290953545406262 
0.46051784437577536 6.200916310388377 
0.47928441819653084 5.613698919362638 
0.6222045594055886 2.2513542166286613 
0.5176334249195743 4.523361429653554 
0.5924171754005827 2.8168531289367165 
0.5731827682874384 3.21679110538105 
0.4216938376572513 7.602736192061428 
0.579197607306828 3.088526196087289 
0.4148427419608498 7.874867947451271 
0.5112305112410799 4.693210425192792 
0.6235634841995371 2.2260843922072104 
0.6456022163313666 1.8433487274203317 
0.6409789865336362 1.921829845031458 
0.5427993440053773 3.897460199858117 
0.6304336495091057 2.105003880019917 
0.5427993440053773 3.897460199858117 
0.4440196968646978 6.765179432971921 
0.5924171754005827 2.8168531289367165 
0.5500324817381548 3.7290953545406262 
0.5912871616943006 2.8411578290002204 
0.4233725609490223 7.5343852862616645 
0.5112305112410799 4.693210425192792 
0.6011297390085233 2.645314326927964 
0.4495380787729117 6.571583329276034 
0.5567271107918346 3.57385595768246 
0.5590315239060141 3.5232185402693443 
0.48360851221467777 5.4750452598257535 
0.6011297390085233 2.645314326927964 
0.4440196968646978 6.765179432971921 
0.4913992618898321 5.246503176263624 
0.39744653697729876 8.614614244205892 
0.539668669388226 3.9784707008696185 
0.6054939725796539 2.5612134416812085 
0.4695392054873319 5.910448341851646 
0.4953229864117335 5.133255740934707 
0.5176334249195743 4.523361429653554 
