0.39744653697729876 2.423848598754942 
0.4216938376572513 2.2060270015260612 
0.39128212014903574 2.4796560304080555 
0.39744653697729876 2.423848598754942 
0.530308066947616 1.2279152019493544 
0.6667589374297272 5.171893525775582E-10 
0.48360851221467777 1.6477784924123564 
0.5500324817381548 1.0511235724962047 
0.6356600362485589 0.2820995677238458 
0.5834577292574415 0.7493420502034472 
0.5102443465167276 1.4093397591542018 
0.455845878552861 1.8979419713328347 
0.5590315239060141 0.969590229620694 
0.5102443465167276 1.4093397591542018 
0.6054939725796539 0.5507993014279625 
0.39574135950567685 2.4385047988907513 
0.7073411674298921 5.198144749192844E-10 
0.6409789865336362 0.23185254635835903 
0.4749169396573 1.7257882708692722 
0.6215264635607798 0.4066900520638753 
0.43372247702298633 2.0965354125343794 
0.4695392054873319 1.7751872185069402 
0.4035662968981837 2.3694301302646297 
0.6585220605584581 0.07333352934299853 
0.4216938376572513 2.2060270015260612 
0.5314322548261614 1.2178108194540922 
0.6485656661037589 0.16383075713771755 
0.666418518878912 0.002234288044939639 
0.524129660015785 1.2833308356415905 
0.3891669896356359 2.4978857862207087 
0.6304336495091057 0.327065278311784 
0.4749169396573 1.7257882708692722 
0.4495380787729117 1.954176944338843 
0.45805142370040897 1.878038811116697 
0.3891669896356359 2.4978857862207087 
0.524129660015785 1.2833308356415905 
0.48360851221467777 1.6477784924123564 
0.5679252559978996 0.8897181997643607 
0.5314322548261614 1.2178108194540922 
0.4353322302442271 2.082473228712561 
0.666418518878912 0.002234288044939639 
0.5731827682874384 0.8438092307847191 
0.6585220605584581 0.07333352934299853 
0.4094255267194279 2.3156103291551355 
0.6115673312738055 0.49848218465796823 
0.5014328490946105 1.4880888505044965 
0.6115673312738055 0.49848218465796823 
0.39128212014903574 2.4796560304080555 
0.4035662968981837 2.3694301302646297 
0.4953229864117335 1.5426195636149544 
0.423805860020313 2.1881398379090005 
0.5834577292574415 0.7493420502034472 
0.5679252559978996 0.8897181997643607 
0.4353322302442271 2.082473228712561 
0.43372247702298633 2.0965354125343794 
0.46051784437577536 1.8556326124146414 
0.4132327972585435 2.2815945154517214 
0.5014328490946105 1.4880888505044965 
0.4913992618898321 1.5781277883186045 
0.4669575544688207 1.8007745914180084 
0.5500324817381548 1.0511235724962047 
0.46051784437577536 1.8556326124146414 
0.47928441819653084 1.690558420497216 
0.6222045594055886 0.4008028584233503 
0.5176334249195743 1.3414430689806713 
0.5924171754005827 0.6687521741629829 
0.5731827682874384 0.8438092307847191 
0.4216938376572513 2.2060270015260612 
0.579197607306828 0.7888669828782169 
0.4148427419608498 2.266831811900295 
0.5112305112410799 1.3993123650332768 
0.6235634841995371 0.38810493972693705 
0.6456022163313666 0.1900700238941704 
0.6409789865336362 0.23185254635835903 
0.5427993440053773 1.1155388397700527 
0.6304336495091057 0.327065278311784 
0.5427993440053773 1.1155388397700527 
0.4440196968646978 2.0038729210634805 
0.5924171754005827 0.6687521741629829 
0.5500324817381548 1.0511235724962047 
0.5912871616943006 0.6799401486350813 
0.4233725609490223 2.1898519938212333 
0.5112305112410799 1.3993123650332768 
0.6011297390085233 0.5901771109417148 
0.4495380787729117 1.954176944338843 
0.5567271107918346 0.9896625017067409 
0.5590315239060141 0.969590229620694 
0.48360851221467777 1.6477784924123564 
0.6011297390085233 0.5901771109417148 
0.4440196968646978 2.0038729210634805 
0.4913992618898321 1.5781277883186045 
0.39744653697729876 2.423848598754942 
0.539668669388226 1.1470559893383496 
0.6054939725796539 0.5507993014279625 
0.4695392054873319 1.7751872185069402 
0.4953229864117335 1.5426195636149544 
0.5176334249195743 1.3414430689806713 
