0.8407347025098894 -0.7210324448944102 
0.4269353664320208 0.029056144176568436 
0.6185408539727315 -0.1246277903239264 
0.19543397098669824 0.5887887518119852 
0.22405758627208144 0.3782165110778333 
0.02522609559398392 0.8274975730354671 
0.4325054499899915 -0.024104207980788092 
0.6427843932812177 -0.42186637398905985 
0.8452764816764408 -0.753749734695685 
0.4393123793572133 -0.07444614186557784 
0.4152858742142289 0.16630668814900573 
0.6233215338756717 -0.2046575419398738 
0.8233995179407297 -0.45804899848230246 
0.8283383493546592 -0.5520653728633081 
0.4108969377752201 0.2233844728090474 
0.6336155199947723 -0.3451309543393197 
0.0047760832139778775 0.9333223691442486 
0.8426522232406257 -0.736578231498602 
0.6448100679434878 -0.4375593337598241 
0.20791556344080792 0.4953086698910682 
0.8309161240246503 -0.5841009033046309 
0.6206162697116699 -0.15999992861472248 
0.8247013793328534 -0.4838079974638274 
0.0017359408150127847 0.9618475604701101 
0.2442463070264519 0.2721994974422499 
0.08345152549896184 0.6713230452519051 
0.6376633995787397 -0.38652938535423237 
0.009417522240218579 0.9041921668745949 
0.6399354112833074 -0.4066739889193074 
0.42519110252561476 0.04715878401230443 
0.42834569243686116 0.014835434022594325 
0.24856694554164993 0.25635910071688434 
0.4126152735991326 0.2010652808592717 
0.8272953959025049 -0.5333634858538495 
0.4439515537135842 -0.09875555566264427 
0.6317579574229082 -0.32387312751988534 
0.6302238279167465 -0.30453741968774467 
0.23006833076191247 0.336928414496759 
0.197757643477109 0.5722105756004456 
4.59744482494695E-4 0.9814143011020816 
0.8354136944636366 -0.6606940417349798 
0.22164944958792138 0.40828556420375034 
0.40957232351344935 0.24126540306439606 
0.4305227462036766 -0.006260112752897976 
0.8517636901296506 -0.7715191591517624 
0.44851342631135893 -0.11008636078567016 
0.8314589746501824 -0.603866180323272 
0.6228220685069256 -0.19374584854929638 
0.20132913662812543 0.5548022209819239 
0.4177226306623229 0.1352484015032514 
0.21708131930850935 0.4252369807010473 
0.003180602885765549 0.9465772612415729 
0.4190574595049451 0.11810859414542295 
0.6286680157673661 -0.2835895040143704 
0.056213069439681726 0.7108957297045281 
0.6352932466786305 -0.3639759931731794 
0.22185291285144948 0.3956982273506131 
0.21238120556662243 0.4608640998522359 
0.21052714610073148 0.4774883947085929 
0.23433633021221456 0.31390347727462975 
0.6249153143233235 -0.22948307635157433 
0.030824450467012515 0.8039771405743547 
8.051148144699871E-7 1.002437504997309 
0.6261282137945366 -0.24718891388429898 
0.012819522938592537 0.8843135192294578 
0.1930724179824989 0.6067609210994278 
0.0067184890178949574 0.920517720363125 
0.8259873718033832 -0.5087424510434544 
0.6529438485602663 -0.45638088923660997 
0.23897842634565652 0.2958139933872099 
0.6196828854233606 -0.14415808657504883 
0.18936405302237977 0.6299453978029245 
0.069586729525978 0.6820938255870745 
0.21540307963864325 0.4383861255503896 
0.8323032633203409 -0.6178295775102464 
0.0512846071346216 0.7250933590302306 
0.0206488349580925 0.8472432531348222 
0.8340222250929834 -0.6425613261214737 
0.18286343740283564 0.6691220087868477 
0.4353774298193651 -0.04771630206845874 
0.22705125650107977 0.3581392593304168 
0.8369533173354744 -0.6810428396921546 
0.04534927593224236 0.7464845444041037 
0.04064300665425563 0.763297740179259 
0.42180972177201537 0.0853222907011749 
0.03622604754420597 0.7808086918125661 
0.6221855619127599 -0.18248265161988328 
0.20549970136495796 0.5136095506262208 
0.01644522217601091 0.8664542460168968 
0.42358616231047097 0.06636789511614051 
0.20263911860378608 0.5365557896880974 
0.2576975154351985 0.2443124904315431 
0.6273171664315855 -0.26451449843728886 
0.42041624078282985 0.1019547031070455 
0.8387309888607745 -0.7000357809598445 
0.45309100998945906 -0.12200048086946491 
0.41440980230279756 0.17908577382424326 
0.1863055836666055 0.6489670048509506 
0.4164668258138965 0.1534341486837414 
0.06131873215136388 0.6978593955068675 
