0.5120972773898029 4.670022849482621 
0.4330431275996681 7.165467866726266 
0.4935982228856288 5.194903717898807 
0.45367391491112097 6.430342650329465 
0.39810929119198196 8.584410775080665 
0.3894584009913507 8.975469651339926 
0.4206756663401281 7.6591257679082565 
0.5938062392066511 2.7889456036929268 
0.4215592337756532 7.6152775226906515 
0.44467692742077736 6.741797996663009 
0.4404077556071535 6.898297084152314 
0.5388389626867551 3.9922227944540865 
0.6451131914400482 1.851199629751817 
0.45367391491112097 6.430342650329465 
0.39810929119198196 8.584410775080665 
0.6277585301902132 2.153193891228761 
0.4638527666094822 6.091359549415031 
0.3894584009913507 8.975469651339926 
0.5192570409292719 4.481806049366754 
0.5611090671366461 3.4765824682425253 
0.49299184901200377 5.199972643616001 
0.4687333272453958 5.936921897013082 
0.6188942868269172 2.3105489611856203 
0.4295663287040911 7.296131117935655 
0.44467692742077736 6.741797996663009 
0.5938062392066511 2.7889456036929268 
0.5510836147904375 3.7028251241661887 
0.5510836147904375 3.7028251241661887 
0.40494226655606624 8.29119616836872 
0.49299184901200377 5.199972643616001 
0.41178931624722886 8.003929738917202 
0.4330431275996681 7.165467866726266 
0.5766691017030025 3.138912468703383 
0.4820494587441919 5.522111717510849 
0.41178931624722886 8.003929738917202 
0.42455393062214514 7.501532960881211 
0.485852840798911 5.408621029773297 
0.6535564843936525 1.710731908728924 
0.6535564843936525 1.710731908728924 
0.6120369386149235 2.4411242176689663 
0.6597670387367504 1.614441650281616 
0.4176388606338464 7.7698184876779415 
0.4745821850077153 5.751413658661432 
0.5071265830976014 4.819258016695825 
0.5718877038501896 3.2451903423752904 
0.5416665253753925 3.923083954228546 
0.5938062392066511 2.7889456036929268 
0.44696099294780944 6.669713220143887 
0.4820494587441919 5.522111717510849 
0.4148942071453803 7.871899104836945 
0.5277834789614502 4.2662699717540224 
0.45697590808299715 6.319221829596883 
0.5845129656947243 2.9766139938698397 
0.5388389626867551 3.9922227944540865 
0.512573297706328 4.658883036528507 
0.6277585301902132 2.153193891228761 
0.6188942868269172 2.3105489611856203 
0.46917280540534007 5.922057331051801 
0.6013737703927057 2.6402547966883927 
0.6668068063872687 1.4997708467818935 
0.6666013311226155 1.5010642405407115 
0.4772138808773105 5.669694772696049 
0.5767329912070127 3.138564745296166 
0.5019489976199187 4.949718441376296 
0.6319892204213522 2.076451703584375 
0.5457212385955491 3.829660095090287 
0.5845129656947243 2.9766139938698397 
0.5611090671366461 3.4765824682425253 
0.6014361881802234 2.6399807877974566 
0.4330431275996681 7.165467866726266 
0.5718877038501896 3.2451903423752904 
0.45367391491112097 6.430342650329465 
0.6451131914400482 1.851199629751817 
0.5317276929499314 4.165240363603105 
0.6666013311226155 1.5010642405407115 
0.5611090671366461 3.4765824682425253 
0.6120369386149235 2.4411242176689663 
0.5659881358531611 3.3700504605509845 
0.4166855479772992 7.800669327026151 
0.5019489976199187 4.949718441376296 
0.39810929119198196 8.584410775080665 
0.6058296267081379 2.5553160145022713 
0.3894584009913507 8.975469651339926 
0.3894584009913507 8.975469651339926 
0.5192570409292719 4.481806049366754 
0.4745821850077153 5.751413658661432 
0.4295663287040911 7.296131117935655 
0.4869106756217444 5.38047874692405 
0.5192570409292719 4.481806049366754 
0.4415023875583022 6.855274119438481 
0.6378327892033879 1.9770813442734587 
0.4645589179637513 6.068500578806356 
0.39062990990230406 8.927589443790376 
0.5347839738464395 4.090009304823672 
0.4023838446152177 8.396939674166003 
0.45697590808299715 6.319221829596883 
0.5510836147904375 3.7028251241661887 
0.5277834789614502 4.2662699717540224 
0.5039742550747465 4.889684721748395 
