0.5120972773898029 1.3915059865682193 
0.4330431275996681 2.1029566157220643 
0.4935982228856288 1.5641952432167971 
0.45367391491112097 1.9172787243949219 
0.39810929119198196 2.417533688968176 
0.3894584009913507 2.495572058557244 
0.4206756663401281 2.222007835997651 
0.5938062392066511 0.6560933002808199 
0.4215592337756532 2.2102905574544254 
0.44467692742077736 1.997922018447659 
0.4404077556071535 2.038063536342892 
0.5388389626867551 1.1511651893780588 
0.6451131914400482 0.19423330114183024 
0.45367391491112097 1.9172787243949219 
0.39810929119198196 2.417533688968176 
0.6277585301902132 0.35168583237231277 
0.4638527666094822 1.8254939794092515 
0.3894584009913507 2.495572058557244 
0.5192570409292719 1.3272093472130913 
0.5611090671366461 0.9507419455791819 
0.49299184901200377 1.5635441283880898 
0.4687333272453958 1.7828331543829892 
0.6188942868269172 0.42998555151164863 
0.4295663287040911 2.1341722580752953 
0.44467692742077736 1.997922018447659 
0.5938062392066511 0.6560933002808199 
0.5510836147904375 1.040566254362354 
0.5510836147904375 1.040566254362354 
0.40494226655606624 2.3574557688802007 
0.49299184901200377 1.5635441283880898 
0.41178931624722886 2.295932754479576 
0.4330431275996681 2.1029566157220643 
0.5766691017030025 0.8101138336515337 
0.4820494587441919 1.6619309645510647 
0.41178931624722886 2.295932754479576 
0.42455393062214514 2.184805304233697 
0.485852840798911 1.6277938921200874 
0.6535564843936525 0.11805993200891834 
0.6535564843936525 0.11805993200891834 
0.6120369386149235 0.49405819296086434 
0.6597670387367504 0.065155386819574 
0.4176388606338464 2.2449781405256113 
0.4745821850077153 1.7295184610107608 
0.5071265830976014 1.443973851072677 
0.5718877038501896 0.8558844534578154 
0.5416665253753925 1.125003254242932 
0.5938062392066511 0.6560933002808199 
0.44696099294780944 1.9811016435526434 
0.4820494587441919 1.6619309645510647 
0.4148942071453803 2.2660053378297533 
0.5277834789614502 1.2516668078811057 
0.45697590808299715 1.8877321339579345 
0.5845129656947243 0.739869473285278 
0.5388389626867551 1.1511651893780588 
0.512573297706328 1.3880190416614873 
0.6277585301902132 0.35168583237231277 
0.6188942868269172 0.42998555151164863 
0.46917280540534007 1.7784682517808341 
0.6013737703927057 0.5877799818819254 
0.6668068063872687 5.74086553642994E-5 
0.6666013311226155 6.114208449963366E-4 
0.4772138808773105 1.705657045868082 
0.5767329912070127 0.8101138336515337 
0.5019489976199187 1.484506210149658 
0.6319892204213522 0.31229509339087763 
0.5457212385955491 1.0899268504926196 
0.5845129656947243 0.739869473285278 
0.5611090671366461 0.9507419455791819 
0.6014361881802234 0.5877799818819254 
0.4330431275996681 2.1029566157220643 
0.5718877038501896 0.8558844534578154 
0.45367391491112097 1.9172787243949219 
0.6451131914400482 0.19423330114183024 
0.5317276929499314 1.2147736491206125 
0.6666013311226155 6.114208449963366E-4 
0.5611090671366461 0.9507419455791819 
0.6120369386149235 0.49405819296086434 
0.5659881358531611 0.9074085778983388 
0.4166855479772992 2.2504261731216015 
0.5019489976199187 1.484506210149658 
0.39810929119198196 2.417533688968176 
0.6058296267081379 0.5480861471872378 
0.3894584009913507 2.495572058557244 
0.3894584009913507 2.495572058557244 
0.5192570409292719 1.3272093472130913 
0.4745821850077153 1.7295184610107608 
0.4295663287040911 2.1341722580752953 
0.4869106756217444 1.6198125418332256 
0.5192570409292719 1.3272093472130913 
0.4415023875583022 2.026619891098727 
0.6378327892033879 0.26104730829992384 
0.4645589179637513 1.8191760625526794 
0.39062990990230406 2.4873834600725955 
0.5347839738464395 1.1872714291025173 
0.4023838446152177 2.37879286909297 
0.45697590808299715 1.8877321339579345 
0.5510836147904375 1.040566254362354 
0.5277834789614502 1.2516668078811057 
0.5039742550747465 1.4642752151935166 
