0.7987443475871066 1.2567984725959147 
0.7697487319303999 1.2991255711312997 
0.5402014491693828 3.973747846181538 
0.7329200704309966 1.3646000997097538 
0.45374805230501924 6.428378566440238 
0.43489840383599293 7.160802807727688 
0.5967621423114192 2.7683384012068233 
0.429145731083213 7.33274199421694 
0.4822563944383458 5.600352806081331 
0.5254631509761376 4.407541015794693 
0.4692326384850429 5.920563349241284 
0.531832018770212 4.19943419004453 
0.5155845810526456 4.600534205116974 
0.4194009270991908 7.697413018218317 
0.4424290538813121 6.959041578968161 
0.6464800982694601 1.8646619022973339 
0.39722034037836723 8.639346913707724 
0.5489492824537973 3.8062481851352232 
0.5313094668505155 4.243458240878704 
0.9266507641243247 1.0795356662617295 
0.5107819273263702 4.739602683031009 
0.8260424924411499 1.2105916513777488 
0.4804458382922041 5.661542055714485 
0.3998096145287358 8.522509549133988 
0.6667915041445771 1.507359514844968 
0.9605998994061199 1.041016140671888 
0.45598373669089176 6.351845808558707 
0.5804917275312199 3.0755577103493303 
0.712454776595847 1.4035982266477847 
0.4690341025436499 5.961957946583364 
0.4434047459615887 6.789743151645493 
0.42449949515608376 7.547814075789011 
0.4457814220320253 6.703849528274772 
0.5171042433873345 4.544891405431048 
0.6928041525814481 1.444800509909953 
0.6039097907347817 2.6023271463892845 
0.8864363678649845 1.1281160996057826 
0.42673954087220506 7.409438451211226 
0.43087029374398383 7.262443711440438 
0.4321569605587762 7.206228281591019 
0.8635667693848759 1.1579880513606913 
0.4826280280815217 5.553592707414786 
0.5427580730423941 3.8984800155834263 
0.5268803595185121 4.286087110755393 
0.5982275449061548 2.7243523019795908 
0.5508088851740253 3.7112406055540332 
0.47381279026578504 5.792693355954014 
0.4489800713720561 6.639868311090973 
0.5075888678251093 4.824501322685754 
0.48652223283705337 5.388342171979705 
0.4166001690809109 7.826289031244208 
0.434899787527365 7.106324126776689 
0.5710156806738607 3.288322238100032 
0.6273077877095994 2.2349627401161185 
0.4022306771665153 8.441995983988267 
0.4611915737641373 6.206141640386451 
0.4766571967098452 5.706542013337302 
0.999999989554641 1.0000000104644637 
0.6364195767219726 2.0004559014333214 
0.4895581727376086 5.326720603901313 
0.48357880045151935 5.490497797095197 
0.6302485473654645 2.121515867577713 
0.5031636714169044 4.9308242565420635 
0.6402470129607073 1.9380530554201993 
0.6556504362174053 1.6853392930579774 
0.3902217710706166 8.93856526156681 
0.4116552338793772 8.047211200442367 
0.5124409161392536 4.663672687496719 
0.4576191244239191 6.300462711129563 
0.6175093119403239 2.3585652640559744 
0.45033429351185134 6.576404984545535 
0.4907159728782616 5.267777775213939 
0.4519664527268024 6.514707060087744 
0.533502691098087 4.1226318895804015 
0.5621056762271777 3.4536528314846358 
0.46660181451100563 6.029397304933948 
0.49662934308747025 5.159081679538116 
0.4371069378784575 7.0192542809793235 
0.47046983467567294 5.88080989896659 
0.5863745014184268 2.938228907621651 
0.4092456329158112 8.165382786620233 
0.6341943053763617 2.0742781340248357 
0.55468736190877 3.6300165162857443 
0.5206060487617417 4.448662084746496 
0.5664608590499451 3.372722303120953 
0.3954644173239715 8.737578831795766 
0.6483770198851864 1.8032738525536451 
0.46318668488828396 6.113435695615358 
0.49884409077005604 5.0334745296837085 
0.4050946557737036 8.289513017193828 
0.5366547910161729 4.044569809436181 
0.39263215120276984 8.828961636569067 
0.406543178633809 8.219661335211415 
0.6611248085409303 1.5952267923529966 
0.5582541000408375 3.546498586531372 
0.40348774748574534 8.358200750218078 
0.4137330279822562 7.936863616638543 
0.6073678315998469 2.5266181072739093 
0.6123640255332995 2.436347686544544 
0.5839960162056157 2.987297191028281 
