0.7987443475871066 0.0038606760420958064 
0.7697487319303999 2.609966743838399E-7 
0.5402014491693828 1.1466243451409805 
0.7329200704309966 1.4280118941767395E-4 
0.45374805230501924 1.9168642540015897 
0.43489840383599293 2.114221711265068 
0.5967621423114192 0.6520395549471532 
0.429145731083213 2.1468149239528063 
0.4822563944383458 1.7008059518434548 
0.5254631509761376 1.3160003902160455 
0.4692326384850429 1.77812156168233 
0.531832018770212 1.233393562984032 
0.5155845810526456 1.371964500763601 
0.4194009270991908 2.2283021561061425 
0.4424290538813121 2.0788821817035954 
0.6464800982694601 0.20546680983649857 
0.39722034037836723 2.4317243217097784 
0.5489492824537973 1.0894372100710488 
0.5313094668505155 1.2545895355636902 
0.9266507641243247 3.5255004089373987E-4 
0.5107819273263702 1.4209033931998138 
0.8260424924411499 1.450325233243177E-7 
0.4804458382922041 1.7200643189843146 
0.3998096145287358 2.4073812576567293 
0.6667915041445771 0.005094518190116304 
0.9605998994061199 9.562797884665267E-12 
0.45598373669089176 1.8963383866709782 
0.5804917275312199 0.7853358084026459 
0.712454776595847 2.609966743838399E-7 
0.4690341025436499 1.79636159487871 
0.4434047459615887 2.0106043372998066 
0.42449949515608376 2.2040432647044184 
0.4457814220320253 1.98845157580305 
0.5171042433873345 1.3501826314830212 
0.6928041525814481 9.637929174091397E-4 
0.6039097907347817 0.5715708423993944 
0.8864363678649845 3.1378645630880664E-6 
0.42673954087220506 2.1619003627907407 
0.43087029374398383 2.1291712552474897 
0.4321569605587762 2.114221711265068 
0.8635667693848759 4.998399932276405E-10 
0.4826280280815217 1.6803194971475177 
0.5427580730423941 1.115931501052343 
0.5268803595185121 1.2582551178424621 
0.5982275449061548 0.6297825890726817 
0.5508088851740253 1.0441843005577915 
0.47381279026578504 1.7446522021386455 
0.4489800713720561 1.9811685482146788 
0.5075888678251093 1.448863164202804 
0.48652223283705337 1.621548264801624 
0.4166001690809109 2.2604333336924154 
0.434899787527365 2.0905388528357696 
0.5710156806738607 0.877683561063683 
0.6273077877095994 0.4020095321156265 
0.4022306771665153 2.395629761276603 
0.4611915737641373 1.8622202301329722 
0.4766571967098452 1.7200643189843146 
0.999999989554641 1.9104609669806175E-11 
0.6364195767219726 0.2731292980411666 
0.4895581727376086 1.6077396055296975 
0.48357880045151935 1.6550883386010051 
0.6302485473654645 0.3370822937536369 
0.5031636714169044 1.4810116360332328 
0.6402470129607073 0.24083267969215472 
0.6556504362174053 0.10499344266779626 
0.3902217710706166 2.48802276719889 
0.4116552338793772 2.3126766087948467 
0.5124409161392536 1.3898567045544334 
0.4576191244239191 1.883212229332662 
0.6175093119403239 0.4564360133735532 
0.45033429351185134 1.9615806925631312 
0.4907159728782616 1.5849826958705922 
0.4519664527268024 1.9444290405021132 
0.533502691098087 1.1994352074979353 
0.5621056762271777 0.9413178602955781 
0.46660181451100563 1.8133277228899474 
0.49662934308747025 1.5621513454436173 
0.4371069378784575 2.068164744949126 
0.47046983467567294 1.7667436609258726 
0.5863745014184268 0.7229025107598543 
0.4092456329158112 2.3416472465102673 
0.6341943053763617 0.3154953803652563 
0.55468736190877 1.013524285103803 
0.5206060487617417 1.3160003902160455 
0.5664608590499451 0.9105151731628045 
0.3954644173239715 2.4554015215383798 
0.6483770198851864 0.16920132655561146 
0.46318668488828396 1.8316620131297778 
0.49884409077005604 1.5109190251743048 
0.4050946557737036 2.358037422231769 
0.5366547910161729 1.1705377658332956 
0.39263215120276984 2.4665342002528403 
0.406543178633809 2.3416472465102673 
0.6611248085409303 0.054644007673737116 
0.5582541000408375 0.9798473767201734 
0.40348774748574534 2.3724315937391594 
0.4137330279822562 2.2837426167940653 
0.6073678315998469 0.5345865610958637 
0.6123640255332995 0.49193167693115813 
0.5839960162056157 0.7445696587827425 
