0.6667206447269922 1.4998785591976345 
0.7761935766595386 1.3000944643422228 
0.48161896869174553 5.534798832200814 
0.544338368195972 3.8638063851454025 
0.8102789247195553 1.2341429222937685 
0.5127907304080872 4.654833947073533 
0.6466998977929062 1.8245402193488593 
0.5335063023086215 4.121047976857927 
0.47239738447854945 5.818484400809691 
0.695616430196576 1.4385328628295304 
0.7235634098178293 1.3820488798325063 
0.5539111174691356 3.638221189807606 
0.6241042812485468 2.2167935682224287 
0.5941749850272241 2.7811389030049782 
0.46548668428102236 6.043615489895793 
0.5335063023086215 4.121047976857927 
0.49605295123514026 5.113697014319385 
0.6146406785848495 2.3901918312468124 
0.5441284898182815 3.865296712211525 
0.5093468657145759 4.7434782384467615 
0.49605295123514026 5.113697014319385 
0.5681182961460802 3.322291675181226 
0.6466998977929062 1.8245402193488593 
0.6523142153232505 1.7321974091320955 
0.5093468657145759 4.7434782384467615 
0.5168645871193995 4.545075996485821 
0.6025503594616777 2.621454425979938 
0.6665302174067905 1.5024481251759692 
0.40793943779820147 8.1595128523167 
0.4775877893635954 5.6622231851636595 
0.4467123573651471 6.676238883469803 
0.40793943779820147 8.1595128523167 
0.6003527952940144 2.6639672915788397 
0.48841295942755036 5.332883450984449 
0.5335063023086215 4.121047976857927 
0.4467123573651471 6.676238883469803 
0.5253578392149603 4.324361135663106 
0.4936978193035672 5.179567341977597 
0.39495749720171697 8.723883081197249 
0.6383296999516559 1.966432619031349 
0.5595163053753416 3.5111453575788834 
0.45889666079680624 6.256107313081683 
0.46548668428102236 6.043615489895793 
0.5127907304080872 4.654833947073533 
0.5441284898182815 3.865296712211525 
0.5168645871193995 4.545075996485821 
0.4174440356813564 7.7714124939115194 
0.4144203061246566 7.9017642036166125 
0.6466998977929062 1.8245402193488593 
0.3899815924508942 8.952807496434442 
0.5842786729941611 2.981124421134716 
0.42461947302954656 7.490029920203462 
0.5842786729941611 2.981124421134716 
0.5755825539031002 3.1626553803000537 
0.5824583680320513 3.0188899599307657 
0.526108243566068 4.306251763544275 
0.5684294047302029 3.3152451220669645 
0.48161896869174553 5.534798832200814 
0.5595163053753416 3.5111453575788834 
0.4388386165927603 6.952359392338808 
0.4013219221022577 8.44752298744741 
0.4305300474877993 7.260340908322077 
0.5530582583042658 3.661631344313096 
0.4287712686079044 7.329069295585788 
0.6146406785848495 2.3901918312468124 
0.5441284898182815 3.865296712211525 
0.5761910486585666 3.1498995659519435 
0.4685320676143348 5.941435010286616 
0.47245856963193467 5.816401420108822 
0.4041082358670443 8.322932768958372 
0.4534417850552689 6.437824887125775 
0.48161896869174553 5.534798832200814 
0.6383296999516559 1.966432619031349 
0.657187372579995 1.654350397484613 
0.3899815924508942 8.952807496434442 
0.5681182961460802 3.322291675181226 
0.44350384084553857 6.783585862187423 
0.42109431680910525 7.623519995085432 
0.6241042812485468 2.2167935682224287 
0.48841295942755036 5.332883450984449 
0.6610972192230241 1.5888581675122013 
0.6079189930827037 2.514851929456103 
0.5539111174691356 3.638221189807606 
0.4534417850552689 6.437824887125775 
0.6079189930827037 2.514851929456103 
0.6241042812485468 2.2167935682224287 
0.6315964073492535 2.0830713677101245 
0.6315964073492535 2.0830713677101245 
0.5017955538446803 4.954711477930755 
0.45889666079680624 6.256107313081683 
0.4389008298571086 6.949687449506901 
0.5017955538446803 4.954711477930755 
0.5941749850272241 2.7811389030049782 
0.5941749850272241 2.7811389030049782 
