0.6667206447269922 4.3898123525988597E-13 
0.7761935766595386 0.0091249722730568 
0.48161896869174553 1.6656641054808339 
0.544338368195972 1.1032180627152262 
0.8102789247195553 2.644446858769654E-11 
0.5127907304080872 1.3869556996481966 
0.6466998977929062 0.179929973371954 
0.5335063023086215 1.1986050677698983 
0.47239738447854945 1.7486368125717384 
0.695616430196576 6.670947619387135E-4 
0.7235634098178293 2.651978541824175E-11 
0.5539111174691356 1.015251164846219 
0.6241042812485468 0.3835103565718604 
0.5941749850272241 0.6524831660516134 
0.46548668428102236 1.813222535461019 
0.5335063023086215 1.1986050677698983 
0.49605295123514026 1.536664495675456 
0.6146406785848495 0.46910912910550484 
0.5441284898182815 1.1032180627152262 
0.5093468657145759 1.4160757733381557 
0.49605295123514026 1.536664495675456 
0.5681182961460802 0.8874546858042647 
0.6466998977929062 0.179929973371954 
0.6523142153232505 0.12993699372297046 
0.5093468657145759 1.4160757733381557 
0.5168645871193995 1.349188828349937 
0.6025503594616777 0.5795583066866175 
0.6665302174067905 0.0014270755159635495 
0.40793943779820147 2.3285870856812743 
0.4775877893635954 1.7042086538856083 
0.4467123573651471 1.9823584099676532 
0.40793943779820147 2.3285870856812743 
0.6003527952940144 0.5993202100711812 
0.48841295942755036 1.6046493885775226 
0.5335063023086215 1.1986050677698983 
0.4467123573651471 1.9823584099676532 
0.5253578392149603 1.271837022217121 
0.4936978193035672 1.5571411016703136 
0.39495749720171697 2.4455630276300684 
0.6383296999516559 0.25523234368142983 
0.5595163053753416 0.9645430781083193 
0.45889666079680624 1.8709067555596643 
0.46548668428102236 1.813222535461019 
0.5127907304080872 1.3869556996481966 
0.5441284898182815 1.1032180627152262 
0.5168645871193995 1.349188828349937 
0.4174440356813564 2.2441297944029395 
0.4144203061246566 2.2746515401876497 
0.6466998977929062 0.179929973371954 
0.3899815924508942 2.4914301243658072 
0.5842786729941611 0.7418074208110784 
0.42461947302954656 2.1804125576923306 
0.5842786729941611 0.7418074208110784 
0.5755825539031002 0.8203692609084854 
0.5824583680320513 0.7583777193296186 
0.526108243566068 1.2655545516715616 
0.5684294047302029 0.8844828112712334 
0.48161896869174553 1.6656641054808339 
0.5595163053753416 0.9645430781083193 
0.4388386165927603 2.0509637777896463 
0.4013219221022577 2.390176162325401 
0.4305300474877993 2.125794916037516 
0.5530582583042658 1.0250954538381083 
0.4287712686079044 2.1424943395835587 
0.6146406785848495 0.46910912910550484 
0.5441284898182815 1.1032180627152262 
0.5761910486585666 0.8149439340750143 
0.4685320676143348 1.7837528299657848 
0.47245856963193467 1.7480086953497675 
0.4041082358670443 2.363365678503782 
0.4534417850552689 1.919178808691546 
0.48161896869174553 1.6656641054808339 
0.6383296999516559 0.25523234368142983 
0.657187372579995 0.0872181910495834 
0.3899815924508942 2.4914301243658072 
0.5681182961460802 0.8874546858042647 
0.44350384084553857 2.0085463845856166 
0.42109431680910525 2.2102209440110534 
0.6241042812485468 0.3835103565718604 
0.48841295942755036 1.6046493885775226 
0.6610972192230241 0.05038971628210598 
0.6079189930827037 0.5288262527070487 
0.5539111174691356 1.015251164846219 
0.4534417850552689 1.919178808691546 
0.6079189930827037 0.5288262527070487 
0.6241042812485468 0.3835103565718604 
0.6315964073492535 0.3156603920978105 
0.6315964073492535 0.3156603920978105 
0.5017955538446803 1.4862521902088577 
0.45889666079680624 1.8709067555596643 
0.4389008298571086 2.0502235888361113 
0.5017955538446803 1.4862521902088577 
0.5941749850272241 0.6524831660516134 
0.5941749850272241 0.6524831660516134 
