0.2291200375626423 0.3398826196525133 
0.21522718157166 0.43713575063073185 
0.25608283912618673 0.2426240828739021 
0.2440584773828583 0.26627546013557596 
0.6317927492107253 -0.3259992050398277 
0.03728883019880072 0.7726642408220793 
0.42953284028237093 9.618147091873234E-4 
0.01680602578016069 0.8621084227934532 
0.446393670722231 -0.11154869772636021 
0.23649616732677006 0.2982703037710471 
0.24902383161323852 0.252200800330403 
0.2400836369245925 0.2816295816186064 
0.006548344845866055 0.9179401425495962 
0.23830968246957632 0.2894897099442931 
0.05144610642586948 0.7218942449915448 
0.42362528233232116 0.06292109389267957 
0.06006217294444495 0.6979380413944395 
0.6297937992491889 -0.3006174106084286 
0.23019985594984782 0.33321036272113297 
0.6373885206905087 -0.3862927305097423 
0.2330902818928346 0.31635131767770924 
0.06453297901465899 0.6881611315113979 
0.6334150935323366 -0.3451360134621786 
0.04056604123147574 0.7599026244205549 
0.21731870488480046 0.42144361742776587 
0.2258006003388786 0.3612688585416843 
0.021008065887121424 0.8423263515992779 
0.22095014253265094 0.39490107871147057 
0.4499183214330611 -0.1205926316287389 
0.445681513005306 -0.10908250791039499 
0.250771779846125 0.24866331022542573 
0.07147204874349916 0.6769679435022555 
0.4531412810080011 -0.12401026038857366 
0.25447790914591917 0.24368843446280078 
0.07419895880899785 0.6739313056102414 
0.6468337743964432 -0.4477924344873116 
0.42057484770597636 0.09826056304293632 
0.033099989097729154 0.7896800098417269 
0.07569726053567147 0.672630370629133 
0.45105190563781417 -0.12232533700849592 
0.08166064140818086 0.6698450342323304 
0.07707808397516148 0.6716527051882439 
0.4478591458132335 -0.11598392817774825 
0.20186354728503386 0.5389851756036849 
0.4518792279028686 -0.12323590425971645 
0.4404163997603232 -0.0841210630399298 
0.1991531125419236 0.5591219401714065 
0.212640283025477 0.45672825082711144 
0.20852018719956755 0.48829701797858066 
0.6276017134680635 -0.2706333256715157 
0.4315899970154855 -0.018254804801329755 
0.4340417772748692 -0.03934261337070323 
0.42133481283528007 0.08928985402600251 
0.6491577443915036 -0.45452763153027037 
0.4486135918838844 -0.11789648504342179 
0.2522130589044357 0.24634437290525246 
0.44237562876677544 -0.09476165299524189 
0.4249609395805439 0.04805671606158195 
0.6393675916447635 -0.40355650664142445 
0.0010740369422954643 0.9673173784595119 
0.643610524929731 -0.43287006110211784 
0.20649994260643717 0.5038342146118296 
0.0310824230575147 0.7980847835247605 
0.6482332875785359 -0.4522741926448598 
0.637095697714055 -0.3835561848847429 
0.04442137937441115 0.7456216372204464 
0.25540074225169274 0.24298579107581003 
0.24757399870541547 0.2556707147887215 
0.024260014163932447 0.8276823313348801 
0.44330820710729635 -0.09925502125317905 
0.08071446018695193 0.6700331996286286 
0.07008032471511894 0.6788263255592395 
0.056202357593898966 0.7079127316591942 
0.0791286696400721 0.670582632215976 
0.2535589147344043 0.2445828609272129 
0.05351500360730821 0.7155904801683267 
0.43850506509502296 -0.0723162735392506 
0.6421943830033622 -0.4242856429373805 
0.22361351377563699 0.376155186394804 
0.20334692220340808 0.5278161234229708 
0.6404507197508152 -0.4120389022215684 
0.4528261284082366 -0.12387526659825271 
0.014697013055242392 0.8723680507676665 
0.6452136708380001 -0.44110290011070613 
0.6507292680682513 -0.4571340599857008 
0.6353828295416806 -0.36655752091186083 
0.06783882126749538 0.6821976940614394 
0.43637377844218217 -0.05748269656652675 
0.00402436208140039 0.936204724738813 
0.4270731947861709 0.025596947229956285 
0.061564044406783786 0.6944552491620759 
0.047815494308800555 0.7337818540349162 
0.2570115284005835 0.24238918211461677 
0.012450592199728716 0.8838216050434433 
0.6500159051462424 -0.4561767834903335 
0.02750423631171911 0.8134408624934697 
0.651586783056035 -0.45784840806542487 
0.008751375709891276 0.9043152828603972 
0.24232378901102863 0.27260289723482706 
