0.05217755779647232 0.7196246286818995 
0.2083460795011356 0.48965369703021516 
0.8382669683221371 -0.6974454427894853 
0.8409920276986542 -0.7245116989709409 
0.6485116143905698 -0.45302044004805686 
0.44383029480613106 -0.10158771658429516 
0.8424106529337063 -0.7363323727946006 
0.4233431227128379 0.06605651676703021 
0.0353112338041406 0.7805939738942665 
0.027409891709657797 0.8137488678508649 
0.01094859812030119 0.8917747943165316 
0.42569966164909745 0.04006129320269224 
0.8484155855493749 -0.7683777762979758 
0.21605224251128782 0.4308995608107187 
0.8496179010857975 -0.7712282553454676 
0.0469567866421724 0.7366746303109517 
0.02347649694809162 0.8311223586647218 
0.2297868759029192 0.3357568427481388 
0.251851817251872 0.2468165095492804 
0.6447897567036873 -0.4390875087322681 
0.8512292364646905 -0.773147373804395 
0.6326653050325676 -0.33645288804837187 
0.031168146071335334 0.7976923116210934 
0.6463889600761809 -0.44611768254777323 
0.4536081818442139 -0.12412375544191544 
0.6415253419166849 -0.4198006998502941 
0.45302212943377623 -0.12397575266517612 
0.42938812342000715 0.0023707138992295155 
0.441270046578366 -0.08895842916964633 
0.8508625001914832 -0.7729003783107073 
0.0670432044520845 0.6834999407069391 
0.22416987222875895 0.37233882638147225 
0.8458542688417356 -0.7583085995839218 
0.006937695919470023 0.9153722931678867 
0.6325636852117796 -0.3352649741188125 
0.001648757701151287 0.9594498890963742 
0.44865698719914343 -0.11801149281016272 
0.8337078558188207 -0.6398702980193925 
0.6433485316210273 -0.43134942988548014 
0.8472501882656901 -0.7644848361025425 
0.20221842464261092 0.5363195621181341 
0.22686717636206882 0.35426879000844225 
0.012690955635874579 0.8825411980827547 
0.07156199490264281 0.6768476026715696 
0.2475456111386391 0.255759813358115 
0.073233255514919 0.6749090364915409 
0.049158264198037954 0.7292721065877746 
0.23314833313264433 0.31600442688116187 
0.24990762819856505 0.2502704127709128 
0.43735785294331375 -0.06454881596388089 
0.24393841308505348 0.2667032595937042 
0.4499458733529549 -0.12063773759739185 
0.07573868682234153 0.6725991847290161 
0.2534473647310497 0.24470142993204527 
0.06463402780365851 0.6879455495696242 
0.08058553856735445 0.6700573571983602 
0.004419876548805823 0.9330720347416047 
0.6505111035497363 -0.4568937110541805 
0.256476148979026 0.24246227808950394 
0.0695291743388286 0.6795872135380059 
0.4342718369391998 -0.04120987031441885 
0.21923973696817017 0.4072903557278044 
0.01778188956589001 0.8573672095040521 
0.2554346248030635 0.2429747608434747 
0.07939172328183536 0.6704356278199377 
0.8362245625561708 -0.6735107545461456 
0.23782403036464533 0.29180197695635307 
0.8431479089539353 -0.7418474270519675 
0.0772203934903552 0.6715790792708468 
0.25701082745657333 0.242317352592967 
0.2458478009675903 0.26054275749256683 
0.4479007011270517 -0.11609185591118429 
0.6519458040893344 -0.4580935071402222 
0.6513663140125314 -0.4577416621870468 
0.8507408520859443 -0.772792002914084 
0.21172950246015054 0.4636971063149557 
0.24095150026754647 0.27795798877652494 
0.4458872361857738 -0.10980308604583254 
0.63878022300828 -0.39864159455300874 
0.25262323820907323 0.2457694047250167 
0.056082795690136605 0.708265024741927 
0.4513665752894896 -0.12268953118177095 
0.8441996951147467 -0.7489256813155596 
0.6349779131922806 -0.362333772129487 
0.43166589304768854 -0.01890560879323998 
0.059977817960423646 0.6981961401840951 
0.43858899092297765 -0.07284692827560169 
0.6470130494084484 -0.4484789711509994 
0.8491766820333441 -0.7703365557446158 
0.25486525327322074 0.24335770605189483 
0.6492586590589209 -0.45475321114511 
0.6372498491107675 -0.38498857264538827 
0.04213747405180397 0.7540065259112038 
0.45212340062599676 -0.12343104407536987 
0.08147648606747217 0.6698714577793713 
