0.22996783799543014 0.33461704549168536 
0.08156026540568519 0.6698437279478834 
0.25647958746086047 0.2424377994004712 
0.4294633913447662 0.001565356491330449 
0.4197576838946344 0.10804117065169426 
0.42673823992415466 0.029051142627629308 
0.2521173514405387 0.24639859944039852 
0.25559826339010244 0.24284073726515254 
0.03791677171932173 0.7701315073045522 
0.6456683200652602 -0.44315104476062067 
0.43214032281357717 -0.02318484954898813 
0.24564078940320858 0.2611088478833541 
0.24079278601346418 0.2785905488696224 
0.8372208078447388 -0.6855884436546089 
0.001659068964760757 0.9593131058874834 
0.24792878482946634 0.25474887301465854 
0.23854017770708416 0.2884241670974412 
0.2227936909209423 0.38180763959354924 
0.25303062972414425 0.24514682135650048 
0.6344884664098791 -0.3571139048335159 
0.437275920828073 -0.06402385926503144 
0.23262645914070051 0.31892489606197716 
0.20342247981306855 0.5272280303847835 
0.013913162081398922 0.876250141473148 
0.017185043537932376 0.860206333412143 
0.651546210546974 -0.45788315197647633 
0.8446092681824213 -0.7515147867934895 
0.06405932982440876 0.689076778615484 
0.4418924358898075 -0.09233783492831807 
0.6326106425441014 -0.33584085716398837 
0.8427378310310969 -0.7388562590961977 
0.8514569053546501 -0.7732510728029821 
0.8497778276312586 -0.7715419424080573 
0.8509015632417829 -0.7729699484022237 
0.08056568759005442 0.6700460699959853 
0.8473876863517645 -0.7650139939173187 
0.44405544379392337 -0.10266211474110147 
0.8452775773826158 -0.755325472238056 
0.07677256682109425 0.6718343805658109 
0.028491504592142187 0.809081978051435 
0.07947605861005502 0.670373647222299 
0.8406905387457386 -0.7218210866241535 
0.8353820369132828 -0.6627835877744286 
0.4399738401108631 -0.08157343649730879 
0.6490655681332398 -0.45437232326480287 
0.07262711565506151 0.6755725063391779 
0.053684382245442294 0.7150458101717913 
0.44833884065639085 -0.11724785109274001 
0.2268616363611916 0.35429473348329815 
0.8389928377555196 -0.7052584959814417 
0.05122710579104872 0.7225344288990385 
0.23598229593710696 0.30081999204715504 
0.650647645509814 -0.45710179272637436 
0.2550346720952163 0.24320277714065047 
0.43560052241537484 -0.051726036808987665 
0.2433561660029614 0.2686590141497804 
0.007712113439964627 0.9104291242363034 
0.06808069376456172 0.6817679691483092 
0.6484284822457616 -0.4528237214889962 
0.2537763820073024 0.24430904810938348 
0.6301806618141429 -0.30571117610319526 
0.6357940315654415 -0.37083808388720235 
0.4498897102744586 -0.12058753985823237 
0.022631222136378776 0.8348881833588404 
0.004763743040140614 0.9303452708449236 
0.8492967992041378 -0.7705970356160731 
0.4229258119659606 0.07078682220636709 
0.6420611493415068 -0.42341609174078587 
0.4518494613160313 -0.12322892427664348 
0.8503374210268981 -0.7723814668124486 
0.6446178731069334 -0.4382274233211956 
0.07436160201455416 0.6737430635094168 
0.6407111525480158 -0.41398538165871096 
0.8464902294592586 -0.7613483996576825 
0.45292497358686046 -0.12395384443227389 
0.45233395731128634 -0.12361191646863641 
0.4457222480127093 -0.10928316412734802 
0.20823815699506965 0.49042945541277566 
0.6384907489615826 -0.39620003537749093 
0.24967727961611744 0.25071665372712554 
0.4473650662598573 -0.1146334447652909 
0.6512839470428424 -0.4576880839446797 
0.047389468504983545 0.735202307733261 
0.45336574721534695 -0.1240769070852032 
0.6522620068279571 -0.458179893228846 
0.6473846107149223 -0.44972834589542887 
0.8485215664406343 -0.7686928346599337 
0.033086610472849026 0.7896650474607253 
0.6502789293942861 -0.4565827214664651 
0.21275050823122982 0.4558619468866426 
0.057404536555327956 0.7046662944980951 
0.04266501095032449 0.7520234141829453 
0.07109018404952042 0.6774148965914034 
0.21764438785622128 0.4189950458581114 
0.2207753871067552 0.39612517620033766 
0.45057945779752323 -0.1217058951043383 
0.06004244035345737 0.6980296129271055 
