-16.329327886086187 -6.608542106735687 
-18.752392169646043 -0.7260643232927255 
-14.971450711455908 -10.312853894817058 
-18.931903396034087 -0.25573652685712706 
-16.832442232054166 -4.358353328013283 
-18.8240056113234 -0.5140837959322799 
-18.681953989326065 -0.9615609177451306 
-16.616252628111983 -5.232014470452924 
-15.42832194128079 -8.431521502244308 
-15.457650707612782 -8.324483873996588 
-16.912337329516625 -4.121379717537584 
-15.008547065078206 -10.174586352492476 
-15.26681887395992 -9.085704335021813 
-14.926350181213227 -10.4217920057797 
-16.779560384451102 -4.496416623970342 
-16.96739725762686 -4.01420173305536 
-18.463607570207436 -1.8643429610813804 
-15.240375772062507 -9.197591656259313 
-16.248278008652083 -6.917898335482301 
-16.49199103168817 -5.839345535786784 
-17.044275090236493 -3.87248188904442 
-16.293888984594375 -6.735532485961237 
-16.573139236086604 -5.470332786275673 
-14.632059421626515 -11.39874845178151 
-16.049402306920264 -7.552604954604545 
-15.593609147707724 -7.863819449393718 
-14.465826680525534 -11.550076675556507 
-15.090873234664556 -9.821397394519686 
-18.651712065465755 -1.0672682775004334 
-16.86861889770595 -4.249821687735608 
-16.7349049128948 -4.707121453331949 
-18.513407924087467 -1.5212355530420274 
-15.644437008592778 -7.748017160813198 
-16.644225257739134 -5.12238498016489 
-18.170856231046255 -3.2691882799582435 
-18.12228695440882 -3.4478682407916468 
-14.549570834876938 -11.524700347887999 
-15.989879411566102 -7.662671751839631 
-18.610965592122405 -1.2275123098943743 
-16.51440403557236 -5.727863204487882 
-15.031263933132356 -10.046971877440928 
-15.150987308651974 -9.558886964146051 
-14.715813465383864 -11.171251412279219 
-15.284074246252757 -8.967083954643167 
-16.702237525527025 -4.845400595210035 
-14.875805443404216 -10.689693083104412 
-16.141575038325485 -7.307952064153594 
-18.27216633964886 -2.792181052188065 
-19.99678702993034 0.006479120798931738 
-18.24817676019118 -2.9119343125050072 
-16.587579870074563 -5.370636584477058 
-18.09918943428606 -3.5499352062191742 
-18.87674446870289 -0.33655991174803357 
-15.126139412160631 -9.675543572913258 
-18.05259398242533 -3.6469434136698946 
-16.365351001525895 -6.44895352740329 
-16.213165676925044 -7.048713493053092 
-18.787259874564576 -0.6215897881681998 
-18.434297673073132 -1.9919629011707318 
-16.182671412534468 -7.175824432374928 
-14.814768108730075 -10.90757194187948 
-14.732578213348912 -11.035516475263275 
-14.900583656596492 -10.595086854061954 
-15.214927636991995 -9.306413773548078 
-18.22424341919038 -3.009377421430058 
-18.29651638003107 -2.67331740653589 
-16.100966897028727 -7.421635207184922 
-16.441052062119162 -6.075537088285175 
-16.413793864201338 -6.204148145927295 
-16.468718210750083 -5.952900626838705 
-16.552553117606315 -5.553844650221819 
-15.175791870317926 -9.451941974822258 
-16.761332517135997 -4.575671031254128 
-16.392858806059003 -6.324119091873158 
-16.670572858890573 -4.991164300596488 
-15.330024761242768 -8.817344899565128 
-18.50978459194836 -1.6514404515914132 
-18.318913014841343 -2.5625275263852942 
-18.405177884888587 -2.13832956295642 
-18.718559614596447 -0.8219766403385853 
-14.676283235555253 -11.28909652850289 
-15.563778568574204 -7.968977464896094 
-18.988969118142606 -0.1394493588914088 
-14.91872885777968 -10.50549239717309 
-18.576511316434136 -1.3627875792647293 
-18.030609885570854 -3.7552643306996694 
-19.078765905384902 0.0021982146195245003 
-15.519098428435214 -8.071320126241272 
-14.848123401208637 -10.789251485895988 
-15.495264269151125 -8.200586171005677 
-18.856533325293107 -0.4280517296277645 
-15.360107766407499 -8.704728016138814 
-18.34727020345653 -2.4231410733347785 
-18.37358133986565 -2.2804451234030063 
-15.387456158532702 -8.590418275668998 
-18.20018334538682 -3.134623533240224 
-18.483955600627844 -1.7666963028435874 
-14.41921154698087 -11.62313904654619 
-15.88627085634312 -7.7474935234269235 
-17.936137652947423 -3.8701019942683814 
