-1.0171646323211379 9.494074506979696E-4 -1.010531934736174 
-0.6654724845770357 -6.584567122666328E-4 2.8000019903680177E-4 
-1.0994215811576022 -0.9629150865701752 -1.0631885289400602 
-3.842990515510275E-4 5.252035953355914E-4 -0.5640491185264559 
-0.6689072008606307 9.080321451613925E-4 -1.0631008467618883 
-3.847661612016169E-4 -8.645868782819547E-4 -0.6244730351495191 
-4.256215798859042E-4 5.252035953355914E-4 -0.7059136556041781 
-0.8376176950555712 0.0010018111290919117 -1.0175089994670676 
-1.0973894736694731 -0.7137707078883455 -1.0699774812028313 
-1.087200747078621 -0.7138373271472366 -1.057294310887158 
-1.100654998245749 -0.007252835042267591 -0.5892361597198189 
-1.0919425262171467 -0.9380588888829335 -1.0814207186419547 
-1.0576686175334478 -0.8377591009632817 -1.0601993376038654 
-1.102372038310929 -1.0014083918826993 -1.030424771796509 
-0.971543329747913 8.381107209656163E-4 -0.7858868932798385 
-0.5642750357212927 -6.217100748007038E-4 -1.0941415931543168 
-3.8417698355385134E-4 6.498147870432516E-4 -0.833155892506425 
-1.0798294214895103 -0.8377805775575374 -1.0600467167865293 
-1.0640430970604462 0.0010018111290919117 -1.0135368704219112 
-1.014379415217878 7.732710811246275E-4 -0.9146908700124308 
-0.48671573951457936 4.944101866032023E-4 -1.1333554653888462 
-0.9967612225650262 9.531050392059219E-4 -1.0528164483721918 
-0.9619250201809137 -6.584567122666328E-4 -0.9176625468508068 
-1.1244576450283088 -1.0955439644365517 -1.1039273831491208 
-1.1053101522036237 8.637261278701543E-4 -1.0953008202564773 
-1.0585489374256365 -0.6329688054911108 -1.0841214709592757 
-1.162734709733249 -1.1552665371549165 -1.1075717551510855 
-1.0543921545808066 -0.9122966142985524 -1.0910087466629597 
-4.2592815763185885E-4 9.531050392059219E-4 -0.7229323325944479 
-0.6440582428367692 -8.720548149717194E-4 -1.0676835137803595 
-0.7595006681031231 8.46786991155114E-4 -1.0264164956995252 
-0.7916783693533874 4.944101866032023E-4 0.01111335494371557 
-1.0959075533291154 -0.5436879959242025 -1.1064500271342985 
-0.91047360434815 6.56459395586904E-4 -0.926227822667194 
-1.0091811686762833 -6.584567122666328E-4 2.8000019903680177E-4 
-0.0022496522760226956 9.865693578104775E-4 -1.0368434965401419 
-1.1179893216696717 -1.1311542643863641 -1.1192464407436078 
-1.1241549170870548 -7.742119546726004E-4 -1.1136129860679618 
-4.256215798859042E-4 5.528378906763526E-4 -0.7469328386074168 
-1.0151458044111292 -7.314632067535686E-4 -0.9005037760674344 
-1.1015253278569959 -0.9077478123040574 -1.103176424592376 
-1.0733284832008545 -0.9007442858324753 -1.0395403087717496 
-1.088133394854982 -1.0800293801920295 -1.0907098054840185 
-1.075670163789121 -0.8428912018157311 -1.0193844045823124 
-1.0144644267417222 7.732710811246275E-4 -0.7899508003301944 
-1.0785376714685446 -1.0035862338461166 -1.0969004841323495 
-1.0798294214895103 -6.330998099321286E-4 -1.0635237927041474 
-4.190432317315556E-4 -9.647350319329506E-4 -0.9471716286796477 
-4.179149365565009E-4 -7.21102440077684E-4 2.789116983826778E-4 
-0.9619878316658663 -7.407939607947995E-4 3.164334013519728E-4 
-0.9624268438933095 -0.012332304026368146 -0.9083372812772924 
-4.2592815763185885E-4 9.531050392059219E-4 -1.0528164483721918 
-0.5883577371276782 -6.041524462952318E-4 0.006543952971086265 
-1.0543921545808066 -0.9122966142985524 -1.0603519394245688 
-0.006969450348840223 -8.987961797120884E-4 -1.0742408596877977 
-0.9908946958546921 9.846285964633735E-4 -1.0147920666752135 
-1.035562846826666 -0.006405679237003692 -1.0635237927041474 
-0.6456651909030542 -6.500331980016187E-4 8.050317887320357E-5 
-4.2562111426539245E-4 -0.0014995183876572384 -0.8495444138646395 
-1.0543921545808066 9.865693578104775E-4 -1.0635237927041474 
-1.0960694307232826 -1.020960856577282 -1.1032500153625706 
-1.111899593730446 -1.0826392838806724 -1.0452964738159332 
-1.100654998245749 -0.9910155774042282 -1.075233213702505 
-1.0578805759872778 -0.860290012698662 -1.067527637936199 
-0.975063260558573 8.302584778409258E-4 -0.0018191258696106732 
-3.836382097650745E-4 9.408001046005505E-4 -0.9325220710275303 
-1.0732522972366911 8.496406429844165E-4 -1.0953008202564773 
-0.9335231258529004 8.56398163404773E-4 -1.0264164956995252 
-0.94666717453266 9.63977686879341E-4 -1.0297792899624338 
-0.9295093633558221 -0.001517011238784967 -1.0135368704219112 
-0.9991852447744991 9.235586269826009E-4 -0.8932936584031534 
-1.100400183500264 -0.8570126161345263 -1.0631885289400602 
-0.971543329747913 8.381107209656163E-4 -0.7965634449844801 
-0.9783835563199709 9.495027275497657E-4 -1.010531934736174 
-0.9175373576398765 9.624973972375932E-4 -0.903343824784373 
-1.0649843501873122 -0.7772355041088445 -1.092510306830076 
-4.19025901595897E-4 8.075850026536798E-4 -0.8057729739987372 
-4.2594115498198297E-4 9.339858417262764E-4 -0.9190333076541848 
-4.190432317315556E-4 -9.647350319329506E-4 -0.8674341754462107 
-0.6834177125102348 7.631497283544918E-4 -0.0017958316965693817 
-1.0963338950685528 -1.088005547429956 -1.1045624932729423 
-1.0714067388774844 -0.6309923951944518 -1.0957836648129131 
-4.259407310493067E-4 -0.0010127489726250941 -0.5317116760804486 
-1.0786026715097694 -1.0035862338461166 -1.0574572238265108 
-4.256215798859042E-4 9.393424372267564E-4 -0.7665866009195419 
-3.8416626612902184E-4 9.18174711684108E-4 -1.0953835904257807 
-0.4822738846226362 -8.702018550360845E-4 4.2064832543130867E-5 
-1.0580968422562105 -0.7137707078883455 -1.0386754790995596 
-1.1015253278569959 -1.0014083918826993 -1.103176424592376 
-1.0883596318520354 -0.6737216635801158 -1.07889233705812 
-4.256215798859042E-4 -9.125095269272208E-4 -0.606011054611833 
-1.0670034406806035 -0.7824827428566286 -1.058621386137137 
-3.851125311336963E-4 8.956802043166688E-4 -0.9020844488670954 
-0.8852207020339589 6.877635183465661E-4 -0.001796342341337863 
-1.0919425262171467 -0.7332125422302107 -1.0813956007489236 
-0.9908946958546921 9.846285964633735E-4 2.78952375848629E-4 
-4.256215798859042E-4 9.377002681175461E-4 -0.8208273941762911 
-1.1626052227618011 -1.1552665371549165 -1.1537464883172666 
-1.1494288330505142 8.794301565008031E-4 -1.1533413154695102 
-4.256215798859042E-4 8.564755978195098E-4 -1.154586709319596 
