-18.0569828987826 -3.6955878310780657 
-18.37166543944025 -2.3155156122525917 
-18.303629650046958 -2.6512353124389385 
-16.091529604321963 -7.455003086185455 
-18.0227378880654 -3.781347936492415 
-18.29426131226137 -2.6974031965182803 
-18.37091113226262 -2.319162985396778 
-15.13677885099898 -9.642417720280307 
-15.325376312781774 -8.84868861075868 
-17.94728310192636 -3.8741335479211085 
-16.147638418393125 -7.293738561372557 
-15.172102506873024 -9.49188284633625 
-18.161820149429772 -3.3161142960033274 
-17.971948179193273 -3.8602980731243153 
-14.959881273370797 -10.37348065177244 
-18.591333634545222 -1.3139635528330564 
-19.999313526893317 0.0014565911720917043 
-16.270785482761568 -6.852643693851849 
-16.374476923412047 -6.414320491141565 
-14.930912032493701 -10.487999217143244 
-16.54670303265644 -5.602308339839032 
-14.802868723686197 -10.946947152212706 
-14.473970333123361 -11.618000352074203 
-14.594061665173971 -11.483190289137227 
-15.949985638484062 -7.716187756450569 
-17.997111359202986 -3.8290533820331687 
-18.629476588603914 -1.1629569951838035 
-14.721058979322443 -11.195561900075138 
-16.47438850909409 -5.952354913886332 
-16.440880612146866 -6.11050390655852 
-15.218125077815513 -9.295755620957522 
-15.325711514574156 -8.847344871003646 
-14.65365941207654 -11.364900521941397 
-14.561715410032974 -11.534329930446912 
-16.091529604321963 -7.455003086185455 
-16.017849562654902 -7.619994595361823 
-18.030470994157223 -3.764098446092369 
-18.481308924024543 -1.7915871582710126 
-18.692835855190566 -0.9302449131219807 
-16.242434821821814 -6.963636413878136 
-16.061250677460784 -7.528988093379926 
-15.02386965466446 -10.114657511098919 
-18.255988987410653 -2.8842290749963153 
-15.953412341202919 -7.712907142066754 
-18.177615483806957 -3.2460827937462917 
-15.096162486302024 -9.814162901656976 
-15.172102506873024 -9.49188284633625 
-17.990024049298082 -3.8394904070570126 
-15.952843927149438 -7.713435417564549 
-14.511599216523138 -11.592632425192253 
-16.33081062690944 -6.605172182143734 
-16.12075764721434 -7.374245756482749 
-14.473970333123361 -11.618000352074203 
-16.03508183986294 -7.586798877587008 
-16.392950642089446 -6.329357020557329 
-16.183656591535865 -7.175915297917712 
-14.594061665173971 -11.483190289137227 
-16.506499375204484 -5.798398469671817 
-14.783308517022574 -11.00998595742638 
-18.051535722346195 -3.7107516623586716 
-18.070220209672822 -3.656597946627086 
-15.063707854701482 -9.950443465429409 
-17.975040282301894 -3.857258049610629 
-17.965180844452913 -3.865800765960914 
-15.283270980122523 -9.022041117758285 
-17.95691936175825 -3.870780396291177 
-14.832935420978092 -10.845759464821624 
-18.20729028522014 -3.1143208951088104 
-16.313110584431293 -6.680173495297683 
-14.63213816263869 -11.411459549597058 
-17.94728310192636 -3.8741335479211085 
-15.9267507603617 -7.735414881794978 
-15.000560439888819 -10.210439391375317 
-16.210759102539196 -7.080855026443272 
-14.902073053287603 -10.597391828474109 
-14.721058979322443 -11.195561900075138 
-18.439518954904894 -1.986861877500004 
-16.583178306937427 -5.425151411199655 
-18.140407732369326 -3.4047499000468258 
-18.10992500085794 -3.5223486843478518 
-14.860028552925625 -10.751935151469514 
-18.53269058800163 -1.5594891201259977 
-14.537523749161815 -11.565406534666437 
-15.981959469423838 -7.678164485388914 
-14.691469807156038 -11.27415014650832 
