-1.0800174260076951 1.7099680222381204E-4 2.2243106960137514E-6 
-0.8884670258685095 1.625956229298773E-4 -1.5692941459020695E-7 
-0.9292558726680384 1.710005313723431E-4 2.2243106960137514E-6 
-1.0895360462360775 1.6279771108109402E-4 -1.0848575392237203 
-1.1013191928555983 1.6650062102259807E-4 -3.7216218203701623E-7 
-0.9348998776587234 1.7106209130180274E-4 -3.3629375698842416E-7 
-0.8889126587947968 1.6668185779184687E-4 -1.7713293145783903E-7 
-1.0710234261980318 -0.8901837801855215 -1.071954622059627 
-1.0703485111721596 -0.7902391926430232 -1.0719669477175502 
-1.14856543944108 1.6642453265203473E-4 -3.183900580878707E-7 
-1.0716816482206428 1.7379844148738378E-4 -1.0679036626122176 
-1.070426438067153 -0.8720157794154366 -1.0722540245744592 
-1.0153902781090816 1.6256091240608622E-4 -3.7241313089093044E-7 
-1.1330768690244408 1.6269266385817905E-4 -3.328340511443224E-7 
-1.0887160794675685 -0.9609421257211261 -1.087810382502262 
-0.7589621870371037 1.6613072849154054E-4 1.2281879155596006E-6 
7.827785592939902E-5 1.6269525714927976E-4 -3.329517499293636E-7 
-1.0371759223676928 1.6647898091466388E-4 -1.0264405682282063 
-1.0011634378857037 1.734199940868831E-4 -0.9989211449479862 
-1.0887775397040276 -0.9777034747996974 -1.0838297531251806 
-0.9317410001622813 1.7371789606776124E-4 -0.963764283478265 
-1.0948393477312428 -1.027961649068933 -1.1024138445761436 
-1.1459633394028186 -1.1414445402951863 -1.1444305374879176 
-1.1297130759926182 -1.097611043666835 -1.1310185042129384 
-1.1330455354216806 1.6564262642983105E-4 -1.1296984477971668 
-1.117315796733526 1.6608501486897726E-4 -3.7211599377975566E-7 
-0.736813667286295 1.6613072849154054E-4 1.2281879155596006E-6 
-1.1085286507700998 -1.0566837494361092 -1.110713111045561 
-0.9728122578463602 2.3179636302552217E-4 -0.9664428166888128 
-0.9836778787370891 1.7294612903048415E-4 -0.9759382872468665 
-1.072756549506491 -0.8463805906012616 -1.0722024013230538 
-1.0701598834787864 -0.7903760924038431 -1.0716817344097116 
-1.1178744950730106 -1.0798918845497334 -1.1204408834722757 
-1.1308988508891384 -1.112875811776038 -1.1310185042129384 
-1.0895360462360775 1.6279771108109402E-4 -1.0848575392237203 
-1.1094474604688052 1.7800626518223514E-4 -1.1108383623684324 
-1.0965075587401776 1.6220800073824722E-4 -1.4591477977289388E-6 
-0.823404976766642 1.6667237520135014E-4 -3.7216218203701623E-7 
-0.7002325582624743 1.7106209130180274E-4 -3.3629375698842416E-7 
-1.0378995267785638 1.7434902006128027E-4 -1.0431520495209743 
-1.0923850309157899 1.6279771108109402E-4 -1.1008454514371167 
-1.0723129305800656 -0.946891429514578 -1.0720870452128717 
-0.958029859750747 1.6612986425849574E-4 -3.7216218203701623E-7 
-1.1308968729162152 1.6564262642983105E-4 -1.1296984477971668 
1.8666398435199152E-4 1.6292216134937684E-4 -1.0056194776220801 
-1.069703056310346 -0.9089399946108916 -1.0768759537184673 
-1.070426438067153 -0.8720157794154366 -1.0722540245744592 
-1.1217487376347062 1.6609177966427682E-4 -3.1721566142937886E-7 
-1.1312532220395255 1.7397875131572695E-4 -1.1296984477971668 
-1.140458477054214 -1.12750409631666 -1.1410268456684427 
-1.0106060064640174 1.6282531978964435E-4 -1.0161827969438986 
-1.077784077639382 2.8166441601660153E-4 -1.078461243026711 
-1.1459633394028186 -1.1414445402951863 -1.1444305374879176 
-1.104770709259693 1.6233738172154272E-4 -1.104762632840126 
-0.9840597595286366 1.7106812048041286E-4 -1.0047703577479068 
-1.0557139367344597 1.738241398546804E-4 -1.0615916913649368 
-1.1297130759926182 -1.097611043666835 -1.1310185042129384 
-0.9679140722269208 1.7368127833327875E-4 -0.9518794386008027 
-1.0970022298648812 -1.0364688414232215 -1.1024138445761436 
-1.083398828159012 1.710005313723431E-4 2.2243106960137514E-6 
-1.0718208100255673 1.6201375843513565E-4 3.5487170384493406E-6 
-1.0704775028178255 -0.9273883129556684 -1.0728482437925901 
-1.1311240824788806 1.7374245361820892E-4 2.426882777516573E-6 
-1.1373182802247528 1.6642453265203473E-4 -3.183900580878707E-7 
-1.070426438067153 -0.8131060681954642 -1.0720265744788389 
-1.1425071027247828 1.6613072849154054E-4 2.2871642788436365E-6 
-1.1000177918719052 -1.0163627990196842 -1.0911142430960006 
-0.9876082871411657 1.6667237520135014E-4 -3.7216218203701623E-7 
-1.0214501475746416 1.742839154044632E-4 -1.0161827969438986 
-1.1218521749714025 -1.08773229192564 -1.1217440131937304 
-1.14856543944108 1.6642453265203473E-4 -3.183900580878707E-7 
-1.13732797942921 1.6250268945985073E-4 -1.139993755519264 
-1.0726225551423356 -0.9518734751612294 -1.0836848610542318 
-1.0468680849196506 1.7144242016431388E-4 -1.053705320768194 
-1.0917983582825814 -0.9861903990063167 -1.091537935542437 
-1.1085286507700998 -1.0566837494361092 -1.110713111045561 
-0.8480962995840192 1.7096969973723068E-4 2.26935342779438E-6 
-0.9348222799708776 2.312547130475418E-4 -0.9386128512244722 
-1.0285102818262157 1.7406849620323162E-4 -3.364918972586142E-7 
-1.0472676234846923 1.7414684154960224E-4 -4.2159194909907896E-7 
-1.0934608636868548 -1.0058206808484713 -1.0923120769465413 
1.8666398435199152E-4 1.6670518389822928E-4 -0.7931084672021038 
-1.1330703107835896 -1.1208882547976846 -1.1363962326340942 
-1.121156628986104 1.7434902006128027E-4 -1.1215605582536372 
-1.1143438241461123 -1.0673006337231188 -1.11243777641717 
