-19.999328106704475 0.002204636585874604 
-14.438539591665648 -11.627206099695808 
-19.999328106704475 0.002204636585874604 
-17.940089410006888 -3.873351291417692 
-19.078957908015546 4.3261505665621305E-4 
-17.047043967701498 -3.8748789442461344 
-15.881629222994821 -7.751190871837011 
-15.631389775321129 -7.7515418492149655 
-16.812451118208706 -4.424304867520889 
-16.747057324550426 -4.618868253745602 
-18.59381656228944 -1.304800908327679 
-14.951804512260583 -10.403251825854094 
-18.24876576137873 -2.8698970577677505 
-18.706571230532234 -0.8761290621240201 
-18.819522907299373 -0.49032875421146926 
-19.030829375012566 -0.07397010346634622 
-16.87114253808197 -4.238898810708644 
-18.511898074441113 -1.6067983832731876 
-18.529217048127286 -1.5308458379879935 
-16.27738265853956 -6.801720491739543 
-16.548563554596456 -5.5409657751347465 
-15.130606365956993 -9.657949606013457 
-16.218942448927763 -6.928831692053335 
-18.63284963116832 -1.1408116666979873 
-16.02662727770319 -7.564413595479766 
-14.636940446896524 -11.372784784077322 
-14.906931351159805 -10.577191541237125 
-15.233129923255314 -9.156433533590812 
-16.449168012457967 -6.071686589498874 
-18.211444712004045 -3.093726102795024 
-18.28635383626414 -2.732014229759965 
-18.430903675064105 -2.0289866108979946 
-15.290446629504242 -8.978454984081722 
-15.15757801842005 -9.538956201437129 
-14.681157317649607 -11.277571375621696 
-15.085713066929618 -9.854889012967462 
-18.19160667412344 -3.185678913008917 
-14.876762313939192 -10.691593318848103 
-15.456250950503748 -8.296445299184327 
-18.39768937197286 -2.159307419455565 
-14.702508879511038 -11.102889741979313 
-18.891673880002955 -0.2654408930534409 
-18.85832540884946 -0.4324255755086281 
-16.551385877683956 -5.3498448767133135 
-16.62949971290245 -5.1869426637386296 
-16.383662305725707 -6.292587795901698 
-16.400201177768928 -6.193671084226254 
-15.552629158822135 -7.980655673547704 
-15.340321517993292 -8.785588523516672 
-16.097480019519708 -7.418143041204109 
-16.703378145464722 -4.833130795826403 
-16.203864714339524 -7.105191634923348 
-15.37273476547188 -8.648131143960585 
-18.95126967271395 -0.21922904255329276 
-16.141007374026852 -7.305191214820069 
-14.995291448345899 -10.232496658949973 
-15.947750298835519 -7.695479144145729 
-16.608415609816113 -5.2975857785436915 
-18.37582467357724 -2.294041920921272 
-15.19485038206371 -9.380082424635976 
-18.45612382439529 -1.8605202532269733 
-16.712812493004144 -4.801591012652492 
-18.018991772082046 -3.786694236394756 
-18.755782408678066 -0.7140563733803118 
-16.9099683943752 -4.144293901035888 
-15.50849315530407 -8.107532024085641 
-15.496461626310204 -8.161719296580515 
-16.513119704178877 -5.74127185236328 
-15.995090312354442 -7.656870912908872 
-14.504084982797533 -11.58576627960792 
-15.066138767270756 -9.910770807803823 
-18.133999309116525 -3.3192583243006553 
-18.312542592231573 -2.5689741682447096 
-18.45612382439529 -1.8605202532269733 
-18.10818395487012 -3.5174477987197004 
-14.836251934091628 -10.815557655121362 
-16.35999011719339 -6.474411489246972 
-16.660736748928006 -5.042170180847186 
-15.396725722379568 -8.554696949525553 
-14.805369048797303 -10.894598926482864 
-15.033216326647548 -10.032853999702484 
-18.718264464179683 -0.8125249011784128 
-18.32801713449745 -2.5318378516182127 
-16.315420760748424 -6.659025799461033 
-14.776199140792478 -11.030773010287287 
-14.550915416977848 -11.451790263817728 
-15.580247528723524 -7.824127719811959 
-15.434962265791864 -8.414773823991531 
-18.11983111527129 -3.486306316455301 
-16.466740869590176 -5.812682650393016 
-16.45120393096402 -5.858156581504815 
-18.628474850827786 -1.1677082005153099 
-18.061427424287274 -3.6479768709530265 
-16.315420760748424 -6.659025799461033 
-16.660736748928006 -5.042170180847186 
-14.549973239337154 -11.453992527468767 
-18.755782408678066 -0.7140563733803118 
-16.360268997649392 -6.473234566996782 
-17.00314868742387 -3.904256548647035 
-15.221459465538192 -9.278633622542227 
