1.7531463321696084E-4 9.806823008624931E-5 9.288338318078721E-5 
-1.1528240165117236 -1.151327483012683 -1.1524704260208205 
1.7531463321696084E-4 9.806823008624931E-5 9.288338318078721E-5 
-1.1527582094803603 5.447947219201745E-5 4.28993988578318E-4 
-0.48253790786325407 5.215673901244994E-5 5.335966033357869E-4 
-0.49181458215825014 9.876048014765167E-5 -1.1258250053961665 
-1.1532486807942202 4.283122636509072E-5 -1.152443620931823 
-1.0791394113028652 -0.6105210150990187 -1.0616217326281545 
-0.6844246621821888 4.1621925418819546E-4 -1.0587029412223175 
-0.6880908613434966 5.7637098081657966E-5 -1.0952947220245837 
-0.757619320840389 4.0159631623085736E-5 6.754817754789366E-5 
-1.0779166129927606 -0.9781124736604858 -1.075099595985876 
-0.004037681682284244 9.806823008624931E-5 -0.9577155730339755 
-0.6916484621267722 5.5021224188097E-5 7.702018788016966E-4 
-0.6217518848448017 5.289752121648118E-5 -0.0055933176141001045 
6.57806802293417E-5 2.9676201280094466E-4 -0.5093677648617707 
-0.651040671196665 4.1621925418819546E-4 -1.0585359685630806 
-0.004037681682284244 9.806823008624931E-5 -0.8008598593980105 
-0.004037681682284244 9.806823008624931E-5 -0.790706425835243 
-1.0010202169596645 4.1621925418819546E-4 -1.0587029412223175 
-1.0327198648365565 1.1221880638865876E-4 -0.863049157950952 
-1.0915758136361018 -0.878957131152996 -1.075099595985876 
-1.1065338762146828 3.000779882698681E-4 -0.9896731181291994 
-0.7340647629932174 3.1669942968029984E-4 7.915394815547457E-4 
-1.0946851773606099 0.012619972554767407 -1.1200103451604093 
-1.148015186784202 -1.0727496624412152 -1.1196833184148445 
-1.0790341242856833 -0.9909208089628959 -1.0912957791326352 
-1.0101354465428976 -0.8686228701608902 -1.0858361675214572 
-0.9849807705847817 5.2808340966463695E-5 -0.9696047913130874 
-0.9849807705847817 5.2808340966463695E-5 2.4088598521904148E-4 
-0.9393311392255874 5.2237971732342834E-5 4.4786594246730053E-4 
-0.8533109566722816 4.2549070347784986E-5 6.754817754789366E-5 
-1.0779166129927606 -0.7908296633973563 -1.091821324925336 
-1.0568194325125966 -0.876003703302324 -1.0916514599952616 
-1.0902772163057461 -1.081419270527084 -1.1188646184330089 
-1.0764795038353732 -0.9049688479033168 -1.0858361675214572 
-0.9972103045513083 9.806823008624931E-5 9.288338318078721E-5 
-1.0906270424596325 -0.9995660208024957 -1.0913530584262838 
-1.1051905007072793 -0.6576605661188177 -1.111072979646578 
-0.870352529397163 1.3544375512152034E-4 0.002340207691012064 
-1.0474915036668924 -1.096091597955218 -1.1115978817255354 
-0.5736301955692038 -0.012104009525478632 5.335966033357869E-4 
-0.6059842751653336 9.806823008624931E-5 9.288338318078721E-5 
-1.1050706711596572 2.9683632994457955E-4 -0.7924397070575133 
-0.9913416714262758 1.3349722369139375E-4 -0.8551266491819283 
-1.0616182027775902 9.258439767111142E-5 -0.9336765805162921 
-0.918017158325362 4.1621925418819546E-4 -1.0674863956530745 
-1.0484906696667566 -0.6730941499667783 -1.0759035813072535 
-1.0787877304273643 -0.7725275887102825 -1.077233768394578 
-1.0788302425564715 0.007527800237803306 -1.091821324925336 
-0.9201512887965534 9.417384178837957E-5 -0.881137708414569 
-1.0471060194708923 1.0894339582636918E-4 -1.0577245784762925 
-1.0903175958660227 -0.7571537184758073 -1.0616217326281545 
6.57806802293417E-5 2.9676201280094466E-4 -0.5536089041397132 
-1.0572010722631426 1.1221880638865876E-4 -1.0865339158320857 
-1.0779166129927606 -0.9563851253822948 -1.075099595985876 
-1.1444740685416892 0.0045581980244482345 -1.1196833184148445 
-0.9642369125876917 1.365855412838518E-4 -0.8942354972864304 
1.7531463321696084E-4 9.806823008624931E-5 -0.8859379307830484 
-1.0578147315223008 -0.8556739843511042 -1.0918832092860538 
-0.004037681682284244 9.806823008624931E-5 -0.833698937254705 
-0.9972103045513083 9.806823008624931E-5 -0.8002946788964956 
-1.103322748093515 5.447947219201745E-5 4.28993988578318E-4 
-0.6633828782036166 3.1040637563880624E-4 7.915394815547457E-4 
-1.078628066250731 7.141315178907304E-5 -0.6106097837896278 
-1.0474915036668924 -0.6725546037776136 -1.111072979646578 
-1.0571444752645118 -0.6725546037776136 -1.1105877280186462 
-0.9052424498185883 5.2237971732342834E-5 -1.0110884558341895 
-1.1234793793824385 5.7497007940095286E-5 -1.11103290221452 
-1.1528240165117236 -1.1190521896669225 -1.1524704260208205 
-1.0414705048729318 -0.9445702835537555 -1.069411240977967 
-1.0197249960187384 2.7392955133163097E-4 0.010543992501140291 
-0.9204663876454322 2.9981074881052E-4 0.003005692440276004 
-0.004037681682284244 9.806823008624931E-5 -0.833698937254705 
-1.0471060194708923 5.705098047838782E-5 -0.0011744986427878468 
-1.090208500180136 -1.0042973232262378 -1.1199926811108407 
-1.017484907490296 2.9995209322094955E-4 -0.991484269174725 
-0.9642369125876917 1.365855412838518E-4 -0.863049157950952 
-1.0903175958660227 -0.743523786451421 -1.0616217326281545 
-1.131018390501346 -1.0021868942456837 -1.111072979646578 
-1.093859157440216 -0.9062783673604831 -1.1115620877009882 
-0.6821278644433342 2.798595404049623E-4 0.0032128587672142217 
6.973644349084207E-5 4.358744841000935E-5 -0.9146997736632315 
-0.9963223647138413 6.0504363861582644E-5 -1.0399885083041451 
-1.1032775383734073 -1.0320178608608892 -1.111072979646578 
-1.0914694408207222 -1.1436776440044156 -1.1187612507049596 
-1.1492666442624577 -0.5216124992295605 -1.1196833184148445 
-1.079270425655275 -0.729668711943968 -1.0616217326281545 
-1.0412803715670722 4.2549070347784986E-5 6.754817754789366E-5 
-1.0851381148401593 1.1213512044941669E-4 -0.86126396241467 
-1.0932074460115153 1.1221880638865876E-4 -0.8627831901667669 
6.973644349084207E-5 3.621953145760339E-5 -0.7374955783346074 
-0.004037681682284244 9.806823008624931E-5 -1.072466666044625 
-0.9963223647138413 6.0504363861582644E-5 -1.0399885083041451 
-0.9642369125876917 1.365855412838518E-4 -0.863049157950952 
-1.0914694408207222 -1.1436776440044156 -1.1196888360125088 
-0.6633828782036166 3.1040637563880624E-4 7.915394815547457E-4 
-1.0173140011003443 2.9995209322094955E-4 -0.991484269174725 
-0.4926446341807402 4.283122636509072E-5 -1.152443620931823 
-1.0791511489236876 -0.8470367504161138 -1.0619636044365588 
