0.5789618447765275 3.098170570091385 
0.407811658109242 8.233430889554336 
0.8505698899805316 1.175840909978911 
0.42256373017545673 7.598613069536233 
0.5726215291771609 3.236451689181149 
0.5481196229450577 3.778031001784722 
0.496715973981785 5.1637317269107 
0.6013187964527822 2.695130753849878 
0.9999999999992957 1.0000000000190794 
0.5028829091615428 4.929087087671521 
0.4803343641768314 5.677335374015333 
0.4522148083537345 6.482374104328094 
0.5845878653115936 2.9751731489446653 
0.9105308981134865 1.0988514725131626 
0.3991048928032905 8.542308192738677 
0.7579309973005355 1.3193813204126654 
0.4054730704378774 8.287414200832469 
0.5092443876976137 4.7479385309029265 
0.5955961973488966 2.7832467111960533 
0.6970172389026652 1.4389223751466518 
0.6102234337777523 2.5158398651079743 
0.4560332567431886 6.375937238542788 
0.43093074373884654 7.24765648533737 
0.6037139687190194 2.657004420747852 
0.5120807505926757 4.695973943573961 
0.5678826911964007 3.361023985099855 
0.8751060854193833 1.1427726994341465 
0.44420848676266744 6.79928093426129 
0.5828061130141213 3.0296285237913536 
0.4680664809045747 5.997670376613906 
0.39837275203310624 8.597337073996485 
0.8002871994514015 1.2496316570309554 
0.4820686031624322 5.52525508350018 
0.5370175497270367 4.0436765806075865 
0.3918137929632327 8.874235586304358 
0.9558136676463297 1.0471582847222425 
0.7224589225984711 1.385095906782748 
0.6195738506286366 2.30635355790091 
0.5254131974149108 4.3448397031908845 
0.6690071082422561 1.4948425352435581 
0.5158430768076187 4.581706063553484 
0.570220694117086 3.2896181850661574 
0.6502242723253181 1.7959855820434805 
0.3959398961324322 8.683662608395645 
0.6388509909262723 1.9732649003960583 
0.5551367163421922 3.6400090685795408 
0.6050747818201043 2.577047927597825 
0.643551307241407 1.8844477440505505 
0.39507630385395537 8.748934243882212 
0.48777246889876974 5.402259368041586 
0.6604298975160509 1.6388958865543068 
0.4418538068269229 6.880078190504283 
0.4355252373213976 7.081372219214862 
0.401663445210477 8.454809501018705 
0.6313259301589861 2.140483402209451 
0.4805415593248453 5.606370623577481 
0.49809992303180634 5.075879841718598 
0.4722889684597477 5.843315453939797 
0.4495509567783959 6.5828861950099515 
0.4149956166196908 7.88418834526563 
0.6337036284184869 2.057835993795511 
0.4250951505943361 7.4823495287994986 
0.444566379914773 6.7462970222094665 
0.39314981924975434 8.813808388410672 
0.4287879465860632 7.373195447835882 
0.4089127207779127 8.171900944500791 
0.6157165069987196 2.380404840985339 
0.5931700180675581 2.858170567721806 
0.4104237066836327 8.098619072553591 
0.6249388405566271 2.2295179147165904 
0.46492923136828707 6.066192586921922 
0.4379157609652107 6.984896873061869 
0.5755347953734041 3.1666482500460535 
0.654153213543723 1.7064701900278714 
0.5582471339498712 3.5839204007456864 
0.5045728951875479 4.875974657719871 
0.5427564086360696 3.9238693101274773 
0.5517447230252691 3.7064044185968603 
0.4748320131502779 5.757837728203554 
0.41270471672800435 7.9841132492245634 
0.66275333100844 1.563600642649104 
0.4581191880992617 6.29500313931958 
0.40369567571863113 8.366228221563155 
0.5617637356743281 3.51873002496178 
0.44688531530384057 6.665036785135903 
0.5876602337701857 2.9159707586365666 
0.5627776225931891 3.4403051256241066 
0.4338779049732469 7.169506873978558 
0.46036384592720014 6.2154519497386005 
0.4174501718466434 7.7811240693965695 
0.5270667953536472 4.294729204213772 
0.612117040798532 2.448002959458214 
0.422782475388967 7.557503677461028 
0.5229313932571947 4.393262182002267 
0.530922846610737 4.188965727089913 
0.4903601448009157 5.278261961510983 
0.5193585923343528 4.482066351152791 
0.46916917443920597 5.927434789796492 
0.46406553048543947 6.145641740174965 
0.5451518267128747 3.8460556185305546 
