0.39063161403259206 8.921035934269721 
1.0 1.0 
1.0 1.0 
0.39063161403259206 8.921035934269721 
0.45996934038112297 6.274565581983515 
0.48783987964979136 5.356809470007113 
0.536829399778458 4.044380714833492 
0.9641103040832842 1.037371273528046 
0.5650786426583697 3.387802681357959 
0.8018899053535562 1.2475236129207812 
0.9453511538434844 1.0579564322761432 
0.5258319122796956 4.313005215922147 
0.6728546085986276 1.4862051730368446 
0.3957916987564137 8.751119943997983 
0.5324439654817567 4.183426837593084 
0.7907853980941149 1.265166011325487 
0.5900447579504234 2.8767808359132694 
0.7737146781316997 1.292470626747294 
0.40307537901640245 8.482668234516218 
0.4395490963173715 6.939464712641088 
0.5580458067890184 3.565353753977091 
0.6393980230547903 1.9627623167864943 
0.5006433875727594 4.994832062508199 
0.4527178177519662 6.505200025341933 
0.5708340849191931 3.2745996330811256 
0.39964826653255564 8.533097082025774 
0.5064836171598371 4.855187133789748 
0.8228592522437873 1.2269823181487365 
0.6485481299946751 1.8121912749789226 
0.736633741492764 1.3575267377463172 
0.650878989486344 1.7572554644571678 
0.9109785719471805 1.0980459888562628 
0.44756179626218107 6.816948384115651 
0.44858946610528183 6.712946118244504 
0.5844576520654782 3.073363562540698 
0.6095561018934956 2.5170917292361583 
0.7039006967528959 1.4208492381480613 
0.4201161328695392 7.7389648705217065 
0.5462522132955913 3.856800754544845 
0.5785913630274848 3.1934024254563442 
0.41076401844872074 8.059728741059779 
0.7637211722328283 1.3093832255999904 
0.4386569337582338 7.090748755283797 
0.49527795682560793 5.197552421781627 
0.42199875112329277 7.5884223476773505 
0.48099850255022375 5.561763285714165 
0.6607860767604433 1.6201728829373647 
0.4166276281323484 8.05179347140815 
0.40712291572686665 8.23977105345468 
0.5995635413111452 2.7288601063717186 
0.8953403648354842 1.1168953506543913 
0.5951328745444078 2.811382605880659 
0.612722551334538 2.431943746834553 
0.5119532136460025 4.675773051020397 
0.9965796750270299 1.0034338122961333 
0.6607860767604433 1.6201728829373647 
0.45104866259517884 6.529273233110156 
0.4267955546942987 7.4166375205271935 
0.919723387065076 1.0876056659303273 
0.4942831336978516 5.214722706394169 
0.8550829000334685 1.1694890376061264 
0.46895716943705024 5.957271774300261 
0.5579271582169322 3.675765086823417 
0.6173875232987723 2.3477093577523775 
0.41705384897056724 7.847882680120909 
0.47852892803920793 5.643487146363587 
0.9812614584408436 1.019239393706079 
0.9793893709784467 1.0211876538635605 
0.8820482124821412 1.1342652087192626 
0.6333790924331011 2.0974257253675157 
0.46391186317272914 6.100545052500731 
0.3925444152703492 8.858663481256025 
0.8746350518005539 1.1433865058919785 
0.7525336669182628 1.3294751476279616 
0.4257838493487387 7.512831902629273 
0.40712291572686665 8.23977105345468 
0.5220527423272577 4.489587446237248 
0.8273807489252538 1.2175788457323986 
0.841426065855576 1.1884606184054876 
0.46895716943705024 5.957271774300261 
0.8654592052601532 1.1555486648481095 
0.623733188210846 2.301973643246164 
0.5038253084547539 4.932670579980462 
0.6392860673072829 2.0705069189095764 
0.9318637273361957 1.0731189118474336 
0.5160123815763042 4.622421414443967 
0.5180473350999864 4.528230804693143 
0.7286600457474626 1.3725697937606791 
0.4753997438957297 5.773486046110332 
0.5798352266739417 3.074196751718258 
0.46391186317272914 6.100545052500731 
0.6276830200941741 2.1599873576106376 
0.6041983058579923 2.6500154839459493 
0.8914988982323642 1.121709645691622 
0.5496194273815762 3.7434787962040703 
0.8379737856975498 1.193921367227913 
0.6910221068633305 1.4506692453828818 
0.5516032597862333 3.7300154338864977 
0.682822842729923 1.4680887275219845 
0.4770206507214296 5.753867853635708 
