0.39063161403259206 2.4848386658465342 
1.0 0.0 
1.0 0.0 
0.39063161403259206 2.4848386658465342 
0.45996934038112297 1.8861077919230542 
0.48783987964979136 1.6132652871551325 
0.536829399778458 1.1711424716196346 
0.9641103040832842 1.4033396838830647E-4 
0.5650786426583697 0.9143749407761411 
0.8018899053535562 3.7659189137162485E-4 
0.9453511538434844 1.4033396838830647E-4 
0.5258319122796956 1.2679157803606442 
0.6728546085986276 9.61783154964705E-13 
0.3957916987564137 2.463620628656093 
0.5324439654817567 1.2274403747108664 
0.7907853980941149 4.7480792116865936E-4 
0.5900447579504234 0.6974294520028619 
0.7737146781316997 3.494968458775025E-6 
0.40307537901640245 2.4191547136980223 
0.4395490963173715 2.0502354433676784 
0.5580458067890184 0.9896307121264012 
0.6393980230547903 0.2549863450797244 
0.5006433875727594 1.5006296441311375 
0.4527178177519662 1.9450199595128352 
0.5708340849191931 0.8692530850265899 
0.39964826653255564 2.4102374569856093 
0.5064836171598371 1.4590727415097335 
0.8228592522437873 0.009633752828218045 
0.6485481299946751 0.17529326258024636 
0.736633741492764 2.5358531181967833E-12 
0.650878989486344 0.14376066097523765 
0.9109785719471805 2.963668606079571E-4 
0.44756179626218107 2.0510056638213734 
0.44858946610528183 2.011356915176826 
0.5844576520654782 0.7962508517061296 
0.6095561018934956 0.5343086225815508 
0.7039006967528959 1.3676871324160489E-4 
0.4201161328695392 2.2512639938167935 
0.5462522132955913 1.106785948410228 
0.5785913630274848 0.847675062040062 
0.41076401844872074 2.3106465652843635 
0.7637211722328283 3.691957226536021E-6 
0.4386569337582338 2.1104061070428033 
0.49527795682560793 1.5742331439539952 
0.42199875112329277 2.2023047537159273 
0.48099850255022375 1.675199811967326 
0.6607860767604433 0.07058768298983831 
0.4166276281323484 2.354599616204305 
0.40712291572686665 2.354599616204305 
0.5995635413111452 0.636125029118936 
0.8953403648354842 1.4907379587262865E-6 
0.5951328745444078 0.6731462116819045 
0.612722551334538 0.4901067772625429 
0.5119532136460025 1.3937770397492666 
0.9965796750270299 1.742569214171672E-6 
0.6607860767604433 0.07058768298983831 
0.45104866259517884 1.9450199595128352 
0.4267955546942987 2.1653879245399517 
0.919723387065076 2.963668606079571E-4 
0.4942831336978516 1.5775494806818515 
0.8550829000334685 1.0077833596836976E-5 
0.46895716943705024 1.793705308843084 
0.5579271582169322 1.050809169164404 
0.6173875232987723 0.4494464658080919 
0.41705384897056724 2.272989678013876 
0.47852892803920793 1.700571854552416 
0.9812614584408436 1.4033396838830647E-4 
0.9793893709784467 1.4033396838830647E-4 
0.8820482124821412 4.7659983150838414E-4 
0.6333790924331011 0.32846560237911593 
0.46391186317272914 1.8301152216747887 
0.3925444152703492 2.4774188763264426 
0.8746350518005539 4.5915808884916835E-5 
0.7525336669182628 4.7480792116865936E-4 
0.4257838493487387 2.1988424870115004 
0.40712291572686665 2.354599616204305 
0.5220527423272577 1.3438014382261851 
0.8273807489252538 0.007401297257618122 
0.841426065855576 1.742569214171672E-6 
0.46895716943705024 1.793705308843084 
0.8654592052601532 8.02291188759428E-5 
0.623733188210846 0.4358173596792667 
0.5038253084547539 1.4852042764643458 
0.6392860673072829 0.32364622552222244 
0.9318637273361957 5.890691119095299E-7 
0.5160123815763042 1.3852266827165403 
0.5180473350999864 1.3458379010889499 
0.7286600457474626 1.3676871324160489E-4 
0.4753997438957297 1.7447137877064212 
0.5798352266739417 0.7825275703728516 
0.46391186317272914 1.8301152216747887 
0.6276830200941741 0.3557873879902797 
0.6041983058579923 0.6011348658975902 
0.8914988982323642 2.913270696689772E-6 
0.5496194273815762 1.0574886723847532 
0.8379737856975498 4.7480792116865936E-4 
0.6910221068633305 0.002444518306316968 
0.5516032597862333 1.0574886723847532 
0.682822842729923 0.002444518306316968 
0.4770206507214296 1.7447137877064212 
