0.5844193402754289 2.980536523425696 
0.5438771439900192 3.871257070810111 
0.5669708427283864 3.3476203183657414 
0.4745967004060306 5.750441013067669 
0.5460888232064185 3.8214203115912544 
0.666617577964043 1.5007746139391045 
0.5255603060692066 4.319710476863902 
0.4880098748044849 5.345076222408817 
0.6454219781898716 1.8527072310113661 
0.6536344306980472 1.709690810449459 
0.4278587638343727 7.392971439236482 
0.45203394364601884 6.497041190152006 
0.6920039397332405 1.4456675937117163 
0.3946105495855647 8.740893955328636 
0.41936694362244126 7.694323648525566 
0.6590517543209079 1.621715425914704 
0.6416827588257289 1.9189501812384817 
0.503451104403353 4.9045497248573895 
0.6330927299385428 2.0568606787898287 
0.6209802622970558 2.2727102669051122 
0.3946105495855647 8.740893955328636 
0.4792932983003173 5.607040555735173 
0.4460614712333393 6.698500813387181 
0.408538843788346 8.136310238623354 
0.5167551868332197 4.548986008684244 
0.4559689881494888 6.357366669707253 
0.4559689881494888 6.357366669707253 
0.5085855562293663 4.764151277656754 
0.666617577964043 1.5007746139391045 
0.49404648412336266 5.173593180811554 
0.6614600699284032 1.582838315494912 
0.5934304471256772 2.7971321777914193 
0.4110291462512684 8.045889037939784 
0.5307520127923493 4.194272089734316 
0.6029926588295191 2.609158789816518 
0.6454219781898716 1.8527072310113661 
0.4880098748044849 5.345076222408817 
0.5813656171440645 3.0421212707910232 
0.46256674992550995 6.133458608053467 
0.46256674992550995 6.133458608053467 
0.4168988042373759 7.791332577708994 
0.5344278470826893 4.099624100445258 
0.5133063464470324 4.642301638563803 
0.49768094742729047 5.065696559652876 
0.6173650095080199 2.3417473948750103 
0.6029926588295191 2.609158789816518 
0.543002348251679 3.8969992096505752 
0.6416827588257289 1.9189501812384817 
0.551834093332912 3.685494615212041 
0.4460614712333393 6.698500813387181 
0.5167551868332197 4.548986008684244 
0.6330927299385428 2.0568606787898287 
0.465720892477936 6.039492190771241 
0.4238351580827645 7.516920395746196 
0.5667452841804593 3.352052543956078 
0.46629986327012274 6.024731812805517 
0.6137256165869305 2.408818598099738 
0.3927310039060813 8.832841340274804 
0.5519628462572232 3.682468727249412 
0.3985995224381217 8.561706391493423 
0.5769149246154508 3.1340196723448304 
0.5561944464517798 3.587159099133549 
0.5844193402754289 2.980536523425696 
0.5085855562293663 4.764151277656754 
0.626941983357953 2.165520137695918 
0.4372591779090297 7.009017069172989 
0.4940718623571356 5.169656855697804 
0.6251529803144936 2.199275577814808 
0.5344278470826893 4.099624100445258 
0.49768094742729047 5.065696559652876 
0.4322052360148764 7.196260410875785 
0.519822590121065 4.468936124337641 
0.4745967004060306 5.750441013067669 
0.6536344306980472 1.709690810449459 
0.5934304471256772 2.7971321777914193 
0.4517526011584001 6.501087417502799 
0.5934304471256772 2.7971321777914193 
0.4238351580827645 7.516920395746196 
0.5255603060692066 4.319710476863902 
0.4400909792785706 6.906017084674117 
0.40141724817192415 8.442952860008079 
0.4168988042373759 7.791332577708994 
0.47799049571881946 5.646130534534941 
0.5344278470826893 4.099624100445258 
0.503451104403353 4.9045497248573895 
0.5667452841804593 3.352052543956078 
0.666617577964043 1.5007746139391045 
0.666617577964043 1.5007746139391045 
0.4070044962768558 8.199489308291879 
0.5597383729087989 3.506412194964846 
0.4400909792785706 6.906017084674117 
0.5769149246154508 3.1340196723448304 
0.6057871182595308 2.5561300289271665 
0.4322052360148764 7.196260410875785 
0.5438771439900192 3.871257070810111 
0.5844193402754289 2.980536523425696 
0.6133758583238345 2.4161594222002636 
0.4792932983003173 5.607040555735173 
0.5597383729087989 3.506412194964846 
