0.5844193402754289 0.7418831886872653 
0.5438771439900192 1.1054882393233707 
0.5669708427283864 0.8980031130384936 
0.4745967004060306 1.7291403306814277 
0.5460888232064185 1.0868349209339732 
0.666617577964043 4.427382140074522E-4 
0.5255603060692066 1.2702683603509504 
0.4880098748044849 1.608449978118156 
0.6454219781898716 0.19577796604603515 
0.6536344306980472 0.11751277955781494 
0.4278587638343727 2.1631476210545446 
0.45203394364601884 1.936883151215035 
0.6920039397332405 4.076703931813105E-4 
0.3946105495855647 2.449248967581373 
0.41936694362244126 2.2267449917240376 
0.6590517543209079 0.06879439645836383 
0.6416827588257289 0.2313572463462415 
0.503451104403353 1.4692009755806137 
0.6330927299385428 0.30218354223829674 
0.6209802622970558 0.4113082176679483 
0.3946105495855647 2.449248967581373 
0.4792932983003173 1.6874169616619552 
0.4460614712333393 1.9879431278772057 
0.408538843788346 2.3239987775904667 
0.5167551868332197 1.3507121148193288 
0.4559689881494888 1.8987620476817013 
0.4559689881494888 1.8987620476817013 
0.5085855562293663 1.422978527507906 
0.666617577964043 4.427382140074522E-4 
0.49404648412336266 1.5559955212645527 
0.6614600699284032 0.046984342852620375 
0.5934304471256772 0.659903398936381 
0.4110291462512684 2.3070949020968285 
0.5307520127923493 1.2261183538252614 
0.6029926588295191 0.5733035959798728 
0.6454219781898716 0.19577796604603515 
0.4880098748044849 1.608449978118156 
0.5813656171440645 0.7685847100205091 
0.46256674992550995 1.8371340141299344 
0.46256674992550995 1.8371340141299344 
0.4168988042373759 2.2481972350625914 
0.5344278470826893 1.1909532818492663 
0.5133063464470324 1.382922893196258 
0.49768094742729047 1.5211006631872093 
0.6173650095080199 0.4457129027023914 
0.6029926588295191 0.5733035959798728 
0.543002348251679 1.1160797219751997 
0.6416827588257289 0.2313572463462415 
0.551834093332912 1.0337815794688658 
0.4460614712333393 1.9879431278772057 
0.5167551868332197 1.3507121148193288 
0.6330927299385428 0.30218354223829674 
0.465720892477936 1.8127176931995073 
0.4238351580827645 2.1859351442266455 
0.5667452841804593 0.899759971612219 
0.46629986327012274 1.8093316205503713 
0.6137256165869305 0.47835367936482714 
0.3927310039060813 2.4689306469092607 
0.5519628462572232 1.0325859199457996 
0.3985995224381217 2.4126920789046924 
0.5769149246154508 0.8080627230141574 
0.5561944464517798 0.9951579694770496 
0.5844193402754289 0.7418831886872653 
0.5085855562293663 1.422978527507906 
0.626941983357953 0.3576554901286665 
0.4372591779090297 2.064757041616938 
0.4940718623571356 1.554181990441948 
0.6251529803144936 0.3748836820038072 
0.5344278470826893 1.1909532818492663 
0.49768094742729047 1.5211006631872093 
0.4322052360148764 2.11026142930708 
0.519822590121065 1.3230539512387862 
0.4745967004060306 1.7291403306814277 
0.6536344306980472 0.11751277955781494 
0.5934304471256772 0.659903398936381 
0.4517526011584001 1.936883151215035 
0.5934304471256772 0.659903398936381 
0.4238351580827645 2.1859351442266455 
0.5255603060692066 1.2702683603509504 
0.4400909792785706 2.039275821708771 
0.40141724817192415 2.3891469035097197 
0.4168988042373759 2.2481972350625914 
0.47799049571881946 1.6987967330955196 
0.5344278470826893 1.1909532818492663 
0.503451104403353 1.4692009755806137 
0.5667452841804593 0.899759971612219 
0.666617577964043 4.427382140074522E-4 
0.666617577964043 4.427382140074522E-4 
0.4070044962768558 2.337229015648801 
0.5597383729087989 0.962673456757193 
0.4400909792785706 2.039275821708771 
0.5769149246154508 0.8080627230141574 
0.6057871182595308 0.5484706441204393 
0.4322052360148764 2.11026142930708 
0.5438771439900192 1.1054882393233707 
0.5844193402754289 0.7418831886872653 
0.6133758583238345 0.48201385943930675 
0.4792932983003173 1.6874169616619552 
0.5597383729087989 0.962673456757193 
