0.852169253212066 -0.7726659063309695 
1.875217333256946E-7 1.0014020437413462 
0.8234408308426432 -0.4595674398828256 
0.618449179750385 -0.1243090547395067 
0.6527283315545239 -0.45768577994808635 
0.45441480897340336 -0.12353053997414618 
0.40942990826518144 0.2411798785029034 
0.2572815731142824 0.24297932528065197 
0.18247440542730609 0.6696594649898018 
0.08225108747439946 0.6707169764744312 
0.21031613257662674 0.4753076317251844 
0.21771518343164867 0.4194091466886132 
0.23660799780125424 0.2991180872303878 
0.20221043036154152 0.5377992762870117 
0.026085507574639677 0.8205367164462768 
0.42533156268138844 0.0460112402665882 
0.42948202258011975 0.007754718602560123 
0.6273830840129941 -0.2668702271082936 
0.05263384855057024 0.7193707496877461 
0.6382592792063465 -0.39342441067990735 
0.011371591223741595 0.8912073295365609 
0.2055671673617332 0.5119298309761396 
0.6355964450183014 -0.3673624431494545 
0.43820518896046684 -0.06918817361769118 
0.18689778380446997 0.6440466912855675 
0.41121599222301486 0.21788053645424263 
0.1951016144813001 0.589533598930485 
0.058976344969804556 0.7015420988744657 
0.6235209877408417 -0.20863328292437228 
0.04155286586259882 0.7702562774218055 
0.6293884846360565 -0.2943343108241163 
0.1918503427097985 0.6118915351716134 
0.6340673433620271 -0.3467830353864241 
0.047811871859215205 0.734716692719452 
0.04346799808665974 0.7500622237671267 
0.43023333160834737 -0.004548645443330407 
0.843672586355007 -0.744706919331833 
0.6222354716086866 -0.1866360425583667 
0.07440438951211852 0.6752511845232234 
0.2081224781225829 0.49468140596711485 
0.41405046289739217 0.1810541944398478 
0.41699132778960657 0.14386683989517382 
0.8413937715896844 -0.7273061341365641 
0.1985918143586162 0.5644287586923976 
0.43332983816337695 -0.03187112977281817 
0.6318486247506048 -0.3252774409985118 
0.4159712368667429 0.1562565192278739 
0.8314306450557282 -0.6033610096575862 
0.6212091407574554 -0.16632710854691152 
0.4138217298678627 0.19738716992028152 
0.4420481430673898 -0.09185311324680558 
0.6250459040776976 -0.23248776280842945 
0.4218123125424724 0.08528620243820315 
0.0063323088362853 0.9260094571349838 
0.007342986838553223 0.9140501974361641 
0.6259385459715701 -0.24488383471317687 
0.8242236706677182 -0.4752792010074317 
0.22041789250756805 0.4046080935917328 
0.06684309541718744 0.6857360890788623 
0.2316948550206712 0.32589891123051773 
0.43332983816337695 -0.03187112977281817 
0.825217565782334 -0.4949388508958991 
0.4462316277880047 -0.11011992086285954 
0.0024762788662784363 0.9517859052519345 
0.420365030037393 0.1018746690027111 
0.6305876652179179 -0.3103480019609035 
0.6444138264489825 -0.4363944943091269 
0.24131176189222647 0.27714819995311885 
0.2219758005238526 0.3895393474979339 
0.24188678275643247 0.2751014951752805 
0.24786353145176268 0.25621642921835125 
0.22848040751905727 0.3469963176936867 
9.172403402872842E-4 0.971461071280684 
0.015327364087311446 0.8709409501364195 
0.19758331055138498 0.572048157424894 
0.4190468331598571 0.1175366904988082 
0.06385468357310059 0.6909599983876765 
3.5689216093032217E-4 0.9828611461235557 
0.8383887277405695 -0.6975734968866796 
0.6414086329030831 -0.4172929420235587 
0.03483585413384488 0.7836519931166812 
0.019641409475177334 0.8505885677819888 
0.6406251463664925 -0.41259656122115557 
0.828770593287693 -0.5607874362628249 
0.8355272154806602 -0.6638049290863329 
0.8365975025946044 -0.6773755526993073 
0.8300528911972247 -0.5823779117698006 
0.019334014876942418 0.8509690107818034 
0.2503964844569931 0.25008044081652364 
0.6459097374651082 -0.4432560449839428 
0.8470204242210738 -0.7628088228789797 
0.6500329315126978 -0.4535526396818038 
0.014680153938505316 0.8737831681901309 
0.8284619048109316 -0.5553804746648506 
0.030964159453376217 0.8037462591405735 
0.0342315906701061 0.7864851145347974 
0.8394660242297965 -0.7093649167834456 
0.8329393197028842 -0.624830722997 
0.8273533660687988 -0.5352533915677079 
0.23160079151908147 0.32629762319953565 
