-14.436997276421273 -11.627264653129515 
-14.436997276421273 -11.627264653129515 
-19.999380606482973 0.001742129082760574 
-19.999380606482973 0.001742129082760574 
-17.940869595451822 -3.8740309531790422 
-19.07948756175172 -5.3621160038543406E-5 
-17.04049579890087 -3.8751643225326506 
-15.641337165501072 -7.7521806378511195 
-15.884128590317617 -7.750981201885486 
-16.654454426282427 -5.071111314449224 
-15.59314098001499 -7.870820474895313 
-14.60149218760953 -11.406812843512899 
-16.004520414952573 -7.622094574467194 
-18.584584255016075 -1.340836334092756 
-16.2537760437108 -6.840094894169029 
-18.523648262903865 -1.60142444706312 
-16.0870496368153 -7.436804794200371 
-18.363157820904878 -2.3567005998744057 
-18.75725872628298 -0.656496770780158 
-18.627769962238634 -1.121233527371641 
-15.349073741804215 -8.729414645795694 
-18.29021672883882 -2.700173511194301 
-18.334926743399098 -2.4960708884484895 
-16.42765997158991 -6.1231281385070915 
-14.837384471868273 -10.725971822294113 
-16.80144172393679 -4.458720530708984 
-16.165628055378857 -7.236436735022648 
-16.55471352820097 -5.5249999769858755 
-18.810875518722916 -0.5556469153419459 
-18.409487687745443 -2.1256749760638027 
-18.697838595278263 -0.9122494802543989 
-15.308871889031739 -8.88661273064691 
-18.03382431347178 -3.6094838956157913 
-15.090542287258534 -9.778657548166064 
-16.887703817403697 -4.16450546333355 
-14.68290030907863 -11.160940453085123 
-14.91805370298512 -10.51416821491961 
-14.675328294116653 -11.235307292827247 
-14.978262161289717 -10.291973063924543 
-14.53859498750276 -11.540014894932657 
-18.851419027236282 -0.4233008640349757 
-15.02964797306268 -10.046745582850624 
-18.452750206534134 -1.9190136372369866 
-14.816072582921905 -10.890713505996413 
-15.038957383400884 -10.009770645678081 
-16.590756203421854 -5.387136263980636 
-16.369070837714084 -6.336405287626702 
-14.897973937923705 -10.600131688745012 
-18.710701537960524 -0.8682264303624925 
-15.14191264330223 -9.59357830703481 
-16.680386584192348 -4.94781414061956 
-15.42261237038598 -8.355626582291132 
-16.735626384104748 -4.617150468249238 
-16.057450373255453 -7.537073401842286 
-14.773542883795209 -11.023006356468928 
-17.018815152970518 -3.9142316351034845 
-15.515027683437623 -8.11168811775564 
-16.51085038110466 -5.663144330837961 
-18.162278716899074 -3.3117614558788793 
-14.970169466694857 -10.334091953235214 
-18.11325746302596 -3.508727535963054 
-15.461857234721915 -8.188161586142408 
-16.407588062171655 -6.253751904696967 
-18.89490653484702 -0.32161641605226704 
-18.46177442440978 -1.727659385503464 
-16.493533331078908 -5.746503568944142 
-16.17992553175487 -7.174334681052323 
-16.312633189221888 -6.642254715958195 
-18.031358949024245 -3.7601885782899402 
-18.222519241417068 -3.0449189575026767 
-16.820443367377973 -4.257681856625458 
-18.596508639202227 -1.2195071446817798 
-16.47552113158583 -5.932374716178286 
-17.991402637983008 -3.8381863672662484 
-18.89490653484702 -0.32161641605226704 
-18.12064162839765 -3.4471044521894387 
-18.42449851897213 -2.0572160527666683 
-16.70844874914026 -4.810325808930631 
-15.10140711433284 -9.720070505951362 
-15.280535430726626 -9.01236516896996 
-14.495201593329142 -11.595584289936928 
-15.390714533603894 -8.555079992539966 
-18.244182369608055 -2.8842269268784575 
-16.946034318212476 -4.031663958357838 
-18.181962191176623 -3.226268211661229 
-15.164661163062151 -9.472727450173933 
-16.218311935369304 -7.023429619413855 
-19.004761536902777 -0.11152561105774894 
-19.004761536902777 -0.11152561105774894 
-16.590756203421854 -5.387136263980636 
-18.199794956825976 -3.108585189711047 
-16.2185371794739 -6.979674428089687 
-18.501553556963692 -1.694591820625904 
-15.884128590317617 -7.750981201885486 
-16.348240990825964 -6.511969809159739 
-15.20661612442855 -9.310502182247564 
-15.188238937173233 -9.414117385291924 
-15.451382335277515 -8.317181559630352 
-15.390714533603894 -8.555079992539966 
-16.81080627749958 -4.317166385755752 
