-1.1526356443768864 -1.1519982564322264 -1.1528285142936114 
-1.1526356443768864 -1.1519982564322264 -1.1528285142936114 
4.31949433223782E-6 4.51481545991305E-5 2.604656882792544E-4 
4.31949433223782E-6 4.51481545991305E-5 2.604656882792544E-4 
1.1064366776908678E-4 1.880145525961179E-4 -1.152536788675242 
1.4028189106330503E-4 2.67102045568389E-4 -0.48250434986901514 
-1.0948354979487744 -1.2398446046207656E-4 -0.5229072323697943 
-1.08530570466106 -0.5718490075348548 -1.0905752320148814 
-1.1526356443768864 7.131363449924659E-5 -1.1514830649296153 
-0.8556411741854234 1.8337955414207815E-4 -0.9756241655224601 
-1.0918559808806356 -0.6229920211600068 -1.0628243499977508 
-1.0947201325258855 -1.0987534608164329 -1.1564068705888118 
-1.0954631060672608 7.131363449924659E-5 -1.1332188167084005 
1.111901718961298E-4 -1.422214595563216E-4 -0.7628748358584678 
-1.0874049236219747 -1.422214595563216E-4 -0.9871676227523836 
8.195153105361653E-6 -1.2285952112335254E-4 -0.7985587541757273 
-1.0999785262695365 -0.009486809993869992 -1.0771418186130575 
3.4342121843132945E-5 1.8836701741343823E-4 -0.8935160800252662 
0.006842092317734805 5.315972782255951E-4 -0.6556855265182651 
-0.004516934542410311 5.206164768492346E-4 -0.732730112123583 
-1.0388767166636437 -0.7930132677128583 -1.0799905534763536 
-0.9359101230568317 -2.854761226060014E-4 -0.0013252387515377828 
1.1299008741687169E-4 -1.3273277935630433E-4 -0.910442692987104 
-1.0388767166636437 5.052983352118456E-4 -0.9293802425943918 
-1.0412879257793393 -1.0507020694406932 -1.07973307958509 
-0.7030487400157067 5.177744651944955E-4 -1.045488792124916 
-1.0665520531601385 -1.2212645191154908E-4 -1.06189911871074 
-0.9388583498968958 -0.01691770954184091 -0.9514608536044906 
3.439840157562011E-6 5.199345481933687E-4 -0.6324011341661258 
4.462679269125968E-6 5.493471714440052E-4 -0.8654693252524669 
1.111901718961298E-4 -1.422214595563216E-4 -0.6973451166688902 
-1.033567947347363 -0.8181318056757991 -1.079985830291531 
-0.0028750483471482098 0.017855123647423872 -1.0720532375023257 
-1.023025072442827 -0.9392517452675773 -1.0755205900515699 
-0.6068643158171121 -0.01628837955268464 -1.0962253025749633 
-1.1526356443768864 -1.029070572267711 -1.1528285142936114 
-1.1086826685230882 -0.9827420106915258 -1.066321217451594 
-1.1202933628098348 -1.0473593238007586 -1.158904198472271 
-1.0998516351307934 -0.9521188810923336 -1.0758026981178237 
-1.1497369434701 -1.1233306557746967 -1.1137607818001583 
-0.6061624483071991 6.860746358338071E-5 -0.00343092337853218 
-1.0822230134965685 -0.9594763933453847 -1.0343360126515502 
1.393176015246302E-4 -4.938843223982335E-4 -0.8398590145640472 
-1.092166940984702 -1.0348892293687966 -1.07973307958509 
-1.0799174809123104 -0.9561453429352272 -1.0343360126515502 
-0.9196896992595424 2.0657901360309839E-4 -0.9492197412492436 
-1.071850440747541 1.5906518569567515E-5 -0.932506798595333 
-1.1086826685230882 -0.9851939923672339 -1.080102035117955 
1.111901718961298E-4 -1.422214595563216E-4 -0.6899565523960007 
-1.0844794206547774 -0.8990285477702875 -1.0391130185623303 
-0.8658136773123024 2.1479484472828366E-5 -0.9495236902155617 
-1.139312091709876 -0.6758037843938721 -1.0804960411729927 
-1.1136583583812962 5.287906496807491E-4 -0.6777636109398573 
-1.0963054433347486 5.31214705324919E-4 -1.0992880841593595 
-1.0991481163499477 -1.0513624776117068 -1.0809753368493227 
-1.0948354979487744 -1.2398446046207656E-4 -0.5349571643781377 
-1.1077829258420948 -0.6559022354711269 -1.066321217451594 
-0.8556411741854234 2.1399468653163158E-4 -1.0636674674725335 
1.3871341099150168E-4 2.6348288857499944E-4 -1.014943724823858 
-1.0799174809123104 -0.9648372666357948 -1.0804960411729927 
3.4342121843132945E-5 2.6348288857499944E-4 -1.0451007106165777 
-1.139312091709876 -0.6824169316831852 -1.0423239171628214 
-0.9645479301396679 -1.2008351057523977E-4 -1.0154652736420053 
-0.0028750483471482098 1.9820472019122415E-4 -0.5822934331260782 
0.013414909835188893 2.5905811245627275E-4 -0.8193207326177971 
-0.8659263234828531 2.1298442247258477E-4 -1.0636674674725335 
-1.064248054923346 0.0050907526697177375 -1.055341102028367 
-1.0583997824580378 1.8337955414207815E-4 -0.9798330543278406 
1.4013887596368258E-4 2.5905811245627275E-4 -1.0957899909906614 
2.643603010084858E-5 5.671316249503587E-5 -0.9784661702761589 
-1.1526356443768864 7.131363449924659E-5 -0.5943149559692666 
0.006842092317734805 5.315972782255951E-4 -0.748173227336248 
-1.005735643653213 1.5906518569567515E-5 -0.9330938155887898 
2.643603010084858E-5 5.671316249503587E-5 -1.121015697801905 
-0.0028750483471482098 1.9820472019122415E-4 -0.5822934331260782 
-1.036657063471059 6.860746358338071E-5 -0.00343092337853218 
1.1302142370840282E-4 1.9820472019122415E-4 -0.8569348637857926 
-0.865892760386356 1.5906518569567515E-5 -0.932506798595333 
-1.1170634180461225 -0.8990285477702875 -1.0413069634522563 
-1.0965813032932958 -0.7916458759210966 -1.079985830291531 
-1.1526356443768864 -1.1234252673880694 -1.152698142155754 
-1.1086826685230882 -0.7300415311484864 -1.066321217451594 
-0.004516934542410311 5.206164768492346E-4 -0.9598767376791173 
-1.0914220187923616 0.012643633008387889 -0.5784964426905072 
1.3871341099150168E-4 2.6348288857499944E-4 -1.0029015319106793 
-1.023025072442827 -0.8990285477702875 -1.0807746730995436 
-1.018899613369002 -2.3831908660472412E-4 -1.0771832135072446 
-0.0010964547841584293 2.583412528853246E-4 -0.5229072323697943 
-0.0010964547841584293 2.583412528853246E-4 -0.5229072323697943 
-0.9196896992595424 2.0657901360309839E-4 -0.9492197412492436 
-0.9881979101584553 6.860746358338071E-5 -0.00343092337853218 
-1.0814194905779857 -0.014250599379100448 -1.0143853110504732 
1.401271513723566E-4 -4.595790499994627E-4 -0.8111156508622325 
-1.1526356443768864 7.131363449924659E-5 -1.1514830649296153 
-0.9949487078814201 -0.005244940818346413 -1.0211780628800131 
-1.0303221801813955 -0.8752595385150164 -1.0774793068309054 
-1.0809264772802927 -0.8489164128556608 -1.0850522923620618 
-1.1174989358896321 -0.6758037843938721 -1.0804960411729927 
-1.1086826685230882 -0.7300415311484864 -1.066321217451594 
-0.8270089483407161 1.9827488713266837E-4 -0.910442692987104 
