-16.632012039301472 -5.16385668324883 
-18.09991586949041 -3.560536605937706 
-15.984105031596549 -7.675482299352 
-14.513676226795539 -11.58483686755348 
-15.179062602152307 -9.458652119262133 
-18.68068325866154 -0.975216057641003 
-16.71154543654722 -4.798386785655912 
-17.951030517906663 -3.874183309507655 
-16.059003417759186 -7.535297313014739 
-19.999911612840563 3.47603622249001E-4 
-18.285694009232287 -2.7420844523483967 
-16.238981643140818 -6.97792158494965 
-14.465375993524185 -11.611920325664691 
-15.20132882871853 -9.36710745939243 
-16.52916201332586 -5.690179541763792 
-14.590804820803264 -11.488992011603282 
-14.552221995439414 -11.547641192686967 
-15.180292654007722 -9.456544636085864 
-16.046019685252084 -7.564645870795374 
-14.507351627764837 -11.595488561433868 
-18.06043621032682 -3.6876317073657576 
-16.458414612995018 -6.029325941192955 
-16.421983596741633 -6.199269945644871 
-17.970513340699192 -3.86275440843468 
-19.99991165729155 3.477541409266511E-4 
-18.026310016756646 -3.775175843209065 
-15.927077421710209 -7.736004768876322 
-18.36378584929851 -2.356746213093991 
-16.332040695051628 -6.6009750041930655 
-18.165386951698785 -3.303158890079817 
-17.980143743919797 -3.853201196666917 
-18.20100371292564 -3.1455251439965375 
-16.605777662342994 -5.3148645606943195 
-16.371957280558618 -6.426259936182792 
-18.095792060681788 -3.5749484470537274 
-14.788613686286764 -10.993909397277196 
-14.826916155584966 -10.86550658231496 
-17.951030517906663 -3.874183309507655 
-14.615612017593973 -11.443873018584698 
-18.627073443096535 -1.1744254382616015 
-17.96038906914194 -3.8700467223603328 
-14.507351627764837 -11.595488561433868 
-15.374657193311755 -8.637177699916613 
-15.321155691681847 -8.865402518188537 
-19.99991165729155 3.477541409266511E-4 
-19.999911612840563 3.47603622249001E-4 
-16.281004326956626 -6.813483785741814 
-18.431824730579123 -2.0260671133297663 
-15.927734033811632 -7.735612187027353 
-16.006284405770714 -7.641344478806293 
-14.938221236891156 -10.459677713653772 
-19.999911613063738 3.4760683559241626E-4 
-18.234475966220458 -2.989703030442485 
-15.978029281764929 -7.684432382789808 
-18.542092201597985 -1.5227543596783522 
-16.490829702454814 -5.875214452959925 
-16.551731855218133 -5.579592431101533 
-18.292766409089996 -2.7073441447481525 
-16.238981643140818 -6.97792158494965 
-18.042358605006342 -3.7368534315199375 
-18.14371320981997 -3.393698478273133 
-14.746872225207863 -11.121720621573242 
-14.78092807264901 -11.018317710994292 
-16.17632776556634 -7.2018269395772005 
-16.11418794461936 -7.394450412367035 
-19.99991161303531 3.476065638577778E-4 
-18.006448756000587 -3.8149289010311076 
-14.969813446872893 -10.334304686916006 
-17.970513340699192 -3.86275440843468 
-14.591287002528192 -11.48825658748011 
-16.140642989560096 -7.316116563261136 
-16.088345289291926 -7.464290169005192 
-18.486973237061925 -1.7680455228354917 
-14.67300899005495 -11.319395599649738 
-17.993141607141283 -3.8364471348232008 
-15.321155691681847 -8.865402518188537 
-15.261982942271963 -9.110735395663049 
-16.02689935275303 -7.603806835276025 
-14.715939624581283 -11.207451565216235 
-16.202860373858584 -7.110437150781951 
-14.910583959235872 -10.56579331019118 
-15.002322358027975 -10.204939260870738 
-14.664390061534933 -11.339429844053734 
-14.489366169268791 -11.609692146000654 
-17.948786402618687 -3.874776988936489 
-15.094875619358744 -9.820106306998614 
-14.551821378075918 -11.548177505965409 
-14.874169018802625 -10.700658602017475 
-15.951938115378425 -7.715331986107793 
-15.140396611474424 -9.62698733808252 
-15.049966195016971 -10.008379588684582 
