-1.0155299965241134 -2.6078883258429557E-6 -0.8302169429420418 
4.206687941095421E-8 -2.6087886613608184E-6 -1.053653868081044 
-1.1237586725680093 -2.5867936662551395E-6 -1.1176180190427112 
-1.1284388852159832 -1.1318871323076567 -1.142313964716115 
-1.0733008344291812 -0.875303054567347 -1.0580669204540636 
-1.595096093886401E-7 -2.5871922520123297E-6 -0.7074212688566962 
-0.9483171786055693 -2.6717649063970822E-6 -0.848505427333463 
1.9596707423061375E-8 -2.871998160962318E-6 -1.1464141269789034 
-1.093685839174627 3.4790622676556872E-6 -1.1009430006287642 
4.186537121354081E-8 -2.608896420053996E-6 4.150260290185302E-5 
4.206687941095421E-8 -2.5485318566858843E-6 -0.9402703170952225 
-1.0411803571005407 -2.610811581966777E-6 -1.0419961510664855 
-1.134082306206803 -1.151152549558575 -1.1452346528139392 
-1.0733110059355755 -0.8551539105747119 -1.0718247602755349 
-0.9483171786055693 -2.6717649063970822E-6 -0.9577478473089424 
-1.1312243752227578 -1.1007606418331894 -1.126490310210627 
-1.1337536210733017 -1.1143653898798989 -1.1343805241166907 
-1.0747931459606532 -0.8669461613881371 -1.0691626201489728 
-1.1031809366835112 -3.047791511870892E-6 -1.099534222455049 
-1.1379775105205112 -1.1318871323076567 -1.1389399910519762 
3.2263857277874824E-8 -2.6285935477462213E-6 -1.0780838264073564 
-0.9749777819620605 -3.0459655263544306E-6 -0.9739762731986036 
-0.9820491390695881 -3.0094554138261075E-6 -0.9890670547444556 
6.718806266478075E-8 -2.5873444897116954E-6 -1.1341777184817499 
5.7991128371751876E-8 -2.5876825806043217E-6 4.150260290185302E-5 
5.7991128371751876E-8 -2.609839864291003E-6 -1.0992977242752875 
-1.1368397348475463 -3.0924394061356958E-6 -1.1402771585461249 
-1.595096093886401E-7 -2.5871922520123297E-6 -0.893366478884774 
-1.0131312429331112 -3.87831761571138E-6 -1.0129028432862184 
4.169308420341253E-8 -3.0070945336938783E-6 -1.0134011978211617 
6.718806266478075E-8 -2.5873445686823957E-6 -1.1281401000380593 
6.011735869256173E-8 -2.646617146658973E-6 -0.9916394829754375 
-0.9210836757352949 3.4790622676556872E-6 -0.9387477932875108 
-1.0043532113387723 -3.0459655263544306E-6 -0.9972725377099582 
3.3144279749464944E-8 -2.5752585718825472E-6 -1.0562001436666864 
-1.1000535433310517 -1.0328441784066555 -1.1012566788284905 
-1.1023898364056446 -1.0125786243204582 -1.1012602143430077 
1.9596707423061375E-8 -2.871998160962318E-6 -1.1464141269789034 
-1.1216368160995336 -1.0953118728594045 -1.1229783902394173 
-1.575827119943801E-7 -2.6098485456138323E-6 -0.7383957681448889 
3.3144279749464944E-8 -2.8732916598324297E-6 -1.1405324717688137 
-1.1379775105205112 -1.1318871323076567 -1.1389399910519762 
-1.053817576240581 -0.7627626140617556 -1.0886330932061061 
-1.0749330415779599 -0.789877218532876 -1.0713369095947216 
5.7991128371751876E-8 -2.5876825806043217E-6 4.150260290185302E-5 
4.186537121354081E-8 -2.608896420053996E-6 4.150260290185302E-5 
-1.0290399225515623 -3.052880232065587E-6 -1.028292345756902 
-1.575827119943801E-7 -2.6098485456138323E-6 -0.8528563372885102 
-1.1368397348475463 -3.0459655263544306E-6 -1.1398647722809503 
-1.1149532770745971 -9.166351739114073E-7 -1.112555541077441 
-1.0885531093808107 -0.9742830195835599 -1.0836214106866073 
4.2046955632582616E-8 -2.6087886613608184E-6 4.150260290185302E-5 
6.718806266478075E-8 -2.5873444897116954E-6 -0.9712736885272029 
-1.1237586725680093 -2.6189723251707243E-6 -1.1214182499612326 
-2.0763775725257568E-7 -3.3227348555198126E-6 -0.7878917361751758 
-0.9636388478684846 -2.6600977147232223E-6 -0.9656395798382658 
-0.9346940603690748 -3.3420727834347733E-6 -0.9577478473089424 
5.872737111675358E-8 -3.020420155520145E-6 -0.9360037328760453 
-1.0411803571005407 -2.610811581966777E-6 -1.0419961510664855 
-1.84722807015117E-7 -2.5883503261959383E-6 -1.0893102433802302 
-1.1624319092361058E-7 -2.6085706755173575E-6 -1.026691037199473 
-1.1096770732637318 -1.0461047844762816 -1.1054842750759977 
-1.1023898364056446 -1.0353952757371396 -1.1012602143430077 
-1.0611698163166108 -1.8785592396217605E-5 -1.06066368636242 
-1.079567352442534 -9.373246687999961E-7 -1.0807542262929375 
4.202961110111938E-8 -2.6088023014765417E-6 4.150260290185302E-5 
-1.532009717956767E-7 -2.957302013486483E-6 -1.1116852090645484 
-1.089364322769766 -0.9582441891909812 -1.0830697417682822 
6.718806266478075E-8 -2.5873444897116954E-6 -1.1341777184817499 
-1.130763083763189 -1.1007606418331894 -1.126490310210627 
-1.0747649285950602 -3.2677337606859664E-6 -1.0691543777389754 
-1.0899621325073219 3.4790622676556872E-6 -1.086410086104864 
-2.2625392754096814E-7 -2.5873444897116954E-6 -0.8202602668332345 
-1.1147485710606149 -1.0756237228407395 -1.1134664573654107 
6.011735869256173E-8 -2.64770626821913E-6 -1.1200027772354484 
-1.0749330415779599 -0.789877218532876 -1.0713369095947216 
-1.0728788469946722 -0.8234358915449935 -1.0713369095947216 
-1.108911802286032 2.0602860234626327E-7 -1.1057262392840046 
-1.1123829853550684 -1.0613552849418533 -1.102737312191732 
-1.052436794702683 -2.6474610934559823E-6 -1.0530080277467981 
-1.089635560745687 -0.9843857128251767 -1.0892669492514555 
-1.0800192650808005 -0.9489171616051402 -1.0799384745034328 
-1.1209237362906161 -1.0767507898868505 -1.1132767789207094 
-1.1445249967253324 -1.1347145989220933 -1.1442591245939655 
-9.277051708026873E-7 -2.9306473475124624E-6 -1.1478252814678038 
-1.0727872094178328 -0.9107080048426641 -1.0719137813820863 
-1.1341395954189049 -1.1143653898798989 -1.1343805241166907 
-1.0901349513155503 -1.0026036842272317 -1.0886330932061061 
-1.1307667233490057 -3.91664830561853E-6 -1.1307526743389302 
-1.0727872094178328 -0.8872726449874999 -1.0719137813820863 
-1.0797095735719586 -0.9277246554166929 -1.0750910641597842 
