0.8522517739899521 -0.7727637377802054 
1.994692658958129E-10 1.0014177203120989 
0.6519558767771775 -0.4572906676098573 
0.4535427293702669 -0.12323253024876125 
0.823603312398368 -0.4631110387221826 
0.6184381914162463 -0.12386778366280247 
0.2572509117501607 0.24301882729007493 
0.4095626075156524 0.23999426250270678 
0.08378001548916353 0.6708325483888675 
0.18249640167141676 0.6694131707255417 
0.22176728150650937 0.39040748656082086 
0.2352370181830645 0.31172124415540875 
0.053677447805604406 0.7172095023351919 
0.8330997375634981 -0.6268445801401161 
0.6386596918846503 -0.39703238444773054 
0.6220509142857065 -0.1849585965574698 
0.6468686307786369 -0.44448107929121844 
0.4255874628880404 0.05183460439012757 
0.42125815412725454 0.09162811289954492 
0.6209511510570392 -0.1666969886334905 
0.20763810918518427 0.496233968975311 
0.8287900015135605 -0.5608454383001005 
0.6305836559841485 -0.3098185956013475 
0.024510598132266984 0.8276959801665825 
6.9228363359157E-4 0.9753918769258451 
0.41231484345344527 0.2038353910050105 
0.02091999339095612 0.8441541093835389 
0.6252336984378364 -0.23488540138132868 
0.4436930132276956 -0.09984605029580491 
0.41509348186767087 0.16714037088841027 
0.24455236204946224 0.26555163823167904 
0.23813053603628354 0.2915961500917006 
0.06378588087698511 0.6956797886469035 
0.8272897023060434 -0.5342828153665462 
0.19360969739749606 0.6003423152269846 
0.4393418082419585 -0.07665850897627333 
0.18844046379420648 0.6336209937766005 
0.21002041402787625 0.4778576521368761 
0.032254559466920074 0.8065152964092734 
0.8358903186816757 -0.6684682146727153 
0.18514105313896395 0.6538799499864874 
0.6184574791857109 -0.12425136110443369 
0.010145318474093834 0.8977642840306926 
0.4329660715268701 -0.021273776744751074 
0.0029985530330540466 0.9467018216404939 
0.8261076578411372 -0.5121680038683435 
0.009062081452524517 0.9107042758648561 
0.6332459033006029 -0.3414163576607837 
0.43563689381904847 -0.05051677443006009 
0.016745128716081248 0.8684846896039553 
0.1918075584712236 0.6144313696751182 
0.0145204466973482 0.8749610546606686 
0.4138515869808037 0.18366652083418944 
0.8429238277438157 -0.7394287784844341 
0.8305276547252962 -0.5901985873872337 
0.41096389070823386 0.2348947834514574 
0.8377084268945161 -0.6855471541664554 
0.41758473998409407 0.13581987171367269 
0.4196926659361619 0.10992698011202481 
0.2128239708330272 0.45666505464155066 
0.21675469686489252 0.4282112051203517 
0.8403894729199921 -0.7182606593601834 
0.20316958178424782 0.530193748939355 
0.04145349245167673 0.7580026301958247 
0.21408667283954796 0.44704828171185723 
0.0441646712662469 0.7478313430357945 
0.06602335725625585 0.6885765872249272 
0.03762500632323751 0.772491494894869 
0.0061883844987030145 0.934654894671671 
0.8250666284216004 -0.4921034267631383 
0.2187638572893698 0.4121829235666305 
0.19756416333233626 0.5723630787879483 
0.6271956837176671 -0.2636506550995393 
0.2476763396494246 0.256280326873924 
0.20029993012580619 0.5518558525524494 
0.251964625556611 0.247517639550709 
0.03555086989449399 0.781367984127867 
0.8305136934215004 -0.5901707083231932 
0.625252986207301 -0.23523991497132282 
0.4419181241911627 -0.09109827610734247 
0.03235756295846259 0.7946396033208547 
0.8244902561666019 -0.4806400341651541 
0.07233657125929051 0.6772615224348213 
0.4301562051946671 1.4293460720647943E-4 
0.07439513946239434 0.6749564314853712 
0.0441646712662469 0.7478313430357945 
0.4271695672948197 0.029803605356517607 
0.6374126312896198 -0.38560376592459733 
0.4295668981294182 0.002034890831236213 
0.19756416333233626 0.5723630787879483 
0.6272237595093029 -0.2646185571614751 
0.4273867630709885 0.02368433818706593 
0.20104638699159494 0.5462533549029904 
0.6289613259304428 -0.28827553426165103 
0.4184125418141099 0.1255848012244144 
0.8393306794812242 -0.7037215956544661 
0.20316958178424782 0.530193748939355 
0.6289613259304428 -0.28827553426165103 
0.434091976169746 -0.03866871388861798 
0.6345408307419552 -0.35639892682478463 
