0.6259370719100107 -0.24408186566393567 
0.0015038258928747328 0.9639943418253846 
0.018765010538111 0.8553711601039583 
0.08246689740613286 0.6725341288779508 
0.44557431997861074 -0.10657359697972085 
0.03290571316593072 0.7951899083654598 
0.8245395643793001 -0.48127615847184174 
0.6360077837554969 -0.3709440012889019 
0.8364091716350659 -0.6738154144301132 
0.8263274432991199 -0.5151274946942488 
0.19085651674627035 0.620671843021919 
0.010475666913567619 0.8959707142258375 
0.4166600339762424 0.14868768053350503 
0.19429790413636291 0.5965519481472902 
0.8432146514698808 -0.7407514087151446 
0.005489701748168943 0.9274267811253214 
0.23951708219277412 0.28623528320824776 
0.22594641092128231 0.36311543281848 
0.8405066974634002 -0.7187139926787925 
0.23208739153403155 0.3262971043671513 
0.8347936012747746 -0.6531181639553241 
0.6274612291272911 -0.26595714740719556 
0.41117978195768984 0.21940464577804278 
0.8383970310235853 -0.6945147689688461 
0.6289007021302468 -0.2869783530289541 
0.050600448934518344 0.7267576319343597 
0.6218263338652186 -0.17866716559301865 
0.18867421248985244 0.6340012953864613 
0.41452307230670693 0.17535595855812208 
0.0280717423937506 0.8141046587347021 
0.22332935962182962 0.38135990882676235 
0.1837614186912296 0.6637644426740722 
0.6196256224943315 -0.1435559380437295 
0.05841316531011123 0.704218924447176 
0.6340410045955942 -0.35079004529841923 
0.04137127993932749 0.7681357756675967 
0.6225692825402805 -0.1915702567526568 
0.8457177286801681 -0.7555406919968414 
0.44183744849990053 -0.09002118377638876 
0.02229150459784751 0.8398136181814555 
0.8254242331971209 -0.4980820531272701 
0.24900547491281944 0.25425821795022696 
0.4135193950048457 0.18910238416302091 
0.8233778290542315 -0.4573372132451873 
0.2581025208713111 0.24410250994573637 
0.41809284374977856 0.13109960989482786 
0.8272760783410643 -0.5333877770407521 
0.24372824789052713 0.27035530437441113 
0.630500530691632 -0.30765184139986557 
0.42392307477919117 0.06197687199794328 
0.6233512367976086 -0.2049251209864468 
0.6410350884575625 -0.4138166626277606 
0.6246034810343336 -0.2234190153922694 
0.21677140517387672 0.4410425984045011 
0.8314354314378373 -0.6038809977360334 
0.008300473843266681 0.9098969253850785 
0.2111775194838571 0.47015117604061785 
0.19758568767789494 0.5731593601851501 
0.22085375983990713 0.3976264963015451 
0.6323534678620201 -0.32964672163732106 
0.01360308169632335 0.8811755577314664 
0.0034147905626648323 0.9447412748132271 
0.23598019225794364 0.30272808970258547 
0.4274272989900534 0.024696343515979175 
0.22938367886414243 0.3399855773808527 
0.4545506735592746 -0.12226961293842653 
0.20698735938150095 0.502048187875008 
0.04425846508649442 0.7493657597899316 
0.20459039506429177 0.520539176432268 
0.42559289977342835 0.044215184118682235 
0.2131095612015085 0.4550560638814873 
0.20240744862806914 0.5373103215899155 
0.43198345931303234 -0.01022733948742239 
0.4293050255416031 0.004848404163935496 
0.21817646190810658 0.4223932752185985 
0.42268755050759516 0.07538794356393955 
0.4386059714539022 -0.07089839967642987 
0.20957204437306043 0.48273494124432603 
0.8514696316695739 -0.7715717669272735 
0.43435060783998763 -0.03989577683577935 
0.8293535659015396 -0.5698437507927115 
0.6389088947114894 -0.39719057044305206 
4.048415981355996E-4 0.9855906925141766 
0.6521407305713726 -0.4565716468940169 
0.186388548574601 0.6501706595735182 
0.6208639332676559 -0.16340665130469312 
0.8340784665540248 -0.63324411933349 
0.6185046458013005 -0.1244363651293606 
0.42109559368167476 0.09444969966335003 
0.4195444787317856 0.11336233957296259 
0.2001000859794303 0.5552404953702947 
0.8282199821696219 -0.5504881424864193 
0.4365126359254253 -0.056280713635976524 
2.3237537466206585E-7 1.0050835141234862 
0.07027814430763463 0.6842577195267157 
0.8304212220890034 -0.5871578902924273 
0.40972170959827736 0.23975666263879422 
0.41246175131428886 0.2033459065813309 
0.4326341529255399 -0.02474007857323475 
0.6434629662237177 -0.42987940268456715 
