-14.435872015709354 -11.627252113801438 
-19.999264182808332 0.0020854569133324265 
-14.435872015709354 -11.627252113801438 
-17.941945793121413 -3.8743885700128713 
-19.067487493312427 -0.00916503403513826 
-17.03367952205621 -3.874596050585998 
-15.883908615987183 -7.751290689932029 
-16.815946069698153 -4.339269788170811 
-15.64135828634996 -7.751425279129398 
-14.927367167035692 -10.390450384572887 
-15.093053604343806 -9.80389150621432 
-18.360001115303 -2.370054609519248 
-16.498564857032157 -5.735625402975889 
-18.95060060074239 -0.22015554440501112 
-16.529885972361775 -5.639321236226022 
-15.147253202400876 -9.537374381092484 
-16.239139230747277 -6.9390387432285845 
-14.876395950869782 -10.689642443241151 
-16.887365811549994 -4.202665375891391 
-18.528090241074715 -1.5779570972403858 
-17.992712638754277 -3.83618556702339 
-15.415762079809657 -8.454239996525661 
-15.546114797912367 -8.026181287434294 
-16.45840051057583 -6.018514552428164 
-14.578763592360161 -11.461114685649083 
-16.643320037952265 -5.121175798642849 
-19.017575679083087 -0.09506500433782039 
-14.97303552797854 -10.322515240076177 
-16.326040621179622 -6.5950261955654215 
-18.06481589275822 -3.651024635661493 
-18.89109844991677 -0.3520539959489319 
-14.51807989117782 -11.548794343892203 
-18.63793203287311 -1.1145044147279781 
-15.238475302352406 -9.20316749255117 
-16.674480115495353 -4.964218490270273 
-18.68477727748975 -0.9385873513480512 
-15.014222584906253 -10.141202783738533 
-16.703802640232293 -4.839307503894158 
-15.976978173307527 -7.63000249904076 
-15.201680711303878 -9.26008148441474 
-16.397280674362165 -6.312156607010277 
-18.38363725982977 -2.256570881495807 
-18.50322548524888 -1.6913803388705868 
-18.709547668463387 -0.8569669511124849 
-18.45381178162875 -1.917967075920542 
-16.954320239331345 -4.044738073421013 
-16.73324871119611 -4.6846421787720125 
-14.636888634263224 -11.347173762996544 
-18.757873786993528 -0.7084664511009348 
-15.500521532740308 -8.149052090164592 
-18.576877795958602 -1.3641295908889448 
-18.618143789193937 -1.2083429012846585 
-15.470593503020922 -8.2496503936211 
-15.296938825986587 -8.902337116951953 
-16.205362123646424 -7.080137158561484 
-17.024351195708626 -3.912719551814671 
-18.304724187783428 -2.642043850927282 
-18.85604473838498 -0.438190063993984 
-16.05993792837325 -7.519148345191834 
-18.47032594847655 -1.8410881008905033 
-18.274302454698383 -2.77993074139188 
-14.701726675204085 -11.214435580268734 
-15.276644840003662 -9.008312439500411 
-16.611712271334394 -5.280901630432195 
-16.762492398236116 -4.59368639588611 
-14.737533259184108 -11.111814110782568 
-18.213488671119094 -3.0757909011247495 
-18.10966261057391 -3.478061052775589 
-16.932155002921633 -4.089811636628972 
-16.2851961924708 -6.738394197429647 
-18.233987224335895 -2.940801338286584 
-15.341676801737963 -8.753494876445341 
-16.015412231958337 -7.625026398249369 
-14.668161183299574 -11.289788641910233 
-18.073799590697273 -3.5812863123388645 
-16.165805670746344 -7.1975333574946605 
-15.05815663803326 -9.912202332634937 
-15.168782024362876 -9.45056259496799 
-16.335856876063936 -6.414271530122222 
-15.378077096041885 -8.630477837396864 
-15.394630766892277 -8.560555797323161 
-18.15560308040631 -3.3402240466488893 
-18.304724187783428 -2.642043850927282 
-14.858913694265315 -10.739889922896644 
-18.1759341330968 -3.23612176460156 
-16.40900298217631 -6.12254442511513 
-14.459753761353635 -11.622377987009703 
-16.587157328033463 -5.404588484466679 
-14.828486476767665 -10.842525330097562 
-18.415110410274707 -2.098457675493785 
-18.256860492216703 -2.870280702333291 
-14.765767311503147 -11.035583702258844 
-14.767430109688735 -10.930288724968774 
-18.58181707076526 -1.3432102907265584 
-15.037974611868487 -10.053262475497409 
-18.415110410274707 -2.098457675493785 
-18.19208375342386 -3.1639143386582966 
-18.134998454887544 -3.40466628577872 
-16.344307991773817 -6.3756681744593084 
-16.285212758220723 -6.738319346608908 
