-1.1521390885782095 -1.153144358854918 -1.1521349827611183 
-1.773001790619446E-4 2.2977856606101317E-6 -1.9058645372997354E-4 
-1.1521390885782095 -1.153144358854918 -1.1521349827611183 
-2.5383963321394553E-4 6.297561400981246E-7 -1.1518143266587064 
-0.48767461982317073 -1.005043310225917E-4 -0.0016066751505225676 
-0.5368843582549409 2.1004871841857583E-6 -1.0834418776438357 
-1.1521208511591743 2.4482919402829192E-5 -1.1521362834636748 
-0.9675348256017566 7.896434991427684E-4 -0.7684918837406223 
-1.0859063075115705 -0.5739204321187128 -1.0877768656908813 
-1.027356436998395 -1.0202936608028352 -1.068630826288614 
-1.1028113720606918 -0.8973582576768682 -1.0657728325392435 
-2.5408488081087586E-4 1.7907994626726182E-4 -0.8952608378335806 
-0.8910589543836931 0.020294368560010857 -1.03412246548154 
-2.5408488081087586E-4 1.8278630483079198E-4 -0.5539725777536681 
-1.0276460821528106 -7.757257594519676E-6 -0.8790800698747515 
-1.1144285276627892 -0.8478550294336415 -1.0873865987720668 
-1.00775557048398 -1.8243047311379911E-6 -1.0755536895794955 
-1.0983015231422808 -1.0002742340576156 -1.0826976918517244 
-0.6255374160923863 2.0754293494468137E-4 -1.076282825200943 
-0.7955923088552022 -1.8315672278864289E-6 -4.314816642132444E-4 
-9.723560244451201E-5 2.1004871841857583E-6 -1.1201527520080754 
-1.0857080019219443 -0.7560987800699671 -1.0333934427134062 
-1.0947566071949595 -0.6422796884759596 -1.072341768406195 
-0.9519986817571321 0.0010751447657636778 -0.9970642498059528 
-1.1062598772856242 -1.1273153905849425 -1.1102127141155658 
-0.8452008310339967 1.8376560568974094E-5 -0.9931265958017003 
-0.5165633063226903 -5.4252319837778165E-5 -4.3358304496231444E-4 
-1.0854909571108666 -0.9585003256774587 -1.0836220169135085 
-1.0504108899992668 -1.1344874593121473E-4 -0.979548731473848 
-0.0024379672041107137 1.7700125289403298E-4 -1.072341768406195 
-0.5874671504465743 1.7682307680655498E-4 -4.5251122989946845E-5 
-1.1605577250098422 -1.1273153905849425 -1.1148664637267252 
-0.0015315238736741486 1.7700125289403298E-4 -0.7303251832572559 
-1.0857080019219443 -0.8271261761309668 -1.0722659002139705 
-0.7916568219135818 2.215618658663265E-6 -1.0297048509315503 
-0.7029730300313796 8.522885988235523E-4 -0.0016064760116363233 
-1.100013468194035 -0.9282578607234014 -1.0851529514917224 
-1.0276460821528106 -7.2647098822635816E-6 -0.7764669055135565 
-1.0937152614232017 2.4482919402829192E-5 -1.1522908082114869 
-1.118043538061836 -0.8013018356425297 -1.1084194230803137 
-0.9910156267715975 6.368821047928255E-5 -0.9951528750966003 
-1.773001790619446E-4 2.203350762107128E-6 -0.8813046688700285 
-0.8104830027452956 1.7682307680655498E-4 -4.5251122989946845E-5 
-0.688984615566157 2.4764752845538235E-4 0.001585205315652427 
9.275610301201498E-5 2.1568260480935914E-4 -0.8395605376618565 
-0.5567660633335694 -1.3528932512027377E-6 -1.1106620454090455 
-0.7071174038581725 -5.316501429178684E-6 -1.0833026200712268 
-1.126259152638169 -1.102777610791677 -1.0830342609356591 
-0.6621811812258116 -5.6438173490620705E-5 8.552514314203452E-4 
-1.1184434018993603 -0.6428768313472565 -1.0820207765384977 
-0.7664920096011159 2.095580683926678E-6 -9.29648357690866E-4 
-0.7435081775832733 2.1004871841857583E-6 -5.9142840712322984E-5 
-1.118043538061836 -0.6617261984142968 -1.0825361388563093 
-1.034384353527366 -0.805297318417668 -1.1084194230803137 
-1.0279166181750645 2.0998264551095452E-6 -1.0761003730401244 
-0.5093641113090892 2.1004871841857583E-6 -1.1201527520080754 
-0.928269134141833 2.298548672741271E-6 -4.432356899935532E-4 
-1.773001790619446E-4 2.2951096884332873E-6 -0.6072240175417645 
-1.1135581538487909 6.297561400981246E-7 -1.0805406540746774 
-2.5383963321394553E-4 -1.7092770716467328E-6 -0.8297808405714344 
-0.9457650471524833 7.973177881462729E-4 8.258252577604264E-4 
-1.1267018205312984 -1.071041289131514 -1.0830342609356591 
-1.0248285868598563 -0.8477909190347607 -1.068630826288614 
-0.9684861885305107 3.592252027279224E-5 -0.8880797510204015 
-1.00775557048398 -1.759380553500499E-6 -0.761169149066302 
-1.0859063075115705 -1.0723187623457529 -1.0874459641803793 
-0.9829050262335478 2.095580683926678E-6 -9.29648357690866E-4 
0.004541455158730667 5.524726238036518E-5 -1.0420493409243634 
-0.5951960373685978 2.0201670071914114E-4 -1.0818172122208887 
-1.0596793009510916 0.011267307808275315 -0.9951629828072132 
-0.9667158612510574 2.0884109487027936E-4 0.0039979373400867435 
-1.092749580012746 -0.747115228393147 -1.0977322691738924 
-1.1135581538487909 6.297561400981246E-7 -1.1082507591561457 
-1.126259152638169 -1.08762187661888 -1.0830342609356591 
-1.061307039163227 7.973177881462729E-4 -0.006824540906423926 
-1.033482354665296 -5.316501429178684E-6 -1.0950473885458047 
-1.024378087041213 -0.9501352318147132 -1.0834418776438357 
-1.0903783775122597 -0.8367924617275599 -1.1104990351230721 
-1.0956715745535073 2.0754293494468137E-4 -0.929408228196393 
-1.0857080019219443 -0.7417229927334452 -1.0834418776438357 
-1.0936336181534403 -0.7262044256816802 -1.083495193273905 
-1.773001790619446E-4 2.09353835647426E-4 -1.0190631495976408 
-0.928269134141833 2.298548672741271E-6 -4.432356899935532E-4 
-1.114181950867935 -1.0002742340576156 -1.0826976918517244 
-1.0049240041809584 1.7726104637567032E-4 -0.0016480057678853672 
-0.9043126316008885 7.628472872135248E-4 -1.0761849780588029 
-1.1521390885782095 -1.1414313552430566 -1.1521349827611183 
-0.9133656081099142 1.7200254366645817E-5 -0.957768296734198 
-1.114181950867935 -1.0002742340576156 -1.1104077969331925 
-5.566783027667888E-4 2.2951096884332873E-6 -0.8621192766061422 
-0.9567105214148872 7.973177881462729E-4 -1.8986203882842556E-4 
-1.128131464838761 -1.0386084911663436 -1.0834228489423798 
-1.1202327412573567 -1.0015055445073764 -1.1573027219982959 
-0.763555266590946 -1.7091852650928798E-6 9.801160483480786E-4 
-1.0637314183875213 -0.938271784279582 -1.083299002074818 
-5.566783027667888E-4 2.2951096884332873E-6 -0.8621192766061422 
-0.9950594407096124 2.1568260480935914E-4 -0.001645052889970622 
-1.0295624028438581 1.7726104637567032E-4 0.0020149150575298203 
-1.0949235050981807 2.0754293494468137E-4 -0.9250450360393425 
-1.0596793009510916 0.011267307808275315 -0.9951528750966003 
