0.8517222877471243 -0.7726695306960379 
3.5729268701642503E-9 1.0011689784015712 
0.6530455230992709 -0.457439837640758 
0.4547019597362865 -0.12309349897263182 
0.8233692656538285 -0.4582347093294069 
0.6184635397838602 -0.12457193856625877 
0.2579089222532361 0.24303487623090286 
0.40946012873382814 0.24117085544603717 
0.18219295029410731 0.6707953829072993 
0.08486127762331777 0.6709437677495357 
0.8371311809513526 -0.6832053167911835 
0.03729854397233234 0.7735151469030555 
0.8329519418328779 -0.6279382310570688 
0.6324796844094596 -0.33255168319049627 
0.8419319522248513 -0.7315321841368853 
0.2375006162026787 0.29439077902641747 
0.026758594544877112 0.8175923005782156 
0.4456072459809454 -0.10801111176429029 
0.19345619049144475 0.6021409388226294 
0.04284419978671555 0.752614424004337 
0.20959800674809353 0.4807654093213675 
0.42094080710744963 0.10306687001053261 
0.21709634928616614 0.42702886198806683 
0.0488417110807606 0.7335804238152842 
0.023117469691855408 0.8342065146294109 
0.6427377704676476 -0.4270013493962616 
0.8287499198701291 -0.5535930933870199 
0.4409874963873039 -0.08599222977748461 
0.6366358166891105 -0.37824188563316835 
0.21385295756584316 0.44890613429549153 
0.01786632969076477 0.8627872950354256 
0.0019328416408220042 0.972801153961693 
0.6281607564138781 -0.2778153318210524 
0.010322193875982266 0.8963083935409086 
0.42199178970023266 0.08243154033781093 
0.06435826448597219 0.6898297036688268 
0.20475281683558955 0.5189417421770838 
0.4176651773951281 0.1349956027064675 
0.21989876634059752 0.4036874444789491 
0.6466885859567603 -0.44665688455909985 
0.18574125392829766 0.6504987659998087 
0.831452108974661 -0.6048917264514311 
0.18854542372869773 0.6331703521614549 
0.05866827261478505 0.7028937787973285 
0.6243607947641902 -0.22199789948821108 
0.24395312200146513 0.2679472973629508 
0.22713753608166348 0.3533518664517168 
0.6212521020751206 -0.17169385173647478 
0.42488498392195273 0.057821676509990066 
0.0026175508006308634 0.9520533596162473 
0.25018531206196976 0.25027589724692906 
0.198744939783024 0.5629011943634431 
0.4349774703370724 -0.038836321671986376 
0.20104247031547867 0.546181025652532 
0.4293890396666597 0.0035572061997328694 
0.22450887369028258 0.37255362811948056 
0.4154030838646548 0.16338905436469833 
0.19176817806681173 0.6125245145872393 
0.23356403096401995 0.3146211571197909 
0.22270042069877463 0.38596446153036634 
0.21140123045050296 0.47026692236853246 
0.018156600770479328 0.8580213192424292 
0.8457375693250673 -0.7569484483891397 
0.8242537244526495 -0.47596248230999005 
0.826913318110852 -0.5052808982541883 
0.6302972695015397 -0.30622017358219733 
0.427801424648512 0.021436452810137663 
0.8251580995760653 -0.4939169860636264 
0.006428804626315954 0.9201717965935872 
0.8432932877143415 -0.7420797181234826 
0.43227306049892417 -0.023438352481776295 
0.4313183784703192 -0.013344218375990652 
0.6301777974649371 -0.2997686352212045 
0.6229470618697255 -0.1994636155356616 
0.8299557489127856 -0.5808714052928611 
0.6367796183511134 -0.3787229000632863 
0.6395866058077985 -0.40438882888236605 
0.07291852537464719 0.6766572680892093 
0.009811815620161646 0.8995454725921653 
0.4132039862894282 0.20024941263099577 
0.43802480930567755 -0.06832307212390046 
0.07205029803265378 0.6774681433482619 
0.2457689616578928 0.2620896819767829 
0.08434954580236083 0.6709533679925653 
0.6265241944761599 -0.2533608188367413 
0.2033710240901409 0.5290775073213556 
0.6261850541895899 -0.24234530957891195 
0.8271985180392538 -0.5298439494196605 
0.6202398493900941 -0.15085792508167004 
0.41356707792724096 0.1871899953777377 
0.4366709375113762 -0.058163730544657004 
0.6395866058077985 -0.40438882888236605 
0.4253628885370194 0.044515210903809006 
0.8491017478427036 -0.7694479717548297 
0.426439326495131 0.032851926155148564 
0.198744939783024 0.5629011943634431 
0.05332851635912944 0.7170972228755947 
0.8300979721041294 -0.5832018627000624 
0.23012100146520303 0.3348911121324161 
0.4097284212137346 0.23788316562555126 
