-15.942264039150604 -7.724189894998144 
-14.498905216097942 -11.592483961221049 
-18.002655683310582 -3.820846354754354 
-19.99981255925957 7.072105786064026E-4 
-14.596580551156084 -11.478850853753393 
-16.06499011286926 -7.521802610439568 
-14.773342068282204 -11.041750037410884 
-18.702351180552718 -0.8970347829361782 
-15.020938243919687 -10.128492524280496 
-16.539387153237335 -5.6402544903758525 
-15.280943108568646 -9.031578075105108 
-15.055779767154581 -9.983629181198083 
-15.09069432969661 -9.83743639606314 
-15.92643269532973 -7.735572653445322 
-18.220340625670886 -3.0550288222336777 
-16.484720759054255 -5.903863359609117 
-16.601918118002548 -5.333920636183928 
-18.603808990421783 -1.26456426219169 
-14.941477671169954 -10.446128883778133 
-18.505113243129856 -1.68436065367923 
-16.036909130069056 -7.583705651068614 
-15.350373513195745 -8.747541236725535 
-17.96676595637389 -3.8652999803302253 
-16.3465657392186 -6.538080514099683 
-16.33105308504725 -6.600162360025353 
-16.209382028076888 -7.086855773541931 
-15.210461471703823 -9.327984528255604 
-18.419605060169168 -2.083118449085514 
-14.992134983956095 -10.245733280021927 
-16.06499011286926 -7.521802610439568 
-18.059056104530747 -3.6907880739009276 
-15.174747941559705 -9.479801826712183 
-15.280943108568646 -9.031578075105108 
-14.891545664206102 -10.637000726979412 
-18.676839959207953 -0.9865294483233449 
-16.294394576446038 -6.758723827076592 
-16.258328359080046 -6.903066416083491 
-18.358078011516504 -2.3834377136476923 
-14.70239493106874 -11.244941786846214 
-16.375496519882432 -6.408923325906769 
-16.601918118002548 -5.333920636183928 
-15.96323090719539 -7.702409297835851 
-18.280500927054796 -2.766263623332105 
-18.133543734259433 -3.433208700304869 
-17.977814517230122 -3.85498345032952 
-18.008907060955778 -3.809729418411607 
-18.465801873421434 -1.8647241337575684 
-17.949820046493667 -3.874004633443325 
-14.480285664506855 -11.614994023147162 
-18.157538704557236 -3.3338350668545376 
-16.573453864130602 -5.473932401468447 
-15.942264039150604 -7.724189894998144 
-16.231973809217735 -7.003208133158423 
-16.415391834375576 -6.229409695422646 
-16.459018993895334 -6.026253280969998 
-18.559958385144228 -1.4453635830415301 
-16.099098138250284 -7.435925347997665 
-16.495648954609855 -5.851398248580736 
-18.294451244434107 -2.697632032238978 
-18.048832404697315 -3.7193474145695893 
-14.57005056876972 -11.521768337309629 
-17.952597406606138 -3.8731427610265965 
-15.979299220065629 -7.682428136041903 
-14.919744277825803 -10.529717575783291 
-14.471925840488124 -11.618988453272168 
-17.962024314348575 -3.8683659505105004 
-14.512626527708523 -11.591392931068265 
-14.544463217594696 -11.55689114390405 
-18.37539819167239 -2.298239397147946 
-15.13819807188575 -9.636201325158012 
-18.082795389652578 -3.617434653473852 
-18.112736376546664 -3.512955390977798 
-18.20250274549285 -3.1377584348601837 
-14.859973811728077 -10.751639937195758 
-17.993144724762175 -3.8359120761826007 
-16.004522331128875 -7.643933856063349 
-14.798780210711065 -10.960230637947545 
-15.330396147470982 -8.82823718404808 
-14.66499216985324 -11.338952020560823 
-16.129052581681535 -7.351183639952918 
-18.024085313920367 -3.7793590348336004 
-15.240135597305214 -9.202248341452417 
-16.162503939598835 -7.246817961268976 
-14.743257731013353 -11.131802055979765 
-14.596972330853797 -11.478441502091883 
-14.826672510567384 -10.868028673861504 
-14.632228421550906 -11.411203288262131 
