-1.1350449155818305 2.5865200755878552E-5 -1.1325411492653081 
-1.1269260557149943 -1.138815616362331 -1.1443625286756678 
-1.1139969808837002 3.9421043179563645E-5 2.9129015608318567E-5 
5.312198780083044E-6 2.4594537449814032E-5 6.399589253296389E-5 
-1.1256560017855974 -1.1017351020613886 -1.1246223854602102 
-1.0960107367859886 4.743747910255697E-5 -1.0948882884721116 
-1.1051727129908606 -1.035484804658502 -1.1053489864547272 
1.665163619408716E-4 3.9421043179563645E-5 -0.6947626367620127 
-1.076487287485316 -0.9406302852322621 -1.081494612251079 
-0.9465477228512433 4.749026116178714E-5 -0.953330945869427 
-1.0731877252601254 -0.8142360738452146 -1.069461045233108 
-1.0724065279523671 -0.9308614293029172 -1.0718653979944657 
-1.0751282085616385 -0.9126827357308613 -1.0698498125920217 
-1.142129968981958 3.8777871177649766E-5 -1.135393408485187 
-0.9797838786583611 2.4478079408875226E-5 6.399747660677286E-5 
-0.9724431242674976 2.648310461874811E-5 -0.9605473131874084 
-0.934291457779769 2.6263084632215172E-5 -0.9278509713678769 
-0.7518080868111522 4.728528437810763E-5 6.382541099875798E-5 
-1.0799159167636998 -0.9739963504012671 -1.0898395288748297 
-0.8094943677070057 4.728528437810763E-5 6.382541099875798E-5 
-1.1041336440485436 3.879010898648237E-5 -1.1042602284980834 
-1.0724043571092579 -0.7769072075080351 -1.0692250165027501 
-1.136480668612218 2.5168775658095893E-5 3.253306772145406E-5 
-1.0081340785306585 2.6383037233170954E-5 -1.0090104072224222 
-1.027449960229861 4.065482633191855E-5 -0.9992286691031531 
-1.0525837959255095 2.6546911283816158E-5 -1.0488375192878319 
-1.0751282085616385 -0.8504271403012472 -1.0698498125920217 
-0.8600147538133148 4.9478061503119386E-5 6.402192851771461E-5 
-1.076487287485316 -0.9563389146491016 -1.0794260530628084 
-1.0960107367859886 4.743747910255697E-5 -1.0948882884721116 
-1.0788783090679686 4.1251581368294294E-5 3.222130553752647E-5 
-1.075937814737491 -0.8700257600633308 -1.0677275346437225 
-1.0731877252601254 -0.8142360738452146 -1.069461045233108 
-1.0883815104919856 -0.9956284328750098 -1.087342536632864 
1.665163619408716E-4 3.9421043179563645E-5 -0.7094412456821131 
-1.0251418780713122 4.065482633191855E-5 -1.0239693480661152 
-1.0385453410532823 2.6148558351493656E-5 -1.032726168064801 
-0.8966923298969316 4.129656377732636E-5 6.351921590301148E-5 
-1.116354226167278 -1.0630675443876898 -1.1082364796834132 
-0.9909078528771403 3.8777871177649766E-5 -1.008569448884082 
-0.934291457779769 2.6263084632215172E-5 -0.9278509713678769 
-1.1246988232404802 3.8777871177649766E-5 -1.1297450909252882 
-0.9433251290344222 2.5084471899792618E-5 6.399747660677286E-5 
-1.0328485032768984 4.097385352838343E-5 6.397121000623702E-5 
-1.1295167089710256 2.532512484194415E-5 6.396784159317217E-5 
-1.110082137325774 4.744554456752679E-5 3.249437306394961E-5 
-0.8326859396307268 4.728528437810763E-5 2.9493397517375635E-5 
-1.147116962218579 3.943249419102093E-5 2.9623156639377766E-5 
-1.1451109339505032 -1.138815616362331 -1.1443625286756678 
1.665163619408716E-4 4.078360470358464E-5 -1.0180028424801522 
-0.9395870964223342 2.7137431615914187E-5 -0.9397131339060336 
-1.1350449155818305 2.5865200755878552E-5 -1.1325411492653081 
-1.0385453410532823 2.6148558351493656E-5 -1.0489529197705536 
-0.9909078528771403 3.8777871177649766E-5 -0.9842229038085968 
-0.9724431242674976 2.652370778240196E-5 -0.9761443547658489 
-0.7773825659130181 4.699330940010003E-5 3.175144512756937E-5 
-1.0851143859774717 2.383544291551317E-5 -1.084575821904288 
-0.9695551294416457 4.662816421763869E-5 -0.9568092625843958 
-0.9349001408279276 4.078360470358464E-5 6.399747660677286E-5 
-1.0852434086437248 2.5089632716035397E-5 2.81683375672292E-5 
-1.1272222478964018 -1.109698084290188 -1.1329159555454138 
-1.1453714568587083 3.845847767790774E-5 2.9623156639377766E-5 
-1.123400202119587 4.079738575905995E-5 -1.1209819661935612 
-1.0799159167636998 -0.9862325322644114 -1.087342536632864 
-1.147160048216282 -1.1397091524644547 -1.1486790602126882 
-1.1394225282550876 2.554690591432934E-5 6.399747660677286E-5 
-1.1380516779685674 -1.129039922823115 -1.1393966721125648 
-1.136136521325028 -1.1145207483588266 -1.1391635187624607 
-0.8863427385038742 3.9336791569279746E-5 6.392488399591033E-5 
-1.0731605679527423 -0.8898062643327042 -1.0692250165027501 
-1.0641367381074787 4.919791386105345E-5 6.397121000623702E-5 
-1.045655790669164 4.084566518965672E-5 6.399514117310862E-5 
-0.9906687341338941 3.943249419102093E-5 2.9623156639377766E-5 
-1.0965531354190874 -1.002899774359398 -1.0946316248955887 
-1.1199541351371634 2.622041491348238E-5 3.0167746423142927E-5 
-1.1164404528236451 2.476556144901652E-5 -1.1121699140552221 
-1.1019312216743498 -1.0302442535070393 -1.094830821902537 
-1.0720874322596998 -0.7881324506783849 -1.0692646624895734 
-1.1169167554351354 -1.0758487447560465 -1.118455453322678 
-1.0748122842673444 2.6307696388502864E-5 -1.0762890196613888 
-1.1006256605430504 3.9434073213420626E-5 2.9520526993862372E-5 
-1.0751282085616385 -0.8346523273447948 -1.0698498125920217 
-1.068522327063424 3.772376673796124E-5 -1.0618627461682641 
-1.1115456207687973 -1.0454641485462963 -1.1081944477720154 
-1.1256560017855974 -1.1009667951936508 -1.1257506718603378 
-1.0951112065435258 -1.020103075249989 -1.0948381760187036 
-1.1232564957198528 -1.0874014187608787 -1.120894855481715 
