2.0386440654387883 0.48265153905207364 
2.0038883132145178 0.7306579523161392 
2.898735685750463 0.19427440870338525 
2.893578736230626 0.2604620493345028 
2.893578736230626 0.2604620493345028 
2.8935900774567638 0.23655205454210146 
2.222827728843038 0.4090129339143887 
2.898735685750463 0.19427440870338525 
2.898682413694401 0.20933253003660607 
2.8987122096640197 0.19977019957836598 
2.8986255236111265 0.22312708396580982 
2.898735685750463 0.19427440870338525 
2.89309943444927 0.2837960041298839 
2.0386440654387883 0.48265153905207364 
2.899238273502457 0.13885340743122687 
2.893578736230626 0.2604620493345028 
2.8987122096640197 0.19977019957836598 
2.893578736230626 0.2604620493345028 
2.011010560581144 0.6934398395147408 
2.8935787384578324 0.2604596929342994 
2.8987122096640197 0.19977019957836598 
2.898737421380741 0.1614622610831415 
2.8986255236111265 0.22312708396580982 
2.2227999134666923 0.4323335188858421 
2.0386440654387883 0.48265153905207364 
2.0386440654387883 0.48265153905207364 
2.89309943444927 0.2837960041298839 
2.893578736230626 0.2604620493345028 
2.898712503233182 0.1976495437264245 
2.8987122096640197 0.19977019957836598 
2.0386440654387883 0.48265153905207364 
2.8930145369465188 0.30675348183282797 
2.8935898794326613 0.24165410123311482 
2.8931835676190873 0.2638548958082713 
2.893578163578896 0.2611007070063914 
2.893578736230626 0.2604620493345028 
2.89309943444927 0.2837960041298839 
2.8935787384578324 0.2604596929342994 
2.89309943444927 0.2837960041298839 
2.0386440654387883 0.48265153905207364 
2.8935788460708096 0.26036481679703816 
2.89309943444927 0.2837960041298839 
2.222827728843038 0.4090129339143887 
2.222827728843038 0.4090129339143887 
2.893578930740471 0.260255125326708 
2.893578736230626 0.2604620493345028 
2.2227999134666923 0.4323335188858421 
1.9985175146391438 0.7551650904571618 
2.0386440654387883 0.48265153905207364 
2.222827728843038 0.4090129339143887 
2.8987122096640197 0.19977019957836598 
-3.141592653589793 1.1224470048712074 
2.0038883132145178 0.7306579523161392 
2.89309943444927 0.2837960041298839 
2.2227999134666923 0.4323335188858421 
2.893578736230626 0.2604620493345028 
2.898735685750463 0.19427440870338525 
2.893578736230626 0.2604620493345028 
2.2233622044912287 0.35358645976945946 
2.0386440654387883 0.48265153905207364 
2.898735685750463 0.19427440870338525 
2.893578736230626 0.2604620493345028 
2.2227999134666923 0.4323335188858421 
2.8987122096640197 0.19977019957836598 
2.893578736230626 0.2604620493345028 
2.898735685750463 0.19427440870338525 
2.898735685750463 0.19427440870338525 
2.893578736230626 0.2604620493345028 
2.222827728843038 0.4090129339143887 
2.898735685750463 0.19427440870338525 
2.893578736230626 0.2604620493345028 
2.0386440654387883 0.48265153905207364 
2.011010560581144 0.6934398395147408 
2.0386440654387883 0.48265153905207364 
2.8930145369465188 0.30675348183282797 
2.893578736230626 0.2604620493345028 
2.222827728843038 0.4090129339143887 
2.893578736230626 0.2604620493345028 
2.0386440654387883 0.48265153905207364 
