2.0386440654387883 -2.2553116946372094 4.463299412854824 
2.0038883132145178 -2.0663696738610122 4.537775167690561 
2.898735685750463 -4.8539107908959265 1.202417854221624 
2.893578736230626 -4.844001700712804 1.2273375801092217 
2.893578736230626 -4.844001700712804 1.2273375801092217 
2.8935900774567638 -4.844001700712804 1.2273375801092217 
2.222827728843038 -3.03366749105279 3.9745764890122732 
2.898735685750463 -4.8539107908959265 1.202417854221624 
2.898682413694401 -4.853124261034779 1.2019292906939625 
2.8987122096640197 -4.8531765878113875 1.2019299470740648 
2.8986255236111265 -4.8532732642022545 1.2038159778038924 
2.898735685750463 -4.8539107908959265 1.202417854221624 
2.89309943444927 -4.844356466666132 1.2292268013665464 
2.0386440654387883 -2.2553116946372094 4.463299412854824 
2.899238273502457 -4.85385862420534 1.199991934125703 
2.893578736230626 -4.844001700712804 1.2273375801092217 
2.8987122096640197 -4.8531765878113875 1.2019299470740648 
2.893578736230626 -4.844001700712804 1.2273375801092217 
2.011010560581144 -2.1091943046289012 4.522620548680872 
2.8935787384578324 -4.844001700712804 1.2273375801092217 
2.8987122096640197 -4.8531765878113875 1.2019299470740648 
2.898737421380741 -4.853163286446855 1.2024269838256103 
2.8986255236111265 -4.8532732642022545 1.2038159778038924 
2.2227999134666923 -3.0326344219827996 3.974497659551441 
2.0386440654387883 -2.2553116946372094 4.463299412854824 
2.0386440654387883 -2.2553116946372094 4.463299412854824 
2.89309943444927 -4.844356466666132 1.2292268013665464 
2.893578736230626 -4.844001700712804 1.2273375801092217 
2.898712503233182 -4.853176966207552 1.2019709317840832 
2.8987122096640197 -4.8531765878113875 1.2019299470740648 
2.0386440654387883 -2.2553116946372094 4.463299412854824 
2.8930145369465188 -4.843988566913407 1.2292268013665464 
2.8935898794326613 -4.843987530591596 1.2273342606775475 
2.8931835676190873 -4.844004942124001 1.2291838210354467 
2.893578163578896 -4.844001700712804 1.2273373830884935 
2.893578736230626 -4.844001700712804 1.2273375801092217 
2.89309943444927 -4.844356466666132 1.2292268013665464 
2.8935787384578324 -4.844001700712804 1.2273375801092217 
2.89309943444927 -4.844356466666132 1.2292268013665464 
2.0386440654387883 -2.2553116946372094 4.463299412854824 
2.8935788460708096 -4.844001700712804 1.2273374936023917 
2.89309943444927 -4.844356466666132 1.2292268013665464 
2.222827728843038 -3.03366749105279 3.9745764890122732 
2.222827728843038 -3.03366749105279 3.9745764890122732 
2.893578930740471 -4.844001700712804 1.2273375801092217 
2.893578736230626 -4.844001700712804 1.2273375801092217 
2.2227999134666923 -3.0326344219827996 3.974497659551441 
1.9985175146391438 -2.0663696738610122 4.537775167690561 
2.0386440654387883 -2.2553116946372094 4.463299412854824 
2.222827728843038 -3.03366749105279 3.9745764890122732 
2.8987122096640197 -4.8531765878113875 1.2019299470740648 
-3.141592653589793 -4.99999999267259 0.0017498949800621721 
2.0038883132145178 -2.0663696738610122 4.537775167690561 
2.89309943444927 -4.844356466666132 1.2292268013665464 
2.2227999134666923 -3.0326344219827996 3.974497659551441 
2.893578736230626 -4.844001700712804 1.2273375801092217 
2.898735685750463 -4.8539107908959265 1.202417854221624 
2.893578736230626 -4.844001700712804 1.2273375801092217 
2.2233622044912287 -3.036111617892675 3.9724848333929508 
2.0386440654387883 -2.2553116946372094 4.463299412854824 
2.898735685750463 -4.8539107908959265 1.202417854221624 
2.893578736230626 -4.844001700712804 1.2273375801092217 
2.2227999134666923 -3.0326344219827996 3.974497659551441 
2.8987122096640197 -4.8531765878113875 1.2019299470740648 
2.893578736230626 -4.844001700712804 1.2273375801092217 
2.898735685750463 -4.8539107908959265 1.202417854221624 
2.898735685750463 -4.8539107908959265 1.202417854221624 
2.893578736230626 -4.844001700712804 1.2273375801092217 
2.222827728843038 -3.03366749105279 3.9745764890122732 
2.898735685750463 -4.8539107908959265 1.202417854221624 
2.893578736230626 -4.844001700712804 1.2273375801092217 
2.0386440654387883 -2.2553116946372094 4.463299412854824 
2.011010560581144 -2.1091943046289012 4.522620548680872 
2.0386440654387883 -2.2553116946372094 4.463299412854824 
2.8930145369465188 -4.843988566913407 1.2292268013665464 
2.893578736230626 -4.844001700712804 1.2273375801092217 
2.222827728843038 -3.03366749105279 3.9745764890122732 
2.893578736230626 -4.844001700712804 1.2273375801092217 
2.0386440654387883 -2.2553116946372094 4.463299412854824 
