0.24312266836408267 0.2723643980259817 
0.22808431616487462 0.3511121648509191 
0.6184341959046928 -0.12242622945063875 
0.24903284958297606 0.25528887263118655 
0.19299838263533753 0.6058523440146591 
0.8383553066033582 -0.695679207783647 
0.00756198698808605 0.9155619357075928 
0.6210678590306697 -0.1678551341257084 
0.42441311361709744 0.056734061447046936 
0.03960948155620386 0.7671133128698817 
0.206100768949816 0.508988992922772 
0.6395064463584282 -0.40242271197862467 
0.018230497890949215 0.8606836131602467 
0.6463317143815013 -0.44394407757874244 
0.631646613998103 -0.32171376031122434 
0.8300906008065062 -0.5815413232842582 
0.41977471043357084 0.11478667891379318 
0.21917992633944228 0.41066321999073396 
0.20889551427160497 0.4940851374438921 
0.43172336858805815 -0.016218795522766113 
6.768323103592266E-4 0.9775906548323893 
0.6374244765168264 -0.383951244717587 
0.41096663674193373 0.2231572689084218 
0.8280031660723032 -0.5457550073943248 
0.4227809998148656 0.0759337786697055 
0.013269961565110733 0.8826674264690497 
0.009951798516728394 0.8999310190341642 
0.4439834252912481 -0.09916782433633453 
0.43833095681030876 -0.06643036301776876 
0.6433333546596305 -0.42959965825140567 
0.8336344169686813 -0.6372437963110926 
0.1990865204248306 0.5630978224021691 
0.2256006276795282 0.3657748167373394 
0.8368505092857592 -0.6791796385224566 
0.0022729035836200895 0.9555789089550568 
0.258676225049521 0.24492866822366804 
0.24081469407184525 0.2909594702406197 
0.4140220810726674 0.18246893532539 
0.6515140989101691 -0.4562182556280167 
0.223591533620306 0.3816431390197512 
0.20437944886891662 0.5225063169063696 
0.23291186527146485 0.3195610658469699 
0.4361247387696745 -0.05265824400174332 
0.6351335765011779 -0.3622652755793897 
0.6250732111892641 -0.2316149674230003 
0.08461346151096763 0.6724604619881002 
0.0611575451890905 0.7050896409648342 
9.851731590353366E-8 1.0042526586818328 
0.1826512911357562 0.6711991451911472 
0.8353193997882554 -0.6597171724813081 
0.2014748142160641 0.5443766538486526 
0.8237436556197185 -0.4638551703676496 
0.40975583903034696 0.24000089557919607 
0.8526497031409319 -0.7711288459244674 
0.632804309261775 -0.3359112621506669 
0.4153905730288948 0.16560657858436265 
0.21033935358366856 0.4769322499854426 
0.4258603657381395 0.04170845473507362 
0.619867386184174 -0.14638068804110477 
0.6289851300204002 -0.2872830161625858 
0.42079452517157373 0.09825110046398272 
0.8319651387024802 -0.6112900528647867 
0.4273314462648551 0.02590384189583942 
0.6304247292506977 -0.30704761386892154 
0.23028221709349483 0.3357012138904834 
0.033771812701327786 0.7952367907659126 
0.00504833670360505 0.9312414134538672 
0.6274264597457386 -0.26541464470941 
0.42964239220730505 0.00351104737648925 
0.05286910128258265 0.7207829073588745 
0.23548285251304896 0.3070649638154987 
0.8460149380729444 -0.7571141431198258 
0.18825089722332894 0.6370452557901828 
0.4407490737602298 -0.083878598025057 
0.41813193205641186 0.13110821694773464 
0.6224989263922798 -0.19117149237078174 
0.8257861504163846 -0.5048335887923243 
0.8246547854927659 -0.48272235481381004 
0.626397061819834 -0.2503947008561601 
0.022049365635995133 0.8439200595622665 
0.19484909331342048 0.5926598502509789 
0.028380108595760012 0.8152229868634454 
0.19698391967603612 0.5787287144503901 
0.06579392974127278 0.6887218323359401 
0.8434743914669802 -0.735803753701072 
0.04465874709565042 0.7507586854461282 
0.2167298797124629 0.4288745875527422 
0.4126460185831848 0.201094661375111 
0.22121664380859987 0.3957349518124487 
0.6238159307218468 -0.21137697816397066 
0.8403191735055842 -0.7154217323896817 
0.416739203910351 0.14864392460718173 
0.8289592133924517 -0.5621266930299905 
0.0487143663383558 0.7355076003886006 
0.19069086747713995 0.6205349863975484 
0.45303831032308034 -0.12170489937738795 
0.43386150477840235 -0.03549542952676727 
0.8269150793173266 -0.5265350419246717 
0.21385350543104426 0.4503665281931821 
0.18539710052780167 0.6545139656484504 
