0.07693435000076437 0.6718143336927432 
0.6361304546271912 -0.3741533294610134 
0.2572519924279194 0.24234145867918946 
0.8461039440013274 -0.7595012127909332 
0.010497830366265226 0.894310627744294 
0.6500384952070508 -0.4561737212304061 
0.2545727582836339 0.24361837440436018 
0.43738512736483093 -0.06467295761099967 
0.42817426006734394 0.014411277060001228 
0.07551304099366642 0.6728410050319985 
0.4221718605230592 0.07953253478667716 
0.2485705559073928 0.25324113987779645 
0.8402176731177466 -0.7173621273744653 
0.6493379794837922 -0.4548785740479368 
0.24209882419145942 0.2734020767705647 
0.08085101599764288 0.6700160889171259 
0.6338850144775348 -0.35039561324304846 
0.4252832211536114 0.044627992870415224 
0.6440891425688822 -0.43542842483834854 
0.05333453625950674 0.7162276591102467 
0.06535231545540401 0.6866463757063291 
0.8503114547864673 -0.7723135601681508 
0.252555269225178 0.24583682512011465 
0.4456703453399161 -0.10893337141111387 
0.4323007315190317 -0.0245106483921931 
0.4293655040022811 0.0026334310669863 
0.027962768459442858 0.8115186661585442 
0.8388047593965168 -0.7031852360152598 
0.2553243697473472 0.24308540376713128 
0.23989203400511072 0.28245265060927605 
0.8365017234987152 -0.6769041761818252 
0.8475363379221439 -0.7654914145931323 
0.017555497692710226 0.858574928344712 
0.253700058493457 0.24447270523660586 
0.45364827027437926 -0.12407940625956151 
0.013239876137590006 0.8797704630895775 
0.07029712208735561 0.6785098196335424 
0.21679760781868976 0.42542645818365693 
0.4526737754659932 -0.12372880511053519 
0.04951063035412705 0.7282396704311811 
0.04561863250901459 0.7413847873865315 
0.22491788039540586 0.3672755252353418 
0.2337523056034308 0.3127105654485708 
0.44957624501592375 -0.11990945447157524 
0.0012434265281451862 0.9648745760301877 
0.07853346466842864 0.6709184002019376 
0.4505438271332147 -0.12156409216522815 
0.023276266924540004 0.832124522878601 
0.2050666581011501 0.5148397301485165 
0.24497717394784901 0.26326104761592456 
0.6320757853069896 -0.32935358241957796 
0.8451295213473358 -0.7544374939222295 
0.23711737428550922 0.29527503345631045 
0.8337959964364774 -0.6410520464066763 
0.6281742705542658 -0.278599098691227 
0.44851520840239445 -0.11762944999429492 
0.6506028008839342 -0.45694210791069184 
0.06766806430062433 0.6825152588941448 
0.45182781674153133 -0.12311055167834935 
0.8512448271686748 -0.7731156805641682 
0.05948632904000882 0.6994597731721339 
0.6528053709406807 -0.4581244147288454 
0.05510741095824928 0.7111127721783608 
0.6474313459308068 -0.44978459922432934 
0.642868283361356 -0.4284343443549136 
0.6479481434766787 -0.45132249174895733 
0.041023229121126714 0.7583062875207398 
0.03529312709759874 0.7807576172059333 
0.6390065835615034 -0.4004543198116282 
0.00907749599644564 0.9023509030611992 
0.43967241260635087 -0.07962519950874684 
0.8437803724044889 -0.7461644119823875 
0.004709566168894785 0.9309468548905955 
0.8510660656652855 -0.7729852871547481 
0.21316419079573454 0.45280412943341675 
0.07959744432743791 0.6704758285977642 
0.22899914990377787 0.3406820658209388 
0.44448011085348066 -0.10433888699188384 
0.24752214918825954 0.2558668739092423 
0.4472522468259115 -0.11423652882893415 
0.25642850371155484 0.24254058668573886 
0.4523454313280014 -0.12352744688592279 
0.031236073037187062 0.7975649217072228 
0.2507482756910685 0.24870163519295738 
0.43499250183193156 -0.04689965236188165 
0.8423530038593381 -0.7357429525320737 
0.22178074727043645 0.3890258425761149 
0.21094667043967846 0.4697945849343623 
0.6515259773518121 -0.4577500286387383 
0.4419499207069335 -0.0924776797577574 
0.07412481014576802 0.6741396150774264 
0.06173331656674327 0.6941866762663286 
0.8488512755388504 -0.7694612256469736 
0.8484474976274463 -0.768424712411844 
0.6510659232914549 -0.4574199768967776 
0.6405911478687395 -0.41289844475475657 
0.6459496993245717 -0.4442193446569316 
