0.4661708723505599 6.02908394976542 
0.5043180384581789 4.882088616375569 
0.7892604767302528 1.2869188622611927 
0.6649752100157116 1.534950111211891 
0.5698364796733517 3.2865415693437208 
0.9512697412147018 1.0582551583716961 
0.8139534533611875 1.2285768843485403 
0.9080759535544735 1.1113957270628316 
0.6292996222786209 2.1364070021022816 
0.45627318409900874 6.417602600307957 
0.5133886580837118 4.636608479461059 
0.40322649738789124 8.38601136567049 
0.4194792662423734 7.719686097470974 
0.8493330298886697 1.1775450374643022 
0.5506006465943305 3.7145213301741125 
0.4567108620183887 6.33166507226216 
0.5597506511222097 3.5304817377166113 
0.40627985896371843 8.278438302785334 
0.4631241526798769 6.244521992135274 
0.4116105065623912 8.00667688344677 
0.6462600465449482 1.8831084354752106 
0.42602240736925845 7.439573423746819 
0.7383198503277336 1.3550522833707022 
0.4233857535048756 7.539867099663111 
0.6820817319996468 1.4664387857218137 
0.4065110765183416 8.222933160422972 
0.5888435437396613 2.936962247272687 
0.48638196583687604 5.412999273576906 
0.4366541316338259 7.037087030688006 
0.3972211661045671 8.641732087224739 
0.48611247828122894 5.604160256092888 
0.4301346434402255 7.316683856741015 
0.4030679770873249 8.519963985809376 
0.5667169884252928 3.35293939439164 
0.43563247479692296 7.08213264402718 
0.5118222122483439 4.687529453416174 
0.6130840812336296 2.444738379969825 
0.5152503478241581 4.590481252656297 
0.999999999614668 1.0000000003893743 
0.4951587969570324 5.147751943391867 
0.5446858895450137 3.8600566626030264 
0.6031257935111201 2.6064177284653383 
0.548442433509194 3.7835951969367603 
0.5013808239900643 4.989012601890355 
0.40856422166176165 8.133309045120628 
0.4636695536507414 6.1957487350314935 
0.4686092127598673 5.962277114042663 
0.4722262742501989 5.916608492621434 
0.5899812645639315 2.8702828202229043 
0.6212806699848097 2.289909089258023 
0.45303030724870114 6.471274906421743 
0.42248130168730313 7.592771510679879 
0.38962059798384385 8.983072806998523 
0.6068605183752218 2.555320841015667 
0.6267405629525092 2.1923995444153634 
0.47268040290998103 5.817036777030365 
0.5539768349346027 3.6428071960628565 
0.4215837441386619 7.6522733159271175 
0.5799264024729907 3.0738381389764418 
0.43322093760445124 7.239309700640612 
0.5190465583324421 4.498133217021717 
0.5067220282247328 4.83242455078021 
0.5264979543172813 4.323242645466639 
0.5748929101200935 3.2290033487053864 
0.5290553072267266 4.2497164543830985 
0.3944978618187392 8.784245143536863 
0.5942276569544845 2.785859825321608 
0.6320040142638985 2.081115524299225 
0.5759088880526972 3.164005223681905 
0.4394897547679845 6.934887796373496 
0.4761791991951332 5.70181445002765 
0.7095025480795321 1.409773889825475 
0.434476821324715 7.151796747972854 
0.4437375028327122 6.786997003776038 
0.46423716908960366 6.0862855095831465 
0.49105801771324936 5.257565594451716 
0.5986018042497239 2.699144563933045 
0.5363331730071121 4.051999265383022 
0.6584665767487207 1.6374155059590962 
0.5399824875016027 3.979905705763334 
0.41395282321015714 7.936807278837292 
0.556270856761686 3.5855597450677212 
0.6510166248230603 1.754162565004951 
0.41703448229907814 7.8119077966008375 
0.45090315071634257 6.534184677925857 
0.5226331932171954 4.401512316925129 
0.40381299039870444 8.34052219785968 
0.41523152804078184 7.859791444217214 
0.4491075029577826 6.61302111522705 
0.4490194729554215 6.689022503431264 
0.5641822421942467 3.4090745793084376 
0.5609715889151397 3.482325810382846 
0.5334501750499661 4.150174460651023 
0.5022063494448799 4.938657109254003 
0.6167422866889946 2.354835410724409 
0.391188654463691 8.93577864311846 
0.49838948634512753 5.04870115959298 
0.5846353128094288 3.006220190131683 
0.44139666966148605 6.864482038078562 
0.509186657650676 4.74882774959196 
