0.4661708723505599 1.8105833243369052 
0.5043180384581789 1.4621253545895314 
0.7892604767302528 0.015714194741423437 
0.6649752100157116 0.020703772566767226 
0.5698364796733517 0.8727912781749586 
0.9512697412147018 0.006686110643366661 
0.8139534533611875 4.3977352227357255E-6 
0.9080759535544735 0.009231734628947996 
0.6292996222786209 0.34444011945636654 
0.45627318409900874 1.9281799727245894 
0.5133886580837118 1.3803822053300725 
0.40322649738789124 2.3814619900343574 
0.4194792662423734 2.238248259788575 
0.8493330298886697 1.2789449992275047E-4 
0.5506006465943305 1.045217846182299 
0.4567108620183887 1.8917402131645746 
0.5597506511222097 0.9761894514619435 
0.40627985896371843 2.3633627460954703 
0.4631241526798769 1.8919889564985057 
0.4116105065623912 2.2956323278769126 
0.6462600465449482 0.21697774515939428 
0.42602240736925845 2.169424979784976 
0.7383198503277336 4.619990445105804E-4 
0.4233857535048756 2.192272313317487 
0.6820817319996468 2.3110683659355313E-4 
0.4065110765183416 2.3427134111819115 
0.5888435437396613 0.7294112575136484 
0.48638196583687604 1.6327852277559176 
0.4366541316338259 2.0727731266167293 
0.3972211661045671 2.432678896850665 
0.48611247828122894 1.7242522307744805 
0.4301346434402255 2.1471592018841505 
0.4030679770873249 2.434124648617047 
0.5667169884252928 0.9001677159621553 
0.43563247479692296 2.085206970557636 
0.5118222122483439 1.3991816948267366 
0.6130840812336296 0.4988301835403922 
0.5152503478241581 1.3652470621114343 
0.999999999614668 4.042304157723909E-12 
0.4951587969570324 1.5489546593231425 
0.5446858895450137 1.1025183969640862 
0.6031257935111201 0.571997760702108 
0.548442433509194 1.075084157221695 
0.5013808239900643 1.5013952492326013 
0.40856422166176165 2.3229790795542753 
0.4636695536507414 1.8727800505041983 
0.4686092127598673 1.7939779846677055 
0.4722262742501989 1.7939779846677055 
0.5899812645639315 0.6934130879312368 
0.6212806699848097 0.42267625317852975 
0.45303030724870114 1.9316836591470523 
0.42248130168730313 2.207803991246306 
0.38962059798384385 2.4999901987951714 
0.6068605183752218 0.5507233301937753 
0.6267405629525092 0.3740657246837098 
0.47268040290998103 1.7495992875088906 
0.5539768349346027 1.018030800751896 
0.4215837441386619 2.2260740357009277 
0.5799264024729907 0.7825998937208805 
0.43322093760445124 2.136220536120525 
0.5190465583324421 1.334740565215958 
0.5067220282247328 1.4486959696143415 
0.5264979543172813 1.276178408855417 
0.5748929101200935 0.8563311319247667 
0.5290553072267266 1.2483350444001253 
0.3944978618187392 2.465365926816936 
0.5942276569544845 0.6554349566044885 
0.6320040142638985 0.31527336550402807 
0.5759088880526972 0.8221787301635713 
0.4394897547679845 2.047812136971676 
0.4761791991951332 1.7150854387734054 
0.7095025480795321 2.3816704716803343E-4 
0.434476821324715 2.1072899178196796 
0.4437375028327122 2.0116451021886785 
0.46423716908960366 1.8254799552399557 
0.49105801771324936 1.581769738808841 
0.5986018042497239 0.615712805901155 
0.5363331730071121 1.1732216230253636 
0.6584665767487207 0.0781833829241605 
0.5399824875016027 1.1490793830199066 
0.41395282321015714 2.285463780349622 
0.556270856761686 0.9945423913590336 
0.6510166248230603 0.14198899246048524 
0.41703448229907814 2.2578349237235624 
0.45090315071634257 1.9462844586392192 
0.5226331932171954 1.3003764371793962 
0.40381299039870444 2.3680112102044926 
0.41523152804078184 2.2636332114641773 
0.4491075029577826 1.9699574000667113 
0.4490194729554215 2.0035013590776605 
0.5641822421942467 0.9233393399616429 
0.5609715889151397 0.9534858429706665 
0.5334501750499661 1.2139112925221862 
0.5022063494448799 1.4802249579984565 
0.6167422866889946 0.45232657598639 
0.391188654463691 2.495575223986897 
0.49838948634512753 1.5162195776395953 
0.5846353128094288 0.7575424812316571 
0.44139666966148605 2.029959510558968 
0.509186657650676 1.4180397295735114 
