2.544723218486524 0.4056098643976762 
3.0355248045239174 0.11956252926458362 
3.062646251289588 0.11458118686670223 
3.0355248045239174 0.11956252926458362 
3.034990282027123 0.20326245475726545 
-3.141592653589793 1.0185403915309608 
3.0626772221941256 0.054866600621910004 
3.0349998028100216 0.20055437158154293 
3.0626772221941256 0.054866600621910004 
2.545121063457816 0.3023912194754437 
3.0349973177928913 0.201285465846119 
3.0355248045239174 0.11956252926458362 
2.545021346327631 0.37178682441087324 
3.0349998044645643 0.20055387848843453 
-3.141592653589793 1.0185403915309608 
3.034999806204859 0.20055335982996653 
3.034990282027123 0.20326245475726545 
3.0349902654299865 0.20326697150845635 
2.5446094026838257 0.43705838814118064 
2.1453549893587613 0.7084999261208934 
3.034999806204859 0.20055335982996653 
3.034990282027123 0.20326245475726545 
2.156264656358192 0.43761224327719495 
3.035000034074568 0.12136777775310378 
3.034990282027123 0.20326245475726545 
3.034999806204859 0.20055335982996653 
2.54501934135041 0.38971000471116873 
2.5446094026838257 0.43705838814118064 
2.1557022740706784 0.6060835487931346 
2.156264656358192 0.43761224327719495 
3.0349998044645643 0.20055387848843453 
3.034990282027123 0.20326245475726545 
3.034999806204859 0.20055335982996653 
2.5446094026838257 0.43705838814118064 
3.0349997299841602 0.20057606685131404 
-3.141592653589793 1.0185403915309608 
2.545121063457816 0.3023912194754437 
3.0349788911212983 0.20622555934697254 
3.0355248045239174 0.11956252926458362 
3.0355248045239174 0.11956252926458362 
2.5447199608977153 0.4256571714024653 
3.034661603342475 0.20837068595075342 
3.0349998028100216 0.20055437158154293 
3.0355248045239174 0.11956252926458362 
-3.141592653589793 1.0185403915309608 
3.0355248045239174 0.11956252926458362 
2.544730468850107 0.3990438860522712 
3.0355248045239174 0.11956252926458362 
2.1557022740706784 0.6060835487931346 
2.544723218486524 0.4056098643976762 
3.0355248045239174 0.11956252926458362 
3.0355248045239174 0.11956252926458362 
2.5446094026838257 0.43705838814118064 
2.558695997552318 0.26613797651017324 
3.034999727853899 0.20057670121686075 
2.545121063457816 0.3023912194754437 
3.0355248045239174 0.11956252926458362 
2.544723218486524 0.4056098643976762 
2.5446094026838257 0.43705838814118064 
2.544723218486524 0.4056098643976762 
3.034991144562496 0.203026830409559 
3.034999806204859 0.20055335982996653 
2.5451052712231443 0.33215779815213836 
3.034999806204859 0.20055335982996653 
3.034999727853899 0.20057670121686075 
3.0355248045239174 0.11956252926458362 
3.0355248045239174 0.11956252926458362 
3.034990282027123 0.20326245475726545 
3.034999820508182 0.12480907510268349 
2.1557022740706784 0.6060835487931346 
3.034999806204859 0.20055335982996653 
-3.141592653589793 1.0185403915309608 
3.0355248045239174 0.11956252926458362 
3.034661603342475 0.20837068595075342 
2.545121063457816 0.3023912194754437 
2.544730468850107 0.3990438860522712 
3.034999806204859 0.20055335982996653 
-3.141592653589793 1.0185403915309608 
3.0626772221941256 0.054866600621910004 
2.156264656358192 0.43761224327719495 
3.0355248045239174 0.11956252926458362 
2.5451069035971576 0.3302691866813755 
3.0626772221941256 0.054866600621910004 
3.0626772221941256 0.054866600621910004 
3.0626772221941256 0.054866600621910004 
2.1557022740706784 0.6060835487931346 
3.034991144562496 0.203026830409559 
3.0355248045239174 0.11956252926458362 
3.0355248045239174 0.11956252926458362 
3.0626772221941256 0.054866600621910004 
3.0626772221941256 0.054866600621910004 
3.0626772221941256 0.054866600621910004 
3.0626772221941256 0.054866600621910004 
3.0626772221941256 0.054866600621910004 
3.0626772221941256 0.054866600621910004 
3.0626772221941256 0.054866600621910004 
3.0626772221941256 0.054866600621910004 
3.0626772221941256 0.054866600621910004 
3.0626772221941256 0.054866600621910004 
3.0626772221941256 0.054866600621910004 
