2.544723218486524 -4.134271603134586 2.808650821951595 
3.0355248045239174 -4.971646234526639 0.5293336218657858 
3.062646251289588 -4.9844857087663055 0.3944523543817402 
3.0355248045239174 -4.971646234526639 0.5293336218657858 
3.034990282027123 -4.971646234526639 0.5293336218657858 
-3.141592653589793 -4.999999997894674 5.140750896617149E-6 
3.0626772221941256 -4.984445261052074 0.3941692336999751 
3.0349998028100216 -4.971646234526639 0.5293336218657858 
3.0626772221941256 -4.984445261052074 0.3941692336999751 
2.545121063457816 -4.137499257673582 2.808650821951595 
3.0349973177928913 -4.971646234526639 0.5293336218657858 
3.0355248045239174 -4.971646234526639 0.5293336218657858 
2.545021346327631 -4.134712267328512 2.808650821951595 
3.0349998044645643 -4.971646234526639 0.5293336218657858 
-3.141592653589793 -4.999999997894674 5.140750896617149E-6 
3.034999806204859 -4.971646234526639 0.5293336218657858 
3.034990282027123 -4.971646234526639 0.5293336218657858 
3.0349902654299865 -4.971646234526639 0.5293336218657858 
2.5446094026838257 -4.133078510095221 2.808650821951595 
2.1453549893587613 -2.739184836731699 4.194595075381044 
3.034999806204859 -4.971646234526639 0.5293336218657858 
3.034990282027123 -4.971646234526639 0.5293336218657858 
2.156264656358192 -2.7632825625155624 4.16776378339649 
3.035000034074568 -4.971646234526639 0.5317515871214512 
3.034990282027123 -4.971646234526639 0.5293336218657858 
3.034999806204859 -4.971646234526639 0.5293336218657858 
2.54501934135041 -4.138782716115106 2.808650821951595 
2.5446094026838257 -4.133078510095221 2.808650821951595 
2.1557022740706784 -2.7632825625155624 4.174461906237656 
2.156264656358192 -2.7632825625155624 4.16776378339649 
3.0349998044645643 -4.971646234526639 0.5293336218657858 
3.034990282027123 -4.971646234526639 0.5293336218657858 
3.034999806204859 -4.971646234526639 0.5293336218657858 
2.5446094026838257 -4.133078510095221 2.808650821951595 
3.0349997299841602 -4.971646234526639 0.5293336218657858 
-3.141592653589793 -4.999999997894674 5.140750896617149E-6 
2.545121063457816 -4.137499257673582 2.808650821951595 
3.0349788911212983 -4.971646234526639 0.5293336218657858 
3.0355248045239174 -4.971646234526639 0.5293336218657858 
3.0355248045239174 -4.971646234526639 0.5293336218657858 
2.5447199608977153 -4.133452712406107 2.808650821951595 
3.034661603342475 -4.971515008689752 0.531297404701362 
3.0349998028100216 -4.971646234526639 0.5293336218657858 
3.0355248045239174 -4.971646234526639 0.5293336218657858 
-3.141592653589793 -4.999999997894674 5.140750896617149E-6 
3.0355248045239174 -4.971646234526639 0.5293336218657858 
2.544730468850107 -4.1341202135943425 2.8090481855986655 
3.0355248045239174 -4.971646234526639 0.5293336218657858 
2.1557022740706784 -2.7632825625155624 4.174461906237656 
2.544723218486524 -4.134271603134586 2.808650821951595 
3.0355248045239174 -4.971646234526639 0.5293336218657858 
3.0355248045239174 -4.971646234526639 0.5293336218657858 
2.5446094026838257 -4.133078510095221 2.808650821951595 
2.558695997552318 -4.174399395337077 2.7520587024795486 
3.034999727853899 -4.971646234526639 0.5293336218657858 
2.545121063457816 -4.137499257673582 2.808650821951595 
3.0355248045239174 -4.971646234526639 0.5293336218657858 
2.544723218486524 -4.134271603134586 2.808650821951595 
2.5446094026838257 -4.133078510095221 2.808650821951595 
2.544723218486524 -4.134271603134586 2.808650821951595 
3.034991144562496 -4.971646234526639 0.5293336218657858 
3.034999806204859 -4.971646234526639 0.5293336218657858 
2.5451052712231443 -4.138081635993747 2.808650821951595 
3.034999806204859 -4.971646234526639 0.5293336218657858 
3.034999727853899 -4.971646234526639 0.5293336218657858 
3.0355248045239174 -4.971646234526639 0.5293336218657858 
3.0355248045239174 -4.971646234526639 0.5293336218657858 
3.034990282027123 -4.971646234526639 0.5293336218657858 
3.034999820508182 -4.971646234526639 0.5317154043611545 
2.1557022740706784 -2.7632825625155624 4.174461906237656 
3.034999806204859 -4.971646234526639 0.5293336218657858 
-3.141592653589793 -4.999999997894674 5.140750896617149E-6 
3.0355248045239174 -4.971646234526639 0.5293336218657858 
3.034661603342475 -4.971515008689752 0.531297404701362 
2.545121063457816 -4.137499257673582 2.808650821951595 
2.544730468850107 -4.1341202135943425 2.8090481855986655 
3.034999806204859 -4.971646234526639 0.5293336218657858 
-3.141592653589793 -4.999999997894674 5.140750896617149E-6 
3.0626772221941256 -4.984445261052074 0.3941692336999751 
2.156264656358192 -2.7632825625155624 4.16776378339649 
3.0355248045239174 -4.971646234526639 0.5293336218657858 
2.5451069035971576 -4.138081635993747 2.808650821951595 
3.0626772221941256 -4.984445261052074 0.3941692336999751 
3.0626772221941256 -4.984445261052074 0.3941692336999751 
3.0626772221941256 -4.984445261052074 0.3941692336999751 
2.1557022740706784 -2.7632825625155624 4.174461906237656 
3.034991144562496 -4.971646234526639 0.5293336218657858 
3.0355248045239174 -4.971646234526639 0.5293336218657858 
3.0355248045239174 -4.971646234526639 0.5293336218657858 
3.0626772221941256 -4.984445261052074 0.3941692336999751 
3.0626772221941256 -4.984445261052074 0.3941692336999751 
3.0626772221941256 -4.984445261052074 0.3941692336999751 
3.0626772221941256 -4.984445261052074 0.3941692336999751 
3.0626772221941256 -4.984445261052074 0.3941692336999751 
3.0626772221941256 -4.984445261052074 0.3941692336999751 
3.0626772221941256 -4.984445261052074 0.3941692336999751 
3.0626772221941256 -4.984445261052074 0.3941692336999751 
3.0626772221941256 -4.984445261052074 0.3941692336999751 
3.0626772221941256 -4.984445261052074 0.3941692336999751 
3.0626772221941256 -4.984445261052074 0.3941692336999751 
