-14.920929411354685 -10.504390003708087 
-16.14400463925125 -7.292664426861371 
-18.181799540719716 -3.2085804039158 
-16.924437982887827 -4.101101024627815 
-15.628573551308934 -7.7830949530150475 
-16.43758927464733 -6.125960234433265 
-19.085306582442406 0.006891505274180159 
-16.693818385108955 -4.881266479587502 
-18.94736926395848 -0.2267231411621417 
-18.653063771379195 -1.056992125807335 
-16.318988969383323 -6.655435757903069 
-18.54043957283716 -1.5271247355185391 
-15.447681933807482 -8.328992621391254 
-16.016068137192395 -7.6222089803273 
-14.460219879915215 -11.553451503170418 
-18.365230545800898 -2.3455370347877835 
-14.990859637791882 -10.248265581044038 
-16.742795375014317 -4.671064016943884 
-18.34034304446378 -2.4682372492826734 
-18.569626606545153 -1.4026659301838018 
-18.886295677793168 -0.3509402887853016 
-16.76996781104036 -4.573564629571911 
-18.420588112180393 -2.0759083304660217 
-16.569048841246218 -5.491532257293622 
-16.513809301412508 -5.75236714387613 
-19.993229076579844 0.011326190216353125 
-15.134034713983219 -9.620474211048723 
-18.012662188041325 -3.7994380503412772 
-18.252526885094817 -2.899368459660184 
-16.37438586746886 -6.412104316830282 
-16.28827243959546 -6.778905148571916 
-16.456814647076655 -6.031726276196315 
-16.809129718427272 -4.412408236096626 
-15.550908437483614 -8.008520135279007 
-16.59328620116213 -5.375458385187374 
-16.6146769138655 -5.270067805993848 
-16.976769107331165 -3.9976209083845657 
-18.801303699306104 -0.5755289569062513 
-15.248401557565668 -9.125174949626775 
-14.807526362790707 -10.877081141654413 
-16.634772180040336 -5.167102852803965 
-14.95710410399518 -10.37249470955679 
-18.5127933119645 -1.647403660289792 
-15.111151946179245 -9.71161605967232 
-16.24526426511603 -6.902144589858992 
-16.348485530490002 -6.522414622064581 
-18.69295646778722 -0.9295815611568718 
-16.216427191613988 -7.053742032444017 
-18.313663790089038 -2.6012967562120535 
-14.423830318281771 -11.621051429420167 
-14.774688394120984 -10.997303984098059 
-15.281431141049886 -9.011036957033138 
-14.855362481551099 -10.76104585761822 
-18.7599250681824 -0.7090551766210331 
-15.042689421197654 -10.032326474042037 
-18.12147523087428 -3.4711887422178513 
-18.47619330257033 -1.799353945047028 
-15.42584870066926 -8.45203348427106 
-17.940114760888882 -3.874775071994604 
-15.065636421599258 -9.941065830410263 
-15.889437229052076 -7.749871099815949 
-16.876417118679015 -4.224052136252806 
-16.112619081244404 -7.3972945103665 
-14.54041280104248 -11.544067757730701 
-15.19386361911005 -9.380452381999028 
-15.163655475728067 -9.52368931347697 
-18.28451405708191 -2.7449843712438207 
-16.848676603620145 -4.310111125782411 
-16.715055010271286 -4.788144297865754 
-15.086459120962651 -9.84966895827567 
-15.396254064996398 -8.557692471374374 
-15.365419859659735 -8.658399056459082 
-15.306812332317806 -8.891506168848807 
-18.08232324323488 -3.615226731337034 
-16.169452401623605 -7.200437279705367 
-18.046112546191097 -3.7246996337213134 
-14.891238308761713 -10.635238333097218 
-18.15454313790991 -3.343324490314976 
-18.726550482387143 -0.8156271581009316 
-16.54151770194702 -5.62815670561943 
-15.492093441162353 -8.212475618860582 
-18.623124297750053 -1.1793284433960098 
-16.073390930143237 -7.495242165723525 
-14.62888708974241 -11.399399511065877 
-17.03681638349626 -3.8898638126335263 
-16.491245363090577 -5.864093572157641 
-15.34241292270519 -8.776020784238845 
-15.011383020295394 -10.143817916097891 
-14.703843348773486 -11.221772797076762 
-16.665441074680118 -5.015772909886736 
-14.74187962313615 -11.12382012338294 
-14.65987415686012 -11.311696584173955 
-18.840204116973915 -0.46919083221043395 
-18.59987137056541 -1.2664173159763716 
-16.404781151302437 -6.27368626715174 
-18.445461454850182 -1.9571107490245154 
-15.23163658791055 -9.237993451151366 
-18.389609775169966 -2.2267129330779136 
-18.219715284297095 -3.0550594849316566 
-19.008328749211636 -0.11219241092559432 
