-15.004257012793706 -10.196068001239919 
-15.932779305474295 -7.7316856275339045 
-14.544780266819535 -11.55667651296256 
-19.999852361045633 5.781632011913092E-4 
-14.81157535280409 -10.917716069078029 
-16.41680242912262 -6.221489126927578 
-14.743394471658936 -11.132083421165776 
-16.45023525232094 -6.06695221368944 
-15.955684399103465 -7.711319608446079 
-18.676227662671785 -0.9909675201940293 
-18.588743120578936 -1.325696822145149 
-16.634374430830213 -5.169389462820423 
-16.588474335266163 -5.400158704020384 
-18.554411442552578 -1.4697331546091552 
-16.091052826250767 -7.457169551797486 
-14.620868124021612 -11.432511331376258 
-16.373789976417406 -6.4180504057723535 
-14.719506852085555 -11.199910565758529 
-18.16625298429777 -3.299115640733039 
-18.025627501589653 -3.776421905947872 
-16.023464712444284 -7.609900291649139 
-15.189987829145338 -9.41491433656233 
-17.95531937168214 -3.8724856633960063 
-16.65469089479558 -5.07147985179107 
-18.67251209598298 -1.004199900793471 
-15.93171329617918 -7.732572716098368 
-17.947623000492307 -3.8748578219537757 
-17.973811984382966 -3.859544401562255 
-18.253007128052076 -2.9006687927965147 
-16.088736416017035 -7.46322534482148 
-18.002339356009465 -3.821788535735338 
-18.076285202857818 -3.639338673599451 
-15.349779151643643 -8.747795609320079 
-18.186289157572837 -3.2114892593715645 
-14.881438333766408 -10.673429484472898 
-15.124464336873007 -9.694284513065778 
-16.40827222481279 -6.261003596068759 
-15.085154500341332 -9.859394373993771 
-15.234280067076305 -9.227697435538284 
-14.470856057847133 -11.619438869867109 
-16.552427217480087 -5.576886151154001 
-18.490710805358002 -1.7498521979705957 
-16.3036688927306 -6.720308991259065 
-18.229732445473907 -3.0117915575284053 
-16.514600860118946 -5.760618110915127 
-14.945162848891233 -10.432780518154978 
-18.05098974230625 -3.7138375161608215 
-16.055296600173953 -7.544231808237614 
-18.41695958869338 -2.0970745079171094 
-18.118626606258186 -3.491936111050791 
-17.99053154874507 -3.8399225211201453 
-14.835288280943978 -10.838532698145936 
-14.573135108118858 -11.51702624273688 
-15.156812709999512 -9.556883374691598 
-15.313456700970557 -8.897493716771237 
-14.514164502263439 -11.59027023478663 
-18.441793374248896 -1.9782737084329562 
-18.588743120578936 -1.325696822145149 
-16.183969138190122 -7.175456073668827 
-16.290030415294083 -6.776659594662174 
-16.258808815682883 -6.900629660531548 
-14.473878694511733 -11.61823298812847 
-15.351031634792317 -8.742771709091079 
-16.11786563107835 -7.383672563071837 
-16.343228827098937 -6.55060958778602 
-18.374116097774323 -2.305586605085093 
-14.778470365065342 -11.025982687327115 
-15.275067569906188 -9.056396677293536 
-18.152902422387456 -3.355545018824524 
-18.02596323017446 -3.775679735694569 
-18.297136953999384 -2.685487171158971 
-15.054815604096332 -9.987009013958582 
-16.211969157271383 -7.075343828689878 
-15.981008789365388 -7.6801102192347175 
-15.999696781078297 -7.652174038731157 
-16.490805435545717 -5.875056799776724 
-17.961973688662397 -3.8688905172497616 
-18.33571764208707 -2.4949460454504573 
-17.973811984382966 -3.859544401562255 
-14.61888708281427 -11.435474625535946 
-14.9706834993958 -10.332249858865536 
-14.656667200900493 -11.35350589625276 
-14.910108027478463 -10.567095422773356 
-18.095523873164346 -3.5755658739459664 
-16.14942019988202 -7.289094962314019 
-14.673953991346655 -11.314102901433806 
