-1.0815167137043644 -0.9506812553986898 -1.0736125911302916 
-1.1390258847929873 -2.036642809352411E-5 -1.1345120830842783 
-1.1320116437439431 -1.1184729122675305 -1.1352114682661731 
3.604721165506586E-6 -1.0788837460604992E-5 6.150569760222498E-5 
-1.0960056036313155 -1.0279722544707546 -1.0931716271293854 
-0.9766800594098695 -1.1036707331113976E-5 -0.9976110943010658 
-1.1056590945763671 -1.0497760026213419 -1.1057988634913916 
-0.9696087535124991 -2.0046373983643706E-5 -0.9843270313766409 
-1.129932174839879 -2.0224332384227606E-5 -1.1292390403794523 
3.604721165506586E-6 -1.079851940518062E-5 -0.709978178021628 
-0.7605880153020373 -2.0257998639289744E-5 6.152577184171115E-5 
-0.9723211576075849 -2.0308936451516903E-5 -0.8708038254441067 
-0.9376792779346297 -2.0350006046480462E-5 -0.9325633951744546 
3.604721165506586E-6 -1.1036707331113976E-5 -0.7806763520302431 
-1.0858699397517255 -2.0433453126352923E-5 -1.0888193059381146 
-1.1303432617391937 -1.0892187972027525 -1.1210942698891446 
-1.003091864511598 -2.0369887842419603E-5 -0.9974136405143037 
-1.1095818263640136 -1.0570092446514492 -1.1104963100890266 
3.604721165506586E-6 -2.0355631732687033E-5 -1.0128492874488546 
3.604721165506586E-6 -2.0354777374662938E-5 -1.0997004115167834 
-1.1056166923468276 -2.285002167937303E-5 -1.111165657859254 
-1.0702705648559423 -0.867851602452856 -1.0639957838294773 
3.604721165506586E-6 -1.06841004809039E-5 -1.1437072496611755 
-0.860895168524046 -1.9935126207834573E-5 -0.9701047698814379 
3.604721165506586E-6 -2.0354090520094924E-5 -0.7121091568473839 
-1.1390258847929873 -2.036642809352411E-5 -1.1351808927010278 
3.604721165506586E-6 -2.0330696442191172E-5 -1.1485350335309015 
3.604721165506586E-6 -2.0355017414698655E-5 -1.132086189878306 
3.604721165506586E-6 -2.5061108917021526E-5 -0.9600066147538744 
-1.0868071345257626 -2.016953209131829E-5 -1.0893216601274902 
3.604721165506586E-6 -2.0354090520094924E-5 -1.1142300417525361 
3.604721165506586E-6 -2.0354090520094924E-5 -1.0682397969579482 
-1.060924683351827 -0.7840869259297841 -1.070689770057978 
3.604721165506586E-6 -2.0337325215859673E-5 -1.0005967301348648 
-1.0957368827030824 -0.9933541152014149 -1.093318727622507 
-1.0684225043381832 -0.8992186734207365 -1.070058883818741 
-0.9986834801987879 -2.127628727792457E-5 -0.9807991312396658 
-1.0817356902692798 -0.9116062107253726 -1.0698809607152153 
-1.071430409872511 -0.8402838367555674 -1.0696232975070894 
-1.1488763925503327 -1.139978824912259 -1.1474689629845762 
-0.9460003999695838 -2.5393150414029413E-5 -0.9459948275296072 
-0.8179855620814586 -2.0259319356200712E-5 6.15405532224184E-5 
-1.0247203367168665 -2.4506694967542836E-5 -1.0187025296513685 
3.604721165506586E-6 -2.0258805913788322E-5 -0.9741329391337366 
-0.9609957857081071 -2.0383076785887345E-5 -0.9538805784455904 
-1.0830883844055574 -0.9718555920006724 -1.087199280988545 
3.604721165506586E-6 -2.035476840612095E-5 -1.0839246230438042 
-1.0978201728422006 -2.5212845774046883E-5 -1.099114632127149 
3.604721165506586E-6 -1.669491811169951E-5 -0.861661827618411 
3.604721165506586E-6 -1.5912496168176446E-5 -1.0421003547759522 
3.604721165506586E-6 -2.0337597616525618E-5 -1.121613194496202 
-1.0957516559446232 -1.016401476577651 -1.0931495016634056 
-1.1320161009999732 -1.1045614987771144 -1.1352114682661731 
-1.0697817806345506 -0.882816176995279 -1.0682269589144013 
-1.0697817806345506 -0.798554919804325 -1.0698809607152153 
-1.1395419211266788 -1.126649668411158 -1.1411468775233573 
3.604721165506586E-6 -2.0337325215859673E-5 -0.8469271424122419 
-0.7605880153020373 -2.0257998639289744E-5 6.152577184171115E-5 
-1.062263896340785 -2.0353522149404284E-5 -1.054849658051562 
-1.0247203367168665 -2.4489201187917524E-5 -1.0270697769655122 
-1.0408521745591455 -1.5890103279551813E-5 -1.0301278825773759 
-1.145932281378969 -1.139978824912259 -1.1474689629845762 
-1.0610857920264407 -0.7840869259297841 -1.0695166522474384 
-1.0770247466797345 -1.7225920156710482E-5 -1.0810155519894002 
-1.0004353198382943 -3.306195799128307E-5 -1.018767492550606 
3.604721165506586E-6 -2.0355631732687033E-5 -0.8871731209635169 
-1.104203360849161 -1.0347319388303406 -1.1029726653539411 
-1.0697817806345506 -0.8193634655199309 -1.0698809607152153 
3.604721165506586E-6 -2.0354090520094924E-5 -1.0210301644301392 
3.604721165506586E-6 -2.0354768774662614E-5 -1.099491256645983 
3.604721165506586E-6 -2.0350006046480462E-5 -0.9333480065370159 
-1.0702160622022125 -0.9326537635165684 -1.0717874207184506 
-1.0418756086926735 -2.49832666669185E-5 -1.05796200183587 
-1.1199401649980982 -2.0365169051840966E-5 -1.1233724933032363 
-1.1156644409747025 -2.3047014762290956E-5 -1.115960589698387 
-0.9609957857081071 -2.0383076785887345E-5 -0.9682998242845151 
3.604721165506586E-6 -2.0354053491944644E-5 -1.139514903226449 
3.604721165506586E-6 -2.0354768774662614E-5 -0.9101526045246947 
3.604721165506586E-6 -2.0355017414698655E-5 -1.132086189878306 
-1.1322256558495243 -1.0892187972027525 -1.1210942698891446 
-1.0821738953571716 -0.9633090127762471 -1.0805058157488503 
-1.1076935047102607 -1.0827984455719522 -1.1221232657307105 
-1.0830883844055574 -0.9886588441874902 -1.0884912563875653 
3.604721165506586E-6 -2.0355017530770676E-5 -1.0563434267028158 
-1.0684225043381832 -2.0387608529536958E-5 -1.070058883818741 
-1.1075880242472946 -1.0743006071218897 -1.1222691551937394 
