-18.15415500155981 -3.3475918657281962 
-16.204084296345847 -7.10084407809253 
-14.615095713558237 -11.324414998800854 
-16.914190565018167 -4.100242872911184 
-14.958150690434675 -10.381762635072413 
-16.630859547561496 -5.1722862926803534 
-16.162010471424836 -7.225144093263106 
-18.125113696576943 -3.4551328945778472 
-18.61437860038499 -1.212948724384553 
-16.292646855434175 -6.751531704067952 
-16.584438160830388 -5.365821418024851 
-15.097929986220292 -9.659152920669829 
-16.53613039839952 -5.592136594215096 
-16.531512558320856 -5.676345598618835 
-16.121924663934365 -7.336862893106013 
-18.016044657645537 -3.7883657604643077 
-16.265513306156887 -6.8695153400345905 
-16.062920877864215 -7.503681034142709 
-16.774349098741155 -4.554847490702979 
-18.517248938760574 -1.6073518012791819 
-18.06253869814639 -3.6783263217618387 
-18.853552883577173 -0.4426760751870384 
-18.895951514173923 -0.34043769954018727 
-18.547066150302356 -1.4677577563899873 
-16.56322220625067 -5.491799165179567 
-18.492490758226136 -1.7384308637688912 
-18.397881017560856 -2.1765028111624467 
-15.48496488973848 -8.220131576528551 
-15.049276302936539 -9.872909026889452 
-14.517311221557549 -11.56457537467125 
-14.790213984933303 -10.91858171833408 
-18.64323429721842 -1.1096136133305956 
-15.190862557449682 -9.405632458615518 
-18.43445282753959 -1.9936728211753105 
-16.42544290602043 -6.162112478288684 
-16.97424676564099 -3.9977781674632316 
-14.982340307598982 -10.285410593500433 
-18.687627137903977 -0.9477080294159703 
-15.269650827733948 -9.066691408797064 
-14.896928575054513 -10.579860575210873 
-16.81292692874691 -4.4173441382226954 
-16.837582655891772 -4.318527491955421 
-18.17873381412302 -3.2344781790063726 
-14.822875795558835 -10.798058889606526 
-15.64049831290134 -7.7501040881526695 
-16.727386692004014 -4.736787635447914 
-15.525542449359653 -8.093880001311177 
-14.676505099363439 -11.28424939834853 
-18.098578503145298 -3.5597102796457745 
-15.009454410196817 -10.170266651502915 
-15.982905383686536 -7.6418453252189344 
-18.355528482056496 -2.3310313103494376 
-16.65496386365752 -5.04518027389935 
-16.679536722671557 -4.9367190327215 
-16.236174981151652 -6.972625169446788 
-16.45101433708427 -6.005732506183966 
-15.8717047296129 -7.747257006289372 
-16.32067996730896 -6.648579657350087 
-14.869286055058836 -10.688731209348768 
-15.223501199476413 -9.26691538146312 
-18.41789639957002 -2.0804811730040784 
-15.042506992197957 -10.034585031774073 
-19.06759077120899 -0.01764494314793002 
-16.606383686096727 -5.287673884976829 
-14.42660542244542 -11.626155537067978 
-17.940014750806373 -3.873610886053167 
-15.166742331362585 -9.513873091011575 
-14.731378815681422 -11.151204270657264 
-16.34781811462883 -6.517955584413997 
-18.22300355488085 -3.0164496012750943 
-18.73018016002295 -0.8025714644025228 
-15.361223990668506 -8.696689442805145 
-18.305944234431124 -2.6378471535600077 
-18.333225079972213 -2.4922338479407795 
-18.942207455350736 -0.23182583455757674 
-15.333229524301693 -8.815260702156916 
-16.3739144645586 -6.386850801848523 
-14.93046719587197 -10.48723413173461 
-15.42014621635978 -8.471698787343303 
-15.572925172057113 -7.933442508458574 
-18.249996071115536 -2.9028601117531285 
-18.998044282966966 -0.12896648181629014 
-18.19803864627945 -3.1445237394604546 
-16.876724068931374 -4.230113252688576 
-17.026300102288616 -3.8897881596701906 
-15.30352673650884 -8.923550119416 
-14.76886297074697 -11.032255668590036 
-15.45158378724085 -8.354516669484482 
-16.484057337358493 -5.896347347101704 
-16.506701595766177 -5.751847528648771 
-18.464081898010576 -1.864924775757178 
-18.81170530521422 -0.5438653318742385 
-18.7693858920152 -0.6726985935224471 
-15.391897701527629 -8.582155389228735 
-18.276764628736643 -2.773205705541214 
-16.7047260261091 -4.83432049451858 
-14.606668522367563 -11.456183668021136 
-16.404659126145283 -6.261659994601395 
-19.99613006249658 0.005866621054072046 
-18.579680957802644 -1.334242049841145 
