-1.020039585043807 -4.8778011761723404E-5 -1.9610289686385415E-4 
-1.0409789361007262 7.436216936908355E-5 -1.063736414096117 
-1.1316160960140438 -1.118558706869924 -1.0668295282443383 
-1.0536203663719415 0.003839071850051279 -0.6310784485825446 
-1.0813725168000465 -0.969588571220502 -1.0813152425693877 
-0.8413884130647878 -7.571058704416952E-4 -1.0046668444149385 
-1.042985067923161 -7.146541974278675E-4 -1.0878030631252997 
-1.0370205629385898 -7.613861393064596E-4 4.7768833303286575E-4 
-0.744816931171064 -7.586913273410872E-4 2.9420272487249593E-4 
-1.0456002400970932 -7.152415681488996E-4 -1.0046668444149385 
-0.8405824060271628 -7.419760343552548E-4 -1.0339614357616238 
-1.0868877151113558 -0.8572262825556294 -1.1415614418865703 
-0.8718965480012368 0.003870814124713659 -1.0312020875518904 
-0.960872695971395 -4.3898924144158437E-4 -0.9437803298585237 
-1.0736011641553902 -0.014489056463795315 -1.0817288166302068 
-1.1045416361374683 -9.074063079863097E-4 -1.9610289686385415E-4 
-1.042985067923161 -7.153203848926392E-4 -1.023884230852671 
-1.0755098693582168 6.61885201476313E-5 -1.1167623018502069 
-1.0534420944572036 -8.240712699169407E-4 -0.7112255008938473 
-0.001614886557021744 -6.8099235650488E-4 -0.800401280588499 
-1.0764167495754842 3.6037027679650504E-7 2.9535494589992957E-4 
-0.6084163533816627 1.5873812901385435E-5 3.670551903232614E-4 
-0.5846826530335354 -1.400382104449954E-5 2.3210804549874374E-4 
-0.781937731335218 -7.086872432666873E-4 0.0025075363612622192 
-0.8718965480012368 4.220394027862795E-5 -1.0145972485656345 
-0.8166643761740842 4.240717213058858E-5 2.9372126085160696E-4 
-0.8719938915667447 -8.193258859587007E-4 2.8840826636383646E-4 
-1.053672629080924 -0.7174213891551298 -1.0647660925239377 
-1.0868877151113558 -0.8834383096453242 -1.1415614418865703 
-1.1316160960140438 -1.118558706869924 -1.1618560632552752 
-1.1418291429448812 -1.0228663119213837 -1.0762797064819802 
-0.7287727191056079 -1.0090970131053432E-5 2.3184755297878416E-4 
-1.0543206868557697 -0.8760337623845112 -1.0657800831575952 
-0.8497478536040096 -8.088477428714736E-4 0.0010307843746420596 
-0.9480506402344231 -1.0210720338573921E-5 -1.0212245199837335 
-0.5378388346552608 -7.685199064439399E-4 -1.1194119163289904 
-1.078025290315008 -0.9593304892676255 -1.0813152425693877 
-0.7031591277883545 -1.0090970131053432E-5 2.3184755297878416E-4 
-1.0868877151113558 -0.8021972704414333 -1.0830497227644806 
-1.0894994374245563 -1.0106805438091726 -1.053222769390642 
-1.0442622464641222 -7.571058704416952E-4 -0.6975872671084029 
-0.7036246939962513 -1.0090970131053432E-5 -1.0226515784699406 
-1.0043226902505282 -7.147428347079944E-4 2.2431675172335285E-4 
-1.1438388760707754 -1.0056927169964647 -1.0757686347607511 
-1.082047570935435 -0.5590743453850572 -1.1076730502820566 
-0.7845277772800751 -7.116698953064138E-4 -1.004746010456262 
-1.0801901147110693 -0.6456294785904739 -1.0983335068720572 
-1.1308058954184486 -1.0539682490905973 -1.1351716836080192 
-1.0538967981870275 4.701826529609587E-6 4.745248305046081E-4 
-1.0801901147110693 -0.9538586049400479 -1.0646714241349349 
-1.1259454815235188 -0.014587246997584624 -1.1159950078331118 
-0.8923433682636546 -7.14360489048223E-4 0.00493791579768222 
-1.0321891502365146 -7.357869406016001E-4 -0.8007284279542844 
-0.7845277772800751 -7.608935654274038E-4 -1.0340816187055368 
-1.0536203663719415 0.003839071850051279 -1.0312953865317516 
-1.0409789361007262 7.436216936908355E-5 -0.913287653389439 
-1.1525584011605368 -5.659416441750216E-4 -1.159386917289068 
-1.0117725478825708 3.699221814889588E-5 -1.0212245199837335 
-1.069954128772858 -1.0238432338420889 -1.073482126465114 
-1.0536133416365825 -0.8601509971508106 -1.0647660925239377 
-0.8601654068643829 -7.54021680036414E-4 2.9088894157927884E-4 
-1.0801901147110693 -0.9382762191741247 -1.0628336716598425 
-0.4890663795186635 -1.400382104449954E-5 2.9535494589992957E-4 
-0.9429029353283471 0.009067585647094478 -0.9164944047712252 
-1.1521045936159366 -1.1549797699515243 -1.1575778582510825 
-1.1528521264765668 3.333933166216527E-5 3.937794068389765E-4 
-1.0740489170433458 -0.8706250679554999 -1.075441934219384 
-1.0875412604352943 -1.0600477500715575 -1.1155018164343284 
-0.9825490628837903 -2.790661916550778E-7 -1.0339614357616238 
-0.0016632183149143387 -9.004736675868084E-4 -0.975948267986285 
-0.6786569414969095 -1.0090970131053432E-5 2.9535494589992957E-4 
-1.0536133416365825 -0.7860850759905565 -1.0657800831575952 
-0.9277119081874842 2.9854431973307225E-5 2.9453383810212045E-4 
-0.9105094633524545 -7.272765773705469E-4 6.408595256574782E-4 
-0.5579375294041544 -9.127126555085882E-4 3.0176590295322305E-4 
-1.0755436312246118 -0.787896630584398 -1.0638553697685882 
-1.0370205629385898 -9.132034446978534E-4 -0.9636754397162913 
-1.0787722898726155 -0.9854073866876777 -1.0802728832085657 
-1.062041769142048 -0.7411455544102774 -1.0747257385173572 
-1.0801901147110693 -0.6456294785904739 -1.0628336716598425 
-0.9608719852409113 -7.143296427476057E-4 3.95608847229195E-4 
-0.5273570084304599 1.648604696227404E-5 4.78637921797918E-4 
-0.9922808845067228 -7.135386090355337E-4 6.408595256574782E-4 
-1.0875144409139799 -9.274498155455075E-4 -0.6213163080620276 
-0.5378388346552608 -7.685199064439399E-4 -1.0869600661959389 
-1.0890363263176455 -0.8021972704414333 -1.053222769390642 
-1.1245535916288747 -1.0216900878526882 -1.1155971170010288 
-1.079684549516305 -0.7174213891551298 -1.0647660925239377 
-0.9395275464604466 -6.817307291416825E-4 -0.9940061849099555 
-0.8941237118684604 -7.1350875206157E-4 -1.0264088755462277 
-0.8330254667888596 4.3008049810189155E-5 6.268517620391851E-4 
-0.6310323021655697 -8.165295242118066E-4 0.001026039669860904 
-0.6556696900759231 -7.54021680036414E-4 2.9088894157927884E-4 
-1.0727790182114876 -0.7564535633322225 -1.0649284349182162 
-0.9446809752914953 -7.588607465637736E-4 2.948410435787291E-4 
-0.7845277772800751 -7.116698953064138E-4 -1.0186172800702304 
-1.1308058954184486 -1.0886808044241674 -1.1351716836080192 
-0.9632213296689004 -9.905057467464614E-4 -1.0185998778292236 
1.1699829030364928E-4 -9.469278820928077E-4 2.5640351302806956E-4 
0.0021546035567581168 -8.273385204815445E-4 -0.7632526564179303 
