-17.947463336077462 -3.8744694796329076 
-15.430361015000702 -8.429331042834866 
-18.63239079117206 -1.150210411535117 
-18.993003283853234 -0.09644499252655458 
-16.55274840267096 -5.566386871891185 
-16.454769193505246 -5.9684741153756615 
-16.241804670081343 -6.958322161186983 
-14.936381612255731 -10.461560258865356 
-14.961809577683727 -10.357799616501055 
-16.167402207164244 -7.208933292377754 
-18.251199089826173 -2.905371737173264 
-16.106972419702032 -7.303786790401963 
-16.491905262369322 -5.7653059028700655 
-16.852368300689694 -4.301324027683118 
-14.75138381909408 -11.097711155022719 
-16.212832839251007 -7.0696020532123 
-16.34908740301337 -6.5228898803528885 
-15.26053111820215 -9.04495655603801 
-15.469451930483242 -8.286460317646299 
-16.07065023440562 -7.506647622531716 
-18.45636836415534 -1.9069320493827233 
-16.638480470643962 -5.144653014939714 
-16.417075427465896 -6.22054773215897 
-15.562936321482617 -7.9764326177285625 
-16.59222542062728 -5.369864715129044 
-18.76899661640415 -0.6738863116508766 
-16.486844107763815 -5.890566334171265 
-14.784232250462264 -10.995372336404094 
-15.979171658143976 -7.68195369581403 
-15.291536245503476 -8.96217514865404 
-19.079075750499733 -0.0013752305501868835 
-16.697554003677233 -4.830238841319292 
-18.087228105725636 -3.5595922829184623 
-16.672433183080752 -4.984334317149461 
-16.75565517449821 -4.603479016724961 
-15.021175733122476 -10.125120537006778 
-16.801592836577736 -4.4557403524893004 
-15.09138619514298 -9.809641142107623 
-18.51869485207821 -1.6122908716494089 
-18.355259059798044 -2.397369504038307 
-18.49276249207707 -1.7372645124525243 
-15.354318944831984 -8.699656032402805 
-16.529566152924325 -5.67250170684969 
-15.151303344489154 -9.574747222195274 
-16.72340844991175 -4.7342533468303785 
-15.525831617155237 -8.094501460408331 
-16.101268443841914 -7.395213164792705 
-18.69622531095691 -0.9134082017038396 
-18.197730092419167 -3.157017763442767 
-16.379768013697667 -6.377946047873051 
-16.909070272827783 -4.139123100287743 
-18.602401279495304 -1.264609267152089 
-15.112249925110621 -9.70111993273349 
-18.29512066662866 -2.6464766205961614 
-16.29211755982397 -6.733542276396403 
-14.907807185270201 -10.575346541231495 
-18.867459493520023 -0.4059270965195543 
-16.017281629525105 -7.611796671607681 
-16.26461679067669 -6.830088043419465 
-18.326556728943732 -2.53909411900207 
-16.961742676085677 -4.013516519552035 
-15.18138011873051 -9.444660656689077 
-16.3109830468674 -6.654044316264223 
-16.447455470573402 -6.0749580537846 
-18.734172849381505 -0.789704342386394 
-18.20625731123696 -3.023598437711104 
-15.055592572247082 -9.980380188309447 
-15.390846201593948 -8.572459452231254 
-15.20942142523154 -9.309005500837943 
-18.43167555887878 -2.023958113360763 
-15.884945825660981 -7.747335266966035 
-16.571169189332913 -5.4671411494925515 
-18.966031118865978 -0.19038567909360066 
-17.035417776065167 -3.8837754101342554 
-19.997782985638473 0.004316256179896626 
-16.619111873463602 -5.248595922037591 
-18.663337020568008 -1.0319007233074398 
-14.813308681987586 -10.89110458542717 
-18.405554877482807 -2.146594651422732 
-18.81729825345576 -0.5395630447074309 
-14.690588157057991 -11.2045314145665 
-18.053851906323835 -3.705370425734863 
-18.00370121003082 -3.818727179240714 
-18.131949779383206 -3.436248172129386 
-15.330486161699671 -8.824155262915053 
-14.99448762111346 -10.227141623061371 
-15.643228029586895 -7.751612056668667 
-15.217394354606881 -9.185890764347835 
-14.450229869309025 -11.625119608047953 
-14.848516118971176 -10.7918203119404 
-18.37719019566078 -2.276437008734386 
-14.654391406546512 -11.313150821212535 
-18.16798289688868 -3.2865095382002147 
-18.570506902053587 -1.386837231398554 
-15.588770393096969 -7.887124817481553 
-18.538921805694823 -1.523518269334064 
-18.28234217846179 -2.7540306475705263 
-14.594241870386892 -11.476145932365757 
-14.868810149783874 -10.68672722581216 
-18.917327441135363 -0.2844013979651435 
