-1.1485803636604752 5.945984966948916E-5 -2.4872924882503417E-5 
-1.065662640307072 -0.7438704484716832 -1.0592392764885774 
-0.7349972410379251 -2.7521949235849913E-4 -2.987746603575571E-5 
0.0069047172914257215 5.138115403746649E-4 -0.5230030378827875 
-0.9807130813632866 -2.4237032734440473E-4 -0.9113287526821489 
-0.9023743323646174 -2.535828556133881E-4 -1.0498826752526913 
-1.0562256731221975 1.8480751266425344E-4 -1.0252604361644049 
-1.0962157825259613 -0.9661272703055647 -1.0921250553116044 
-1.0833386566778196 -0.9760472474919715 -1.0643682506254277 
-1.0404060472608128 -3.378606687490657E-5 -1.0870554391918958 
1.726584057347158E-4 -1.895830093972227E-4 -0.9608220235365355 
-1.0640692434101156 -0.047697106325359895 -1.098687494180028 
-1.058900185907711 -3.882968886075722E-4 -0.8714818664780339 
-0.6455390406811476 -2.9166901166078946E-4 -1.0761395769487696 
-1.0978882009290785 -1.0409231605304214 -1.1227830796155873 
-1.043346834003845 -9.220280853043841E-4 -1.0559522441563924 
-0.9940920934449057 -2.662259431913445E-5 -1.0215475368527127 
-1.0546874554276924 -0.8718257815453959 -1.012730973179022 
-1.0670492986939626 -0.69688978215438 -1.0905606500839131 
-1.089299579067041 1.8480751266425344E-4 -1.098080564957444 
-0.838119693418383 5.945984966948916E-5 -1.6439321773293358E-4 
-0.8551076703883597 -3.882968886075722E-4 -0.9858889293451552 
-0.9914984329121049 2.396887142376085E-4 -0.9826084182897619 
-1.0762196640365123 -0.6320747720789639 -1.0903412784734308 
-0.9847881679094196 -2.561913470364264E-4 -0.8837030237672173 
-0.6557939010051551 -8.905514806623247E-4 -7.54803362550589E-5 
-0.9807130813632866 -2.561913470364264E-4 -0.9510262907137811 
-1.0849974332335839 -1.0460852392307665 -1.0952601349487163 
-1.1216786581439402 1.8480751266425344E-4 -1.1227830796155873 
-1.0904998949501408 -0.7799716964244746 -1.0940345194929395 
-0.48276245442451726 -2.7282705033624115E-4 -1.5111959401517485E-5 
-1.0619389026403865 -0.0045306280669048515 -0.7476751674880957 
0.004092334076487014 -9.220280853043841E-4 -1.056312633894116 
-0.8605985997286727 5.267911843821029E-4 -0.9596478807723248 
-1.0018999780171598 -0.005515112677548208 -0.7707018934521858 
-1.072725033651042 -0.9488495051769815 -1.0706055371918912 
-1.0782557885621995 5.267911843821029E-4 -0.6725569918216154 
-1.0891936972463259 -0.8864909030793984 -1.0986887794815914 
-0.800448382871904 2.9651561127862062E-5 9.891023388263198E-4 
-0.8983794540187189 -3.378606687490657E-5 -6.733996788857831E-5 
-0.816545305571492 -2.0133574670844505E-4 -1.676645968499509E-4 
-1.098935055454467 -0.7721721793350549 -1.0462596761738507 
-0.9109186499946669 -2.761708462874612E-4 -0.9952529604503226 
-1.0825644745042906 -0.8705060513263356 -1.080209200854083 
-0.9196974533753598 -3.726019837810466E-4 -0.8696559186745705 
-1.0825644745042906 -0.666957445285352 -1.0698879226083788 
-1.0782166476489765 0.01384540960799048 -1.0899556100721781 
1.726584057347158E-4 5.267911843821029E-4 -0.6978425690380659 
-0.9933836050409574 -1.9821247154067792E-4 -6.733996788857831E-5 
-0.9722622726917864 -2.170359691646605E-5 -1.0247289438565665 
-0.6190607207573713 -6.204818826534184E-4 -1.0699199749659538 
-0.7521376951007007 -4.8169851977859237E-4 -1.325268620279462E-4 
-1.0546653433383435 -0.8891654386019494 -1.1108578370039435 
-0.9303178016951446 -9.487374439375338E-4 0.0034153162699169792 
-0.9914984329121049 -6.478554819447253E-4 -1.0592392764885774 
-1.0891936972463259 -0.983477397847693 -1.0938550476997295 
-0.6004214359430879 -4.8059622092182144E-4 -1.3249960147288024E-4 
-1.0978882009290785 1.8480751266425344E-4 -1.1227830796155873 
-0.9940920934449057 -2.112272168475443E-5 -1.0736269350436027 
-0.9155764724707127 -3.243641192281823E-5 -7.571910739391941E-5 
-0.5836988517248163 -6.29296243901943E-4 -1.0761395769487696 
-1.0546653433383435 -0.8718257815453959 -1.0804014051598627 
-1.0563227910890438 1.8480751266425344E-4 -0.9828827061482225 
-0.9950016135775495 -3.7935506601843947E-4 -0.9606720744145557 
-0.6764184806189437 -2.461183661064286E-4 -6.249054813623899E-5 
-0.00812775369760188 -2.4779883525382056E-4 -0.9785495875842637 
-1.0837700475894703 -0.9289539153356345 -1.0639483866227586 
-1.0586946662014267 -0.777056004205003 -1.050094594525435 
-1.088165760402758 -0.8600252573896479 -1.042216629195311 
-0.8527541015245712 -1.4936618561785676E-4 -6.624301455477959E-5 
-1.1495322072031808 9.191196035494442E-4 -1.1540722524195697 
-0.9950016135775495 -3.726019837810466E-4 -0.8862682141329061 
-0.5454247366130828 3.8631615283068354E-5 -2.527399052360879E-4 
-1.0978882009290785 -9.487374439375338E-4 -0.5230030378827875 
1.726584057347158E-4 5.275562995835864E-4 -1.673955721255562E-4 
-0.9405030305303299 3.548748609860457E-5 -0.9113287526821489 
-0.7168904405831182 4.57282444289866E-4 -7.561459391817915E-5 
-1.1236651658735126 -1.01300317769783 -1.0915950550202211 
-0.8680482153514393 -2.4786583862397354E-4 -2.4345544408014305E-4 
-0.6290507854986497 -2.0133574670844505E-4 -1.676645968499509E-4 
-1.12631509268802 -1.0399584919180316 -1.1523980065848909 
-1.0820883184552765 -1.1267178759417342E-5 -6.733996788857831E-5 
-1.1133021165891437 -3.243641192281823E-5 -7.571910739391941E-5 
1.726584057347158E-4 -2.4229788649406103E-4 -1.0335559928296232 
-1.0825644745042906 -0.7776789961024767 -1.0739461579908096 
-1.065663245923172 -0.9661272703055647 -1.0706055371918912 
-1.0981365039589308 -0.5561876052874521 -1.0925673356714447 
-0.9940920934449057 -0.890298262109224 -1.0787016095404751 
-1.153032411919782 -1.145240044816982 -1.1529658175768074 
-1.0891936972463259 -1.01300317769783 -1.0938550476997295 
-0.8841932875940932 -9.623938235960158E-4 -1.8163306538111475E-4 
-1.1247168441704865 -1.0590251266763204 -1.1523980065848909 
-1.011390193341106 -2.227568009229232E-4 2.666101027199441E-4 
-0.7699340488911788 -2.071049226747942E-4 -0.001144719822374629 
-1.0983496981619558 -0.5717516699985189 -1.1155916369877446 
-0.7886315738247871 -9.414468072614153E-4 -1.6737125844304424E-4 
1.726584057347158E-4 -1.895830093972227E-4 -0.9419868606876705 
-1.1247168441704865 -1.094829611741145 -1.1412123432512704 
-1.1236651658735126 -0.9848051270905892 -1.0920968031940907 
1.1687504792424152E-4 -0.0011135624337504963 -0.5716876195177889 
