0.5899549410379735 2.8661152925297784 
0.7286805688082815 1.3723434421140766 
0.5436853144195652 3.8778222133361955 
0.5899549410379735 2.8661152925297784 
0.8874389469163576 1.131403090241716 
0.3903191274351776 8.942446008903696 
0.39978665242312805 8.513328510084863 
0.7092432079984644 1.4099535797065614 
0.426212517632648 7.42733261794361 
0.8792730200498661 1.1419105830008052 
0.5030074008185429 4.917250204903777 
0.44559944598941625 6.709890599606759 
0.6666847709956878 1.4999592663658854 
0.5781633141369348 3.1130215844656544 
0.49592639590127646 5.115106559538802 
0.602282639156617 2.6278260706251695 
0.4288604092955539 7.325429591462033 
0.6508764037738067 1.7555931644994576 
0.6446056653301543 1.859761849799594 
0.5575163808831158 3.557119146010653 
0.6809940219104275 1.4684416717706992 
0.5030074008185429 4.917250204903777 
0.7675723369558597 1.302808806223962 
0.6666847709956878 1.4999592663658854 
0.6063509496461161 2.547307264903445 
0.3916434597441038 8.876252750005378 
0.4680232156362549 5.9573081505295855 
0.4733791915640739 5.787809279123953 
0.48761091802422846 5.362749033788753 
0.4084666791783756 8.157351766552127 
0.6666847709956878 1.4999592663658854 
0.4066675355339535 8.216232858028544 
0.5962693852373099 2.7401582919733873 
0.6615723441323722 1.5809332115624892 
0.541308021715949 3.9404799280219605 
0.5661777901655498 3.3716736527976443 
0.4821331255908026 5.519294176326622 
0.39370103011134155 8.780493786229048 
0.3903191274351776 8.942446008903696 
0.6666847709956878 1.4999592663658854 
0.5341145388872371 4.105961238599668 
0.6348678583755613 2.0287877610724157 
0.5094276532064939 4.743939986508014 
0.4818591402604684 5.527868507385561 
0.5812655291450404 3.0466651812118886 
0.4521152096122858 6.507485609602081 
0.5177992792974203 4.5204370900809 
0.4600356433532907 6.216950648171916 
0.5628598834242533 3.4365103442532146 
0.4119142757120179 7.996944840116552 
0.43494791750191397 7.098935099160558 
0.6282160456978368 2.1498583609023165 
0.48761091802422846 5.362749033788753 
0.6161736410698888 2.36065529463573 
0.5177992792974203 4.5204370900809 
0.5718921083121263 3.2447211093016217 
0.41465596010351335 7.885274482451273 
0.5490353566718877 3.751520451709328 
0.5094310098305015 4.74390872884497 
0.44559944598941625 6.709890599606759 
0.42424374151405175 7.510047137967496 
0.6666847709956878 1.4999592663658854 
0.5215363528526054 4.4258211627903865 
0.4338189031021044 7.1393779384305756 
0.4547012001611147 6.396206399887685 
0.6615723441323722 1.5809332115624892 
0.5628598834242533 3.4365103442532146 
0.40255500314058434 8.391506262618549 
0.41980041059317813 7.67698305472817 
0.6230090514461508 2.236362454848458 
0.4680232156362549 5.9573081505295855 
0.5749598053528729 3.1773406894744474 
0.5246647891409482 4.34233741442107 
0.44039934097057487 6.896096132676472 
0.5816162400378165 3.0388618115132235 
0.5962693852373099 2.7401582919733873 
0.5487849599524672 3.7571321090547176 
0.4927552833114695 5.20776975388003 
0.6348678583755613 2.0287877610724157 
0.47260562441516785 5.812390333065033 
0.6095243363010362 2.484638172606712 
0.44039934097057487 6.896096132676472 
0.5246647891409482 4.34233741442107 
0.4554920210888429 6.368306371524571 
0.5575163808831158 3.557119146010653 
0.6508764037738067 1.7555931644994576 
0.4821331255908026 5.519294176326622 
0.6530942860213779 1.7196458873996594 
0.5436853144195652 3.8778222133361955 
0.49592639590127646 5.115106559538802 
0.6063509496461161 2.547307264903445 
0.4617211511231485 6.161524787081377 
0.511586162580317 4.6954841610081335 
0.6329715363671288 2.060948974810747 
0.4177744694355262 7.756763603152624 
0.5341145388872371 4.105961238599668 
0.5341145388872371 4.105961238599668 
0.620071141054036 2.289693989907071 
0.6161736410698888 2.36065529463573 
0.6446056653301543 1.859761849799594 
