0.5899549410379735 0.6908788784124396 
0.7286805688082815 2.4848382027660357E-16 
0.5436853144195652 1.108314989320864 
0.5899549410379735 0.6908788784124396 
0.8874389469163576 0.004051166942021012 
0.3903191274351776 2.4904077233314768 
0.39978665242312805 2.4035151060252034 
0.7092432079984644 2.4848382027660357E-16 
0.426212517632648 2.1656221343888324 
0.8792730200498661 0.004051166942021012 
0.5030074008185429 1.4734132447430963 
0.44559944598941625 1.9899235338343637 
0.6666847709956878 2.4848382027660357E-16 
0.5781633141369348 0.7998348762544746 
0.49592639590127646 1.5367163607230563 
0.602282639156617 0.5826940210606895 
0.4288604092955539 2.1415867328601697 
0.6508764037738067 0.14267416539928404 
0.6446056653301543 0.1988130245457057 
0.5575163808831158 0.9831521926538989 
0.6809940219104275 2.4848382027660357E-16 
0.5030074008185429 1.4734132447430963 
0.7675723369558597 2.4848382027660357E-16 
0.6666847709956878 2.4848382027660357E-16 
0.6063509496461161 0.5445621791146547 
0.3916434597441038 2.476326336575222 
0.4680232156362549 1.7881585171469268 
0.4733791915640739 1.739828477478742 
0.48761091802422846 1.6149349794992778 
0.4084666791783756 2.332006386973403 
0.6666847709956878 2.4848382027660357E-16 
0.4066675355339535 2.3412751677475594 
0.5962693852373099 0.6338725002078885 
0.6615723441323722 0.045901690690115404 
0.541308021715949 1.1330133944489726 
0.5661777901655498 0.9089667379003774 
0.4821331255908026 1.6610345522874688 
0.39370103011134155 2.4568894485246098 
0.3903191274351776 2.4904077233314768 
0.6666847709956878 2.4848382027660357E-16 
0.5341145388872371 1.1930535936435307 
0.6348678583755613 0.28801214097059447 
0.5094276532064939 1.4166942142792238 
0.4818591402604684 1.6636539664417251 
0.5812655291450404 0.7709214486848988 
0.4521152096122858 1.9421332204341781 
0.5177992792974203 1.3406790673532178 
0.4600356433532907 1.860018891127425 
0.5628598834242533 0.9342738117526047 
0.4119142757120179 2.2940557417255683 
0.43494791750191397 2.0876670378611277 
0.6282160456978368 0.35057551829648614 
0.48761091802422846 1.6149349794992778 
0.6161736410698888 0.45457356820660894 
0.5177992792974203 1.3406790673532178 
0.5718921083121263 0.8556303960833658 
0.41465596010351335 2.269676061200567 
0.5490353566718877 1.0597173692661124 
0.5094310098305015 1.4166942142792238 
0.44559944598941625 1.9899235338343637 
0.42424374151405175 2.1860904967582266 
0.6666847709956878 2.4848382027660357E-16 
0.5215363528526054 1.308226627619575 
0.4338189031021044 2.0971971060813157 
0.4547012001611147 1.9083627265071332 
0.6615723441323722 0.045901690690115404 
0.5628598834242533 0.9342738117526047 
0.40255500314058434 2.3780428299026433 
0.41980041059317813 2.2228006384917567 
0.6230090514461508 0.39327405168492313 
0.4680232156362549 1.7881585171469268 
0.5749598053528729 0.8268431843599915 
0.5246647891409482 1.27827154391608 
0.44039934097057487 2.037036192100448 
0.5816162400378165 0.7674513808068292 
0.5962693852373099 0.6338725002078885 
0.5487849599524672 1.061857594003722 
0.4927552833114695 1.566156060494056 
0.6348678583755613 0.28801214097059447 
0.47260562441516785 1.7469683627028851 
0.6095243363010362 0.5144474331063255 
0.44039934097057487 2.037036192100448 
0.5246647891409482 1.27827154391608 
0.4554920210888429 1.9007127400786823 
0.5575163808831158 0.9831521926538989 
0.6508764037738067 0.14267416539928404 
0.4821331255908026 1.6610345522874688 
0.6530942860213779 0.12309090304087936 
0.5436853144195652 1.108314989320864 
0.49592639590127646 1.5367163607230563 
0.6063509496461161 0.5445621791146547 
0.4617211511231485 1.8449063173650257 
0.511586162580317 1.4021447233868103 
0.6329715363671288 0.30452203896021746 
0.4177744694355262 2.240577798843888 
0.5341145388872371 1.1930535936435307 
0.5341145388872371 1.1930535936435307 
0.620071141054036 0.4197731649862463 
0.6161736410698888 0.45457356820660894 
0.6446056653301543 0.1988130245457057 
