0.8515224419249781 -0.7726310656750066 
1.177953538649074E-7 1.0006269047587577 
0.6523839395935984 -0.4575305031222983 
0.8233353606000244 -0.45763350645984163 
0.4539459672550674 -0.12350752469482948 
0.25846151442203197 0.24289771355879544 
0.6185803351502948 -0.12677978494375863 
0.40943745269902615 0.24165813862339328 
0.18246498678663153 0.6697426816458216 
0.08333639362687713 0.6706145066839547 
0.22406561683694085 0.3741770722126689 
0.21545868439271276 0.4393838927761358 
0.838218082937217 -0.69623256167221 
0.4351440241487673 -0.046761953103464995 
0.24836481850523479 0.2545422854654059 
0.22950590812749086 0.33878540652803046 
9.577390880527031E-4 0.9705515824343438 
0.19843647352884042 0.5653748988124379 
0.20348682895441833 0.527851128915372 
0.19284704040436249 0.6049253094828908 
0.8451464234737274 -0.7535343663831017 
0.8358640394168291 -0.6683833424738721 
0.2120974963694498 0.4621753079760235 
0.41641335939407476 0.1502048454582428 
0.19129803026953285 0.6213544817911798 
0.4220202035243274 0.0823991391884191 
0.007322409120590956 0.9147605311700496 
0.4208269057461844 0.11533779411985315 
0.6255619076147174 -0.23917402659481074 
0.19710738942284156 0.5747415523365706 
0.010782401508533601 0.8937164323419781 
0.6211485676389943 -0.1702793275361736 
0.44001749637744936 -0.08059650102276646 
0.02514170316179294 0.8255495999719759 
0.05220023693313386 0.7214170956814877 
0.8413744861929513 -0.7266251763925523 
0.44309492668174144 -0.09694339449683617 
0.018520269401426093 0.856066542207721 
0.21971316374763358 0.4076772995986373 
0.43403538233550315 -0.024394438847407954 
0.6392193292423597 -0.40165807751384147 
0.8247367536947151 -0.4854192392369361 
0.6235764262254877 -0.20955823019975597 
0.03216095980992412 0.7946370891586845 
0.23818272956882752 0.2912436477036165 
0.06250433358487942 0.6978459860323277 
0.05711977370930965 0.7070917883722203 
0.0031785711889200097 0.9445557148041585 
0.8309013542817917 -0.5966928792462992 
0.038577590047677246 0.768939058943283 
0.622861526378444 -0.19839448017767522 
0.4183141983722128 0.126829658571574 
0.4115969146379602 0.21355198457822475 
0.8282538540156337 -0.5514334424789762 
0.8268785164742776 -0.5240180077513203 
0.4268590972248343 0.029707630032051565 
0.45035868475118157 -0.11974084243407576 
0.22184753336591057 0.4058385012636078 
0.1867263455730378 0.6447178618927162 
0.6296524192970347 -0.29172907419890676 
0.8345480864916703 -0.6487963697373761 
0.23488286733263158 0.3073979764304279 
0.043380234384778726 0.7506202550867839 
0.4146762886111989 0.17315117256532728 
0.832431703008221 -0.6190967159444092 
0.6201330186351556 -0.1532250681809742 
0.6412243282901561 -0.4131645140162951 
0.02856511888472335 0.8098444592580246 
0.06778277755926315 0.6841658498185584 
0.035852843589145145 0.7793082202708561 
0.004544490362885678 0.9330533832568776 
0.6374094980053513 -0.37441463757850113 
0.07191540422996479 0.6780913198099413 
0.42876284151781074 0.009512508216434729 
0.6335254942371508 -0.34573015616615654 
0.2095467571519174 0.4815186958828327 
0.04759416977309383 0.7364362506513485 
0.8424594343226037 -0.7359016499957555 
0.8332497324324968 -0.6323808646572515 
0.6458027951699812 -0.44270101285001884 
0.6436468989059244 -0.4322476173094386 
0.626589157152005 -0.2552765485144 
0.42332636452715855 0.06801526238210764 
0.4307437544888775 -0.009178013505741437 
0.07942783394886549 0.6712856188513423 
0.631298384075707 -0.31917838967310297 
0.6313304562306039 -0.31949083779791515 
0.8233784608978589 -0.45830409809399747 
0.4123035966400919 0.20361596855175715 
0.2417021166974886 0.2761053616572685 
0.0180697974934054 0.8581361555168362 
0.2417021166974886 0.2761053616572685 
0.014193244718251438 0.8759670219709925 
0.6197358953823771 -0.13299540075165703 
0.206099732863068 0.5222031265223535 
0.6274778225017406 -0.2680685159138302 
0.8308582539839571 -0.5777673660057528 
0.6347965988110813 -0.35914230414839843 
0.8289063284524049 -0.5629447812962184 
0.013930532148398206 0.877505402683474 
