0.7390182812493886 1.3543640049518795 
0.47160601621913123 5.843135930246823 
0.44728517721468986 6.734178533242631 
0.5742553586312612 3.190766061430932 
0.4005000790370932 8.480857393167339 
0.6457659884320411 1.841033407730395 
0.5954666548618635 2.7565087336861334 
0.666564419956033 1.5016158458989741 
0.45857022330700076 6.265047370742071 
0.3897873766128297 8.960870821594886 
0.6690324627816138 1.4947341482014145 
0.4910981544151178 5.262483126404999 
0.6613861120693705 1.5843329383492264 
0.5250309421002273 4.33749519991776 
0.6554757307025861 1.6794326068245753 
0.49611461958483954 5.112153181968154 
0.4165863905460952 7.803428979014141 
0.5530851546139053 3.6608558436982435 
0.42632606468488504 7.423749563815767 
0.3897873766128297 8.960870821594886 
0.5201344879996744 4.459022210815257 
0.6188055641591595 2.312211468014962 
0.42136893699837763 7.6129548829029225 
0.5464891289606957 3.818534131166481 
0.6188055641591595 2.312211468014962 
0.5848211796623963 2.9699119750186562 
0.666564419956033 1.5016158458989741 
0.3948459350268725 8.7297807735711 
0.5306987682630488 4.190954700548472 
0.5621348153440078 3.453183954767618 
0.4523951173227456 6.473366292004898 
0.4782132072540117 5.638411163433767 
0.5298078232042044 4.213367267106963 
0.6107110693385364 2.4644019475530916 
0.6308871488414803 2.095944238496136 
0.4073438116759845 8.186498032326535 
0.49895993739038175 5.029188171404456 
0.42632606468488504 7.423749563815767 
0.43802813105915867 6.981912126074347 
0.48486779947171155 5.439091656526712 
0.43770508965863136 6.994347626525972 
0.6032970220737575 2.60291911922006 
0.505059866026394 4.862980317109353 
0.666564419956033 1.5016158458989741 
0.6554757307025861 1.6794326068245753 
0.666564419956033 1.5016158458989741 
0.5621348153440078 3.453183954767618 
0.666564419956033 1.5016158458989741 
0.46019553397090557 6.2134772254745005 
0.6107110693385364 2.4644019475530916 
0.6032970220737575 2.60291911922006 
0.6308871488414803 2.095944238496136 
0.5766892140401787 3.1408771411465524 
0.6308871488414803 2.095944238496136 
0.5513782371822514 3.6964968299062835 
0.5848211796623963 2.9699119750186562 
0.4819562917673014 5.525020426903632 
0.5366320757899737 4.044530199765211 
0.49294998758588005 5.204548148492525 
0.40303454366924574 8.368335926008351 
0.5621348153440078 3.453183954767618 
0.5513782371822514 3.6964968299062835 
0.5621348153440078 3.453183954767618 
0.506241556352377 4.827467987744793 
0.5893927984058523 2.88246939623595 
0.5366320757899737 4.044530199765211 
0.6437681162732535 1.8739319377502806 
0.6384059779867842 1.9651360162069327 
0.43369233284483183 7.152391948334056 
0.5155522525684524 4.577674811824229 
0.4479935808454508 6.630075040258005 
0.43231955007593514 7.209094205148659 
0.586695834086661 2.9320729706025426 
0.4073438116759845 8.186498032326535 
0.46787782981937903 5.962764957558455 
0.5150375235020853 4.591517112866307 
0.5436707896931996 3.8760379903842783 
0.47160601621913123 5.843135930246823 
0.43802813105915867 6.981912126074347 
0.49895993739038175 5.029188171404456 
0.6384059779867842 1.9651360162069327 
0.46019553397090557 6.2134772254745005 
0.3948459350268725 8.7297807735711 
0.5404992062525209 3.9528209763117905 
0.5742553586312612 3.190766061430932 
0.5742553586312612 3.190766061430932 
0.4523951173227456 6.473366292004898 
0.5201344879996744 4.459022210815257 
0.47160601621913123 5.843135930246823 
0.5954666548618635 2.7565087336861334 
0.4005000790370932 8.480857393167339 
0.4782132072540117 5.638411163433767 
0.4489010211834075 6.5944851940101294 
0.6188055641591595 2.312211468014962 
0.6517680160074969 1.740618556653529 
0.506241556352377 4.827467987744793 
0.4144446558615829 7.8902134280234595 
