0.7390182812493886 8.99759125576274E-4 
0.47160601621913123 1.7556580582905714 
0.44728517721468986 2.0120982386367907 
0.5742553586312612 0.8323145089154765 
0.4005000790370932 2.3965840562658354 
0.6457659884320411 0.18887675827942757 
0.5954666548618635 0.6414090347455931 
0.666564419956033 9.236953184374452E-4 
0.45857022330700076 1.8729641718301295 
0.3897873766128297 2.492834329715923 
0.6690324627816138 2.5668374970089225E-5 
0.4910981544151178 1.5843957510181939 
0.6613861120693705 0.047855802318236496 
0.5250309421002273 1.277319191168035 
0.6554757307025861 0.10082731512408749 
0.49611461958483954 1.536213931131558 
0.4165863905460952 2.250802312250302 
0.5530851546139053 1.0247650203310616 
0.42632606468488504 2.164937936747708 
0.3897873766128297 2.492834329715923 
0.5201344879996744 1.31929123460157 
0.6188055641591595 0.43080932192027704 
0.42136893699837763 2.207862706425413 
0.5464891289606957 1.086787391247857 
0.6188055641591595 0.43080932192027704 
0.5848211796623963 0.7368674247238877 
0.666564419956033 9.236953184374452E-4 
0.3948459350268725 2.4469184521202956 
0.5306987682630488 1.224134497427309 
0.5621348153440078 0.9411549247621853 
0.4523951173227456 1.928519303144663 
0.4782132072540117 1.6963626862824845 
0.5298078232042044 1.2322749401457878 
0.6107110693385364 0.5050375486701201 
0.6308871488414803 0.32230428475555484 
0.4073438116759845 2.3347193127658374 
0.49895993739038175 1.509363415128416 
0.42632606468488504 2.164937936747708 
0.43802813105915867 2.0582739198036233 
0.48486779947171155 1.637240402625053 
0.43770508965863136 2.061461554972186 
0.6032970220737575 0.5703333533243101 
0.505059866026394 1.456096187448241 
0.666564419956033 9.236953184374452E-4 
0.6554757307025861 0.10082731512408749 
0.666564419956033 9.236953184374452E-4 
0.5621348153440078 0.9411549247621853 
0.666564419956033 9.236953184374452E-4 
0.46019553397090557 1.8594144695932984 
0.6107110693385364 0.5050375486701201 
0.6032970220737575 0.5703333533243101 
0.6308871488414803 0.32230428475555484 
0.5766892140401787 0.8113099699245686 
0.6308871488414803 0.32230428475555484 
0.5513782371822514 1.0381679058235074 
0.5848211796623963 0.7368674247238877 
0.4819562917673014 1.6628183568890673 
0.5366320757899737 1.1704246366952424 
0.49294998758588005 1.5655819451895052 
0.40303454366924574 2.372728451209731 
0.5621348153440078 0.9411549247621853 
0.5513782371822514 1.0381679058235074 
0.5621348153440078 0.9411549247621853 
0.506241556352377 1.4438649073572014 
0.5893927984058523 0.6989067037667342 
0.5366320757899737 1.1704246366952424 
0.6437681162732535 0.20637763358978584 
0.6384059779867842 0.25455458030364 
0.43369233284483183 2.101937549493589 
0.5155522525684524 1.3600305607618475 
0.4479935808454508 1.97023105855923 
0.43231955007593514 2.1166323632248996 
0.586695834086661 0.7202349970906128 
0.4073438116759845 2.3347193127658374 
0.46787782981937903 1.7898455280654915 
0.5150375235020853 1.3648036029281077 
0.5436707896931996 1.1072886351130633 
0.47160601621913123 1.7556580582905714 
0.43802813105915867 2.0582739198036233 
0.49895993739038175 1.509363415128416 
0.6384059779867842 0.25455458030364 
0.46019553397090557 1.8594144695932984 
0.3948459350268725 2.4469184521202956 
0.5404992062525209 1.1364966001548376 
0.5742553586312612 0.8323145089154765 
0.5742553586312612 0.8323145089154765 
0.4523951173227456 1.928519303144663 
0.5201344879996744 1.31929123460157 
0.47160601621913123 1.7556580582905714 
0.5954666548618635 0.6414090347455931 
0.4005000790370932 2.3965840562658354 
0.4782132072540117 1.6963626862824845 
0.4489010211834075 1.9602711377700082 
0.6188055641591595 0.43080932192027704 
0.6517680160074969 0.13447950329590352 
0.506241556352377 1.4438649073572014 
0.4144446558615829 2.270056788851623 
