-14.56708906674236 -11.526811481817248 
-15.177098068997926 -9.470286449255743 
-18.536192412398897 -1.5476829061595319 
-14.56708906674236 -11.526811481817248 
-14.961247940725627 -10.355256202191205 
-18.20380647672946 -3.132050043886405 
-19.999497862961604 0.0015398523577901824 
-17.984016860039347 -3.8482303210036712 
-17.96221729649657 -3.868556830890452 
-14.514068710350639 -11.59024995527959 
-18.407634531920472 -2.141771531548608 
-18.657064251891907 -1.0603632205030669 
-18.171509145658835 -3.2758043372984114 
-14.946586659113166 -10.42738810526378 
-18.356413455494767 -2.392398593674195 
-15.267309942271858 -9.088217425463132 
-14.84847245992903 -10.792703405425149 
-14.50965478132015 -11.594106455651033 
-15.940029500816951 -7.726163894220717 
-18.08999686379061 -3.594147896569728 
-19.99949865548992 0.0015401549115628274 
-16.10594800470915 -7.417138912170893 
-18.00898149431572 -3.8098897653468597 
-16.588086667509522 -5.399893411779347 
-16.6292720187066 -5.19806029264797 
-15.367084436323214 -8.678404646971916 
-14.88466335271774 -10.661946137996376 
-17.95204655266877 -3.8734909656446397 
-18.303297459513338 -2.654842133452335 
-19.99949865548992 0.0015401549115628274 
-19.999497862961604 0.0015398523577901824 
-18.318370111786468 -2.5804074301940996 
-17.963699923478856 -3.8675799984883734 
-19.99949865548992 0.0015401549115628274 
-18.61701461107704 -1.2129885505012745 
-15.017017806900942 -10.144423856006682 
-16.413443361972732 -6.238566575703144 
-18.03967874400309 -3.743117149806438 
-14.509270657403713 -11.594382652918831 
-15.124942500084114 -9.692592180366372 
-16.271382871363453 -6.851004006733119 
-15.967061380788405 -7.698232429833036 
-16.220483565179514 -7.044635819996125 
-16.066090881615487 -7.519240443365883 
-14.987941175466947 -10.262885101945255 
-16.329194574596787 -6.612619544357517 
-16.13145551848708 -7.344007094796655 
-18.063086344275924 -3.6793632557907143 
-18.143483978184687 -3.3940312159163435 
-16.180245104104948 -7.188399771064262 
-18.016775163925143 -3.7948857806327707 
-18.237997212575543 -2.9722927806617534 
-19.99949865548992 0.0015401549115628274 
-17.9730458683731 -3.860070423100492 
-16.10594800470915 -7.417138912170893 
-15.079628925877731 -9.884484809817877 
-18.49814057117495 -1.7165728770428859 
-16.369452107246545 -6.436259945830963 
-15.350833879356939 -8.745793753422628 
-16.202958392467433 -7.105622921586958 
-14.729422083896235 -11.169964996384126 
-14.760029025475543 -11.08285542235997 
-14.49517556272967 -11.601458515658306 
-16.297484180993624 -6.7460639368204935 
-14.59054365835211 -11.489687396113666 
-14.65568488362122 -11.360305502426275 
-16.588086667509522 -5.399893411779347 
-18.119676501071766 -3.4876372030816483 
-15.070567492307962 -9.922446472158324 
-17.996669479668874 -3.8307093661419147 
-18.268608930329655 -2.825036740330734 
-17.980296902931293 -3.852602040638067 
-16.455736829798916 -6.040386600839531 
-15.944485547315406 -7.722236782128393 
-15.310659300436797 -8.908439303878227 
-16.423166710084864 -6.193741793199674 
-15.216642404230956 -9.302311171798904 
-15.169637448346965 -9.502408169521242 
-17.947106888622596 -3.874770921384866 
-18.459629313284275 -1.893929181459146 
-14.56708906674236 -11.526811481817248 
-14.626451815959296 -11.422282994902982 
-16.49555366749634 -5.852097721562776 
-16.029156995434768 -7.599292142252548 
-16.03477246877948 -7.588052392857644 
-15.98850979087823 -7.66944778780374 
-14.816512023677374 -10.902373296481102 
-16.539595332331952 -5.638887726505247 
-14.69750025128003 -11.257445296508559 
-14.910865436791159 -10.564695461109444 
