-1.1308751245261892 -1.1103139145939735 -1.1309049914129892 
-1.0730241693382085 -0.8709199392699807 -1.067193813559257 
-0.7913073244170554 3.3216674597821494E-5 1.534640757060488E-5 
-1.1308751245261892 -1.1103139145939735 -1.1309049914129892 
-1.1047700975746118 -0.9532594007888248 -1.0839906610593637 
-0.9898895622950616 3.3247825724128804E-5 1.5367994140584897E-5 
2.14652902089163E-4 3.1307616962860456E-5 1.3638493788530166E-5 
-1.1256735172970216 3.1318547734396766E-5 1.5366580916047127E-5 
-1.1393437298783748 3.248608095371632E-5 1.3442732445900529E-5 
-1.139093650659948 -1.126530702043818 -1.1419225721040691 
-0.8671843901202624 3.0728705083088724E-5 1.4165335499766351E-5 
-0.7210068452266631 3.1319457634120875E-5 1.5367955625654774E-5 
-1.0095910562567472 3.122916481873727E-5 -4.43309302458397E-5 
-1.0858782046660378 -0.9709684751897911 -1.0847200909715953 
-0.8977363956257598 3.195627210247958E-5 1.5411273727261074E-5 
-1.0742132251628436 -0.8220532806164776 -1.0677240609663117 
-1.0956268605841357 -1.0104415563931646 -1.0922061391337143 
-1.139093650659948 -1.1282666268115846 -1.1427672965775943 
-1.1351284736536333 3.1316641959675844E-5 -1.1338591005702512 
-1.0597369273852195 3.2545822889675584E-5 1.937761838514596E-5 
2.14652902089163E-4 3.072369223728631E-5 1.4176267308443571E-5 
-1.0812589657490574 3.062626527240128E-5 -1.0841777443872616 
-1.1100639135242658 3.1318547734396766E-5 1.5366580916047127E-5 
-0.9568926716154901 5.965198350656481E-5 -0.9136757740216818 
-0.9028898099842716 6.149064395881946E-5 -0.9428676620394909 
-1.0645639206834652 -0.7769839549192051 -1.06349664676219 
-1.0899937190920002 -0.9990596997255498 -1.0857090034504575 
-1.1457346351932083 3.248608095371632E-5 1.3442732445900529E-5 
-0.929620531015789 3.149024494114743E-5 1.3646148651738086E-5 
2.14652902089163E-4 3.072369223728631E-5 1.4176267308443571E-5 
2.14652902089163E-4 3.1307616962860456E-5 1.3638493788530166E-5 
-0.9205518692185063 3.127781381433621E-5 1.541136772172042E-5 
-1.1384127138618607 3.168963849925777E-5 1.5357409773071204E-5 
2.14652902089163E-4 3.072369223728631E-5 1.4176267308443571E-5 
-0.74418954548093 3.3216674597821494E-5 1.533972152691993E-5 
-1.07805273883398 -0.9409537676510153 -1.082827803774433 
-0.9894526026300176 3.17480780957087E-5 -0.98686330472345 
-1.0909371224582978 3.149395332757491E-5 1.3694927549897906E-5 
-1.139093650659948 -1.1282666268115846 -1.1431394002917168 
-1.0736872287118349 -0.8933633268202031 -1.0741771448305808 
-1.0270025697619867 6.301115634194625E-5 -1.0362453054783194 
-1.127276527543032 3.2539924756572175E-5 -1.1247671561220685 
-1.0399592837630443 5.3722722523599136E-5 -1.0546255926552146 
-1.0939573708775236 3.3332532846024084E-5 -1.0962566829653575 
-1.0811003996590136 -0.9532594007888248 -1.0839906610593637 
-1.0175150875473395 3.3907593480848943E-5 -1.0102644360461717 
-1.0754392292387056 3.2357721143172076E-5 -1.0741723375975387 
-1.0763994821660219 3.2486689448929005E-5 1.4178812768681241E-5 
-1.0267928428878204 3.149024494114743E-5 1.3646148651738086E-5 
-1.0617654262247898 3.0511420396358428E-5 -1.0576475552738023 
-1.1052012806023723 3.0816313932639654E-5 1.540549133289534E-5 
-0.9690950042667259 3.3258763360539235E-5 1.4765467756326114E-5 
2.14652902089163E-4 3.072369223728631E-5 1.4176267308443571E-5 
-1.1325480713968203 3.248608095371632E-5 1.4187690567115264E-5 
-1.0812589657490574 3.062626527240128E-5 -1.0841777443872616 
-1.0736872287118349 -0.9166446450075307 -1.0741771448305808 
-0.8136454489757192 3.322812749531814E-5 1.5407663566035358E-5 
-0.9946146429335773 6.301115634194625E-5 -1.0085485813323278 
-1.0710022940581072 -0.7769839549192051 -1.070145531770496 
-1.0421658242932579 5.386700465781185E-5 -1.063240692127264 
-1.1161453032342328 -1.0520174753486329 -1.104118671581057 
-1.1052278251756453 -1.042396346608054 -1.1046725851985366 
-1.1527361007873589 -1.1282666268115846 -1.1431394002917168 
-1.0219359798412313 2.302147778196732E-5 -1.0252798024781287 
-1.126995316695365 -1.101273328049408 -1.1299701483224076 
-1.120640035345899 -1.078007072439618 -1.1193890175676353 
-0.9568926716154901 5.965198350656481E-5 -0.9136757740216818 
-1.0414324074368078 2.956616963342323E-5 1.6146978204771475E-5 
-1.0730173170231971 -0.9204030870686564 -1.0763278880797242 
-1.117755434595007 3.2486689448929005E-5 1.4187690567115264E-5 
-0.9505618106549054 2.2168908270907546E-5 1.4765467756326114E-5 
-1.128002960173748 3.2486689448929005E-5 1.4187690567115264E-5 
-0.9846509266545463 6.355557179668896E-5 -0.9659476966004301 
-1.132333393074271 3.156168577933386E-5 -1.1338591005702512 
-1.0742132251628436 -0.7985568971064749 -1.0677240609663117 
-0.983530561984036 3.17480780957087E-5 -0.98686330472345 
-1.0721527767669854 -0.8487791820660553 -1.0702546916086317 
-1.0705110280461736 -0.8752218168163302 -1.0690341984014888 
-1.1488396317030385 3.322812749531814E-5 1.5407649692221E-5 
-0.836357446019643 3.1318547734396766E-5 1.5366580916047127E-5 
-1.1308751245261892 -1.1103139145939735 -1.1309049914129892 
-1.1272644797054376 -1.0884240409275054 -1.1204002581685657 
-0.960467837164982 6.414855733229674E-5 -0.9659476966004301 
-1.1062335593892192 3.2357721143172076E-5 -1.1069954436480347 
-1.103884750984984 3.122916481873727E-5 -1.1058417413323283 
-1.1198503957631547 3.1082138918217836E-5 -1.1187691355197513 
-1.0999087479287635 -1.022095317815709 -1.0956962966909432 
-0.9568926716154901 6.149064395881946E-5 -0.9428676620394909 
-1.1162856530219134 -1.0606341839794045 -1.1175448640328896 
-1.08598212726926 -0.9880079867069663 -1.0860973601794195 
