2.869264037726447 0.22470741561825014 
3.1412175516627663 0.07365328283230774 
2.952580617863839 0.1489728051655334 
3.1410032854926806 0.11760658094868127 
1.621049801896609 0.5194059142853156 
3.140794603680423 0.14447961522330777 
3.141223129904698 0.06465393860417283 
1.620965541871722 0.5532051273291522 
3.1410032854926806 0.11760658094868127 
3.1412245076495355 0.06391860586774775 
1.4711933132088444 0.6450666655352556 
1.6210465050681173 0.5210600472083652 
2.8692929165237846 0.17777444178708524 
3.141277451776619 0.02626340544725693 
1.6209641537652177 0.5533350020941686 
3.1410869406070603 0.10302534847433345 
3.141235755555977 0.05786332184168117 
2.8692929165237846 0.17777444178708524 
1.5601748153535893 0.6074446896130118 
3.1412355165529373 0.05801898272334456 
3.141218649183297 0.0673841049972696 
3.1412286596980272 0.06096252060631384 
3.1410869406070603 0.10302534847433345 
3.1415038739430856 0.02267898555273374 
2.864782181607137 0.32564324950261614 
3.1411198129517093 0.1010610312165699 
3.1411197998132514 0.10107974285067833 
3.1410869406070603 0.10302534847433345 
3.1415087296635322 0.01763584219162937 
3.1410615127281702 0.10863913886553116 
3.141060807399322 0.11143883125723883 
2.8664195229948324 0.2555549463026945 
3.1411199315339022 0.10090596356529583 
3.1410787008110526 0.10433051882560962 
-3.141592653589793 1.0636786107074268 
3.141037295876514 0.11352921594686369 
3.141277451776619 0.02626340544725693 
3.1411401119051274 0.09135638909292261 
3.141117610650903 0.10149853866482655 
3.1411513557593564 0.08972031527830097 
3.1412175516627663 0.07365328283230774 
3.1410869406070603 0.10302534847433345 
3.141241681051917 0.0485996385231742 
3.1415084378967384 0.022506270622003423 
2.869264037726447 0.22470741561825014 
3.1410366053306156 0.11549835211443116 
3.1408133770457223 0.14391777711794906 
3.1412355165529373 0.05801898272334456 
3.141169435056276 0.0830360932484404 
3.1410431327990036 0.11167899166117301 
3.1410894019769495 0.10249382747379068 
1.6210465050681173 0.5210600472083652 
3.141060807399322 0.11143883125723883 
2.8664610964674773 0.24659130939306145 
3.1410610828640917 0.10897162237154605 
3.1412530480905687 0.0342208890877768 
3.1412409226141036 0.051193260570145296 
3.141060807399322 0.11143883125723883 
2.869264037726447 0.22470741561825014 
3.1411555165855334 0.08706334135617025 
3.1411401119051274 0.09135638909292261 
3.1412230795595115 0.06467996974723235 
2.8692929165237846 0.17777444178708524 
3.141510082460138 0.0065788457070752185 
3.1411552357965653 0.08836199464422959 
3.141224068672395 0.06440961435011444 
3.141217917020029 0.07349877538612398 
3.1412530480905687 0.0342208890877768 
3.141219325458699 0.06655202342227856 
3.1411555165855334 0.08706334135617025 
3.141509524356845 0.017032634559316584 
3.141148645399214 0.09055190161551019 
3.141509524356845 0.017032634559316584 
1.6209641537652177 0.5533350020941686 
2.8647795846185247 0.32638696682163204 
3.1411202201489967 0.09650410190121149 
2.8692929165237846 0.17777444178708524 
3.1415084378967384 0.022506270622003423 
2.869264037726447 0.22470741561825014 
1.4711933132088444 0.6450666655352556 
2.8692929125930444 0.18531804326360635 
2.8664610964674773 0.24659130939306145 
1.4711933132088444 0.6450666655352556 
2.8692929125930444 0.18531804326360635 
1.4446318147243167 0.8582762709729679 
2.952580617863839 0.1489728051655334 
1.5601748153535893 0.6074446896130118 
2.864912038639393 0.2727880686676573 
3.1415084378967384 0.022506270622003423 
2.864317738932961 0.3856694159717106 
1.620965541871722 0.5532051273291522 
1.5601748153535893 0.6074446896130118 
1.6210465050681173 0.5210600472083652 
2.866480326644401 0.24281124106088592 
1.620965541871722 0.5532051273291522 
2.952580617863839 0.1489728051655334 
1.6210465050681173 0.5210600472083652 
2.194027464055739 0.4469756825764865 
2.194027464055739 0.4469756825764865 
2.194027464055739 0.4469756825764865 
