2.869264037726447 -4.8164107372437694 1.3447327027412368 
3.1412175516627663 -4.9999998765957825 0.001569032368477067 
2.952580617863839 -4.910841039343854 0.9395156125217289 
3.1410032854926806 -4.999999875053568 0.0016744909000071416 
1.621049801896609 -0.25163606736619926 4.993691874701512 
3.140794603680423 -4.99999992643613 0.001651846289948833 
3.141223129904698 -4.999999929594366 0.001651846289948833 
1.620965541871722 -0.2516365674647653 4.9937397579752805 
3.1410032854926806 -4.999999875053568 0.0016744909000071416 
3.1412245076495355 -4.99999992643613 0.001651846289948833 
1.4711933132088444 0.4941022536458517 4.975275175852208 
1.6210465050681173 -0.25163606736619926 4.993693313762424 
2.8692929165237846 -4.816258170607829 1.3447327027412368 
3.141277451776619 -4.999999875053622 0.0015665024109052794 
1.6209641537652177 -0.2516365674647653 4.9937397579752805 
3.1410869406070603 -4.999999875063549 0.001675197204704521 
3.141235755555977 -4.999999982959972 0.0016514877601215892 
2.8692929165237846 -4.816258170607829 1.3447327027412368 
1.5601748153535893 0.05130703037623415 4.999622025114285 
3.1412355165529373 -4.999999982959972 0.0016514877601215892 
3.141218649183297 -4.999999999783164 0.0016516237437199225 
3.1412286596980272 -4.999999875047008 0.0016541556633919664 
3.1410869406070603 -4.999999875063549 0.001675197204704521 
3.1415038739430856 -4.999999986602778 4.529011617822252E-4 
2.864782181607137 -4.8124263739439455 1.3654716518638395 
3.1411198129517093 -4.999999960506823 0.001563165367396419 
3.1411197998132514 -4.999999992286357 0.0015669034947319476 
3.1410869406070603 -4.999999875063549 0.001675197204704521 
3.1415087296635322 -4.999999990135424 4.234385316805952E-4 
3.1410615127281702 -4.999999874771642 0.0016517901814418674 
3.141060807399322 -4.999999874834181 0.001569032368477067 
2.8664195229948324 -4.812031681424676 1.3569308005854916 
3.1411199315339022 -4.999999934995238 0.0015630826194401647 
3.1410787008110526 -4.9999998746184655 0.0016836736337537868 
-3.141592653589793 -4.9999999973930755 2.4183140745271184E-4 
3.141037295876514 -4.9999999648097315 0.001641369201280901 
3.141277451776619 -4.999999875053622 0.0015665024109052794 
3.1411401119051274 -4.999999912520035 0.0016763994908664222 
3.141117610650903 -4.999999999891003 0.0015686523447786022 
3.1411513557593564 -4.999999920843215 0.0016517901814418674 
3.1412175516627663 -4.9999998765957825 0.001569032368477067 
3.1410869406070603 -4.999999875063549 0.001675197204704521 
3.141241681051917 -4.999999874999516 0.0016763994908664222 
3.1415084378967384 -4.999999972061897 4.1270037545697785E-4 
2.869264037726447 -4.8164107372437694 1.3447327027412368 
3.1410366053306156 -4.99999987388655 0.001566397335331052 
3.1408133770457223 -4.999999874608435 0.0015700689259352655 
3.1412355165529373 -4.999999982959972 0.0016514877601215892 
3.141169435056276 -4.999999875047008 0.0016763994908664222 
3.1410431327990036 -4.999999874099943 0.0016569171715294939 
3.1410894019769495 -4.999999879401981 0.0016768757733277467 
1.6210465050681173 -0.25163606736619926 4.993693313762424 
3.141060807399322 -4.999999874834181 0.001569032368477067 
2.8664610964674773 -4.812031681424676 1.3567630506919677 
3.1410610828640917 -4.999999930211046 0.001651846289948833 
3.1412530480905687 -4.999999942689539 0.0016761299162693934 
3.1412409226141036 -4.99999996667926 0.0016701127887795738 
3.141060807399322 -4.999999874834181 0.001569032368477067 
2.869264037726447 -4.8164107372437694 1.3447327027412368 
3.1411555165855334 -4.999999875047008 0.0016763994908664222 
3.1411401119051274 -4.999999912520035 0.0016763994908664222 
3.1412230795595115 -4.999999929644418 0.001651846289948833 
2.8692929165237846 -4.816258170607829 1.3447327027412368 
3.141510082460138 -4.999999983634251 4.126730229927299E-4 
3.1411552357965653 -4.999999868684844 0.0016517901814418674 
3.141224068672395 -4.999999927717426 0.001649320746117935 
3.141217917020029 -4.999999874840277 0.0015690094712152655 
3.1412530480905687 -4.999999942689539 0.0016761299162693934 
3.141219325458699 -4.99999992768041 0.0016514877601215892 
3.1411555165855334 -4.999999875047008 0.0016763994908664222 
3.141509524356845 -4.9999999840954885 4.116302122282549E-4 
3.141148645399214 -4.999999990638998 0.001657261001608666 
3.141509524356845 -4.9999999840954885 4.116302122282549E-4 
1.6209641537652177 -0.2516365674647653 4.9937397579752805 
2.8647795846185247 -4.812425172883955 1.3654632794148946 
3.1411202201489967 -4.9999999999806 0.0016778764926202428 
2.8692929165237846 -4.816258170607829 1.3447327027412368 
3.1415084378967384 -4.999999972061897 4.1270037545697785E-4 
2.869264037726447 -4.8164107372437694 1.3447327027412368 
1.4711933132088444 0.4941022536458517 4.975275175852208 
2.8692929125930444 -4.8164107372437694 1.3447327027412368 
2.8664610964674773 -4.812031681424676 1.3567630506919677 
1.4711933132088444 0.4941022536458517 4.975275175852208 
2.8692929125930444 -4.8164107372437694 1.3447327027412368 
1.4446318147243167 0.6322879661044616 4.945613539676025 
2.952580617863839 -4.910841039343854 0.9395156125217289 
1.5601748153535893 0.05130703037623415 4.999622025114285 
2.864912038639393 -4.808758107741685 1.365225653420954 
3.1415084378967384 -4.999999972061897 4.1270037545697785E-4 
2.864317738932961 -4.812519923416019 1.3654628436312453 
1.620965541871722 -0.2516365674647653 4.9937397579752805 
1.5601748153535893 0.05130703037623415 4.999622025114285 
1.6210465050681173 -0.25163606736619926 4.993693313762424 
2.866480326644401 -4.812031681424676 1.3566155480308162 
1.620965541871722 -0.2516365674647653 4.9937397579752805 
2.952580617863839 -4.910841039343854 0.9395156125217289 
1.6210465050681173 -0.25163606736619926 4.993693313762424 
2.194027464055739 -2.919116715974351 4.060405660228614 
2.194027464055739 -2.919116715974351 4.060405660228614 
2.194027464055739 -2.919116715974351 4.060405660228614 
