2.288262339629056 0.5162431833218587 
0.1384338424834333 0.8265674630495832 
0.13808310472994578 0.9876915296459169 
2.288262339629056 0.5162431833218587 
0.1384338424834333 0.8265674630495832 
0.13808310472994578 0.9876915296459169 
1.0514409547405432 0.6779869780964356 
1.051496410691939 0.6521937401496969 
1.051496499487761 0.6443755614234771 
1.0515091710295392 0.6364176215592439 
2.288262339629056 0.5162431833218587 
2.288262339629056 0.5162431833218587 
2.288262339629056 0.5162431833218587 
0.13808310472994578 0.9876915296459169 
2.288262339629056 0.5162431833218587 
2.288262339629056 0.5162431833218587 
2.288262339629056 0.5162431833218587 
2.288262339629056 0.5162431833218587 
2.2876726729886916 0.5807913103502969 
1.051496410691939 0.6521937401496969 
1.0514984239620373 0.6393638071059178 
0.13808310472994578 0.9876915296459169 
1.051509556759341 0.6295882272533431 
1.0501925334908884 0.7241378652874397 
0.13808310472994578 0.9876915296459169 
1.051496410691939 0.6521937401496969 
1.0513595122971748 0.6864796128286852 
2.288262339629056 0.5162431833218587 
1.051317022826954 0.7199721998203732 
0.13355580678263282 1.0160520975018494 
0.13808310472994578 0.9876915296459169 
2.288262339629056 0.5162431833218587 
2.2876726729886916 0.5807913103502969 
1.0513178197001125 0.6908772895064914 
1.051317022826954 0.7199721998203732 
2.288262339629056 0.5162431833218587 
2.288262339629056 0.5162431833218587 
0.13808310472994578 0.9876915296459169 
2.2876726729886916 0.5807913103502969 
1.051496410691939 0.6521937401496969 
1.051317022826954 0.7199721998203732 
2.2876726729886916 0.5807913103502969 
2.2887256147237838 0.3853884477555406 
1.051441233642974 0.6649409763305314 
2.288262339629056 0.5162431833218587 
1.051509556759341 0.6295882272533431 
1.0501244311516047 0.7806277489821449 
2.288267599205241 0.5155014130051245 
2.288262339629056 0.5162431833218587 
2.288267599205241 0.5155014130051245 
2.288260678989319 0.5164764384890294 
2.288262339629056 0.5162431833218587 
2.288262339629056 0.5162431833218587 
1.051317022826954 0.7199721998203732 
1.0514388007093485 0.6853702660669637 
2.2887256147237838 0.3853884477555406 
1.0513172127590025 0.6931597594148284 
2.288267599205241 0.5155014130051245 
1.0501244311516047 0.7806277489821449 
2.288260678989319 0.5164764384890294 
2.288262339629056 0.5162431833218587 
2.288354893732866 0.5024473119901207 
2.287580118884882 0.588796260339928 
-3.141592653589793 1.1229189716525891 
2.288262339629056 0.5162431833218587 
2.288262339629056 0.5162431833218587 
