2.288262339629056 -3.289142161565853 3.764480365515002 
0.1384338424834333 4.952194248774569 0.6902870897571858 
0.13808310472994578 4.9521943104632635 0.6962638508424174 
2.288262339629056 -3.289142161565853 3.764480365515002 
0.1384338424834333 4.952194248774569 0.6902870897571858 
0.13808310472994578 4.9521943104632635 0.6962638508424174 
1.0514409547405432 2.480829700894037 4.340665128951674 
1.051496410691939 2.480829141326667 4.340829663305146 
1.051496499487761 2.4808355859257047 4.340835070926153 
1.0515091710295392 2.4808296264901166 4.340865834150007 
2.288262339629056 -3.289142161565853 3.764480365515002 
2.288262339629056 -3.289142161565853 3.764480365515002 
2.288262339629056 -3.289142161565853 3.764480365515002 
0.13808310472994578 4.9521943104632635 0.6962638508424174 
2.288262339629056 -3.289142161565853 3.764480365515002 
2.288262339629056 -3.289142161565853 3.764480365515002 
2.288262339629056 -3.289142161565853 3.764480365515002 
2.288262339629056 -3.289142161565853 3.764480365515002 
2.2876726729886916 -3.289142161565853 3.764480365515002 
1.051496410691939 2.480829141326667 4.340829663305146 
1.0514984239620373 2.481111281657754 4.340827915522907 
0.13808310472994578 4.9521943104632635 0.6962638508424174 
1.051509556759341 2.48091642570953 4.340866736103325 
1.0501925334908884 2.4849453710542093 4.33752266252127 
0.13808310472994578 4.9521943104632635 0.6962638508424174 
1.051496410691939 2.480829141326667 4.340829663305146 
1.0513595122971748 2.481744839509542 4.340870830184677 
2.288262339629056 -3.289142161565853 3.764480365515002 
1.051317022826954 2.481117765892923 4.340657546259748 
0.13355580678263282 4.951985871120265 0.6632739346045483 
0.13808310472994578 4.9521943104632635 0.6962638508424174 
2.288262339629056 -3.289142161565853 3.764480365515002 
2.2876726729886916 -3.289142161565853 3.764480365515002 
1.0513178197001125 2.481744839509542 4.340640555108837 
1.051317022826954 2.481117765892923 4.340657546259748 
2.288262339629056 -3.289142161565853 3.764480365515002 
2.288262339629056 -3.289142161565853 3.764480365515002 
0.13808310472994578 4.9521943104632635 0.6962638508424174 
2.2876726729886916 -3.289142161565853 3.764480365515002 
1.051496410691939 2.480829141326667 4.340829663305146 
1.051317022826954 2.481117765892923 4.340657546259748 
2.2876726729886916 -3.289142161565853 3.764480365515002 
2.2887256147237838 -3.289142161565853 3.764480365515002 
1.051441233642974 2.48111941958968 4.340664873563922 
2.288262339629056 -3.289142161565853 3.764480365515002 
1.051509556759341 2.48091642570953 4.340866736103325 
1.0501244311516047 2.4850219370565423 4.336599964984343 
2.288267599205241 -3.289142161565853 3.764480365515002 
2.288262339629056 -3.289142161565853 3.764480365515002 
2.288267599205241 -3.289142161565853 3.764480365515002 
2.288260678989319 -3.289142161565853 3.764480365515002 
2.288262339629056 -3.289142161565853 3.764480365515002 
2.288262339629056 -3.289142161565853 3.764480365515002 
1.051317022826954 2.481117765892923 4.340657546259748 
1.0514388007093485 2.4811193426868074 4.340829458881385 
2.2887256147237838 -3.289142161565853 3.764480365515002 
1.0513172127590025 2.481744839509542 4.340665109944377 
2.288267599205241 -3.289142161565853 3.764480365515002 
1.0501244311516047 2.4850219370565423 4.336599964984343 
2.288260678989319 -3.289142161565853 3.764480365515002 
2.288262339629056 -3.289142161565853 3.764480365515002 
2.288354893732866 -3.289142161565853 3.764480365515002 
2.287580118884882 -3.289142161565853 3.764480365515002 
-3.141592653589793 -4.999999999999992 0.0018562856331592716 
2.288262339629056 -3.289142161565853 3.764480365515002 
2.288262339629056 -3.289142161565853 3.764480365515002 
