-1.0302196158475734 1.125481176451227E-6 -0.8226465531271376 
-1.095547927531319 -1.033940657020732 -1.099051516379589 
-0.9642289052991085 -1.528000929529099E-6 -0.9206946193426201 
-0.9459391701673735 1.496598805726505E-5 -0.9565793300232606 
-0.7068508327549339 -0.005876581591619967 -1.1188562139284977 
-0.7168484773246362 1.409591362591084E-6 3.0175863975384814E-5 
-0.7464289511922577 -8.949783753620941E-6 2.7842020446241866E-5 
-1.0098439371502252 -9.513796284897562E-7 -0.9962727313259863 
-0.9459391701673735 -2.466056863350613E-6 -0.9537976634945079 
-1.1002430015501063 1.3122379148676383E-6 -1.0946926596761708 
-0.9639432650047763 -1.878868991241566E-6 -0.9805049104183271 
-1.0343594429178642 -1.4725175291037942E-6 2.7548173948475373E-5 
-1.0564416052775067 -1.4383883396411004E-6 2.7548173948475373E-5 
-0.9316758304863328 -9.540348628154249E-6 -4.902977927418971E-5 
-0.9863597706995819 1.3717067883281278E-6 -0.9871911647841796 
-0.843096777071707 -1.4921383995153068E-6 2.8113175600905934E-5 
-1.0124831767824818 -1.2234110331006242E-6 3.2284277093887973E-5 
-1.0711440449344631 -0.792997951287438 -1.0687960674207142 
-1.0709556304690013 -0.8769629601324338 -1.0652073841727745 
-0.9463899634504886 -1.528000929529099E-6 -0.9248275180928247 
-0.8031475191656969 -8.293107992723135E-6 -4.922244539602559E-5 
-1.0962657511367273 -0.9922134154870057 -1.0879544430480976 
-1.1393132685298106 -1.143509666551495E-6 -4.934837141466175E-5 
-0.9454949508527978 1.496598805726505E-5 -0.8991163519088708 
-0.8866334560205699 7.447417672895932E-8 -4.922161835039091E-5 
-0.7257137748858398 8.476897673748447E-5 -4.812526305895625E-5 
-1.0778397818396004 -0.932156188260277 -1.0799239970611971 
-1.1254080199166985 -5.453904690005056E-6 -1.127642473743032 
-1.12712456159605 -2.812244892446199E-7 -4.422303616642778E-5 
-1.078974462691515 -9.474457613172807E-6 -1.081109110216266 
-1.147991674498652 -1.138324755196508 -1.1488564378645822 
-1.0997031826198476 -7.415741722006449E-7 -1.0984718807750895 
-1.0996933293851785 -8.758987927787669E-6 3.660160268352566E-5 
-1.1350697427823981 -1.1253236767912733 -1.137607049760874 
-1.1165447332953158 -1.0620661181591693 -1.1129752788329839 
-1.106846436753266 -1.4691567840184285E-6 3.82744284762737E-5 
-4.2302876479836444E-4 -8.350974377896013E-7 2.16757218866324E-5 
-1.0663441577151136 -8.614061237326278E-6 -1.0697603377339677 
-0.9592191078033787 2.077495143047078E-8 3.423915204902437E-5 
-0.7608792805628335 -1.6515553200810358E-6 3.353452988094848E-5 
-4.2302876479836444E-4 -8.350974377896013E-7 2.16757218866324E-5 
-0.719267480661137 1.4824832899450458E-5 3.227072135360324E-5 
-1.0710570507432375 -0.8672877608695306 -1.0720997910075378 
-1.07318200444967 -0.826190104543356 -1.073798526582139 
-0.9316758304863328 -9.540348628154249E-6 -4.902977927418971E-5 
-1.1346215201061087 -1.2296722613322437E-6 3.2284277093887973E-5 
-1.0999100048863852 -0.9978541669238641 -1.0895225281616956 
-1.0282622479413783 -1.3430250525057472E-6 -1.03733261252656 
-1.07318200444967 -0.7925226343354786 -1.0714287915647547 
-1.045084670888058 -1.3430250525057472E-6 -1.03733261252656 
-1.1215382200878736 -1.0731807963692777 -1.1204791154133784 
-1.064345403418196 -8.614061237326278E-6 -1.069600823771053 
-1.1348693207495364 3.643796650209623E-5 -1.1368996555196373 
-1.0877237811807712 -5.453904690005056E-6 -1.0896162449510611 
-1.0778397818396004 -0.9299414987049792 -1.0797496880343536 
-1.1291378694976364 -1.101435219629266 -1.1270538873577545 
-1.0294745139192458 -1.2296722613322437E-6 3.2284277093887973E-5 
-0.9031060225917393 -1.4954522320871087E-7 3.2284277093887973E-5 
-0.8592596133211946 7.447417672895932E-8 -4.922161835039091E-5 
-1.1485745333401702 -8.949783753620941E-6 2.7842020446241866E-5 
-0.9945207305298664 -2.732605940587214E-7 3.162971650336061E-5 
-1.0737425485700178 -0.8848138564255932 -1.0756753227734874 
-1.015526615891461 -7.555844474802512E-7 -1.012579675942207 
-1.1097405580464326 -8.392129323664377E-7 -1.1116546246934427 
-1.087097245125616 -9.410688694819134E-6 3.575384552599502E-5 
-1.0962657511367273 -1.017957228027698 -1.0879544430480976 
-0.9768848975456295 -4.063195323525266E-8 3.423915204902437E-5 
-1.0810506024186712 -0.9706843691765776 -1.08641651101678 
-1.0737425485700178 -0.9046736934536465 -1.0736796140094391 
-0.8211492402716416 -8.293944737998691E-6 -4.922244539602559E-5 
-1.1311473236486917 -1.1126472071678046 -1.134852843540788 
-1.095547927531319 -1.033940657020732 -1.099051516379589 
-1.0711294221202787 -0.8515405671202718 -1.0653161244915887 
-0.9809852294565486 -5.453904690005056E-6 -0.9828873224941 
-1.1137458243192213 -1.0490612820663174 -1.1110900580381435 
-0.9936045769407011 1.370850714326224E-6 -0.9977686701764297 
-1.143147728513606 -2.812244892446199E-7 -4.422303616642778E-5 
-1.0745608735000638 -9.601237393999666E-6 3.428264626502233E-5 
-1.1152374690493934 -8.316264108063183E-7 -1.11290575463615 
-1.0756980472304902 -0.9606093363961257 -1.0868841485820142 
-1.0851925572377925 -0.9873718977291606 -1.0895225281616956 
-1.117115743119243 -1.0894447085674883 -1.1204791154133784 
-1.1066303741447006 -1.0408215488726376 -1.0997884109415161 
-1.0545555609387494 -9.034457263217097E-5 -1.0549075512324184 
-1.0302196158475734 1.125481176451227E-6 -1.0217969575714814 
-1.1199119246611018 -8.293138012706393E-6 -4.922217738201887E-5 
-1.147991674498652 -1.138324755196508 -1.1489234273656714 
-1.1288197837052654 -1.3471022413068345E-6 -1.126962090453758 
-0.9645333135518517 8.852263188120291E-5 -0.955776341971581 
