0.38940673008438703 8.976862345714718 
1.0 1.0000000000000002 
0.38940673008438703 8.976862345714718 
0.5819646728502508 3.033095786443249 
0.6523630529649342 1.837340734045267 
0.7189475087583486 1.3909526864482609 
0.6603729892427046 1.6088877182888188 
0.4325202427425062 7.201983275583395 
0.9852346265758261 1.0149978937001265 
0.466663826350964 6.041931405974314 
0.4238763723220752 7.643116254795861 
0.4514407604006405 6.621250500103708 
0.9571098372536486 1.0448149421573198 
0.5522122548683053 3.687647443348595 
0.41761907792418174 7.776535505452182 
0.47848167965736166 5.652824325844586 
0.6413817757065092 1.9295378519872914 
0.45683345650370666 6.342113599861647 
0.6186982365826895 2.3255940722886117 
0.44038881038890354 7.030310436224432 
0.630736937558757 2.127080199084755 
0.6855381560752984 1.4587084473753913 
0.5946483693786033 2.7756785927431826 
0.5423174949581301 3.919588428644153 
0.49462130289599227 5.152548225424314 
0.4875613549936375 5.499683323167772 
0.5504274072527675 3.7470821395501477 
0.566549357004254 3.380987229031084 
0.4267575075587624 7.464546301482269 
0.6267564515344661 2.2831481881277513 
0.786576279183633 1.2713325159485842 
0.8454692055802845 1.1827755222883722 
0.45337984977767015 6.461925172568783 
0.6722535346905815 1.487631473498637 
0.7748617285199803 1.2974134108964341 
0.6016875312404067 2.6429387643757347 
0.881207684634421 1.1348681998671069 
0.6392524132854588 2.062857587544 
0.9404855232870808 1.0637067847487522 
0.49835584523937365 5.082852907731678 
0.8918267297355237 1.1212940546990604 
0.5048330491413787 4.951995053822287 
0.8588872060453207 1.1668143874123733 
0.9124776600425551 1.0959172521851237 
0.700703806670147 1.427167883495551 
0.7986283319359484 1.2521470746006302 
0.8682932747138199 1.1523751627819245 
0.41332618771476626 7.945059850847361 
0.7346303934304673 1.3612555563180488 
0.44128412476680023 6.928066022791304 
0.6081290112731567 2.6131251494534444 
0.9044163781516074 1.1057457637089443 
0.39814873467473866 8.59114830446888 
0.5715285104657131 3.2537411562739464 
0.6676828365442284 1.5679899216920368 
0.47110902484057215 5.869005363409279 
0.5129073411417852 4.7390269079171565 
0.48248398733003295 5.61852804378681 
0.47110902484057215 5.869005363409279 
0.4105773659235473 8.196999364259364 
0.40927969617797266 8.261020069049309 
0.5715285104657131 3.2537411562739464 
0.7500058182602314 1.333323052464166 
0.5161470301400073 4.578784060437029 
0.9273471506046793 1.0783451273419056 
0.5622992396467735 3.489783230700249 
0.39431745226198184 8.775894069744105 
0.39431745226198184 8.775894069744105 
0.5060977931277219 4.855280452135164 
0.7635255748310756 1.3097152628403506 
0.4009737448352565 8.573861278762084 
0.5622992396467735 3.489783230700249 
0.4446496603589558 6.777704662262491 
0.402436813982171 8.401487305608244 
0.5318035050486977 4.168298821565502 
0.48911262392346144 5.335248000305384 
0.4616144039343005 6.177336148626041 
0.4038195027361312 8.372720388866249 
0.6972740876841246 1.4341567554734835 
0.7400227506281205 1.3513098221494033 
0.4144245622166263 7.924002577819801 
0.6119064024071896 2.4795694231011978 
0.5272451709400359 4.27713751717702 
0.5318035050486977 4.168298821565502 
0.9541046782359408 1.0485231389160625 
0.5402191288640931 3.989746275992897 
0.5090147645538456 4.75795022637871 
0.6119064024071896 2.4795694231011978 
0.48911262392346144 5.335248000305384 
0.4446496603589558 6.777704662262491 
0.758168519013685 1.3259796113402968 
0.42978719628303885 7.357038369937785 
0.4616144039343005 6.177336148626041 
0.5188337169712854 4.5550736529672635 
0.9305107799252593 1.0746787152826978 
0.9880890558858372 1.012054524886408 
0.8255727508962227 1.2113041567950729 
0.5402191288640931 3.989746275992897 
0.5224820350509829 4.4385278886064174 
0.5272451709400359 4.27713751717702 
