0.38940673008438703 2.4956506124624283 
1.0 2.755804753232921E-16 
0.38940673008438703 2.4956506124624283 
0.5819646728502508 0.7651545970809195 
0.6523630529649342 0.19861321059860365 
0.7189475087583486 2.1968722709458932E-5 
0.6603729892427046 0.06246599188226154 
0.4325202427425062 2.1150035545828 
0.9852346265758261 1.1070774894075515E-5 
0.466663826350964 1.8195508284620325 
0.4238763723220752 2.2397363913187553 
0.4514407604006405 1.9891023605699392 
0.9571098372536486 2.6592483726519973E-6 
0.5522122548683053 1.036364109850869 
0.41761907792418174 2.247629587231601 
0.47848167965736166 1.7047728782381104 
0.6413817757065092 0.23757041380053262 
0.45683345650370666 1.8972896773639618 
0.6186982365826895 0.4388409515321198 
0.44038881038890354 2.096070049673571 
0.630736937558757 0.3416280507125896 
0.6855381560752984 2.9926518725487885E-7 
0.5946483693786033 0.6505527490938298 
0.5423174949581301 1.1256613778891704 
0.49462130289599227 1.5485601164938072 
0.4875613549936375 1.6814330530795898 
0.5504274072527675 1.0624967068357405 
0.566549357004254 0.9154961406471551 
0.4267575075587624 2.1855511746775513 
0.6267564515344661 0.43097785671829514 
0.786576279183633 4.16136106151134E-15 
0.8454692055802845 2.812089561446578E-7 
0.45337984977767015 1.9297066640137803 
0.6722535346905815 6.551637641672185E-5 
0.7748617285199803 0.005315998172214453 
0.6016875312404067 0.5902233003568068 
0.881207684634421 5.457877012647651E-5 
0.6392524132854588 0.31868669110172143 
0.9404855232870808 4.008320784485986E-4 
0.49835584523937365 1.5330694570600287 
0.8918267297355237 9.874148425884679E-9 
0.5048330491413787 1.499930762354131 
0.8588872060453207 0.0021619491780957567 
0.9124776600425551 9.874148425884679E-9 
0.700703806670147 2.1968722709458932E-5 
0.7986283319359484 1.295267788425705E-7 
0.8682932747138199 5.996037907885811E-4 
0.41332618771476626 2.283901299316389 
0.7346303934304673 1.9704897337935456E-5 
0.44128412476680023 2.0572455511940673 
0.6081290112731567 0.5891172134701429 
0.9044163781516074 5.457877012647651E-5 
0.39814873467473866 2.4205548268273116 
0.5715285104657131 0.8596058364862357 
0.6676828365442284 0.04691995858810172 
0.47110902484057215 1.7649413935398335 
0.5129073411417852 1.4306816909391646 
0.48248398733003295 1.71084981349187 
0.47110902484057215 1.7649413935398335 
0.4105773659235473 2.3655024074546014 
0.40927969617797266 2.381067783980636 
0.5715285104657131 0.8596058364862357 
0.7500058182602314 4.696861599651214E-8 
0.5161470301400073 1.3633257944469763 
0.9273471506046793 2.812089561446578E-7 
0.5622992396467735 0.962302457154811 
0.39431745226198184 2.460488190902531 
0.39431745226198184 2.460488190902531 
0.5060977931277219 1.457246721841774 
0.7635255748310756 1.0989252119103087E-6 
0.4009737448352565 2.4378932646432343 
0.5622992396467735 0.962302457154811 
0.4446496603589558 2.013704076088328 
0.402436813982171 2.381067783980636 
0.5318035050486977 1.21671592339889 
0.48911262392346144 1.609537148711767 
0.4616144039343005 1.8515473441498171 
0.4038195027361312 2.381067783980636 
0.6972740876841246 3.43268797414753E-7 
0.7400227506281205 1.1537797717231513E-8 
0.4144245622166263 2.283901299316389 
0.6119064024071896 0.5172644052087245 
0.5272451709400359 1.2551001013780385 
0.5318035050486977 1.21671592339889 
0.9541046782359408 4.008320784485986E-4 
0.5402191288640931 1.1553372576056424 
0.5090147645538456 1.4218669142390756 
0.6119064024071896 0.5172644052087245 
0.48911262392346144 1.609537148711767 
0.4446496603589558 2.013704076088328 
0.758168519013685 0.005315998172214453 
0.42978719628303885 2.161960893962299 
0.4616144039343005 1.8515473441498171 
0.5188337169712854 1.3633257944469763 
0.9305107799252593 1.295267788425705E-7 
0.9880890558858372 2.755804753232921E-16 
0.8255727508962227 1.9704897337935456E-5 
0.5402191288640931 1.1553372576056424 
0.5224820350509829 1.3190510838696234 
0.5272451709400359 1.2551001013780385 
