3.1398948834215212 0.048884984130083076 
3.1398923462116937 0.052725300073826316 
3.0895578376036377 0.1503936258377584 
1.9607143114622827 0.65632385231845 
3.141560408774566 0.008743400163928895 
3.139894811809784 0.04967720866016333 
3.1399012127250563 0.03897853581613397 
3.1415605622994685 0.0036065370547876145 
3.0895578376036377 0.1503936258377584 
3.0895578376036377 0.1503936258377584 
3.1415605586846955 0.004002657067645386 
3.1415605586846955 0.004002657067645386 
3.139878370686789 0.06391866712443275 
3.093145512579139 0.12017681406305708 
3.112694535943858 0.07423174157355829 
3.112694535943858 0.07423174157355829 
3.1415605623669585 0.003460166425370324 
3.112694535943858 0.07423174157355829 
1.9625580449538704 0.5286789483712336 
3.0895578376036377 0.1503936258377584 
3.112694535943858 0.07423174157355829 
1.9625580449538704 0.5286789483712336 
3.141560408774566 0.008743400163928895 
1.9625580449538704 0.5286789483712336 
3.1415605586031328 0.004580079080866871 
3.112694535943858 0.07423174157355829 
3.112694535943858 0.07423174157355829 
3.141560408774566 0.008743400163928895 
3.0186279275170205 0.3467303572132938 
3.112694535943858 0.07423174157355829 
1.9625580449538704 0.5286789483712336 
3.096121744849452 0.09474244727794467 
3.1415605586846955 0.004002657067645386 
3.112694535943858 0.07423174157355829 
3.139878370686789 0.06391866712443275 
3.1415605586846955 0.004002657067645386 
3.1415605586846955 0.004002657067645386 
3.1415605622994685 0.0036065370547876145 
1.9607143114622827 0.65632385231845 
1.9625580449538704 0.5286789483712336 
3.1415605586846955 0.004002657067645386 
3.1415255417756107 0.012567758091852278 
3.112694535943858 0.07423174157355829 
3.141560408774566 0.008743400163928895 
3.1415605586846955 0.004002657067645386 
3.112694535943858 0.07423174157355829 
3.112694535943858 0.07423174157355829 
1.9625580449538704 0.5286789483712336 
3.139901219484231 0.03651716459571469 
3.096121744849452 0.09474244727794467 
3.112694535943858 0.07423174157355829 
3.112694535943858 0.07423174157355829 
3.1415245636513935 0.022179571488316313 
3.1415605586846955 0.004002657067645386 
3.141560408774566 0.008743400163928895 
3.139878370686789 0.06391866712443275 
3.096121744849452 0.09474244727794467 
1.0669735331281551 0.6988046179857706 
3.112694535943858 0.07423174157355829 
-3.141592653589793 1.0217470820846561 
1.9625580449538704 0.5286789483712336 
3.112694535943858 0.07423174157355829 
3.139884389641505 0.05978963434948556 
3.0895578376036377 0.1503936258377584 
3.0268158218237495 0.25263541588527383 
3.112694535943858 0.07423174157355829 
3.018210690185338 0.369791414223263 
3.1398923223155872 0.052761232494563125 
3.112694535943858 0.07423174157355829 
3.0895578376036377 0.1503936258377584 
1.9625580449538704 0.5286789483712336 
3.141560408774566 0.008743400163928895 
-3.141592653589793 1.0217470820846561 
3.112694535943858 0.07423174157355829 
3.112694535943858 0.07423174157355829 
3.112694535943858 0.07423174157355829 
3.112694535943858 0.07423174157355829 
3.141560408857301 0.008398524988477565 
3.0558357882927454 0.2502252983873681 
3.093145512579139 0.12017681406305708 
3.139878370686789 0.06391866712443275 
3.1398298886049383 0.06809515130411395 
3.112694535943858 0.07423174157355829 
3.1415605586846955 0.004002657067645386 
3.139894811809784 0.04967720866016333 
3.141560408774566 0.008743400163928895 
3.139900830191846 0.04568395041465692 
3.1398948834215212 0.048884984130083076 
3.139895016677495 0.048610584747667954 
3.093145512579139 0.12017681406305708 
1.9617368039509333 0.635394403195816 
3.112694535943858 0.07423174157355829 
3.112694535943858 0.07423174157355829 
3.112694535943858 0.07423174157355829 
3.112694535943858 0.07423174157355829 
3.112694535943858 0.07423174157355829 
3.112694535943858 0.07423174157355829 
3.093145512579139 0.12017681406305708 
3.112694535943858 0.07423174157355829 
1.9625580449538704 0.5286789483712336 
