3.1398948834215212 -4.9999999996285025 0.008464382574003483 
3.1398923462116937 -4.9999994352800385 0.008464383483074758 
3.0895578376036377 -4.994785451544374 0.2600507617031722 
1.9607143114622827 -1.9089711094085775 4.626121779614399 
3.141560408774566 -4.9999999975076515 1.6178731537219205E-4 
3.139894811809784 -4.999999999575485 0.008462683971120401 
3.1399012127250563 -4.99999999115456 0.008464257171277622 
3.1415605622994685 -4.999999997507496 1.6042484742762465E-4 
3.0895578376036377 -4.994785451544374 0.2600507617031722 
3.0895578376036377 -4.994785451544374 0.2600507617031722 
3.1415605586846955 -4.999999997456447 1.6042484742762465E-4 
3.1415605586846955 -4.999999997456447 1.6042484742762465E-4 
3.139878370686789 -4.9999999997403926 0.008656206103089654 
3.093145512579139 -4.99415001576392 0.2416429643184578 
3.112694535943858 -4.9977999197133585 0.14446575043561177 
3.112694535943858 -4.9977999197133585 0.14446575043561177 
3.1415605623669585 -4.999999997452272 1.6042484742762465E-4 
3.112694535943858 -4.9977999197133585 0.14446575043561177 
1.9625580449538704 -1.9089711094085775 4.6184486585480755 
3.0895578376036377 -4.994785451544374 0.2600507617031722 
3.112694535943858 -4.9977999197133585 0.14446575043561177 
1.9625580449538704 -1.9089711094085775 4.6184486585480755 
3.141560408774566 -4.9999999975076515 1.6178731537219205E-4 
1.9625580449538704 -1.9089711094085775 4.6184486585480755 
3.1415605586031328 -4.99999999811494 1.6042484742762465E-4 
3.112694535943858 -4.9977999197133585 0.14446575043561177 
3.112694535943858 -4.9977999197133585 0.14446575043561177 
3.141560408774566 -4.9999999975076515 1.6178731537219205E-4 
3.0186279275170205 -4.963081454707551 0.6034999119003261 
3.112694535943858 -4.9977999197133585 0.14446575043561177 
1.9625580449538704 -1.9089711094085775 4.6184486585480755 
3.096121744849452 -4.994819483918451 0.22708928694124222 
3.1415605586846955 -4.999999997456447 1.6042484742762465E-4 
3.112694535943858 -4.9977999197133585 0.14446575043561177 
3.139878370686789 -4.9999999997403926 0.008656206103089654 
3.1415605586846955 -4.999999997456447 1.6042484742762465E-4 
3.1415605586846955 -4.999999997456447 1.6042484742762465E-4 
3.1415605622994685 -4.999999997507496 1.6042484742762465E-4 
1.9607143114622827 -1.9089711094085775 4.626121779614399 
1.9625580449538704 -1.9089711094085775 4.6184486585480755 
3.1415605586846955 -4.999999997456447 1.6042484742762465E-4 
3.1415255417756107 -4.999999975473718 3.34504368077318E-4 
3.112694535943858 -4.9977999197133585 0.14446575043561177 
3.141560408774566 -4.9999999975076515 1.6178731537219205E-4 
3.1415605586846955 -4.999999997456447 1.6042484742762465E-4 
3.112694535943858 -4.9977999197133585 0.14446575043561177 
3.112694535943858 -4.9977999197133585 0.14446575043561177 
1.9625580449538704 -1.9089711094085775 4.6184486585480755 
3.139901219484231 -4.99999999115456 0.008461840433015644 
3.096121744849452 -4.994819483918451 0.22708928694124222 
3.112694535943858 -4.9977999197133585 0.14446575043561177 
3.112694535943858 -4.9977999197133585 0.14446575043561177 
3.1415245636513935 -4.999999922369371 3.34504368077318E-4 
3.1415605586846955 -4.999999997456447 1.6042484742762465E-4 
3.141560408774566 -4.9999999975076515 1.6178731537219205E-4 
3.139878370686789 -4.9999999997403926 0.008656206103089654 
3.096121744849452 -4.994819483918451 0.22708928694124222 
1.0669735331281551 2.4136878296322752 4.378004230012772 
3.112694535943858 -4.9977999197133585 0.14446575043561177 
-3.141592653589793 -4.999999999545018 -9.231865276346254E-6 
1.9625580449538704 -1.9089711094085775 4.6184486585480755 
3.112694535943858 -4.9977999197133585 0.14446575043561177 
3.139884389641505 -4.9999994352800385 0.008475546712988094 
3.0895578376036377 -4.994785451544374 0.2600507617031722 
3.0268158218237495 -4.967212011330256 0.5678412880203159 
3.112694535943858 -4.9977999197133585 0.14446575043561177 
3.018210690185338 -4.963081454707551 0.6034999119003261 
3.1398923223155872 -4.9999994352800385 0.008464383483074758 
3.112694535943858 -4.9977999197133585 0.14446575043561177 
3.0895578376036377 -4.994785451544374 0.2600507617031722 
1.9625580449538704 -1.9089711094085775 4.6184486585480755 
3.141560408774566 -4.9999999975076515 1.6178731537219205E-4 
-3.141592653589793 -4.999999999545018 -9.231865276346254E-6 
3.112694535943858 -4.9977999197133585 0.14446575043561177 
3.112694535943858 -4.9977999197133585 0.14446575043561177 
3.112694535943858 -4.9977999197133585 0.14446575043561177 
3.112694535943858 -4.9977999197133585 0.14446575043561177 
3.141560408857301 -4.999999997530364 1.61713359441287E-4 
3.0558357882927454 -4.988762998833944 0.428287547605875 
3.093145512579139 -4.99415001576392 0.2416429643184578 
3.139878370686789 -4.9999999997403926 0.008656206103089654 
3.1398298886049383 -4.999999998591408 0.008705082358630874 
3.112694535943858 -4.9977999197133585 0.14446575043561177 
3.1415605586846955 -4.999999997456447 1.6042484742762465E-4 
3.139894811809784 -4.999999999575485 0.008462683971120401 
3.141560408774566 -4.9999999975076515 1.6178731537219205E-4 
3.139900830191846 -4.999999997542704 0.008476441961522219 
3.1398948834215212 -4.9999999996285025 0.008464382574003483 
3.139895016677495 -4.999999990909941 0.008464381537059716 
3.093145512579139 -4.99415001576392 0.2416429643184578 
1.9617368039509333 -1.9089711094085775 4.625540752095337 
3.112694535943858 -4.9977999197133585 0.14446575043561177 
3.112694535943858 -4.9977999197133585 0.14446575043561177 
3.112694535943858 -4.9977999197133585 0.14446575043561177 
3.112694535943858 -4.9977999197133585 0.14446575043561177 
3.112694535943858 -4.9977999197133585 0.14446575043561177 
3.112694535943858 -4.9977999197133585 0.14446575043561177 
3.093145512579139 -4.99415001576392 0.2416429643184578 
3.112694535943858 -4.9977999197133585 0.14446575043561177 
1.9625580449538704 -1.9089711094085775 4.6184486585480755 
