-17.955380449446444 -3.8719747854978332 
-19.999712666273865 0.001035833420196436 
-16.152924903085776 -7.2776608770251 
-18.15182284681236 -3.3594513011582015 
-18.639915390478677 -1.124356600377301 
-15.360973272812844 -8.705094079791998 
-18.402831573505814 -2.164741646271482 
-14.464422737646755 -11.622120286487624 
-18.292629499159908 -2.7068742119518165 
-15.081627845113804 -9.874402717203878 
-16.62424520643137 -5.223661412486727 
-17.972922803600845 -3.8599327756108206 
-15.384076697340857 -8.613278374062325 
-15.907209660205538 -7.746315283506698 
-14.635228464928549 -11.404564220670599 
-15.31063449049334 -8.908976264883039 
-14.755254351659001 -11.096434922700032 
-17.94792565176149 -3.874477817099541 
-16.376238187882663 -6.407099315437192 
-16.106294368097792 -7.416107889733016 
-16.481212827984947 -5.920821207628098 
-15.384076697340857 -8.613278374062325 
-16.106294368097792 -7.416107889733016 
-18.18163500533565 -3.23155909468581 
-17.999280155676075 -3.8264103952302837 
-14.491584612954309 -11.608226315671665 
-15.266449999350126 -9.09227605562764 
-15.114993691674437 -9.734040059841925 
-14.706881177562273 -11.23375866135379 
-14.786565106474415 -11.000200488436292 
-16.061677923109656 -7.528020070933316 
-16.344261572502916 -6.547613321042097 
-18.211183852405103 -3.097858537258707 
-16.271122849980316 -6.852458108555646 
-14.553408460720188 -11.546031983177945 
-18.04742277619203 -3.7229396275004105 
-15.949581501627819 -7.717358707926059 
-18.093812140963692 -3.5809556075061533 
-18.0100046385895 -3.8078004181307206 
-18.026896941124008 -3.77316396563655 
-14.707975631238627 -11.230834103214876 
-14.661101713387719 -11.345549276498721 
-15.041876620506526 -10.041418762802198 
-18.56534181885142 -1.4227778306964995 
-18.59803953767802 -1.2880422202316064 
-17.973091858409525 -3.859775055408279 
-16.242425597655423 -6.964502601366016 
-16.663453989845152 -5.029709710359233 
-14.53569426027629 -11.565969729824097 
-16.413072202925996 -6.240203765212151 
-18.122330313433686 -3.4772609992096144 
-16.442601333224708 -6.102424978854781 
-18.06999462744885 -3.65782112547649 
-15.240811399757526 -9.200004817390571 
-14.913551364684 -10.5544758838077 
-18.402831573505814 -2.164741646271482 
-17.96219432591365 -3.8684142854467183 
-18.33166708435056 -2.514362395952358 
-15.186207390880242 -9.431517393011445 
-14.627822735972547 -11.419834709959423 
-16.07005194043348 -7.5093896900228305 
-16.549735176161498 -5.58978349095283 
-14.821111887411252 -10.886792610236316 
-14.589655444053305 -11.49132667752933 
-15.148983891974282 -9.589488828057153 
-16.197601803620813 -7.128647945112908 
-17.990399316510747 -3.8396184612621376 
-15.97266836335183 -7.691193028961686 
-17.955393517180717 -3.871969419713175 
-18.254452451694817 -2.8924396477103995 
-18.45771757979893 -1.9025387982081023 
-15.951140822913278 -7.715820984625575 
-18.500252179964775 -1.706772861797383 
-18.680357673118785 -0.9755361300471211 
-14.491584612954309 -11.608226315671665 
-16.022525507183083 -7.6118684494462325 
-14.833402234858928 -10.843969175275909 
-14.977637434141545 -10.303967362561654 
-16.173575950488008 -7.210731558675114 
-16.582706778264473 -5.426961944409541 
-15.01849180177416 -10.138127050739197 
-16.51065872836793 -5.778342497719642 
-14.946331039427438 -10.427780896240092 
-16.3034577108629 -6.720817960058653 
-14.464422737646755 -11.622120286487624 
-16.00277597652821 -7.646887623978474 
-14.885036434007556 -10.660923470055724 
