-1.1436032280804742 -6.0635263114555654E-5 -1.8822938849138993E-5 
7.795060486451202E-5 -4.838788294906632E-5 -1.8822938849138993E-5 
-1.0660439435475706 -5.785240782264329E-5 -1.0702682628957028 
-1.0216519049848665 -5.0173358675811825E-5 -1.8822938849138993E-5 
-0.7309013677041565 -4.8437120250185376E-5 -1.8822938849138993E-5 
-1.0722508156938055 -0.7715168742491427 -1.0686557527378657 
-0.870020126349965 -4.824683291054825E-5 -1.8822938849138993E-5 
-1.148732392825771 -1.1430347068714939 -1.147807240233125 
-0.9360133789965001 -6.062131455141334E-5 -1.8819854020979983E-5 
-1.0664100671863876 -0.9202705264909645 -1.073492319138085 
-0.9233932662273524 -4.851845581356837E-5 -0.9253078060955414 
-1.1325900295636895 -6.067456533786679E-5 -1.8822938849138993E-5 
-1.0782301713711875 -0.7511915617632199 -1.0730901559116464 
-1.1443870327242742 -4.845804897255962E-5 -1.1452112927033693 
-1.1247423266214471 -1.0838588748651985 -1.1234068175005825 
-1.0681538445837484 -0.8019985837062678 -1.0686557527378657 
-1.108894634606219 -1.0444079936000719 -1.1016530962009048 
-1.1483042857663748 -4.924151389942855E-5 -1.8822938849138993E-5 
-1.0002282983919422 -4.865936270135488E-5 -0.9987806076708103 
-1.081398253503675 -4.846788702562047E-5 -1.0838232726238424 
-0.96888939717456 -5.2269052385557843E-5 -0.9662225341040991 
-1.0782301713711875 -0.7511915617632199 -1.0730901559116464 
-1.081398253503675 -4.846788702562047E-5 -1.0838232726238424 
-1.0034019259856868 -4.8417802732783085E-5 -1.8822938849138993E-5 
-1.1161021163891924 -4.89513212967779E-5 -1.8822938849138993E-5 
-1.1434752791366798 -1.1347812946905127 -1.1430199534198133 
-1.0667459729565225 -0.8265090329942582 -1.0690355175976607 
-1.076295021133304 -0.9010383932114141 -1.0673053998554476 
-1.1096855832110626 -1.0611443428858913 -1.1143628901687517 
-1.1031923373450756 -1.030768624574206 -1.1039020034984346 
-1.101783125857722 -5.008683958969359E-5 -1.0911834104766356 
-1.0053783581507678 -4.834825296051523E-5 -1.0131788016329142 
-0.9853760463100931 -4.89513212967779E-5 -1.8822938849138993E-5 
-1.0286315814070568 -5.1690400712352875E-5 -1.034773714130306 
-1.1332970501343258 -1.1144762390493659 -1.133475989666728 
-1.0861008533022039 -4.89513212967779E-5 -1.8822938849138993E-5 
-1.1311271193168382 -4.833966503996164E-5 -1.1318697342900532 
-1.0573620716209136 -4.844222569126823E-5 -1.8822938849138993E-5 
-1.1094031633502928 -4.9058891359690265E-5 -1.8822938849138993E-5 
-1.0988705355645965 -4.8513884684625485E-5 -1.8822938849138993E-5 
-1.1096964187607978 -1.0605888565117025 -1.1143834435069795 
-1.111231031295513 -1.0822829189952463 -1.1153834983410733 
-1.0723184508527541 -0.9369852217236324 -1.0735389958037287 
-0.7742440352856286 -4.89513212967779E-5 -1.8822938849138993E-5 
-0.7551807207794172 -6.0471448233288544E-5 -1.8822938849138993E-5 
-1.1324840142874064 -6.067456533786679E-5 -1.8822938849138993E-5 
-1.0396280635491026 -4.8428675034623086E-5 -1.041428001305026 
-0.8665211792660181 -4.843110589508679E-5 -0.9590502533654318 
-1.1385606424539931 -1.1156229801534514 -1.1430199534198133 
-0.987977832701878 -4.7202488236581054E-5 -0.9885638890521594 
-1.0397759907795452 -4.8443782042550994E-5 -1.8822938849138993E-5 
-0.9868383461355544 -5.8573257374752034E-5 -0.9717396937750004 
7.795060486451202E-5 -4.844009577636133E-5 -1.0720476591780292 
-1.0723184508527541 -0.8366071485927078 -1.069049321311617 
-1.0901092487579018 -0.9846139918147969 -1.0856961803690846 
-0.870020126349965 -4.824683291054825E-5 -1.8822938849138993E-5 
-1.1393370406294328 -4.844009577636133E-5 -1.8822938849138993E-5 
-0.9125449268108332 -4.8735861108688444E-5 -1.8822938849138993E-5 
-1.0664747349383537 -0.8690602613686399 -1.0690355175976607 
-1.125140541097737 -1.086314183993157 -1.1253041041379475 
-1.0965666529278204 -5.008683958969359E-5 -1.0911834104766356 
-0.944092544178589 -5.8245636556596844E-5 -0.9495306638888313 
-1.0994682673087448 -1.0178238150538768 -1.0998331607172944 
-1.1282001188191255 -1.1019736477375746 -1.1282493336656276 
-1.06623912983382 -0.8892567369358458 -1.0677963233254268 
-1.054365587603427 -5.195997310369928E-5 -1.054325200794582 
-1.1216422295064459 -6.071866717606533E-5 -1.8822938849138993E-5 
-1.12512572079663 -5.1079216967563304E-5 -1.1234068175005825 
-1.1435950784288484 -6.0582489693966445E-5 -1.8822938849138993E-5 
7.795060486451202E-5 -4.8907981063762826E-5 -0.9590502533654318 
-0.8374630962262335 -5.2219042311837664E-5 -1.8822938849138993E-5 
-1.1311271193168382 -4.92264703822377E-5 -1.1308921006361372 
-0.8123851610068591 -4.844824769585246E-5 -1.8822938849138993E-5 
-0.7075513732980445 -4.89513212967779E-5 -1.8822938849138993E-5 
-1.1434752791366798 -1.1347812946905127 -1.1430199534198133 
-1.1095629035811767 -5.8396243713796236E-5 -1.1078042199790403 
-1.0904016074647334 -1.016589988852317 -1.0998786914475307 
-1.081420373189482 -0.9569817032276893 -1.0862740517772407 
-1.063308140348166 -4.9305811525736086E-5 -1.0602271039823343 
-0.9239001201202793 -1.7799416932770033E-4 -0.9498523373613739 
-1.0773169228541215 -0.9459517702936059 -1.0735107869067908 
-0.9473040775451844 -5.785240782264329E-5 -0.9699828118660166 
-1.0879021460124616 -0.9685475428349026 -1.0872473219308376 
-1.0258987750416626 -4.974549088483297E-5 -1.0176552077237793 
-1.148732392825771 -1.1430347068714939 -1.147807240233125 
-1.1142984519609653 -6.067215012286498E-5 -1.1154022839626667 
-1.0901092487579018 -0.9981207791147242 -1.08697708656107 
