-16.093690152730584 -7.450191450749577 
-16.358293945725357 -6.486194190691859 
-15.362744804175616 -8.698156031808985 
-16.306874019153135 -6.7067904030600065 
-15.23824244595609 -9.210830946389729 
-15.282558575651372 -9.024810043354659 
-14.543143944581644 -11.559137402835821 
-16.587412687932584 -5.4027482523594665 
-15.309986783962858 -8.910047369950194 
-14.76582941141828 -11.064858846996906 
-14.983964800733409 -10.27782248057752 
-17.945989934889376 -3.875114698622573 
-18.104712493729004 -3.5414603436673553 
-19.999679703563352 0.00108233251750137 
-18.314158235865257 -2.601513428670961 
-18.69695125335958 -0.9177066827369894 
-16.006624183613525 -7.640205271707432 
-18.189479275117755 -3.1972251047932816 
-18.149017251265587 -3.3716164132486335 
-16.43133986984452 -6.154246129459476 
-19.999679703563352 0.00108233251750137 
-18.474327837146852 -1.8258316294338826 
-14.6675148543236 -11.332936183357534 
-18.08399281769404 -3.614453894442259 
-16.270176838464003 -6.855074742036602 
-16.191703618773023 -7.14932011321595 
-16.006624183613525 -7.640205271707432 
-16.3430313669132 -6.553275681792319 
-18.389046178428636 -2.2324430181192523 
-16.234423769621642 -6.994618439619577 
-18.53200418935656 -1.5662406518610974 
-15.971276157465633 -7.693029531417884 
-14.475622581652875 -11.616948269974904 
-18.016418095022004 -3.795793665786281 
-18.21144534273366 -3.09722023722754 
-18.66313659079698 -1.0382691603624907 
-19.999679703563352 0.00108233251750137 
-18.415104483157528 -2.105933402238246 
-18.17674232485061 -3.2536336143445856 
-14.748145927883366 -11.118305472664463 
-16.094618786847008 -7.447681610153673 
-15.08623769049715 -9.856310176575343 
-14.870246349477297 -10.7130250587943 
-15.951415328825046 -7.715768311141954 
-19.999679703563352 0.00108233251750137 
-19.999679703563352 0.00108233251750137 
-15.929725604591205 -7.734221923133088 
-14.71689425278776 -11.205656431003273 
-15.025078035816584 -10.110963900447775 
-18.008582327462605 -3.8108113385914244 
-14.521405728431583 -11.582417753938682 
-18.605383256184517 -1.259294259657834 
-17.97023614824133 -3.862746742594349 
-16.55843896412952 -5.547512373556874 
-18.35516826165503 -2.3988449943955747 
-17.996049219504044 -3.8318408976753036 
-14.551237299548813 -11.548769928173124 
-16.462729710549922 -6.008725235370742 
-18.273642407659786 -2.800660991155062 
-14.465419797986089 -11.621593876976823 
-19.999679703563352 0.00108233251750137 
-18.235843602881392 -2.9828385728481672 
-15.121660423258831 -9.706577450823243 
-14.6675148543236 -11.332936183357534 
-16.503261356376374 -5.81523158540554 
-14.939829875638342 -10.453644232574446 
-15.044895537626765 -10.02978874346059 
-18.524172718760717 -1.6005988912802487 
-17.964467908073956 -3.8671705685615594 
-17.95361732266607 -3.8730683286013603 
-16.061486837028582 -7.530037172392444 
-16.14809324427553 -7.293319311376594 
-17.98087832321564 -3.852112037504991 
-18.052721826596095 -3.7090790263475997 
-14.6312852049984 -11.412700115520398 
-16.401855903564837 -6.2907477037917605 
-15.198034048453819 -9.381321729243695 
-14.791408629083207 -10.983890152786174 
-17.947543155626256 -3.8748375864377413 
-16.129470951113962 -7.349944977800712 
-14.596364906370855 -11.47928812400194 
-14.919350902789937 -10.53265209810662 
-16.027419618870336 -7.602691956083227 
-18.109116308468685 -3.5271757122738263 
-15.15636683673548 -9.558942175533048 
-18.0317152641316 -3.762563034891829 
-14.828953457364952 -10.859360704230005 
-16.57483099115624 -5.467186568803932 
-16.195119822209968 -7.1372075300072835 
