-1.0846922927119502 2.0022290512054187E-5 -1.088358322529595 
-1.0102960533980008 2.482664670376514E-5 -0.9996818776566293 
-1.0706136005012152 -0.7708155023457703 -1.0698827664816304 
-1.0250888852864486 1.4204926402299596E-5 -1.0163702719590528 
-1.072275574453012 -0.8372393411923444 -1.0702438404722217 
-1.0723341760916425 -0.8121642524379084 -1.0721322025881133 
-1.1345184157614547 -1.1173890829115503 -1.1364206161521544 
-0.9113238055454378 4.821821604999593E-5 -0.9596744571500405 
-1.0779118762095812 -0.793241829165652 -1.0724572365123624 
-1.1066534099388194 -1.038108740600439 -1.1059204890550087 
-1.0759942908951523 -0.9567547622569438 -1.0864586952498951 
-1.2585905892846765E-5 1.4755102781770484E-5 -1.149564104486362 
-1.0505136901131693 1.4169710212888994E-5 1.4794035599119404E-4 
-1.2717482160297696E-5 1.4534664249266992E-5 1.400852592377564E-4 
-1.257652966193635E-5 1.4242748944998694E-5 -0.923103246038456 
-1.2717482160297696E-5 1.4534664249266992E-5 -0.6980405903277029 
-1.1164955815031934 1.940782131452104E-5 -1.1108022940092999 
-1.271400411660917E-5 1.4212159004784142E-5 -0.9986506037078677 
-1.2724492533148683E-5 1.4641851346704614E-5 -1.0234149738479577 
-0.9719269207486707 1.416975297502776E-5 -0.9935143260952648 
-1.2717482160297696E-5 1.4534664249266992E-5 1.400852592377564E-4 
-1.257683381220476E-5 1.4230553443316975E-5 -0.827696359704482 
-1.117654788687048 -1.0757566964167928 -1.1155065852191905 
-1.2585744416016418E-5 1.4755102781770484E-5 -1.0634719193655884 
-1.039258618472614 2.6617877644768247E-5 -1.0247367589803944 
-1.0580410079727554 1.433334555917247E-5 -1.0542925423127152 
-1.1164955815031934 1.940782131452104E-5 -1.1108022940092999 
-1.0128892877811704 1.4242741297216313E-5 -1.0064196364128029 
-1.2600668560555376E-5 1.4721625200601156E-5 -0.8782682234446796 
-1.0464592238186639 1.419726781224983E-5 -1.0395267961446424 
-1.2730663379858283E-5 1.422101431479246E-5 -0.7937816359438444 
-1.122871292165601 1.4169852309429421E-5 -1.1265334266917268 
-1.1465709577985566 -1.1378093562903957 -1.1494392653598378 
-1.2724490706186431E-5 1.4699411216897665E-5 -1.1054427097193469 
-1.2724493184554389E-5 1.4674020452372457E-5 -0.9852570388705968 
-1.257652966193635E-5 1.4242748944998694E-5 -0.7175192824942067 
-1.2717482160297696E-5 1.4534664249266992E-5 1.400852592377564E-4 
-1.2600906593797485E-5 1.4690184909086049E-5 -0.8627612462811649 
-1.2715032137747825E-5 1.4242741297216313E-5 -1.006433002587698 
-1.1066693067134241 -1.0468368853469987 -1.1059204890550087 
-1.0841155199195815 2.0022290512054187E-5 -1.088358322529595 
-1.0717753504386032 -0.9159959722627306 -1.0714347304435021 
-1.0860754699752058 -1.0076758802416477 -1.0869113176477256 
-1.1307494235421767 1.452018165775995E-5 -1.131097711440148 
-1.2717482160297696E-5 1.4534664249266992E-5 1.400852592377564E-4 
-1.2717482160297696E-5 1.4534664249266992E-5 1.400852592377564E-4 
-1.1381440706460146 2.4595284580312715E-5 -1.1373097121612898 
-1.1058271054029443 -1.0576335609253706 -1.1155065852191905 
-1.0779118762095812 -0.9428902447904355 -1.0724572365123624 
-1.2600668560555376E-5 1.4721625200601156E-5 -1.1103324806394714 
-1.1349951401301592 -1.127336930434181 -1.137313447134728 
-1.2714241240130405E-5 1.421952784804288E-5 -0.7509634615871037 
-1.257683381220476E-5 1.4273656729848946E-5 -1.1343309861090964 
-0.940837932550806 1.4259219618372091E-5 -0.9475282501637675 
-1.26012191031427E-5 1.4230903153147214E-5 -0.898501210387768 
-1.2601217822891994E-5 1.494652084175174E-5 -1.1181631551548605 
-1.1339434428637583 -1.1137125495963645 -1.1364206161521544 
-0.9763356116095616 1.4626385251515434E-5 -0.9699989260275333 
-1.26012191031427E-5 1.422972496819593E-5 -0.9475282501637675 
-1.1465709577985566 -1.1426885178160635 -1.1496846425314153 
-1.2717482160297696E-5 1.4534664249266992E-5 1.400852592377564E-4 
-1.2717324467976254E-5 1.4221174846607145E-5 -0.9704233026296136 
-1.0736056251761672 -0.895157780572423 -1.074094304074685 
-1.117654788687048 -1.0757566964167928 -1.1155065852191905 
-0.960653129729252 4.821821604999593E-5 -0.961089419538642 
-1.0860754699752058 -0.9730241042485193 -1.0869113176477256 
-1.0759995078662725 -0.9311783219064358 -1.0772925231605217 
-1.2722191428363735E-5 1.4700515488053627E-5 -0.7983727744542732 
-1.2600906593797485E-5 1.9759377277434955E-5 -1.1379453532034738 
-1.257683381220476E-5 1.4274876460704902E-5 -1.1447673735020993 
-1.0982867020047646 1.4852011292709258E-5 -1.0947937996312678 
-1.0693873389646578 1.421514062026186E-5 -1.069915637056636 
-1.2600699457466711E-5 1.4684824755085387E-5 -1.1276588647002561 
-1.2724490706186431E-5 1.4174074588653315E-5 -1.0828510642282678 
-1.1187714434882763 -1.0886442234693487 -1.1238655184000563 
-0.9989564872851486 2.0928025465988036E-5 -0.9844318632544509 
-1.0723341760916425 -0.8577542028839018 -1.0714219101125475 
-1.1066693067134241 -1.0292274845320772 -1.098817968562655 
-1.2722374054040586E-5 1.4722499422169695E-5 -1.1485867626601494 
-1.0749727433962994 2.8469580455076028E-5 -1.0758691062009906 
-1.124150023477592 -1.1001452128320934 -1.1294421331672946 
-1.0860754699752058 -0.983274807662772 -1.0869113176477256 
-1.106477015746893 2.8469580455076028E-5 -1.1078359947424268 
-1.2585744416016418E-5 1.4755102781770484E-5 -1.0479570541325274 
-1.0725426892750995 -0.8794219105076059 -1.0714347304435021 
-1.2585823039180626E-5 1.4755102781770484E-5 -1.0959107578734602 
-1.097188937183006 -1.0201446659814546 -1.0905769517351636 
-0.9381010159506359 2.441470068570135E-5 -0.940368581967921 
-1.0580410079727554 1.9954174354324346E-5 -1.0521839293362816 
