0.8256235937975271 -0.50234784237642 
0.22599182764678788 0.36249327531813846 
0.05408221782565345 0.716026049143133 
0.6317236451164393 -0.3162184675788536 
0.6423767525420424 -0.4218735363756913 
0.8527600678042994 -0.7714013961308451 
0.04352595001229376 0.7726747274735917 
0.8411429651328572 -0.7237588681699314 
0.831749438319634 -0.6083478683590436 
0.8365867199119233 -0.6759040801903483 
0.24121750843325018 0.2795427944699028 
0.20301665819791026 0.5323221539825927 
0.043902160109118266 0.7510682648843349 
0.8295733930682817 -0.5735659993769489 
0.05045422429184748 0.7278773173223151 
0.004834093456185962 0.9331640561485223 
0.6248923406094105 -0.22843081129442652 
0.41538496850933393 0.17036976874483795 
0.8455784531501079 -0.7544865311213829 
0.4536624986903984 -0.1224231368487442 
0.6196689890989447 -0.14430104141490357 
0.4112172151204112 0.23128820002870665 
0.19171191713449173 0.6139683449761083 
0.42781001336836105 0.02075862854676073 
0.23514542915296271 0.30854426617241437 
0.42596094407891794 0.03963784309079643 
0.03312756300398795 0.7925757203207462 
0.017128992257594733 0.8640262867397961 
0.8430760522597797 -0.7391933127803666 
0.417647757927765 0.13652825401946908 
0.24717106969333696 0.2604395434481159 
0.6293630518467005 -0.29261327196203346 
0.0711254482509377 0.6799137433333958 
0.2104459248475956 0.47620493430801397 
0.004190283518093195 0.9492469410651269 
0.8244333713077701 -0.47797045173477426 
0.6343602662425017 -0.3530523998407882 
0.22225150266705768 0.3880634649776219 
0.43538906876661854 -0.048551590972092544 
0.6327795606689803 -0.33553166701245035 
0.062214167588699076 0.695168693333715 
0.013202203744188207 0.8831569879237723 
0.6204653769897472 -0.15769012843517108 
0.41847702751758653 0.1255444251484222 
0.83342866024562 -0.6337710493243376 
0.6285223513925248 -0.2696283425947564 
0.6185252359848349 -0.12443068298326768 
0.42246260102521804 0.07791866842065696 
0.8350346934733548 -0.6557367368129741 
0.19498366398447572 0.5921779352645969 
0.20556270818081615 0.5155011021741647 
0.4383307431610654 -0.06975791116534957 
0.21819239701105225 0.4175806527614873 
0.6523882270427682 -0.4563995818987348 
0.6214760238415954 -0.17312221233110286 
0.4449722566103805 -0.10455705551617217 
0.027106286983551733 0.8189428708779649 
0.8272638473943659 -0.5324335562076686 
0.01041718023664201 0.8976489195966622 
0.4323130299456593 -0.02180008139731707 
0.08139766100759811 0.6723719966227335 
0.8284030503443393 -0.5533673108420228 
0.8325677642127569 -0.6205170142042571 
0.1975275007340721 0.5739331176327763 
0.420456222920932 0.1019525267733018 
0.42467361761088684 0.054543268018061135 
0.029812418413386582 0.806855738536198 
0.443318542970316 -0.08831640180712229 
0.6259365224595081 -0.24428625670716983 
0.21600831699470655 0.43403110422505115 
0.43014070459807685 -0.0014752707101341974 
0.8306795580900627 -0.591475018015313 
0.8234330693578383 -0.4580551777799074 
0.6376464057592894 -0.38623253601227875 
0.8266468847793136 -0.5212280013962145 
0.023821196993557947 0.8331078283847179 
0.4132969332174594 0.19140163491888007 
0.41652593264347204 0.15097130055640304 
0.23858651114913781 0.29141025405221177 
0.18523780593149747 0.6556201334971641 
0.838000632425232 -0.6921534487202016 
5.48316942650031E-7 1.0034484971917859 
0.839695298520929 -0.7097418552189476 
0.6227324147086281 -0.1943793559656432 
4.286247603042942E-4 0.982663879385069 
0.01996050780614919 0.8494840889643603 
0.6400316054779217 -0.4039683899806342 
0.6450018045199473 -0.438135335800599 
0.6238605995560311 -0.21248978674138794 
0.4115303158212275 0.21546087905396732 
0.20823621419167454 0.4930108773688681 
0.2127524011546455 0.4585490556354797 
0.20098953043346934 0.5485050022407121 
0.006851833900962334 0.9191242266198011 
0.409456116063312 0.24251997654171278 
0.6355780860742034 -0.3660896301783916 
0.001725770609487115 0.9619074370507937 
0.23175534532475506 0.3275901520515609 
0.2290825374457921 0.3443376038252498 
0.25812735272047066 0.24531203752104772 
