-15.286041410855233 -8.998693145312533 
-15.185902529195804 -9.43086352770764 
-15.156520668673036 -9.547910642881947 
-16.36596490617994 -6.4503411882403325 
-14.764761607068486 -11.066958386062964 
-16.3344836437431 -6.581910955177609 
-18.598914589051773 -1.266267675677724 
-14.548085048601866 -11.539881650296982 
-16.189646863759634 -7.064728310523723 
-16.719889326429126 -4.695548472667391 
-18.873307880350538 -0.3870608262493904 
-15.578709514293859 -7.931431388597107 
-16.660299441041737 -5.04325884887545 
-19.07999627382018 -0.0010280509300106197 
-15.37867628135179 -8.622034623093493 
-18.172590138091078 -3.2699748810763176 
-18.430316191940104 -2.020984444484325 
-16.815296353750853 -4.410710931619543 
-16.565139077818152 -5.51238084787617 
-18.449893243648084 -1.922789328315024 
-14.620898567477045 -11.324237498497837 
-16.708680613958812 -4.806865670011009 
-16.172713889759933 -7.186525938988513 
-14.442586050196706 -11.626445879882752 
-18.060716538142756 -3.6725977114049804 
-16.864311515331384 -4.206827224151218 
-18.198519872221148 -3.1530751242800896 
-16.589762043072987 -5.390788006944948 
-16.766089875303788 -4.571559837205592 
-18.667083358245073 -1.0107828077470906 
-14.86974665216287 -10.673703193734461 
-15.207452860002268 -9.338457986290114 
-16.096006795264294 -7.421599510274808 
-15.51124640469192 -8.144079636410861 
-16.37821275513503 -6.338082810514829 
-16.29828224395482 -6.713315580734786 
-16.841992367589526 -4.2870064295650225 
-17.945074100645623 -3.8738405801042464 
-16.054444744193276 -7.5420111276299195 
-16.675711260311495 -4.919582027366152 
-16.890264940012194 -4.1344912360070145 
-16.60427124264792 -5.212154401285518 
-18.40480223147759 -2.1446771136179312 
-16.145972664815226 -7.296795789596793 
-18.35295946568354 -2.399573675501567 
-18.01706526413463 -3.787128131711607 
-18.564412672611653 -1.406671595121625 
-16.43989892773142 -6.062022428768978 
-15.542683621400476 -8.028004119361405 
-18.505505849597355 -1.6809072910649423 
-18.807553072306604 -0.5612720718640868 
-15.408895929342126 -8.509556190118163 
-15.604072636333699 -7.8211010452964445 
-16.474571419402565 -5.949681456493103 
-16.241339487183488 -6.962936684289959 
-18.225345750331442 -3.030345713671492 
-15.355235121285812 -8.72583762345734 
-18.74457354672429 -0.7576408280293384 
-14.909695985940331 -10.55427465656658 
-14.969471254224437 -10.330511857488538 
-14.802842462529892 -10.946211273647002 
-16.2700223868677 -6.839209677631802 
-14.692826884947964 -11.220771984406461 
-14.587871182609074 -11.440831612556735 
-18.327461828888744 -2.5278048675348788 
-18.102479320081056 -3.54508771273455 
-16.543669002946615 -5.61708706599212 
-18.27608448947187 -2.779354458025777 
-18.535265354101604 -1.542610341670534 
-18.6286842870719 -1.1499123144523224 
-18.705397009180984 -0.8756823648705852 
-18.140266199697514 -3.394029099388596 
-15.11707388558641 -9.71648981379888 
-15.09422558523885 -9.807237949671403 
-14.940189875505885 -10.44396823635653 
-14.838140874295128 -10.806040682853343 
-15.442983206183303 -8.384361034255384 
-18.380749076052044 -2.270996136686193 
-16.41921915259096 -6.182908968502101 
-16.52140138836598 -5.724944782283316 
-15.976845642092307 -7.65753729421829 
-15.234228772384702 -9.211472048088769 
-18.481754277436988 -1.7900313874067246 
-19.998127246609457 0.0047861922025365855 
-15.021154672375337 -10.111439409496615 
-15.047915183398755 -10.000958917089962 
-18.93495310154627 -0.24778358749387153 
-18.30069583532215 -2.6530087988778073 
-14.995707445173334 -10.214467073538492 
-17.01926503225184 -3.921302941578881 
-15.263225773515767 -9.099142580598961 
-15.323670519572811 -8.853704709688929 
-19.00737803419208 -0.11038001755555532 
-15.888978872281712 -7.7431330423743 
-16.940624222468355 -4.067350519069789 
-16.499755518217285 -5.828034295837931 
-15.47785221514315 -8.251399814769925 
-18.249730945411287 -2.9064520832591287 
-15.077329658031662 -9.893314788888581 
-15.646836685052055 -7.74326615239876 
