-1.0914808542966228 -0.8013303515706514 -1.0663624352681516 
-1.0782584562715527 -0.8648655290380171 -1.0643007945218166 
-1.0901683064162493 -0.8659188916899196 -1.0755414554219027 
-1.0064911191258905 5.601746778976114E-4 -0.9987955865979989 
-1.098023830866287 -1.0446298487341532 -1.1032341932262157 
-1.0286456427209092 -4.999731647181958E-4 -0.9959459678403932 
-0.0012793618926555395 -6.714223585214153E-4 -0.7530655035010059 
-1.117613315738997 -1.120319131993108 -1.142716946356839 
-1.0390638510781343 0.03787593015482543 -1.0732394202281241 
-0.7272739556284862 0.023794501754063557 -1.0692469136669045 
6.848246062315365E-4 -5.812767693628763E-4 -0.5966747814401929 
-1.0933304127213348 -0.6078809100835929 -1.0891632744480542 
-0.8809579287992879 -5.370715797407426E-4 -0.9462918125554045 
4.057232229421736E-5 -1.1716224116785401E-4 -0.4824199920242559 
-1.0610833187559114 -0.7821666012983269 -1.0499863447364717 
3.2961041670172844E-5 -1.2876927247284896E-4 -1.0088333743143425 
8.469075424241626E-4 -1.1437183789333533E-4 -0.8527405334986553 
-1.0463029638582335 -5.67609028688191E-4 -0.6943229082527675 
-0.9492145293030889 -4.917578864858917E-4 -0.9351135753849691 
9.805795831137611E-4 -6.234140760663398E-4 -0.8407814121971449 
-1.1175555764300116 -1.120447105645896 -1.0715290349578461 
-1.0493147434296999 -6.70547811861901E-4 -0.7531098852301967 
-1.0596582605654354 0.01079921218628982 -1.0643007945218166 
-1.1521376027411911 -1.1518196323849679 -1.1482081591124353 
8.468116192075105E-4 8.89175804647091E-4 -1.0763899450844012 
-1.0096398928318313 -5.67609028688191E-4 -0.7004647104521871 
4.2988218475703555E-5 -2.401140558052753E-4 -0.9928597475261441 
-0.9217770716679321 -5.74221170534909E-4 -0.94772135926712 
-1.0264925949911297 0.005098970579188344 -0.7412826183682276 
8.485712667152215E-4 -5.704692449057979E-4 -0.7140841047214026 
-1.081146713932061 -1.026113153494877 -1.0574723406348356 
-1.0600114836373116 -0.8648655290380171 -1.0643007945218166 
-1.0692939006883688 0.002848952471889876 -1.102363877979578 
-1.0933304127213348 -0.6532444274819674 -1.0868454686466176 
-1.0527355025124638 -6.705203145540496E-4 -0.9456406255443237 
-1.0548155966376527 -6.758917324430256E-4 -0.9921061300805533 
-1.0103392568492056 -5.704692449057979E-4 -0.7126599473714069 
4.2988218475703555E-5 -2.4164521270550872E-4 -1.1498559035183407 
-1.1062726180439266 -2.3605019207441005E-4 -1.0912039965433438 
-1.0692939006883688 -4.8272739635883547E-4 -0.7534821425709023 
-1.061402996796394 -0.023306968239341086 -0.6368650591006344 
-1.073651703205301 1.0924126835819942E-4 -0.7910636284795971 
-7.647061995822257E-4 -1.3226212216699285E-4 -0.8679860753322497 
-1.0666882121074377 -6.137931471521423E-4 -1.073930314126137 
6.97582842885402E-4 1.0628341511169826E-4 -0.8990013040590469 
8.507222187182003E-4 -1.1437183789333533E-4 -1.103992840868198 
0.0013417811093353997 -7.319454034184869E-4 -0.7730632895643779 
-0.9217770716679321 -5.74221170534909E-4 -1.0391213780240625 
-1.0828899715632785 -0.6657187684599354 -1.0583216151623467 
-7.945196616670298E-7 -2.211245991243947E-4 -0.8090969633447473 
8.507222187182003E-4 -1.1437183789333533E-4 -0.6339027574603522 
-1.0926234114687714 -0.7260574844929273 -1.0735517818029416 
-1.0667761502874145 -0.640876738754588 -1.0586514919058776 
-0.9617426134622086 -5.392437647847413E-4 -0.9774114372093583 
-1.0303330700390176 -5.354822653152876E-4 -1.051413488470131 
4.3042866393671086E-5 -1.3960016923836028E-4 -0.9766461955689016 
-1.0610833187559114 -0.7819609077642536 -1.0692469136669045 
4.3042866393671086E-5 -1.2876927247284896E-4 -0.6706034825952334 
-1.069794818205163 -0.9877470137024694 -1.103742069391681 
-1.084556609839676 -0.9701946265437422 -1.066845676789869 
-1.094121738960067 -1.026913560088765 -1.105110821966627 
-1.0547209093716496 -6.70547811861901E-4 -1.0094608416991737 
-1.093883619248966 -1.0904535211953212 -1.0862555454956508 
-1.106031061190072 -1.0976806007066702 -1.1602673403884252 
5.150858829756795E-4 -1.3226212216699285E-4 -0.9144933886062969 
2.1116866639404397E-5 -5.354822653152876E-4 -1.051413488470131 
-0.9460859426461599 -6.135740094627279E-4 -0.9512027946393043 
5.1936103832160194E-5 -6.69502372881805E-4 -0.9452641134474272 
6.998338540507421E-4 1.0849724558547593E-4 -0.7910636284795971 
-0.0012793618926555395 -5.95352725807353E-4 -0.7358301821387363 
8.334864151098092E-4 6.320992130819636E-4 -0.6920079237556788 
5.013870525630737E-4 -8.422294781569467E-4 -1.0276068674645145 
-1.0914808542966228 -0.890258270192712 -1.068253007696109 
-1.0931912302483973 -0.8902694848959889 -1.0861187174486167 
-1.0914808542966228 -0.9801736932772729 -1.068253007696109 
-1.0924394027602113 -1.0294420456136633 -1.0692543191249522 
-1.0608983507634768 -0.7307891197811978 -1.072175708987055 
4.514278179498869E-5 -1.3140855146445175E-4 -0.883073172760648 
-1.026829378123582 -6.067670812582639E-4 -0.9462918125554045 
-0.9616658712617211 -6.245832016288217E-4 -0.9490984099943534 
-1.1032777212644542 -8.019673047700874E-4 -1.142716946356839 
-1.05238993560373 -0.8393327086695634 -1.0901280888577602 
4.0973166245227574E-5 1.0479663177055649E-4 -0.8232062945656466 
6.789268887072511E-4 -1.0375573178041412E-4 -2.270359106823494E-4 
-1.0600114836373116 -0.9598445164782474 -1.063664366482666 
-1.0692939006883688 -0.9202233967546344 -1.1000682679449587 
8.468116192075105E-4 -2.4027417366426676E-4 -0.5620859344944826 
8.461281126868362E-4 -4.903179274819556E-4 -0.9300507268054954 
-1.0600114836373116 -0.9702302871623781 -1.0677028865956444 
-0.519903169869401 -1.2509676677573437E-4 -1.1114461047763484 
-1.05238993560373 -0.8393327086695634 -1.065979171134071 
-1.0608983507634768 -0.7973905967233139 -1.072175708987055 
6.943225856222376E-4 -1.1718475493833892E-4 -0.5219237133022018 
-1.1583603168539973 -7.92633441088747E-4 -1.142716946356839 
-1.1161688833905699 -5.832998152180242E-4 -0.5594943428890282 
-0.952340886505844 8.442248158794243E-4 -0.9715439086346808 
-1.0602776882509013 -0.7174316260682124 -1.0636975595728921 
6.998338540507421E-4 1.0849724558547593E-4 -0.9611642123737698 
-1.0692939006883688 -0.921136817341565 -1.0728802099204524 
-1.098023830866287 -0.543246585801611 -1.1030590595112826 
