-15.493812826272624 -8.19545869373843 
-15.96137712179149 -7.70085578096698 
-18.267918276021263 -2.8267095677416183 
-18.036022967581026 -3.7517299526252326 
-18.277700910319993 -2.7778911906021335 
-15.92623533736953 -7.735058807638513 
-18.367108073464244 -2.338165821391057 
-18.16565480707864 -3.299850843243385 
-14.678147825369594 -11.303309696041786 
-18.424421188485006 -2.0593664832180796 
-18.314268417643014 -2.5990821340467964 
-15.180280403030743 -9.456734743814422 
-16.09972407622419 -7.432745315095252 
-18.35746104398167 -2.3856824453989445 
-19.998959409485614 0.002957733915625906 
-17.9893937120654 -3.840149225019099 
-18.155186689353286 -3.343263356102039 
-16.0478308484184 -7.559932832098056 
-18.46672945540257 -1.8592579665949933 
-16.388771376154494 -6.348749692661678 
-18.232650473561748 -2.9959989326493486 
-16.3511359518862 -6.517745107940408 
-14.48814238667008 -11.610423934343338 
-18.201146210423776 -3.141644479920907 
-16.28915485732289 -6.777742343028489 
-15.245301224284855 -9.18059203817442 
-15.975891910100895 -7.685665853482035 
-14.522593520787012 -11.581835761040853 
-18.61563917559772 -1.216885545414045 
-17.9691357764316 -3.8626413422707304 
-15.141723469793273 -9.620637198827454 
-17.958921012209622 -3.8696598689055173 
-17.947747899003787 -3.8739147815953463 
-18.00064288071154 -3.8233949088026957 
-18.10527950082004 -3.538574521698966 
-18.58108855761662 -1.3546528549545946 
-15.978391432422764 -7.682590902489422 
-14.908280566949461 -10.573973316190859 
-18.50978125016003 -1.6626622814097431 
-14.464249607678457 -11.620103182791825 
-14.60023342890317 -11.472923860267988 
-14.48814238667008 -11.610423934343338 
-16.473915931706642 -5.95472102561957 
-15.024257913588677 -10.11454365445397 
-19.998959409485614 0.002957733915625906 
-15.301122432558826 -8.947589993127677 
-16.14237345443168 -7.310574674895744 
-15.999337217623456 -7.651909882774183 
-18.060508394334803 -3.6856021897807243 
-16.55362555470643 -5.569888951372148 
-15.9442769281775 -7.72140702044071 
-14.936652346921482 -10.464744326059733 
-17.977473926353195 -3.854611040370544 
-16.031474893852746 -7.593995606475528 
-15.024257913588677 -10.11454365445397 
-15.100893318083845 -9.794754605689896 
-16.53160148204303 -5.67748584679155 
-18.13619069439701 -3.4210332641620007 
-15.214826302416768 -9.307664195860134 
-14.671255692278981 -11.323882938532112 
-18.074641063601817 -3.6429524365216617 
-16.429908023907142 -6.15992057559588 
-18.017490565903948 -3.7916759410112606 
-14.969205045794887 -10.336172299023287 
-15.062834605094992 -9.95252377837123 
-14.837224019432158 -10.830965736006393 
-14.623592679991567 -11.428739544479278 
-16.101199996965523 -7.4289525608750075 
-16.171561942045322 -7.217701187256946 
-16.327418508480477 -6.619425766848268 
-16.488403076488574 -5.886104695848164 
-14.752107318136055 -11.105031002007511 
-16.229829555041782 -7.010150337718288 
-16.199882891184757 -7.118198731287509 
-14.522593520787012 -11.581835761040853 
-14.54532280449071 -11.55501439633149 
-14.867953966081494 -10.723311917093186 
-16.261975719653577 -6.888117997878727 
-14.64984058160237 -11.373462145904337 
-14.772866040791264 -11.043272530116374 
-16.084646569332186 -7.472194109925809 
-14.808701284866057 -10.927301237903077 
-14.715071170442585 -11.210833443305741 
