-1.0655589189848098 -0.7059294705228712 -1.061417153726879 
-1.12083761477252 -2.1062188085487727E-4 -1.1347760541747842 
6.911129008594891E-5 -9.912636632942289E-5 -0.9508655209089005 
6.85354652069779E-5 1.3449242813752963E-5 -1.0931670291488633 
6.853262779579941E-5 -1.8226815146994599E-4 -0.9448639052599632 
-1.1427575513975399 -1.0227982366967625E-4 -1.1348905628817265 
6.935968673324321E-5 -9.93489853636787E-5 -0.8912390827394024 
6.909760733551774E-5 -1.0696598201797154E-4 -1.0130849142414593 
-1.1228132573587106 -1.064269613147856 -1.1222815315533134 
5.9539236036015766E-5 -1.0237095511577668E-4 -0.8571110267022195 
6.874329792475252E-5 -1.0227982366967625E-4 -0.9229116158909403 
-1.0706416338001425 -0.8712947872056243 -1.0662621453988181 
-1.0801531817122623 -1.1466491606455512E-4 -1.0891522536613834 
6.959860039333167E-5 -9.921559116030389E-5 -0.8970070613367227 
6.880848901476963E-5 -9.902611244677571E-5 -3.872672619560369E-4 
9.057396545800745E-5 -1.0468638034775345E-4 -1.1221778179166222 
6.961913989980966E-5 -1.8348974242877997E-4 -1.0194141684955182 
-1.101032706916886 -1.8293428833196062E-4 -1.1005531016109307 
5.9539236036015766E-5 -1.0918425674361582E-4 -0.8320570709980262 
-0.9883241075716793 2.7670037955392464E-4 -1.003045104958457 
7.74059771506361E-5 -1.0565245373705639E-4 -0.9722263077436585 
-1.0081422829901892 -9.685262322175808E-5 -1.006206909425453 
-1.143084787287571 -1.1359053080907868 -1.1445259894579025 
6.909049953174994E-5 -1.8417161618693506E-4 -0.9913159769540782 
-1.0335110707591968 -2.2795795160981635E-4 -1.018826993288525 
-1.073488704204131 -0.8356133744185739 -1.065691571383437 
-1.1202186529378213 -2.1058587288930232E-4 -1.1262975875609573 
-1.1362267774231258 -1.1244969579618018 -1.1405531099654178 
7.772224727779503E-5 -1.0468638034775345E-4 -0.7448788249606221 
6.874329792475252E-5 -1.0227982366967625E-4 -1.1348905628817265 
-1.0736424709826091 -0.8894681012434831 -1.066275332000172 
6.909760733551774E-5 -1.0227982366967625E-4 -1.1413031802339606 
6.899288323811998E-5 -9.92001268108022E-5 -1.1483304032607728 
6.96068682536346E-5 -9.92001268108022E-5 -1.1151645030278314 
6.853168574792989E-5 -1.8417161618693506E-4 -1.050104815915453 
9.026295448672104E-5 -2.058457167321947E-4 -0.7648596330947958 
-1.1202186529378213 -2.1058587288930232E-4 -1.1247323220422363 
-1.0923643942212267 -0.9838388162520701 -1.0896062121387446 
7.758118765803541E-5 -9.92001268108022E-5 -0.8066962888447733 
-1.143084787287571 -1.147586586619433 -1.1445259894579025 
-1.1260572619068625 -1.0979955194379145 -1.1280281582621063 
-1.143084787287571 -1.1359053080907868 -1.1445259894579025 
-0.9769293716381025 -9.914427999869239E-5 -0.9626208163322337 
-1.073488704204131 -0.943260287684022 -1.0769584628688142 
6.880848901476963E-5 -9.902611244677571E-5 -3.872672619560369E-4 
-1.0736424709826091 -0.8052587441647179 -1.0660379665228543 
-1.0714341652912887 -9.750114353688897E-5 -1.0714114993183506 
-1.117052434796843 -1.6962220121878412E-4 -1.1147975543519666 
6.883793314893054E-5 -1.0709968571596472E-4 -1.0778843618272491 
-0.9557191481364228 -1.1606567469700635E-4 -0.9355724218603858 
-1.1316411000098023 -2.1171578049635108E-4 -1.1346825428769718 
-1.090645805278934 -0.9709777844999452 -1.088848911560735 
9.057396545800745E-5 -1.0468638034775345E-4 -1.129642885516395 
-1.105272068131381 -1.6859829478907415E-4 -1.1065110110629772 
-1.073488704204131 -0.943260287684022 -1.0769584628688142 
-1.072955190873183 -0.9064270739929592 -1.0737735264004185 
-0.9531379566440208 -1.9002675840104605E-4 -0.9514469788846716 
6.306999232893021E-5 -1.8412315909864811E-4 -1.0310757649603726 
-1.0706802384199023 -0.8447528349521238 -1.0795976767657673 
-1.1167723251556194 -1.072312738623082 -1.1194725777426053 
6.836858578939542E-5 -1.0565245373705639E-4 -1.0691275243239229 
-0.993458071444924 -2.3585408570232682E-4 -0.9728524972216285 
6.812795675435923E-5 -1.8412315909864811E-4 -1.1045532124414201 
-1.0853719282692569 -0.9569785812117526 -1.0898351584253232 
-1.0706416338001425 -0.9307604373101808 -1.067597670064216 
-1.0954934698886643 -1.0173846655693088 -1.0897956775652766 
-1.1228132573587106 -1.091153843028848 -1.1222815315533134 
-1.0801531817122623 -1.1466491606455512E-4 -1.0882347754488064 
-1.0633631311590324 1.4633980931599844E-5 -1.061417153726879 
-1.010734099087935 -1.8368548999563155E-4 -1.0181332233129357 
-0.9681305247876466 -1.1114352012391422E-4 -0.9626208163322337 
-1.1005900986228438 -1.0496861846624297 -1.1028851034063196 
-1.0500635661410231 -2.025354568558234E-4 -1.0387567260963735 
-1.0510858380688561 5.745616015047682E-4 -1.0561977580108006 
-1.1362267774231258 -1.1244969579618018 -1.1405531099654178 
-1.137527421826075 -1.1128383710256915 -1.1402380192578567 
-1.0923643942212267 -1.0039496048014132 -1.089605750041991 
-1.0335110707591968 -2.0396137638642057E-4 -1.0355157783914897 
-1.121201267088742 -1.0805287787283018 -1.1195070771797504 
-1.1005900986228438 -1.0394672809121164 -1.1028851034063196 
-1.0900203643265751 3.6329763551023347E-4 -1.088650466255658 
-1.100667658230246 -1.0207163388725942 -1.1046928532061582 
-1.1157284781458408 -1.0578681597246617 -1.1068701155012637 
