-3.1415627672089275 1.1167393128083138 
-3.141281625040006 1.0080521784428909 
-3.141281625040006 1.0080521784428909 
-3.141281625040006 1.0080521784428909 
-3.141281625040006 1.0080521784428909 
-3.141281625040006 1.0080521784428909 
-3.141281625040006 1.0080521784428909 
-3.141281625040006 1.0080521784428909 
-3.141281625040006 1.0080521784428909 
-3.141281625040006 1.0080521784428909 
-3.141281625040006 1.0080521784428909 
-3.141281625040006 1.0080521784428909 
-3.141281625040006 1.0080521784428909 
-3.141281625040006 1.0080521784428909 
-3.141281625040006 1.0080521784428909 
-3.141281625040006 1.0080521784428909 
-3.141281625040006 1.0080521784428909 
-3.141281625040006 1.0080521784428909 
-3.141281625040006 1.0080521784428909 
-3.141281625040006 1.0080521784428909 
-3.141281625040006 1.0080521784428909 
-3.141281625040006 1.0080521784428909 
-3.141281625040006 1.0080521784428909 
-3.141281625040006 1.0080521784428909 
-3.141281625040006 1.0080521784428909 
-3.141281625040006 1.0080521784428909 
-3.141281625040006 1.0080521784428909 
-3.141281625040006 1.0080521784428909 
-3.141281625040006 1.0080521784428909 
-3.141281625040006 1.0080521784428909 
-3.141281625040006 1.0080521784428909 
-3.141281625040006 1.0080521784428909 
-3.141281625040006 1.0080521784428909 
-3.141281625040006 1.0080521784428909 
-3.141281625040006 1.0080521784428909 
-3.141281625040006 1.0080521784428909 
-3.141281625040006 1.0080521784428909 
-3.141281625040006 1.0080521784428909 
-3.141281625040006 1.0080521784428909 
-3.141281625040006 1.0080521784428909 
-3.141281625040006 1.0080521784428909 
-3.141281625040006 1.0080521784428909 
-3.141281625040006 1.0080521784428909 
-3.141281625040006 1.0080521784428909 
-3.141281625040006 1.0080521784428909 
-3.141281625040006 1.0080521784428909 
-3.141281625040006 1.0080521784428909 
-3.141281625040006 1.0080521784428909 
-3.141281625040006 1.0080521784428909 
-3.141281625040006 1.0080521784428909 
-3.141281625040006 1.0080521784428909 
-3.141281625040006 1.0080521784428909 
-3.141281625040006 1.0080521784428909 
-3.141281625040006 1.0080521784428909 
-3.141281625040006 1.0080521784428909 
-3.141281625040006 1.0080521784428909 
-3.141281625040006 1.0080521784428909 
-3.141281625040006 1.0080521784428909 
-3.141281625040006 1.0080521784428909 
-3.141281625040006 1.0080521784428909 
-3.141281625040006 1.0080521784428909 
-3.141281625040006 1.0080521784428909 
-3.141281625040006 1.0080521784428909 
-3.141281625040006 1.0080521784428909 
-3.141281625040006 1.0080521784428909 
-3.141281625040006 1.0080521784428909 
-3.141281625040006 1.0080521784428909 
-3.141281625040006 1.0080521784428909 
-3.141281625040006 1.0080521784428909 
-3.141281625040006 1.0080521784428909 
-3.141281625040006 1.0080521784428909 
-3.141281625040006 1.0080521784428909 
-3.141281625040006 1.0080521784428909 
-3.141281625040006 1.0080521784428909 
-3.141281625040006 1.0080521784428909 
-3.141281625040006 1.0080521784428909 
-3.141281625040006 1.0080521784428909 
-3.141281625040006 1.0080521784428909 
-3.141281625040006 1.0080521784428909 
-3.141281625040006 1.0080521784428909 
-3.141281625040006 1.0080521784428909 
-3.141281625040006 1.0080521784428909 
-3.141281625040006 1.0080521784428909 
-3.141281625040006 1.0080521784428909 
-3.141281625040006 1.0080521784428909 
-3.141281625040006 1.0080521784428909 
-3.141281625040006 1.0080521784428909 
-3.141281625040006 1.0080521784428909 
-3.141281625040006 1.0080521784428909 
-3.141281625040006 1.0080521784428909 
-3.141281625040006 1.0080521784428909 
-3.141281625040006 1.0080521784428909 
-3.141281625040006 1.0080521784428909 
-3.141281625040006 1.0080521784428909 
-3.141281625040006 1.0080521784428909 
-3.141281625040006 1.0080521784428909 
-3.141281625040006 1.0080521784428909 
-3.141281625040006 1.0080521784428909 
-3.141281625040006 1.0080521784428909 
-3.141281625040006 1.0080521784428909 
