-3.1415627672089275 -4.999999893551131 -0.0015556168797068186 
-3.141281625040006 -4.999999758169561 -0.0015556168797068186 
-3.141281625040006 -4.999999758169561 -0.0015556168797068186 
-3.141281625040006 -4.999999758169561 -0.0015556168797068186 
-3.141281625040006 -4.999999758169561 -0.0015556168797068186 
-3.141281625040006 -4.999999758169561 -0.0015556168797068186 
-3.141281625040006 -4.999999758169561 -0.0015556168797068186 
-3.141281625040006 -4.999999758169561 -0.0015556168797068186 
-3.141281625040006 -4.999999758169561 -0.0015556168797068186 
-3.141281625040006 -4.999999758169561 -0.0015556168797068186 
-3.141281625040006 -4.999999758169561 -0.0015556168797068186 
-3.141281625040006 -4.999999758169561 -0.0015556168797068186 
-3.141281625040006 -4.999999758169561 -0.0015556168797068186 
-3.141281625040006 -4.999999758169561 -0.0015556168797068186 
-3.141281625040006 -4.999999758169561 -0.0015556168797068186 
-3.141281625040006 -4.999999758169561 -0.0015556168797068186 
-3.141281625040006 -4.999999758169561 -0.0015556168797068186 
-3.141281625040006 -4.999999758169561 -0.0015556168797068186 
-3.141281625040006 -4.999999758169561 -0.0015556168797068186 
-3.141281625040006 -4.999999758169561 -0.0015556168797068186 
-3.141281625040006 -4.999999758169561 -0.0015556168797068186 
-3.141281625040006 -4.999999758169561 -0.0015556168797068186 
-3.141281625040006 -4.999999758169561 -0.0015556168797068186 
-3.141281625040006 -4.999999758169561 -0.0015556168797068186 
-3.141281625040006 -4.999999758169561 -0.0015556168797068186 
-3.141281625040006 -4.999999758169561 -0.0015556168797068186 
-3.141281625040006 -4.999999758169561 -0.0015556168797068186 
-3.141281625040006 -4.999999758169561 -0.0015556168797068186 
-3.141281625040006 -4.999999758169561 -0.0015556168797068186 
-3.141281625040006 -4.999999758169561 -0.0015556168797068186 
-3.141281625040006 -4.999999758169561 -0.0015556168797068186 
-3.141281625040006 -4.999999758169561 -0.0015556168797068186 
-3.141281625040006 -4.999999758169561 -0.0015556168797068186 
-3.141281625040006 -4.999999758169561 -0.0015556168797068186 
-3.141281625040006 -4.999999758169561 -0.0015556168797068186 
-3.141281625040006 -4.999999758169561 -0.0015556168797068186 
-3.141281625040006 -4.999999758169561 -0.0015556168797068186 
-3.141281625040006 -4.999999758169561 -0.0015556168797068186 
-3.141281625040006 -4.999999758169561 -0.0015556168797068186 
-3.141281625040006 -4.999999758169561 -0.0015556168797068186 
-3.141281625040006 -4.999999758169561 -0.0015556168797068186 
-3.141281625040006 -4.999999758169561 -0.0015556168797068186 
-3.141281625040006 -4.999999758169561 -0.0015556168797068186 
-3.141281625040006 -4.999999758169561 -0.0015556168797068186 
-3.141281625040006 -4.999999758169561 -0.0015556168797068186 
-3.141281625040006 -4.999999758169561 -0.0015556168797068186 
-3.141281625040006 -4.999999758169561 -0.0015556168797068186 
-3.141281625040006 -4.999999758169561 -0.0015556168797068186 
-3.141281625040006 -4.999999758169561 -0.0015556168797068186 
-3.141281625040006 -4.999999758169561 -0.0015556168797068186 
-3.141281625040006 -4.999999758169561 -0.0015556168797068186 
-3.141281625040006 -4.999999758169561 -0.0015556168797068186 
-3.141281625040006 -4.999999758169561 -0.0015556168797068186 
-3.141281625040006 -4.999999758169561 -0.0015556168797068186 
-3.141281625040006 -4.999999758169561 -0.0015556168797068186 
-3.141281625040006 -4.999999758169561 -0.0015556168797068186 
-3.141281625040006 -4.999999758169561 -0.0015556168797068186 
-3.141281625040006 -4.999999758169561 -0.0015556168797068186 
-3.141281625040006 -4.999999758169561 -0.0015556168797068186 
-3.141281625040006 -4.999999758169561 -0.0015556168797068186 
-3.141281625040006 -4.999999758169561 -0.0015556168797068186 
-3.141281625040006 -4.999999758169561 -0.0015556168797068186 
-3.141281625040006 -4.999999758169561 -0.0015556168797068186 
-3.141281625040006 -4.999999758169561 -0.0015556168797068186 
-3.141281625040006 -4.999999758169561 -0.0015556168797068186 
-3.141281625040006 -4.999999758169561 -0.0015556168797068186 
-3.141281625040006 -4.999999758169561 -0.0015556168797068186 
-3.141281625040006 -4.999999758169561 -0.0015556168797068186 
-3.141281625040006 -4.999999758169561 -0.0015556168797068186 
-3.141281625040006 -4.999999758169561 -0.0015556168797068186 
-3.141281625040006 -4.999999758169561 -0.0015556168797068186 
-3.141281625040006 -4.999999758169561 -0.0015556168797068186 
-3.141281625040006 -4.999999758169561 -0.0015556168797068186 
-3.141281625040006 -4.999999758169561 -0.0015556168797068186 
-3.141281625040006 -4.999999758169561 -0.0015556168797068186 
-3.141281625040006 -4.999999758169561 -0.0015556168797068186 
-3.141281625040006 -4.999999758169561 -0.0015556168797068186 
-3.141281625040006 -4.999999758169561 -0.0015556168797068186 
-3.141281625040006 -4.999999758169561 -0.0015556168797068186 
-3.141281625040006 -4.999999758169561 -0.0015556168797068186 
-3.141281625040006 -4.999999758169561 -0.0015556168797068186 
-3.141281625040006 -4.999999758169561 -0.0015556168797068186 
-3.141281625040006 -4.999999758169561 -0.0015556168797068186 
-3.141281625040006 -4.999999758169561 -0.0015556168797068186 
-3.141281625040006 -4.999999758169561 -0.0015556168797068186 
-3.141281625040006 -4.999999758169561 -0.0015556168797068186 
-3.141281625040006 -4.999999758169561 -0.0015556168797068186 
-3.141281625040006 -4.999999758169561 -0.0015556168797068186 
-3.141281625040006 -4.999999758169561 -0.0015556168797068186 
-3.141281625040006 -4.999999758169561 -0.0015556168797068186 
-3.141281625040006 -4.999999758169561 -0.0015556168797068186 
-3.141281625040006 -4.999999758169561 -0.0015556168797068186 
-3.141281625040006 -4.999999758169561 -0.0015556168797068186 
-3.141281625040006 -4.999999758169561 -0.0015556168797068186 
-3.141281625040006 -4.999999758169561 -0.0015556168797068186 
-3.141281625040006 -4.999999758169561 -0.0015556168797068186 
-3.141281625040006 -4.999999758169561 -0.0015556168797068186 
-3.141281625040006 -4.999999758169561 -0.0015556168797068186 
-3.141281625040006 -4.999999758169561 -0.0015556168797068186 
-3.141281625040006 -4.999999758169561 -0.0015556168797068186 
