0.8278050355605 -0.5419749295381465 
0.23094344423567914 0.3317962347113839 
0.6381228861669497 -0.39013278619968506 
0.8386119562180858 -0.6985383791148979 
0.2485033263107274 0.256471866270301 
0.44187646547662324 -0.0735065197766028 
0.43316793071528503 -0.01956248066338724 
0.021667667328896134 0.8445606996561921 
0.23989034946972534 0.29072758818538774 
0.8249482444672056 -0.4808748229101789 
0.6402642086494998 -0.40748216968240975 
0.22711290472634393 0.35587657215276347 
0.007178355379673856 0.9193772853556744 
0.2250576558024936 0.36948916565406786 
0.8322063999202448 -0.6150666252013481 
0.201244928173618 0.5466851592712498 
0.2162154607358973 0.43362240762934023 
0.4274841185161347 0.023881504618936605 
0.6211542501033835 -0.16845922209063316 
0.4155543041382881 0.16339636710548172 
0.41427740269217195 0.17938068622714343 
0.6342413933938325 -0.3514045993586373 
0.8525625613383424 -0.7707780277222193 
0.2354320102262911 0.3063269059902211 
0.22036355856940942 0.40308562564589656 
0.21357958787935385 0.4539752273480764 
0.8365399576437861 -0.6744517612093762 
0.623716770698674 -0.2098375053660727 
0.4166347796917874 0.14978424603356413 
0.6247182332977336 -0.22545606471309054 
0.08130162161864676 0.6731734938007331 
0.19065678942379494 0.6340198932807423 
0.20468057542475165 0.5220948800817784 
0.6282665711620505 -0.27687504818269826 
0.24233404854829688 0.27493279787286556 
0.43666849747969094 -0.05595980409609505 
0.19387114016430945 0.6005523519701264 
0.0667376244449942 0.6871149064194851 
0.42159331784354415 0.08860540075865336 
0.02039061668388356 0.8574482915825488 
0.20882552817971695 0.4904122025197695 
0.454845532079998 -0.12048550103718676 
0.19578339682888668 0.586557498630882 
0.22188886536526425 0.39113549582009516 
0.004513145506993679 0.9368664464222988 
0.8265939998888278 -0.5194438790845188 
0.21086896750901304 0.4731258952274671 
0.6436281408447814 -0.4232230712348431 
0.20634119723522834 0.5084155859611009 
0.19078796084256772 0.6213081276449994 
0.4094569813999785 0.24398458616245527 
0.1862907434469157 0.6510882929611924 
0.21829571800017744 0.4170794177956613 
0.42501314425505443 0.05042684931949146 
0.18280481415279848 0.670604772661667 
0.05731995129300202 0.7089113741947711 
0.43017876743323974 -0.0028925071468739573 
0.8290126821383221 -0.5628833666139956 
0.42897160025123715 0.009205428415478533 
0.43443555668296446 -0.038442347580820026 
0.6293814702659752 -0.2923010027757965 
0.6269537486691087 -0.25849187953589325 
0.834065139881506 -0.6425669325402448 
0.6223949912386598 -0.1883215535109611 
0.6361426165983757 -0.3715387318960844 
0.01380274075090221 0.880963206754862 
0.4197276260493528 0.11079500461158988 
0.6309644527155668 -0.31174626636904024 
0.19857167087973873 0.5677385238055584 
0.8412689177193103 -0.7237714355094087 
0.02887305117404379 0.8118198404786371 
0.050453488582513806 0.7317817969549435 
0.41840168992830046 0.1287184979571955 
3.3157992357712995E-4 0.9864893131970611 
0.825589455065521 -0.5004782555869784 
0.4262945159395143 0.03597289032131068 
0.012408002258693096 0.9012557362148501 
0.833171054526524 -0.6291751806830932 
0.024611423122662013 0.8317005285805726 
0.8351490906090322 -0.6566647261864157 
0.6257149319853771 -0.24038151035440225 
0.4112221662460024 0.2204472136654221 
0.6184327252021609 -0.12233942044031935 
0.4235723950265786 0.06691349931344588 
0.6517904803699539 -0.45509290723203216 
0.0014569772120773261 0.9672641489497609 
0.03695237213102226 0.7781062710116122 
0.04352179530828572 0.7534635511357941 
0.6462270228806852 -0.4426272229186084 
0.8308653025293034 -0.5938480789247023 
0.619947298146479 -0.14646573805685772 
0.4425829568444708 -0.09245856062864434 
0.8444355307163639 -0.7482549486150103 
0.8233996321207541 -0.4566883551368336 
0.4131526653098663 0.19522142712390908 
0.4461967521887928 -0.1070650459141164 
0.632245368263832 -0.3284353962418566 
0.2583432943064745 0.24595157663772857 
0.003496888453309255 0.9532726733939106 
2.040187019460276E-6 1.0037805986868837 
