1.0 1.0000000000000002 
0.3903488095485282 8.971108071313367 
0.3903488095485282 8.971108071313367 
1.0 1.0000000000000002 
0.4416140039278964 6.904318720236682 
0.6977417279466328 1.434145117911125 
0.6338111142311138 2.0488084327320326 
0.8909797308689408 1.122360106696211 
0.866399500532095 1.1542033774713572 
0.4624524349931571 6.139667001166635 
0.6108831164528006 2.482118043758499 
0.7198320028345138 1.3892539544989377 
0.831101571694417 1.2032224106391205 
0.41730820674760777 7.7834811740097365 
0.4080659939052623 8.204329340305174 
0.43093789712727415 7.276185353089694 
0.4211574107213362 7.692416093476117 
0.7385110368768196 1.354075905646162 
0.5452534075485671 3.8778448444814035 
0.8200867260385909 1.2193833713559992 
0.6450514188323888 1.9515848418305266 
0.40011670066728505 8.608382492927385 
0.46931653949352836 6.003402420938513 
0.5056394121650981 4.853091285192984 
0.5927599529419605 2.9422599079157274 
0.8046558616485926 1.2427673091838083 
0.40255171631744535 8.417432693542214 
0.48256885301809826 5.511351877070935 
0.42546632428787995 7.492089019175055 
0.48767759993865667 5.385592470436416 
0.5777620751830526 3.1236973730627833 
0.6569882409139366 1.659942299218435 
0.7097475298683629 1.4089939603836648 
0.3960119806530717 8.707219181871968 
0.4524336045847685 6.486269440481686 
0.4595798401326098 6.314340845851702 
0.45007871500995006 6.635063371069064 
0.8495419137759354 1.1771092788098116 
0.560671085513394 3.6339831411783594 
0.39475064689505523 8.871071861471423 
0.4991696632911298 5.035469565972476 
0.6188441432975602 2.3124437416860584 
0.5137767584068904 4.679935306127423 
0.4776926676461127 5.818158215582756 
0.6053540914434686 2.5726601598738896 
0.9521183683968127 1.0502896274885318 
0.5527364380180765 3.6861497313394262 
0.7762674313611937 1.2882241990970982 
0.47193926569213884 5.889087263618142 
0.5376658779187813 4.023742737722255 
0.435157025792841 7.1119001780980025 
0.9649790267482008 1.0362919552119076 
0.5509850505583703 3.8065278705816055 
0.8974197071803429 1.1150401915715042 
0.4991696632911298 5.035469565972476 
0.4299461663621157 7.45216952001893 
0.40509524495056726 8.309642023090948 
0.5727327164280889 3.232566329244695 
0.9215586186072824 1.0851715963095383 
0.49110563694945525 5.273326784804315 
0.4120962360635384 7.989885938436834 
0.6778784721432364 1.4751914216040005 
0.5651553576279991 3.387008430337872 
0.5104506011056608 4.808816972038673 
0.5202900121313374 4.550163843460401 
0.5262873908327634 4.369225770582035 
0.6013245124850485 2.6619724158148346 
0.5954323434031455 2.7736563803831937 
0.45538537396448425 6.372501012089284 
0.5233981995921957 4.398602582776629 
0.4120962360635384 7.989885938436834 
0.5298766593602443 4.214523815881396 
0.7595675662554144 1.3165393593854768 
0.6220932929833486 2.308093807183102 
0.66713236113885 1.5677071835783878 
0.5725712886040686 3.3408674455760274 
0.6464244704507294 1.8370948891489784 
0.5377281640472706 4.0232766595550205 
0.4457027481870103 6.723363347562665 
0.7951730720479697 1.2577687085489353 
0.5298766593602443 4.214523815881396 
0.9726935346137985 1.0280730409059864 
0.7884306832150276 1.2683525149853523 
0.6584588442809595 1.6528876480942896 
0.9812559955223475 1.0191020627649545 
0.43511382582056274 7.112606278139665 
0.49110563694945525 5.273326784804315 
0.5166911944513494 4.5810460154101 
0.582772230996477 3.02006299720188 
0.6277619293890722 2.1746408088006164 
0.9112217936050206 1.0989293302977217 
0.47922024203260055 5.635125248431311 
0.5859659293536065 3.018063105395071 
0.47777750996912116 5.657359511696418 
0.6277619293890722 2.1746408088006164 
0.6464244704507294 1.8370948891489784 
0.7460825408598992 1.3403342729980625 
0.5619092054338901 3.4829391251624107 
0.7516238223815445 1.3304535690730968 
0.5990311610831337 2.757691902300088 
