1.0 1.3704315460216776E-16 
0.3903488095485282 2.501861355968366 
0.3903488095485282 2.501861355968366 
1.0 1.3704315460216776E-16 
0.4416140039278964 2.049043834438051 
0.6977417279466328 6.628926975358329E-4 
0.6338111142311138 0.2985575555959915 
0.8909797308689408 1.0580222568778549E-7 
0.866399500532095 1.2297536408346765E-6 
0.4624524349931571 1.839303954736645 
0.6108831164528006 0.5162840059749205 
0.7198320028345138 2.945651273880749E-5 
0.831101571694417 3.658011819728909E-8 
0.41730820674760777 2.248110570979768 
0.4080659939052623 2.347907806577736 
0.43093789712727415 2.1355840151687455 
0.4211574107213362 2.2397180441195377 
0.7385110368768196 1.088665681597258E-9 
0.5452534075485671 1.1144081153981285 
0.8200867260385909 1.168012407198837E-7 
0.6450514188323888 0.2588725711945642 
0.40011670066728505 2.4443576011521237 
0.46931653949352836 1.8174960493819332 
0.5056394121650981 1.4539142246285408 
0.5927599529419605 0.7440538445591436 
0.8046558616485926 1.3704315460216776E-16 
0.40255171631744535 2.388451977771995 
0.48256885301809826 1.6596067538972643 
0.42546632428787995 2.1876315762259986 
0.48767759993865667 1.6264328102301324 
0.5777620751830526 0.8047538765046036 
0.6569882409139366 0.09056257118215495 
0.7097475298683629 2.9982981748031732E-5 
0.3960119806530717 2.448163114193537 
0.4524336045847685 1.9346062632651586 
0.4595798401326098 1.9019437564793331 
0.45007871500995006 1.9863007960603516 
0.8495419137759354 3.6694434984637243E-6 
0.560671085513394 1.037469272501844 
0.39475064689505523 2.501861355968366 
0.4991696632911298 1.5135536477592124 
0.6188441432975602 0.4310422662475133 
0.5137767584068904 1.4044419911361061 
0.4776926676461127 1.7792915187888734 
0.6053540914434686 0.5573703536732671 
0.9521183683968127 4.646847716703426E-8 
0.5527364380180765 1.037469272501844 
0.7762674313611937 6.490050435213857E-6 
0.47193926569213884 1.7792915187888734 
0.5376658779187813 1.1634291715967573 
0.435157025792841 2.094793329236703 
0.9649790267482008 2.3673768427916E-9 
0.5509850505583703 1.0973399512242517 
0.8974197071803429 6.590422144128389E-4 
0.4991696632911298 1.5135536477592124 
0.4299461663621157 2.2040317162127465 
0.40509524495056726 2.366196470795555 
0.5727327164280889 0.8513964947822901 
0.9215586186072824 4.923724687765497E-5 
0.49110563694945525 1.5897605094939458 
0.4120962360635384 2.2926019218068117 
0.6778784721432364 5.069957287298806E-7 
0.5651553576279991 0.9141859607366477 
0.5104506011056608 1.454663513984244 
0.5202900121313374 1.3674048013135849 
0.5262873908327634 1.2994684307588895 
0.6013245124850485 0.6007092651885022 
0.5954323434031455 0.6515247183666515 
0.45538537396448425 1.9019437564793331 
0.5233981995921957 1.3022206725468695 
0.4120962360635384 2.2926019218068117 
0.5298766593602443 1.2331778003534235 
0.7595675662554144 5.970878891011266E-7 
0.6220932929833486 0.43584967702501 
0.66713236113885 0.0458681949549864 
0.5725712886040686 0.9128847783688491 
0.6464244704507294 0.18754309088586973 
0.5377281640472706 1.1634291715967573 
0.4457027481870103 1.996621521068497 
0.7951730720479697 1.4380790266427636E-4 
0.5298766593602443 1.2331778003534235 
0.9726935346137985 1.3704315460216776E-16 
0.7884306832150276 8.0399473998999E-6 
0.6584588442809595 0.08835849049043905 
0.9812559955223475 9.137303293885428E-9 
0.43511382582056274 2.094793329236703 
0.49110563694945525 1.5897605094939458 
0.5166911944513494 1.3669861375388388 
0.582772230996477 0.7600088506292468 
0.6277619293890722 0.36515670986088716 
0.9112217936050206 0.0013683553990539443 
0.47922024203260055 1.7004660854372713 
0.5859659293536065 0.7684821524006544 
0.47777750996912116 1.7029591404984377 
0.6277619293890722 0.36515670986088716 
0.6464244704507294 0.18754309088586973 
0.7460825408598992 1.3704315460216776E-16 
0.5619092054338901 0.9570955563946186 
0.7516238223815445 5.970878891011266E-7 
0.5990311610831337 0.6519433821443774 
