-3.14157660920198 1.0057279815973437 
-3.141576609201933 1.0057279788824052 
-3.1415766092019606 1.0057279801254677 
-3.1415766092019366 1.005727979192091 
-3.141576609201933 1.0057279788824052 
-3.141576609201936 1.0057279791080573 
-3.141576609201934 1.005727979041225 
-3.141576609201934 1.005727979041225 
-3.141576609201933 1.0057279788824052 
1.9788522221412796 0.462952346248494 
-3.1415766092019606 1.0057279801254677 
-3.141576609201934 1.005727979041225 
-3.1415766092019606 1.0057279801254677 
-3.141576609201933 1.0057279788824052 
1.9788522221412774 0.4629563901360709 
-3.141576609201933 1.0057279788824052 
1.9788522221412796 0.462952346248494 
-3.141576609201933 1.0057279788824052 
3.10566292171863 0.0702711908996147 
1.9788522221412774 0.4629563901360709 
1.9788522221412796 0.462952346248494 
-3.141576609201933 1.0057279788824052 
-3.14157660920194 1.0057279795911698 
