-3.14157660920198 -4.99999999938412 -8.038164433711467E-5 
-3.141576609201933 -4.99999999938412 -8.038164433273089E-5 
-3.1415766092019606 -4.99999999938412 -8.03816443048357E-5 
-3.1415766092019366 -4.99999999938412 -8.038164434231507E-5 
-3.141576609201933 -4.99999999938412 -8.038164433273089E-5 
-3.141576609201936 -4.99999999938412 -8.038164433711467E-5 
-3.141576609201934 -4.99999999938412 -8.038164434231507E-5 
-3.141576609201934 -4.99999999938412 -8.038164434231507E-5 
-3.141576609201933 -4.99999999938412 -8.038164433273089E-5 
1.9788522221412796 -1.9843944676095246 4.589223231146578 
-3.1415766092019606 -4.99999999938412 -8.03816443048357E-5 
-3.141576609201934 -4.99999999938412 -8.038164434231507E-5 
-3.1415766092019606 -4.99999999938412 -8.03816443048357E-5 
-3.141576609201933 -4.99999999938412 -8.038164433273089E-5 
1.9788522221412774 -1.9843944676095246 4.589223183397027 
-3.141576609201933 -4.99999999938412 -8.038164433273089E-5 
1.9788522221412796 -1.9843944676095246 4.589223231146578 
-3.141576609201933 -4.99999999938412 -8.038164433273089E-5 
3.10566292171863 -4.9967695676887995 0.17969407975103002 
1.9788522221412774 -1.9843944676095246 4.589223183397027 
1.9788522221412796 -1.9843944676095246 4.589223231146578 
-3.141576609201933 -4.99999999938412 -8.038164433273089E-5 
-3.14157660920194 -4.99999999938412 -8.038164435979338E-5 
