3.102487656828436 -4.996177214812401 0.1957253640675606 
2.145808750852128 -2.7192767759129053 4.195249647028371 
2.145808750852128 -2.7192767759129053 4.195249647028371 
2.145808750852128 -2.7192767759129053 4.195249647028371 
2.145808750852128 -2.7192767759129053 4.195249647028371 
2.145808750852128 -2.7192767759129053 4.195249647028371 
2.145808750852128 -2.7192767759129053 4.195249647028371 
2.145808750852128 -2.7192767759129053 4.195249647028371 
-3.141490717510968 -4.999999974029055 -5.096802146094433E-4 
-3.141490717510968 -4.999999974029055 -5.096802146094433E-4 
-3.141490717510968 -4.999999974029055 -5.096802146094433E-4 
-3.141490717510968 -4.999999974029055 -5.096802146094433E-4 
-3.141490717510968 -4.999999974029055 -5.096802146094433E-4 
-3.141490717510968 -4.999999974029055 -5.096802146094433E-4 
-3.141490717510968 -4.999999974029055 -5.096802146094433E-4 
-3.141490717510968 -4.999999974029055 -5.096802146094433E-4 
-3.141490717510968 -4.999999974029055 -5.096802146094433E-4 
-3.141490717510968 -4.999999974029055 -5.096802146094433E-4 
-3.141490717510968 -4.999999974029055 -5.096802146094433E-4 
-3.141490717510968 -4.999999974029055 -5.096802146094433E-4 
-3.141490717510968 -4.999999974029055 -5.096802146094433E-4 
-3.141490717510968 -4.999999974029055 -5.096802146094433E-4 
-3.141490717510968 -4.999999974029055 -5.096802146094433E-4 
3.1024876568284365 -4.996177215723323 0.19572536406760113 
-3.141490717510968 -4.999999974029055 -5.096802146094433E-4 
-3.141490717510968 -4.999999974029055 -5.096802146094433E-4 
-3.141490717510968 -4.999999974029055 -5.096802146094433E-4 
-3.141490717510968 -4.999999974029055 -5.096802146094433E-4 
-3.141490717510968 -4.999999974029055 -5.096802146094433E-4 
2.145808750852128 -2.7192767759129053 4.195249647028371 
2.145808750852128 -2.7192767759129053 4.195249647028371 
2.145808750852128 -2.7192767759129053 4.195249647028371 
2.145808750852128 -2.7192767759129053 4.195249647028371 
2.145808750852128 -2.7192767759129053 4.195249647028371 
2.145808750852128 -2.7192767759129053 4.195249647028371 
2.145808750852128 -2.7192767759129053 4.195249647028371 
-3.141490717510968 -4.999999974029055 -5.096802146094433E-4 
2.145808750852128 -2.7192767759129053 4.195249647028371 
-3.141490717510968 -4.999999974029055 -5.096802146094433E-4 
2.145808750852128 -2.7192767759129053 4.195249647028371 
2.145808750852128 -2.7192767759129053 4.195249647028371 
-3.141490717510968 -4.999999974029055 -5.096802146094433E-4 
-3.141490717510968 -4.999999974029055 -5.096802146094433E-4 
-3.141490717510968 -4.999999974029055 -5.096802146094433E-4 
-3.141490717510968 -4.999999974029055 -5.096802146094433E-4 
-3.141490717510968 -4.999999974029055 -5.096802146094433E-4 
-3.141490717510968 -4.999999974029055 -5.096802146094433E-4 
-3.141490717510968 -4.999999974029055 -5.096802146094433E-4 
-3.141490717510968 -4.999999974029055 -5.096802146094433E-4 
-3.141490717510968 -4.999999974029055 -5.096802146094433E-4 
-3.141490717510968 -4.999999974029055 -5.096802146094433E-4 
-3.141490717510968 -4.999999974029055 -5.096802146094433E-4 
-3.141490717510968 -4.999999974029055 -5.096802146094433E-4 
-3.141490717510968 -4.999999974029055 -5.096802146094433E-4 
-3.141490717510968 -4.999999974029055 -5.096802146094433E-4 
-3.141490717510968 -4.999999974029055 -5.096802146094433E-4 
-3.141490717510968 -4.999999974029055 -5.096802146094433E-4 
-3.141490717510968 -4.999999974029055 -5.096802146094433E-4 
-3.141490717510968 -4.999999974029055 -5.096802146094433E-4 
-3.141490717510968 -4.999999974029055 -5.096802146094433E-4 
-3.141490717510968 -4.999999974029055 -5.096802146094433E-4 
2.145808750852128 -2.7192767759129053 4.195249647028371 
2.145808750852128 -2.7192767759129053 4.195249647028371 
2.145808750852128 -2.7192767759129053 4.195249647028371 
2.145808750852128 -2.7192767759129053 4.195249647028371 
2.145808750852128 -2.7192767759129053 4.195249647028371 
2.145808750852128 -2.7192767759129053 4.195249647028371 
2.145808750852128 -2.7192767759129053 4.195249647028371 
2.145808750852128 -2.7192767759129053 4.195249647028371 
2.145808750852128 -2.7192767759129053 4.195249647028371 
2.145808750852128 -2.7192767759129053 4.195249647028371 
2.145808750852128 -2.7192767759129053 4.195249647028371 
2.145808750852128 -2.7192767759129053 4.195249647028371 
2.145808750852128 -2.7192767759129053 4.195249647028371 
2.145808750852128 -2.7192767759129053 4.195249647028371 
2.145808750852128 -2.7192767759129053 4.195249647028371 
2.145808750852128 -2.7192767759129053 4.195249647028371 
