0.5256954995274774 4.42236504162222 
0.5178739293073096 4.5470455287176454 
0.7320576972173737 1.3692621127773221 
0.5482342080897972 3.8287489500754015 
0.5581634757799218 3.641063412770589 
0.3914067122942563 8.960165514059577 
0.7010810953864256 1.432360910611045 
0.5173088862752558 4.654551359951763 
0.5833585143906813 3.0611510512366857 
0.42412900175337953 7.555392754560958 
0.46414675202688693 6.106446480432025 
0.6342281513249324 2.0434764956282367 
0.4804494863414853 5.605367983425128 
0.5684890221855077 3.401287443362586 
0.4168575997256827 7.806582340713363 
0.5790504699985495 3.1329185407454765 
0.4833532744673529 5.516633113192268 
0.41275792429079755 7.972352281329027 
0.6007359090536225 2.6827043180526364 
0.594172943128993 2.800916929119198 
0.6421008139125312 1.973237732525888 
0.8196575864558079 1.2216329802082795 
0.9999999999927253 1.0000000379875786 
0.5025681761717021 4.989645724029916 
0.5913670493510358 2.9104364036130073 
0.39946326890315903 8.541311236384175 
0.8590676929211958 1.1655900324774378 
0.4523995441619567 6.475682613759416 
0.5367866855817369 4.04583053809789 
0.42500480477634067 7.4774288760026435 
0.49520558985213003 5.152291272647247 
0.42762652793464356 7.388555861504407 
0.8968016296537763 1.1178470833939447 
0.4041713873897729 8.383058412376856 
0.7866927627796891 1.2711617653588214 
0.4466975725668258 6.6857677746275765 
0.9456784854762382 1.0574466421493414 
0.4650366202806093 6.0528969683031395 
0.4078223883032623 8.167190599944792 
0.45986397496928233 6.252701260825143 
0.5497408609651655 3.7407483457664776 
0.5257502645221626 4.322263291505033 
0.5400079255513426 3.9889399260400085 
0.6108814856046143 2.4829083947814214 
0.6227964226183993 2.2505463322334243 
0.4126907026147777 8.070846169041296 
0.4065179476712545 8.23585432284011 
0.680445731575536 1.47957473770382 
0.6486095844907309 1.921786131200454 
0.7631100947235344 1.3104269078554796 
0.542869753252583 3.9223081077537874 
0.6275024128679648 2.1924044276742225 
0.617216671207557 2.356520258286834 
0.6329447428592749 2.117010749676655 
0.4871576532995919 5.4000004995553335 
0.49195218732681767 5.229459312870693 
0.4517530961076966 6.522762794612478 
0.5096655436510036 4.738891704625713 
0.49855999855165645 5.079331350013706 
0.6051246757299403 2.598631064948645 
0.4699885440385681 5.902138317989341 
0.6589829335374561 1.6469973346322637 
0.3919299614560946 8.861730409499646 
0.5698616019186885 3.2966208708007496 
0.4299129717566767 7.29571830776671 
0.6498410034835514 1.7787962033021745 
0.5312547954928023 4.211064865020646 
0.43270709243739935 7.203738133478268 
0.4046897837735807 8.30361649710763 
0.4773921835326614 5.68949973617551 
0.4486791074965935 6.633778681507783 
0.44262385414328975 6.8258192482356765 
0.5592121970282117 3.5317568769946215 
0.41455139625585136 7.901497817664852 
0.3962108712579283 8.667811041102253 
0.4188935090643679 7.718983622185025 
0.5838014776526314 2.9917501169437464 
0.5957097427518752 2.751811234587271 
0.4538314093079 6.4374934668265675 
0.5037461660566469 4.903705655955096 
0.5610979589606994 3.4789033873308854 
0.42144567148231005 7.629362306123732 
0.48902902683533916 5.317016548033216 
0.4017548991668921 8.43348110035711 
0.4506515227723457 6.577894468325108 
0.508085180376907 4.795359135557098 
0.5342620329823624 4.103484597714994 
0.43891661726917974 6.9519339310351365 
0.4676887245996784 5.992628472238729 
0.5194474969511346 4.48495876643328 
0.6651563740992059 1.5250886665765828 
0.4347677859391655 7.118393137962703 
0.5745305677411099 3.1878563139416047 
0.47232644627279313 5.835168704807058 
0.39405923968032686 8.777439003026936 
0.47505410135849513 5.775389481055685 
0.6612003516039737 1.5922928858486958 
0.43650552935065834 7.037168445471591 
0.4559109030638892 6.369183116154573 
0.5056259943369882 4.852287260444814 
