0.5256954995274774 1.3248173996484467 
0.5178739293073096 1.3547963346962397 
0.7320576972173737 0.002378869166762221 
0.5482342080897972 1.0990511486192298 
0.5581634757799218 1.032308610007136 
0.3914067122942563 2.5070689254704335 
0.7010810953864256 0.0042011561998897 
0.5173088862752558 1.407840780127624 
0.5833585143906813 0.7857485295749054 
0.42412900175337953 2.2044611868466557 
0.46414675202688693 1.8342873003185394 
0.6342281513249324 0.29603032009824803 
0.4804494863414853 1.6930961683916101 
0.5684890221855077 0.9335945728490418 
0.4168575997256827 2.2542331766106742 
0.5790504699985495 0.814117953485838 
0.4833532744673529 1.6664826792965095 
0.41275792429079755 2.2906515793563735 
0.6007359090536225 0.6115968172274288 
0.594172943128993 0.6642290552345751 
0.6421008139125312 0.26701755409779016 
0.8196575864558079 0.0013207400923340717 
0.9999999999927253 3.798030368288782E-8 
0.5025681761717021 1.5076371512686473 
0.5913670493510358 0.7211361883284645 
0.39946326890315903 2.4119401072053055 
0.8590676929211958 0.0013207400923340717 
0.4523995441619567 1.9295958626022682 
0.5367866855817369 1.1717479649709417 
0.42500480477634067 2.177943199674476 
0.49520558985213003 1.5514434387612615 
0.42762652793464356 2.1595424895062885 
0.8968016296537763 0.00248708609141024 
0.4041713873897729 2.388192349099861 
0.7866927627796891 1.3761130038157264E-5 
0.4466975725668258 1.9865162356716475 
0.9456784854762382 4.539019722776816E-6 
0.4650366202806093 1.8148187490464385 
0.4078223883032623 2.330763176197439 
0.45986397496928233 1.8753920560984936 
0.5497408609651655 1.056442216255682 
0.5257502645221626 1.2724310688432043 
0.5400079255513426 1.1540591746097906 
0.6108814856046143 0.5167627688242428 
0.6227964226183993 0.4016322046519363 
0.4126907026147777 2.330763176197439 
0.4065179476712545 2.3480225966403907 
0.680445731575536 0.006770314817557452 
0.6486095844907309 0.24648890403797596 
0.7631100947235344 1.7818632264132717E-9 
0.542869753252583 1.1293024346369043 
0.6275024128679648 0.3757390683479839 
0.617216671207557 0.45448358945297196 
0.6329447428592749 0.3399508245844113 
0.4871576532995919 1.63065157118 
0.49195218732681767 1.572643947503335 
0.4517530961076966 1.9466782876422781 
0.5096655436510036 1.4152498169412953 
0.49855999855165645 1.5323514305062162 
0.6051246757299403 0.5724957805187982 
0.4699885440385681 1.773937394786054 
0.6589829335374561 0.08534313510434038 
0.3919299614560946 2.4731776578294977 
0.5698616019186885 0.8786176503530971 
0.4299129717566767 2.1365239387915786 
0.6498410034835514 0.15593470974661638 
0.5312547954928023 1.2371484036734686 
0.43270709243739935 2.1171085824177998 
0.4046897837735807 2.3603887647532247 
0.4773921835326614 1.7161227022613275 
0.4486791074965935 1.9764378981488409 
0.44262385414328975 2.0212704233395278 
0.5592121970282117 0.975001522553658 
0.41455139625585136 2.275576952825527 
0.3962108712579283 2.4342809644942145 
0.4188935090643679 2.2334321359074703 
0.5838014776526314 0.7465881390391919 
0.5957097427518752 0.6392807626577033 
0.4538314093079 1.9215367324602999 
0.5037461660566469 1.4702229236576747 
0.5610979589606994 0.9520055900528233 
0.42144567148231005 2.215361720086142 
0.48902902683533916 1.600175428152078 
0.4017548991668921 2.388192349099861 
0.4506515227723457 1.9643381587864992 
0.508085180376907 1.436450911361577 
0.5342620329823624 1.1923360234870244 
0.43891661726917974 2.051319324488773 
0.4676887245996784 1.8026847671810504 
0.5194474969511346 1.3297006051528157 
0.6651563740992059 0.01442244763987266 
0.4347677859391655 2.094848024036593 
0.5745305677411099 0.8315208979259521 
0.47232644627279313 1.7561044977437346 
0.39405923968032686 2.4588309398732404 
0.47505410135849513 1.743622459918214 
0.6612003516039737 0.05282461597966363 
0.43650552935065834 2.071762937420326 
0.4559109030638892 1.903780026265307 
0.5056259943369882 1.4534425708711094 
