0.011686449459669679 4.411494017530991 
0.6449128651485397 2.7418633042471043 
0.0015463221873438515 4.633149894625542 
0.3834058391254952 3.445059045910622 
0.6453581767609643 1.9358401972038497 
0.4314819531898647 3.437567246464777 
0.4557866860292715 2.897049416685313 
0.8568892741737401 1.5653727447969306 
0.04576548163354488 3.9790115380881437 
0.43851000165755827 3.2351527176354455 
0.2552232482922886 3.450957312823882 
0.867509220004269 1.3447785255189229 
0.21987308435786568 3.7107149982981444 
0.46275664467446864 2.773235606164764 
