0.011686449459669679 0.6667026059766151 0.3304165574114728 0.3724177866425922 0.15337202548423523 0.5848618931947827 0.5156411570704135 0.5447303013750264 0.08034123187059117 0.48255495267979576 0.24017534202620583 0.020066531653861408 0.6736933168455188 0.6565600819418483 0.10373668088622756 0.8038064455563608 0.19000146515116878 0.0076294228042260714 0.8608641000014463 0.2527117570976871 0.4527237412458578 0.5100932813796315 0.391972935774056 0.7856296690353128 0.32341569809235615 0.01442375711362498 0.02764770317296339 0.8407006472546469 0.322715013915746 0.5475472864546055 
0.6449128651485397 0.4549511433897926 0.21545735733451898 0.4632349796217793 0.7366373542475619 0.5989469735720332 0.8588668219266096 0.18059776396556437 0.5512043934073853 0.02507460963364172 0.4590237796694583 0.21683271653498815 0.4047660002543142 0.9714416129023217 0.05619031655750062 0.45389842992464713 0.6645101773164611 0.8815028162270516 0.3915068446676164 0.11553546589322683 0.9938610635497143 0.9130056269800929 0.09409253448757415 0.23866700869638213 0.2621505547863273 0.288887493848589 0.6316409129734698 0.5900891216777941 0.8014217176850708 0.057764559528687864 
0.0015463221873438515 0.3716612509099949 0.28469642786988103 0.06625029421929907 0.4166320944312978 0.3474748624612046 0.1318138898423542 0.15356045993441314 0.11742376071184668 0.9109977101447736 0.9166010856118202 0.6926913352541361 0.057843871954718185 0.6109147984227176 0.7301421561654888 0.3058407887659885 0.6458387221985463 0.23572386587185723 0.03157032078596034 0.8754358701246149 0.37851965078296346 0.818348944390013 0.7227055505753565 0.24561911193462027 0.24845960607817097 0.5250844463266824 0.5719717897867828 0.22260129767591097 2.6334892644386265E-4 0.3456126027335681 
0.3834058391254952 0.10874297535451527 0.2940733104499549 0.7054773694232394 0.3500473485288039 0.12147255922369204 0.8164838164687669 0.1603826427573357 0.5939413797359553 0.10690013224319395 0.1438010279869848 0.3981285210417833 0.07171224751330707 0.5723580210592971 0.06311694801400858 0.6612583668843084 0.5030702041763501 0.6467365803456936 0.27726380976494935 0.6189659844292944 0.5501592030851821 0.504597565284216 0.2775636384736577 0.9808855218317247 0.05732075246782997 0.433193033538798 0.25299718184733755 0.9860318861159258 0.10263211039013931 0.17343098734694495 
0.6453581767609643 0.7931584819944487 0.46109978620211767 0.2833847630612083 0.13370686097954654 0.12918564268100918 0.08621941283503665 0.5438561925543098 0.1368897445717927 0.04552871868718544 0.2548100330770081 0.5657707154174247 0.4723940678457548 0.7754144123840467 0.9333924329324178 0.24946004277683986 0.13029524041167329 0.07175396292944469 0.4509646972243414 0.1220640877381336 0.7653881051278197 0.0256451696651514 0.05630094247000472 0.6485879216706087 0.5902473571310465 0.6476431891523976 0.010688547388746583 0.5717705084436928 0.22086170584779474 0.21759530330709465 
0.4314819531898647 0.2772141445453332 0.49217085817694795 0.32139555628568994 0.6131167647645912 0.558180641913044 0.25555950938723737 0.9557973231711527 0.2997314193882784 0.6640632513381654 0.48699656518832024 0.4299601779068175 0.2470755944945371 0.37148848399608003 0.7084291161766337 0.4686140725384853 0.6437016342803308 0.23072570409431914 0.5061712663821555 0.6663171567296633 0.619531039408996 0.3991516276567413 0.5852887733537994 0.9653031826046121 0.7258232121898639 0.6240777053263326 0.16992303284873678 0.08581392430957502 0.2092443124724972 0.3134108661642243 
0.4557866860292715 0.8081071133898988 0.20495896697256655 0.4734958160981497 0.14605645507780818 0.5352456246366157 0.8395367260799435 0.8556998294642627 0.7481301091847614 0.5424856543008549 0.15830270126732482 0.9013660074503554 0.32884894111741725 0.4119532246849278 0.20310930175703856 0.7092692819221299 0.3941438137109906 0.1512294014194946 0.5559332214151684 0.021501305786962743 0.23259702768060475 0.11982507089664107 0.8944326393506472 0.4151202003935056 0.6233748397999659 0.07225517757276667 0.01867504207879822 0.17533910120788176 0.07787114012797547 0.7186439158331005 
0.8568892741737401 0.46497584899435784 0.794609540638468 0.8504950180767978 0.3506791065238454 0.2213076336538803 0.01499118256179588 0.35237109213839235 0.2903557207174071 0.7416595212999686 0.34981532289791195 0.10949637366669229 0.07951343199343963 0.9272805520659423 0.10030821471844953 0.29556161923365487 0.48763642006376173 0.8805373907683575 0.34338797340854343 0.14174296034737377 0.15848283227107984 0.1278051843629573 0.20136886437308332 0.17720213158003972 0.1475250820965941 0.2223447982308634 0.9543607342917896 0.6175203773965624 0.31515136188264326 0.0052658911173244505 
0.04576548163354488 0.41605420885399413 0.21262227587474902 0.6495854326397225 0.11680251990297841 0.542420024646282 0.1611696704245481 0.6541168467373689 0.726142125175853 0.10298664530056267 0.8759466613055563 0.3515154387942072 0.35897380108558197 0.04758363360798712 0.45084296000382573 0.05352167774227534 0.24220655096049182 0.8191101228679462 0.33204935397876645 0.8462713479160361 0.8320430765572484 0.557930251615302 0.032803231476907446 0.24786864847251877 0.19680065897262078 0.1762156391460652 0.11603264461812035 0.28817608106194936 0.3298310329167844 0.46612112934132444 
0.43851000165755827 0.842690779027882 0.25715978091087766 0.6803299422435658 0.5845307758881657 0.10230427825411381 0.2784474054253 0.04259586434614293 0.86769021224727 0.5697375744483897 0.6153513131956997 0.602491972096389 0.6440794890639787 0.8319273878069042 0.8433625782486864 0.5942434656829002 0.20389544391255432 0.14488944499520906 0.9647113765153887 0.5585604080645142 0.8129696062354147 0.605130246533543 0.7797229004081547 0.20182363310987883 0.37962683443325507 0.0060613344858390095 0.026038917152944374 0.07246815599667289 0.1977572478262346 0.05474205025493506 
0.2552232482922886 0.21513864127789883 0.1486350428183436 0.2665668002273096 0.25528408567448546 0.565551320845119 0.8120206105580755 0.5710357371555898 0.24352595975498836 0.5550079863062334 0.9192482323181898 0.754825862556127 0.07521524205090857 0.5912299759114786 0.4141259156971996 0.031695195543941956 0.045284190683144376 0.1306992934448432 0.05837201066926334 0.6574669061918555 0.3578677745574461 0.7622390306371706 0.8138432208553869 0.39213149571339545 0.22337136037965943 0.6940557362095384 0.990592980683568 0.42504585656908034 0.018979455043046656 0.2902836676960383 
0.867509220004269 0.3179819763106182 0.6513459593116865 0.874041668728187 0.10045581522822156 0.11468648281360239 0.5905076358135989 0.12511906185458543 0.09805508911384797 0.3336338784794648 0.897241801255313 0.09869130026986628 0.13391365053033955 0.4906412555979919 0.7591797350452869 0.10106602496879447 0.2154541682094624 0.3303758058698645 0.44480896106685563 0.4500472163360538 0.11550577254107386 0.2298488534418176 0.6973090273544696 0.11813677603272721 0.14139370274735152 0.09308196557802229 0.5630217681594295 0.055332332876992796 0.06245385464587716 0.24094845152909117 
0.21987308435786568 0.35071486075455316 0.37400842032560533 0.26578794087305313 0.8481837438864631 0.10360372151187369 0.6410139860562342 0.9653616770406963 0.5546330996632292 0.4715617266872212 0.7866618248804498 0.7668750740043345 0.22043167565389998 0.01003556485522139 0.9687198963673068 0.5648454741735579 0.3125715514703534 0.30740673996359436 0.08833505662604124 0.22815683217276406 0.39757976907272596 0.8245351324511183 0.07460611304999598 0.4053826466881334 0.1028305925066435 0.2048003190558355 0.2622373689879671 0.9997989064019138 0.0786027359542476 0.3052420278262806 
0.46275664467446864 0.11743676603749587 0.17823963219979144 0.18040318013345313 0.9569458156227427 0.2303041328019898 0.7114433638965434 0.08050399560864097 0.8801300444170628 0.7464679601397852 0.01674882339315531 0.7211053339365759 0.7007692396471251 0.10609283154729898 0.13398019753845103 0.8258664638874338 0.8571002766746931 0.2507002180267305 0.442315622315009 0.40342872744456304 0.08645537423450134 0.2157298926207678 0.045359021017255974 0.2831463867594741 0.8034910563043137 0.3465074711108006 0.28316381275471303 0.40193484916879985 0.6277893660734801 0.18964124240172708 
