-18.240675992233687 -2.9560579189695204 
-16.39137598211329 -6.308847220395448 
-16.719577006987414 -4.761080848281707 
-16.094099829998946 -7.400034472702687 
-14.81455326885634 -10.902620734665026 
-15.305596234467949 -8.923527777237933 
-15.250965241043055 -9.131036746385298 
-18.344941937272164 -2.4368186461376333 
-14.869680727749808 -10.706852442348215 
-16.63150244612094 -5.185015361474587 
-14.432074296653116 -11.619695192872816 
-16.268546842616136 -6.804636801520461 
-18.071139966733107 -3.6431686741806355 
-18.029234780215695 -3.7632423275968785 
-18.376932456328547 -2.283881925198081 
-14.905127661632111 -10.580082793667533 
-15.486168973682659 -8.227452922824483 
-18.637531602587103 -1.1190869213819747 
-15.273636767789448 -9.058098996691815 
-18.53696669181309 -1.5298467277800392 
-15.610986566687815 -7.837597380251651 
-16.339152386322837 -6.55114278678578 
-16.438233810676962 -6.103766687898014 
-16.369560471308255 -6.410273441003999 
-14.732139538562066 -11.15630458838021 
-16.74138108866774 -4.655957757025521 
-16.017703985201457 -7.617417514576621 
-18.214061335616336 -3.069407544789913 
-18.288555686792407 -2.711382003821396 
-16.41630456241704 -6.207632541058041 
-18.471209117373366 -1.8204937127247371 
-18.892022775068273 -0.3446001323525354 
-16.499282274879555 -5.801321622486167 
-15.570169199244635 -7.953088733245348 
-18.952262540172768 -0.21093350759010818 
-15.881822570978496 -7.750272064759407 
-16.973401740807038 -3.9941131742755873 
-16.654791779908322 -5.063475990965555 
-15.954859411997722 -7.676597012252461 
-16.876221688109403 -4.227873619554422 
-15.51403677852509 -8.13486057944912 
-18.186679512498323 -3.192300609596359 
-18.738027420350615 -0.7665807438726835 
-16.696132700378158 -4.864667637939893 
-18.264289538991463 -2.828891024772943 
-16.171903228469652 -7.184066479903395 
-16.234138225408994 -6.966305502241631 
-18.11689696114116 -3.4806987403598173 
-18.407193977795973 -2.120990208183175 
-15.1869487456215 -9.404946339158334 
-15.40153901159031 -8.540492584400576 
-16.59523946734671 -5.311277309443181 
-14.763523759828084 -11.024389849832469 
-16.303891065161245 -6.713623889532949 
-15.543938670607274 -8.03689807553757 
-16.14398667814742 -7.277925313825756 
-16.063511120624188 -7.489355233179194 
-19.997794293724688 0.004542407781094913 
-16.484600923483825 -5.898608448225897 
-18.160046033555343 -3.320846596608919 
-16.463922682774136 -6.0007868516385905 
-16.535476633842936 -5.641497268840118 
-18.78117122349088 -0.6335816363630655 
-14.935261515552787 -10.46577050840264 
-19.030225186496843 -0.06776146286381121 
-18.605273485532315 -1.2530134191141282 
-14.693619197381175 -11.254654288994022 
-18.316410241735124 -2.5750723245265785 
-17.93987590061593 -3.8727322706134784 
-15.435405968112327 -8.40882600620484 
-16.206062808514037 -7.075783773001252 
-14.58038763326504 -11.444942643558178 
-14.54240961447835 -11.543992958946212 
-15.456626598745657 -8.325928193767059 
-18.700237892819565 -0.8996411952169013 
-14.99132553616145 -10.242762475223124 
-15.045775705237102 -10.021514666881151 
-16.679564535166776 -4.951041526847479 
-15.152049937720742 -9.567007375677237 
-15.07334870091005 -9.887686813608687 
-14.837551210570389 -10.80639400853699 
-17.03954598642348 -3.8755432383332735 
-16.838055972609098 -4.3368114194878284 
-16.55852727744096 -5.524027256577563 
-16.580074408805245 -5.430978818444696 
-15.107634123393156 -9.753865609777392 
-18.672015210207505 -0.9907621413149722 
-16.80311455551204 -4.45305984578876 
-15.363325480844736 -8.671504080355662 
-18.81692933467452 -0.5312911231658822 
-18.44065905027675 -1.9686645339970352 
-18.504385436765368 -1.673633120059378 
-16.76730870027408 -4.564254582939114 
-14.653290452833613 -11.346110451423524 
-18.571530943768515 -1.3905018375003546 
-15.019100208886346 -10.124495776735587 
-15.33942565579116 -8.787351873392831 
-15.2245765598087 -9.252473460982365 
-14.963421502851023 -10.354719727592112 
-16.917976427998383 -4.121604585939948 
