-0.9671984876698164 -2.5271936895379215E-4 -5.9543110911196245E-5 
-1.0345603386337612 -2.3178943156960483E-4 -0.9555212804845568 
-0.8359216258741832 -2.579565312847674E-4 -0.9563227519463289 
-1.08337379482654 0.02193520291896406 -1.0889802289524853 
-1.0839371569649896 -1.0290311337453533 -1.1004691569733513 
-1.0558342720541631 -0.8179569068227585 -1.0608001514079382 
-1.094906546088745 -0.8307351658407852 -1.0470537719181623 
-0.9035691185499569 -8.977422028413709E-4 -5.905496040559122E-5 
-1.0956226298035436 -0.9906376025548792 -1.108978789582141 
-0.9205726121275979 -7.443514581497654E-4 -0.9237636852220317 
-1.149067405842108 -1.14972570146442 -1.1657198891024982 
-1.0680437566206569 0.007651750754905373 -0.9971375589587037 
-1.0701503722880368 -5.259598542951388E-4 -9.094034993151278E-4 
-1.096837279553237 -5.007986984688635E-4 -1.221486170097728E-4 
-0.8848821874558599 -5.168382050514409E-4 -1.231105622903883E-4 
-1.0943975891393218 -0.9781855768783898 -1.1005484102008956 
-1.0737284508576732 -0.678360635392558 -1.0946488016755944 
-0.7310042280643868 -5.318675543283099E-4 -0.0010252031852957006 
-1.0676030916185866 -0.8131906060448922 -1.0826232724484897 
-0.7896662029699194 -5.259598542951388E-4 -9.094034993151278E-4 
-1.0940498638279614 -0.575006100208528 -1.100452592617789 
-0.9846147044863971 -7.452344506814437E-4 -1.037203614819237 
-0.9641070847061829 0.005698730655534542 -0.9971375589587037 
-0.9789862572105973 0.005781846799225554 -1.0241697443857545 
-1.0962655158162415 -1.0624210676842838 -1.1015367898037312 
-0.7042163177253924 -5.124049476601639E-4 -1.0813814593671731 
-1.1084492731600153 -9.09867027148008E-4 -1.1119272255341157 
-0.9822688223226507 -1.4167869047615467E-4 -0.0011574173543593817 
-0.9371442586581132 -1.4167869047615467E-4 -0.0011541407509615498 
-0.9774386201037741 0.005781846799225554 -0.9971194019021962 
-0.8279623034069975 -9.086097920497893E-4 -0.0010021749933357945 
-0.5864027185521679 -5.153459176814323E-4 4.230670959393192E-4 
-1.0154622413140189 -0.0010041342559329737 -0.9092546203384161 
-1.0746202960169273 -0.6323974085752808 -1.0861827993767144 
-0.5523427387477267 -5.439283557124551E-4 7.679198151861102E-4 
-1.1524383495026649 -2.3338447529053786E-4 -1.1531321558018273 
-1.082699424018062 -4.71023599719841E-4 -0.5712225856655362 
-0.8360002341699525 -7.446944208138984E-4 -0.9956159997734259 
-1.1524383495026649 -2.3338447529053786E-4 -1.1073514970877787 
-1.0709068612994208 -0.0013119635536027864 -0.6367778327390424 
-1.073192795164714 -0.6663197015276829 -1.0889802289524853 
-0.998867248211524 -5.315212296826362E-4 -0.0011220447244721524 
-0.6731679075524891 -5.313892402051573E-4 -0.0010387977270669248 
-0.770092200476388 -5.00911288507999E-4 -1.0390762574976105 
-0.9517851605412408 -0.0010919858183360937 4.325336686892895E-4 
-1.0345603386337612 -2.3215315557028416E-4 -1.0901632508601515 
-1.0154622413140189 -0.0010022218440365227 -1.0708496895449215 
-1.0414856382201372 -7.569154588902904E-4 -0.0011541407509615498 
-0.8656388663912608 -0.00107568328278131 -0.001120728557701104 
-1.0737284508576732 -0.8447252830037753 -1.0998394652103274 
-1.073192795164714 -0.7332982312748973 -1.0889802289524853 
-0.8311174184527961 -7.452344506814437E-4 -1.0371686679616403 
-1.0671928600432967 -1.062056744338551 -1.1015367898037312 
-1.0324037905750536 -7.40242136537575E-4 -1.010903571714235 
-1.0746202960169273 -0.6489259655335871 -1.0861827993767144 
-1.094906546088745 -7.51240096604258E-4 -1.0470537719181623 
-1.0713255957998211 -8.977422028413709E-4 -1.1206147764119625 
2.3410451907535101E-4 -5.122163929550791E-4 1.70141839198748E-4 
-0.9475626599647519 -5.312115005410079E-4 -0.9855653157373107 
-1.0162862776634531 -2.352547467864642E-4 -2.1448480925382956E-4 
-0.9626487736092979 -2.3441478404227764E-4 -0.9829797434190778 
-0.9073124995146897 -7.486860402889761E-4 -0.9953151458711583 
-0.6485772500247813 -5.470887358720907E-4 -0.0010012391922805737 
-1.0713395740213127 -0.9823128612966195 -1.0889802289524853 
-0.508736248488491 -0.0010931287373774875 4.325336686892895E-4 
-0.7504478735494509 -5.052580276537837E-4 -1.121203377744003E-4 
-1.0956226298035436 -1.0776978395215329 -1.108978789582141 
-0.9205726121275979 -5.439283557124551E-4 8.361685218464853E-4 
-1.1527879750608472 -5.007986984688635E-4 -1.221486170097728E-4 
-1.0566849789088648 -0.7417247279883701 -1.0672264517018883 
-1.0756642434011556 -5.075644753544688E-4 -1.0279180349938541 
-1.0946929832243493 -1.1103202334154028 -1.1540078100551163 
-1.1496679293691916 -1.1185717858574045 -1.1195842435718815 
-1.0550335822236339 -0.7157149599846789 -1.0877478053040808 
-0.6955582106076207 -4.922631903317401E-4 -2.103680006850765E-4 
-1.067218891307783 -0.9557796183790781 -1.0903737075407838 
-1.0713490460401545 -0.9266344016668052 -1.0889802289524853 
-0.8604001858354318 -2.3215315557028416E-4 -0.9555320914473613 
-1.0562678529332432 -0.8824863676047121 -1.086308646319577 
-1.0939587279908702 -0.8953879727230614 -1.0948619261885402 
-1.0671928600432967 -1.0260005156095264 -1.1015367898037312 
-0.5231534878305677 -5.153748699261873E-4 -1.0951501931878256 
-0.6760236257925104 -7.48123594807506E-4 -1.0519470715054369 
-0.9774386201037741 0.005781846799225554 -0.9110568605947337 
-0.9159910426034539 -0.0025459851330292935 -0.9594026281925366 
-1.058101917713311 -0.9019077950525711 -1.0903430266915504 
-0.7109926422372665 -4.985908328559616E-4 -0.001132642812634173 
-0.6766562637603419 -5.492976682368999E-4 -1.0728707538424684 
-1.07607328252413 -0.7430686104659007 -1.1028380656614847 
-0.6282244134038656 -0.0010919858183360937 4.325336686892895E-4 
-0.8463655320084289 -2.3215315557028416E-4 -0.0010363470519796417 
-0.8087824026162092 -5.321818920776488E-4 -9.038502372962409E-4 
-0.770229114881621 -7.486860402889761E-4 -0.9953151458711583 
-1.1354306173364985 -1.0812778439293607 -1.1004693600304398 
-0.770092200476388 -5.007986984688635E-4 -1.221486170097728E-4 
-1.0946929832243493 -0.9266344016668052 -1.0889802289524853 
-1.0742591452848114 -0.7715981988419275 -1.0838078403698663 
-1.0746237127703502 -0.8602583558669108 -1.0426216297181563 
-1.0946929832243493 -0.9543062987489571 -1.0903388669076735 
-0.6074925249544114 -3.737099704527472E-4 -1.0770842943188264 
