1.0 0.0 
0.3906976954376715 2.4859009510908088 
1.0 0.0 
0.3906976954376715 2.4859009510908088 
0.48614321575644825 1.7081390754979102 
0.4771836150312776 1.7312744361862387 
0.5600935499008803 0.9632350858129105 
0.5258687289987866 1.2782427578453481 
0.44238724887646935 2.020547933288758 
0.7030428463698034 2.242403159544333E-6 
0.39484814566190046 2.4621537134623908 
0.5131203573179084 1.4036069142888596 
0.6009345914929509 0.6088036020742167 
0.4069890130130725 2.366195330487516 
0.40026159952856655 2.420257455365755 
0.6296069791723626 0.333825672146274 
0.8341605505636147 6.825532553816167E-7 
0.4903328252423491 1.6279485148950625 
0.8687881871025971 3.294094092835745E-5 
0.7830180116783021 3.255504776424056E-5 
0.4708562555499661 1.7672336775212156 
0.9661864462775235 9.672515284553374E-8 
0.953258120809827 3.836237294321085E-4 
0.40325047557470917 2.4201859395730434 
0.4460355663700475 1.986077115702379 
0.5562243597455032 1.0094887133429171 
0.5171514720284763 1.3533194531784953 
0.45234237253186427 1.985213769680773 
0.8151803872837031 2.399603119264404E-5 
0.9808565476828508 0.012306971998003957 
0.5219645336463005 1.3225096963902514 
0.641724057172621 0.3148613532096519 
0.5397201200999568 1.2043558660109825 
0.7647168847521024 3.550917274699472E-4 
0.45955290805889554 1.8690495926652009 
0.5328521676666387 1.2043558660109825 
0.4239560662005231 2.2094347538919688 
0.7365585658270716 1.1333772844797797E-5 
0.622382561429012 0.4271378938041056 
0.43854188135729294 2.0885111551063638 
0.5931400640484613 0.6650042185161511 
0.6655892544926408 0.031000159542651503 
0.7268821562248607 1.5721134872322323E-5 
0.5465427476217468 1.0962635694729057 
0.882817022653928 3.294094092835745E-5 
0.45778658923545495 1.9415475061166885 
0.5691500282799284 0.8825902864756191 
0.9396058777300239 9.428734176336606E-7 
0.8508536411548042 0.0185755736722778 
0.6285264000366007 0.4271378938041056 
0.4095233809342927 2.3249910711933217 
0.45955290805889554 1.8690495926652009 
0.4134692403593602 2.284554994855784 
0.46951153434458687 1.818536473667335 
0.5750620109761665 0.834272982549591 
0.46951153434458687 1.818536473667335 
0.7516377536641121 1.3103713887763213E-4 
0.43194110569857963 2.1214076062598752 
0.49602324923135155 1.5413811233095829 
0.454963059141193 1.9415475061166885 
0.6068000128144556 0.5430397211942517 
0.4134692403593602 2.284554994855784 
0.43194110569857963 2.1214076062598752 
0.4275300423340309 2.158759400466356 
0.6516803720365483 0.1405559381473494 
0.79940322325267 3.255504776424056E-5 
0.42223235550821886 2.2197986917420334 
0.5691500282799284 0.8825902864756191 
0.5862523107021528 0.7462902062199508 
0.6152737704216312 0.4769029079160526 
0.43854188135729294 2.0885111551063638 
0.9263119095146193 0.0 
0.79940322325267 3.255504776424056E-5 
0.5941113326614837 0.6530953779558862 
0.5073243808219114 1.4533054023783538 
0.9103968718518429 6.498182599924884E-9 
0.5033768437785986 1.5021655812585608 
0.6612671196207819 0.09006168160432615 
0.642156999132265 0.25366080425251625 
0.7476430811090496 0.0018255964897408716 
0.5423423359587326 1.1237408758893033 
0.8885897593682581 9.428734176336606E-7 
0.6873155480167898 1.1337001217367072E-5 
0.41992463182549666 2.255995313891774 
0.5862523107021528 0.7462902062199508 
0.6068000128144556 0.5430397211942517 
0.6152737704216312 0.4769029079160526 
0.7167244822922603 1.5820682454224886E-4 
0.41992463182549666 2.255995313891774 
0.4275300423340309 2.158759400466356 
0.9898525773005677 5.633231046132345E-6 
0.39267266379599886 2.4859009510908088 
0.6499666015191499 0.21198942226324358 
0.5033768437785986 1.5021655812585608 
0.5527095713407758 1.0785193801824855 
0.49602324923135155 1.5413811233095829 
0.6730903365955354 0.01218290339927841 
0.8982991790960209 9.005716472279132E-7 
0.5073171801567742 1.4548797437912402 
0.40844523828530505 2.327334141363705 
