-1.093055995611213 -2.979792227971389E-6 -1.0785880273893027 
-0.0010077193087077731 -5.056689665076736E-4 -0.7110322527710501 
-9.81619046680371E-4 -5.065577517535055E-4 -1.0661708540104846 
2.9237201831140973E-4 -5.537633468348085E-4 -0.7986307999687292 
-1.0785365306703971 -0.8548591862983268 -1.0687497277527156 
-1.0891634070806284 -0.8904087450310267 -1.0687334549176186 
-0.9546352244432976 -3.913386896958401E-5 -0.9268723463882095 
-1.110868057334455 -0.9359013092119952 -1.091335248411134 
1.1605005753486262E-4 -5.480974430298473E-4 -0.6530574635217863 
-1.0752054796667547 -0.9756918364051073 -1.0788740077847017 
-1.1337987169707169 0.0015049925708455585 -1.11155025296996 
-9.81619046680371E-4 -2.7242495488695483E-4 -0.573273157258152 
-1.0829866187075419 -0.9386160889758559 -1.0772039187493676 
-0.9670152219842744 0.0015826063952958523 -1.0677840930301443 
-0.0011629983235223289 -2.7023964419645857E-4 -0.9605472047687569 
-1.1312946340414531 -1.0295458582610764 -1.0809425533126897 
-9.295944908566506E-4 0.0011871794553654088 -0.6737865141489381 
-1.0739399276979071 -0.6880701239284533 -1.0687334549176186 
-1.0414157853031656 -2.828938317412722E-4 -1.0815971471168568 
-1.0955103294596953 -0.8143184535839196 -1.0693747379591316 
-6.460546964635523E-4 -5.374998326416521E-4 -0.912788947492341 
-0.987162768637408 1.200400684251686E-4 -1.090796819098253 
-0.992605117771487 -0.7204326946233247 -1.0782755669871755 
-9.395948229981321E-4 0.0011871794553654088 -0.5475565232597364 
2.9237201831140973E-4 -2.979792227971389E-6 -0.9307156271507611 
-6.405763394847998E-4 -5.110043011046335E-4 -0.8493747990165149 
-0.570583160428592 -0.01676158319506038 -1.1235483318189654 
2.5749240384313315E-4 -3.131955980984727E-5 -0.8154130678920939 
-1.1159040888833305 -0.5493516040316857 -1.0935034504701506 
-1.0538105339362558 -0.8548591862983268 -1.0687497277527156 
-9.81619046680371E-4 -5.065577517535055E-4 -1.1112893332543612 
-1.0128891019595319 -4.5773661727373314E-4 -0.734427921955548 
-1.1152566094531362 -5.801345297378931E-4 -1.0912998266322025 
-1.0760497290256699 -0.01659603461762471 -1.077623270521826 
-0.9750438926611638 -3.913386896958401E-5 -0.9268723463882095 
-1.017388465967241 -5.860401175458615E-4 -0.8179717288484177 
-9.81619046680371E-4 -5.065577517535055E-4 -0.7855946311452935 
-6.572540324311577E-4 -3.254654273675361E-5 -0.752365618603356 
-1.0831046824641464 -0.9912416828979611 -1.1112291048006775 
2.685253930813741E-4 -5.382942760802622E-4 -1.080360989562231 
-0.6314984252546694 -3.8099018189767866E-4 -1.0777696081357226 
1.1639563830695421E-4 -4.575560368168123E-4 -0.734427921955548 
-9.81619046680371E-4 -5.042145434898903E-4 -0.5189816593106886 
-1.1159040888833305 -1.0924653105770135 -1.0914969193066932 
-1.0517280580186616 -0.7440976121134733 -1.0714246585509237 
-1.0830684586761734 -5.433836253079461E-4 -0.6530574635217863 
-0.9884930860384832 -5.10939037263567E-4 -0.7970901599769128 
-0.9761058137517734 -5.087075269621863E-4 -1.0807232503362427 
-1.052122283551341 -0.6880701239284533 -1.0687334549176186 
-1.0735814218797062 -0.9344319295572816 -1.067000942935798 
1.881292148592783E-4 -5.388614771915223E-4 -0.9947017571209605 
-9.820953083213419E-4 -4.6195200472127086E-4 -0.6928855636581965 
-1.0195834360617313 -1.3837757078139163E-5 -1.067983084151125 
-1.1547317212106594 -5.033427866140236E-4 -1.1497606605713182 
-0.5724561901496177 -2.828938317412722E-4 -1.0815971471168568 
-0.969843995563385 -5.38116208470945E-4 -0.8493747990165149 
-0.9637211026862867 -2.801856641068928E-5 -0.9864012703126507 
3.134153361415981E-4 -5.54166251200212E-4 -0.0014189511585357417 
-1.0536550728822656 -0.8882343170250433 -1.0687334549176186 
-0.6839051403728127 -5.2343975340624E-4 -1.0901952605856102 
-9.810871762981589E-4 -5.062893621797045E-4 -0.48051442256806115 
-1.0410784940583537 -5.804524395445727E-4 -0.9679873676453449 
-1.0752054796667547 -1.0295458582610764 -1.0788740077847017 
-0.0011939309181713674 -2.7023964419645857E-4 -0.7710143109403955 
-1.1131198263642297 -5.427259227792661E-4 -0.505379568329634 
-6.658853781838892E-4 -3.245884257778057E-5 -0.9764244417750727 
-1.0011053477816392 1.200400684251686E-4 -0.9145269156750826 
0.005673230717824551 -5.75367275192562E-4 -0.6006816112149448 
-1.0760497290256699 -0.01609000520260001 -1.0308342881627262 
-0.962191782751899 -4.997377610890878E-4 -0.9743543467829743 
-0.929099654835003 -5.087075269621863E-4 -0.9247496685061021 
-0.9784375782924337 6.467485157787443E-6 -0.9859277354334834 
-1.0781934429366602 -0.7866964057504419 -1.0760100325591142 
-1.1175532333677793 -1.054137026162588 -1.1119270476475571 
-1.0763143224692941 -0.7166228482692089 -1.1112462772287561 
-1.0979329777168734 -1.0295458582610764 -1.0823508963339594 
-1.119319294595017 -1.0986693229149718 -1.1233148310395353 
-0.9944176355819815 -7.685354426441252E-4 -0.8083487511466522 
-1.076277982649196 -0.978965743184599 -1.1054409719458353 
-1.0855098381314776 -0.9006665138268061 -1.0808871410896534 
-0.9434826360188038 1.3740412188418833E-4 -0.9806249669637229 
-1.0703712771614062 -0.7799247043507123 -1.0687334549176186 
-9.273468567586841E-4 -2.4069935990108596E-5 -1.030727682247742 
-6.460546964635523E-4 -5.38122884308776E-4 -0.8967068725675651 
-1.0855098381314776 -0.7034087767144064 -1.065580826664626 
-1.0011053477816392 1.1258990438151365E-4 -0.9900675723381189 
-1.162405946007251 -1.156392685711137 -1.1540425944626416 
2.685253930813741E-4 -5.382942760802622E-4 -1.0535160302292315 
-1.0760497290256699 -0.7805696324641334 -1.0400227832883198 
-0.9900277384709422 3.301934508633225E-6 -0.9874702530210263 
-3.5336625318321314E-4 -2.770049420915794E-5 -1.0118652465141722 
-0.0010077193087077731 -5.056689665076736E-4 -0.6246660325421571 
2.5749240384313315E-4 -3.131955980984727E-5 -0.8319996637081521 
-1.1342348199237051 -1.135594145611814 -1.1147563970409387 
-1.1175532333677793 -1.0289305493964067 -1.1155747866517687 
-9.395948229981321E-4 0.0011871794553654088 -0.9440407149431775 
1.8963427741025844E-4 -5.42500298626092E-4 -1.1525658930174114 
-1.037290792162848 -0.8375550312869364 -1.0687288252630152 
-0.8823007746145567 -5.795789824320109E-4 -5.438554024365105E-4 
1.9010311005524124E-4 -5.880136976704464E-4 -0.8661393265075614 
