-16.545144152856828 -5.606273969242528 
-16.43481049565404 -6.0679437352628405 
-16.75821925873884 -4.614753310485344 
-15.152478164445952 -9.56753622195981 
-18.03930430490561 -3.7338964306918503 
-14.553856235912617 -11.53777483939488 
-17.94545371221182 -3.872389152111728 
-16.06041160897763 -7.5301549744656775 
-15.205771368876626 -9.34633052838413 
-16.145902825179768 -7.279557011286943 
-15.528126652032592 -8.085586867587523 
-16.83008789744361 -4.35641602150367 
-14.82737201786168 -10.855491124966555 
-15.436334007609405 -8.411018665398275 
-16.64617350634859 -5.10940437710736 
-18.942981513487414 -0.22954276487719855 
-18.48808090050456 -1.7539566421556883 
-16.71370618415683 -4.789391980764094 
-18.64174651697482 -1.0971460035713458 
-17.01345303628576 -3.9170278106242122 
-19.997841491399583 0.003942583866109055 
-16.308172544962517 -6.682863310902633 
-15.994168537140467 -7.654894450825691 
-18.6870152028524 -0.939675976971418 
-19.00775158925873 -0.10497987560711519 
-14.929633024943838 -10.471104397704245 
-16.737979748671776 -4.690543566026698 
-16.388238155049137 -6.340474183554864 
-15.492803079680165 -8.208676908525533 
-15.459312203518436 -8.32708269654855 
-18.82744297783924 -0.506629778546814 
-16.206398521970595 -7.078139456613226 
-18.313118601873498 -2.591026228678849 
-14.955493730107717 -10.38744944880155 
-16.170955601225337 -7.210463566164212 
-15.012411399640149 -10.160212745944706 
-18.44236822337001 -1.9573636783484045 
-15.40996806891804 -8.48738515025359 
-14.779642417286649 -10.96528964568915 
-18.29035089305217 -2.7060561642743743 
-15.180330259130557 -9.4549972216801 
-15.604554538483384 -7.846171451928002 
-14.424297623774624 -11.626229539625642 
-19.07503172099325 4.195258816891254E-4 
-18.578173930492447 -1.3478169725323805 
-15.643890561952873 -7.750972581501371 
-16.869419870477394 -4.245538830668945 
-16.230258360196103 -6.956192325224437 
-16.26259375893998 -6.8360371555327095 
-16.099248202929218 -7.417920726090534 
-15.294510672422739 -8.9696934286302 
-18.23185983139691 -2.989389901836511 
-16.793695223595755 -4.4831353926674 
-16.418643069893925 -6.167221381892249 
-14.89917252636123 -10.607544791797483 
-15.388195957591513 -8.59214999881514 
-15.311603619144282 -8.844500498382237 
-16.5187818454843 -5.734150014423707 
-18.77815250077698 -0.6456859870624299 
-16.623578474717462 -5.223393123089277 
-15.35150479157035 -8.740500075928958 
-16.568998754846625 -5.487663926720146 
-14.747088666993584 -11.071285850182932 
-18.341690087511914 -2.4497119223028023 
-14.667395419128768 -11.301471390555161 
-18.067712444952022 -3.6475608555342283 
-14.979961244605452 -10.288787858088083 
-15.883242378592456 -7.747586137642127 
-18.726893138069265 -0.8019952602255234 
-18.261547925477775 -2.8462396865611734 
-18.51698039893833 -1.617802031731637 
-18.137551868120823 -3.402119479608233 
-15.265624403126516 -9.089642714308336 
-18.20042361441164 -3.1360074733018797 
-16.372249530333157 -6.419911268438144 
-16.928403555906023 -4.101539768452957 
-18.88387773612953 -0.3594367276673071 
-18.366150604249412 -2.3249080397941335 
-16.485062966725465 -5.893475280851304 
-16.69620966038935 -4.87117667895963 
-14.720081808712962 -11.193187241344628 
-16.597965712423516 -5.347249545194568 
-15.125045885561129 -9.691268622553928 
-18.548492999042296 -1.480200576879622 
-14.859631619118975 -10.7217664972829 
-15.040277648645034 -10.043706864329806 
-15.233002490231724 -9.223833304058466 
-18.608622557813497 -1.2322733021482062 
-18.171519857448107 -3.262181061676723 
-16.338829163787647 -6.560082761777677 
-18.468575316287954 -1.8401682661776217 
-18.391922614977084 -2.212696350671974 
-15.068822840937024 -9.926809417366005 
-18.418768718591643 -2.078323617509409 
-16.671736284787226 -4.986912194576913 
-16.97859806194682 -3.987528763576548 
-18.108179010255643 -3.514319772086473 
-15.094084953333676 -9.811352149022905 
-14.619706544326712 -11.414791852957768 
-15.566536183137323 -7.960506984970957 
