-0.9718817291985323 5.534304240664269E-4 -0.9246257977379537 
-1.0163214499206974 0.02334125199160747 -0.9466712330767002 
-0.7248238403400304 7.94564973546458E-4 -1.0488587683255397 
-1.0840021538249578 -0.8676776712622479 -1.0823197634261874 
-1.0900108186558972 6.318699367718947E-4 -7.310819168037939E-4 
-1.1404317017209111 -1.1169952059960584 -1.1209159128704296 
-1.1491169513782216 6.42697060575887E-4 -6.372778129090282E-6 
-1.0937695252825057 -4.614162974713176E-4 -1.0999815692200683 
-1.0793290937687783 -0.8498874954155688 -1.0704346155288587 
-1.0902752755867187 8.294859576032402E-4 -1.050462843674552 
-1.068023397715984 -0.6669971990502659 -1.0826393819823683 
-1.075530946451937 0.0044445491851487036 -0.6587671523187202 
-1.1084180497312057 -1.019873755382157 -1.0812625649276033 
-1.0856783575958238 -0.708573772438008 -1.0823197634261874 
-0.9107788597722809 -0.001734678775594781 -0.9247466459958489 
-0.5574954339913584 6.375900531302125E-4 -7.310819168037939E-4 
-0.8188514077964363 6.417964717088901E-4 5.8505561070006735E-5 
-0.8219633885092021 -0.001217156180213891 -0.9742257052597862 
-0.7278531109131816 -0.0017397373601866588 -3.227512699082931E-4 
-1.0888570587878321 5.837133557205657E-4 -0.5432958135571286 
2.856500948137065E-4 5.015940737870973E-4 -2.218526493402706E-5 
-0.9982377389566938 0.0017604702207391631 -1.0425163339913295 
-1.1126513956951396 -0.0012425489179132547 -1.1224328483437547 
-0.7026157952549122 7.8487928869556E-4 -6.353877020004196E-4 
-0.521168583514972 0.0010395883785143682 5.930833853105806E-4 
-1.0685071294150443 -0.9984715294173482 -1.0671595940718581 
-0.7810440448470475 7.94564973546458E-4 -1.001913193158201 
-0.9718817291985323 4.7788599833897653E-4 -1.0199172282633926 
-1.0816178506910636 -0.6868772106724713 -1.0709363559595548 
-1.0678800543808467 -0.708573772438008 -1.0823197634261874 
-0.6227552700735357 -3.8743477743883226E-4 -6.356125033261922E-4 
-1.0312525579002612 -0.0011368277826105202 -1.0720909893420074 
-0.9225330560430576 7.94564973546458E-4 -6.279238837162224E-4 
-1.0713789476031446 -0.9772231295444296 -1.079915572119425 
-1.0747209769481152 8.294859576032402E-4 -1.050462843674552 
-1.0680429255240889 -0.9525674997527396 -1.0764894275187464 
-0.8451372871654582 -0.0011162806561888553 5.490450520543966E-4 
-1.1060589867521 -0.708573772438008 -1.0823197634261874 
-1.081458743408859 -1.06288318018196 -1.0704206183082712 
-0.9364415291548562 7.819825767608399E-4 -3.268483710666378E-4 
-1.07897648862791 -0.8635414087999096 -1.0704346155288587 
-1.0756942797770042 -0.5942199860784525 -1.1029267262347524 
-1.1535066565318692 -1.1578691918378266 -1.1526516347914382 
-0.48403158636048066 9.498133301172266E-4 -6.34822628304661E-4 
-0.7647562625974194 -0.0017397373601866588 -3.227512699082931E-4 
-1.0982692419170295 -0.5499750193056616 -1.0982259656662015 
-0.6147190000838217 7.658098540928374E-4 -1.0993149744366013 
-1.0830213856683186 8.294859576032402E-4 -1.0058256453477517 
-1.074711823542657 -1.1819641380272916E-4 -0.9942584406371834 
-1.075530946451937 0.004599789397525422 -1.0940637021245356 
-1.0838815100492218 -0.8042561333273597 -1.0626929553034625 
-0.9718817291985323 5.534304240664269E-4 5.913582579702132E-4 
-1.0350655328640017 -4.127741383179756E-4 -0.7172705176510059 
-0.9676753121430058 -0.017659453002330842 -1.0052270610563956 
-1.0920235966637384 -0.9924108489310073 -1.0826393819823683 
-1.0589475587672326 -0.7690463176631972 -1.0636834393964836 
-1.0163214499206974 -0.8261561613455431 -1.0823197634261874 
-0.9377138010055797 8.683350816976116E-4 -0.9746962585232085 
-0.6506520294832095 6.332924231237009E-4 -5.337118847879264E-4 
-0.8940798885305936 -4.013527273377758E-4 -0.9552087321242198 
-1.081616013437362 -0.7690463176631972 -1.070422254741011 
-0.908514004114867 -5.696693384474264E-4 -0.9736867143281291 
-1.0972458306656308 -1.0702239526328097 -1.0710812349508356 
-0.9053770542657288 7.927882840922757E-4 -6.369222245680151E-4 
-1.0984240370064966 -1.0942183122352764 -1.0986811542827972 
-1.0713789476031446 -0.0017420904357045121 -3.227512699082931E-4 
-1.0719636212801695 -0.9696801319079468 -1.0709486301923563 
-1.1503188553659098 8.844923991147603E-4 -1.1543578670564865 
-0.6794719625910287 0.0010740515680074264 5.930833853105806E-4 
-0.9538261503218679 5.828022843105525E-4 6.30740989315869E-4 
-0.8014269375115627 7.94564973546458E-4 -6.279238837162224E-4 
-1.0289714828872072 5.008103841060985E-4 0.0011197321803554296 
-1.0838815100492218 -0.8204471583100521 -1.0618872606810295 
-0.9910279967882342 -4.863586880216528E-4 -6.278261157777246E-4 
-0.9910279967882342 8.294859576032402E-4 -1.0104348844834918 
-0.58259840022239 5.573790669378496E-4 -1.098074892483799 
-0.5904585526135382 9.509465004442785E-4 -6.165856959643075E-4 
-0.890353714122285 -0.0012362943467852199 5.175354532505993E-4 
-0.9459139937927006 -0.001217156180213891 -0.9869444210142377 
-0.8219633885092021 -0.001217156180213891 -0.9848672437478283 
-1.108340053583325 -1.0635371937013463 -1.098683086192911 
-0.8974660848743531 -3.9787022383068905E-4 -0.9672989056773027 
-1.0685071294150443 -0.9005923446445171 -1.067157843356377 
-0.7829353760774093 8.157112948670687E-4 6.428006577769746E-4 
-1.0842156088482353 -1.0261434198417905 -1.0637778798168673 
-1.067937702883628 -0.9439140621113962 -1.067157843356377 
-1.0490036726149317 -0.8542068773347733 -1.0709486301923563 
-0.7478852517421598 8.34522312686756E-4 -6.353877020004196E-4 
-1.0084310704763073 7.927882840922757E-4 -6.041024208058915E-4 
-1.027673853639588 -0.0014031220475051109 -0.9942584406371834 
-0.8301460515540147 5.585933734673609E-4 5.9991519988174E-4 
-0.876104630561895 -3.925004118833786E-4 5.6533104737413345E-5 
-1.0685071294150443 -0.9292124950964616 -1.067157843356377 
1.991235557168851E-4 6.453063665263215E-4 -0.8598052464021486 
-0.8429340984551984 6.451039136556591E-4 -0.9781538928787532 
-1.0888570587878321 5.837133557205657E-4 -0.5627615225243472 
-1.0469570000327042 -0.0011318553439669267 -6.369222245680151E-4 
-1.0921197056889806 -0.8931193462309475 -1.0826393819823683 
-1.1471306129912744 -1.0816470637804523 -1.1199147072090954 
-1.075615271316734 -0.6212445060988192 -1.1007719061626022 
