-3.141590389767769 -4.999999999987294 -1.5012837488903498E-5 
2.24537394998332 -3.123231799996352 3.9049975339995244 
-3.141590389767769 -4.999999999987294 -1.5012837488903498E-5 
-3.141590389767769 -4.999999999987294 -1.5012837488903498E-5 
2.2453739499833163 -3.123231802904517 3.9049975339961045 
2.2453739499835406 -3.1232317999435244 3.9049975339995218 
-3.141590389767769 -4.999999999987294 -1.5012837488903498E-5 
-3.141590389767769 -4.999999999987294 -1.5012837488903498E-5 
-3.141590389767769 -4.999999999987294 -1.5012837488903498E-5 
-3.141590389767769 -4.999999999987294 -1.5012837488903498E-5 
-3.141590389767769 -4.999999999987294 -1.5012837488903498E-5 
-3.141590389767769 -4.999999999987294 -1.5012837488903498E-5 
-3.141590389767769 -4.999999999987294 -1.5012837488903498E-5 
-3.141590389767769 -4.999999999987294 -1.5012837488903498E-5 
-3.141590389767769 -4.999999999987294 -1.5012837488903498E-5 
-3.141590389767769 -4.999999999987294 -1.5012837488903498E-5 
-3.141590389767769 -4.999999999987294 -1.5012837488903498E-5 
-3.141590389767769 -4.999999999987294 -1.5012837488903498E-5 
-3.141590389767769 -4.999999999987294 -1.5012837488903498E-5 
-3.141590389767769 -4.999999999987294 -1.5012837488903498E-5 
-3.141590389767769 -4.999999999987294 -1.5012837488903498E-5 
-3.141590389767769 -4.999999999987294 -1.5012837488903498E-5 
-3.141590389767769 -4.999999999987294 -1.5012837488903498E-5 
-3.141590389767769 -4.999999999987294 -1.5012837488903498E-5 
-3.141590389767769 -4.999999999987294 -1.5012837488903498E-5 
-3.141590389767769 -4.999999999987294 -1.5012837488903498E-5 
-3.141590389767769 -4.999999999987294 -1.5012837488903498E-5 
-3.141590389767769 -4.999999999987294 -1.5012837488903498E-5 
-3.141590389767769 -4.999999999987294 -1.5012837488903498E-5 
-3.141590389767769 -4.999999999987294 -1.5012837488903498E-5 
-3.141590389767769 -4.999999999987294 -1.5012837488903498E-5 
-3.141590389767769 -4.999999999987294 -1.5012837488903498E-5 
-3.141590389767769 -4.999999999987294 -1.5012837488903498E-5 
-3.141590389767769 -4.999999999987294 -1.5012837488903498E-5 
-3.141590389767769 -4.999999999987294 -1.5012837488903498E-5 
-3.141590389767769 -4.999999999987294 -1.5012837488903498E-5 
-3.141590389767769 -4.999999999987294 -1.5012837488903498E-5 
-3.141590389767769 -4.999999999987294 -1.5012837488903498E-5 
-3.141590389767769 -4.999999999987294 -1.5012837488903498E-5 
-3.141590389767769 -4.999999999987294 -1.5012837488903498E-5 
-3.141590389767769 -4.999999999987294 -1.5012837488903498E-5 
-3.141590389767769 -4.999999999987294 -1.5012837488903498E-5 
-3.141590389767769 -4.999999999987294 -1.5012837488903498E-5 
-3.141590389767769 -4.999999999987294 -1.5012837488903498E-5 
-3.141590389767769 -4.999999999987294 -1.5012837488903498E-5 
-3.141590389767769 -4.999999999987294 -1.5012837488903498E-5 
-3.141590389767769 -4.999999999987294 -1.5012837488903498E-5 
-3.141590389767769 -4.999999999987294 -1.5012837488903498E-5 
-3.141590389767769 -4.999999999987294 -1.5012837488903498E-5 
-3.141590389767769 -4.999999999987294 -1.5012837488903498E-5 
-3.141590389767769 -4.999999999987294 -1.5012837488903498E-5 
-3.141590389767769 -4.999999999987294 -1.5012837488903498E-5 
-3.141590389767769 -4.999999999987294 -1.5012837488903498E-5 
-3.141590389767769 -4.999999999987294 -1.5012837488903498E-5 
-3.141590389767769 -4.999999999987294 -1.5012837488903498E-5 
-3.141590389767769 -4.999999999987294 -1.5012837488903498E-5 
