0.6356145222692611 -0.36886612645272276 
0.4518542817281432 -0.12305931677161305 
0.42787399363479744 0.01744004708756886 
0.6486818953990081 -0.45333770302873627 
0.022047506739814204 0.8376253270410571 
0.20379270318061796 0.5244504376628354 
0.20735243796485114 0.4973390639537152 
0.03000639029815469 0.802721728354814 
0.027689032579283665 0.8128271289821968 
0.8364073745050311 -0.6753403309183079 
0.4467053183505293 -0.11250840835999393 
0.6330233415387154 -0.34057643930407583 
0.0323763166038461 0.7927398281755768 
0.6483777123458644 -0.452603746362319 
0.8323677415013344 -0.6187103113450786 
0.4473809294533745 -0.11456014034551827 
0.25224162123698873 0.24637476825399804 
0.046616756912935264 0.7379824510796857 
0.6457114751868042 -0.44332259140499314 
0.06648293512652735 0.6845737396078548 
0.08028391888536424 0.670240118440486 
0.21979695032762403 0.4033482467104946 
0.23286755495305578 0.31768548916961076 
0.03781582883450907 0.7706842648188377 
0.42122495231816065 0.09064387413107892 
0.23153718634022874 0.32535466135860774 
0.638191890889936 -0.39337708987963205 
0.23969576818484342 0.28332783097570574 
0.850160617382953 -0.772034452237405 
0.06956862803909049 0.6796126383221731 
0.6323571830306417 -0.3327402175026331 
0.20052992044140425 0.5490889662712419 
0.05617990658542506 0.7081196669241644 
0.45372375144086685 -0.12403441476510904 
0.4484513981240788 -0.11746479596999837 
0.008598834217267898 0.9052740221634448 
0.0784876489171077 0.6710113083865562 
0.01210751428559731 0.8857796716826809 
0.24839562760194547 0.25370301855506033 
0.250738311312804 0.24874709176213283 
0.0162785831296845 0.8647385717334086 
0.0012307247213700877 0.9651581483514805 
0.21215585270366302 0.4605076148445254 
0.2539805751763695 0.2441564455986909 
0.060238263811222714 0.6978126625698415 
0.842834295893643 -0.7394574522912789 
0.8493734052144399 -0.7706658346069055 
0.42455402745953796 0.05266237452608264 
0.2574938261342143 0.24233694950575385 
0.2422518878175642 0.2729372210027781 
0.8507890100292288 -0.7727678314794355 
0.2273751740819372 0.3510650878451508 
0.835228120162616 -0.6606478742503046 
0.08068387264326177 0.6701303592112577 
0.6440061864570593 -0.4349333133832842 
0.6425893256881237 -0.42672071870554573 
0.6502476082114003 -0.4564238968237176 
0.21545074845518103 0.4355000412918729 
0.43593215031758653 -0.05409321707956633 
0.4336026567570176 -0.035538429119363966 
0.6505548366967053 -0.4568712376302717 
0.05014053895858572 0.7261299950594825 
0.6521704052444208 -0.4580406174274212 
0.8484243412170327 -0.7683384333590672 
0.8512162763913931 -0.7730739009434845 
0.846963428760088 -0.76327297230755 
0.451008054190334 -0.12214429614073342 
0.4382328599326487 -0.07044057152325156 
0.07978583936385791 0.6704263370215974 
0.8455750025958543 -0.7568244681823015 
0.24699436573348724 0.2573547665716228 
0.44205224451825403 -0.09303789865705163 
0.8384854123701432 -0.6997867226328136 
0.44952373183891137 -0.1197845201514545 
0.005201065050910059 0.9273230545914224 
0.2555735383246228 0.24297817796829138 
0.24443318841950762 0.2651128323434326 
0.2370594649926109 0.29552215912682256 
0.22334380702716436 0.37808865257649144 
0.8407771021335757 -0.72249116225824 
0.07597496000383719 0.6726132732217467 
0.6472026178176651 -0.44900372325370697 
0.25644451701790294 0.24261696163975285 
0.4525102819601979 -0.12362675938399688 
0.4529145947676798 -0.12381068423834266 
0.651451432050934 -0.457666268574361 
0.6313275211200627 -0.3201641568308121 
0.4441471303936554 -0.10296527326849125 
0.8444400619356065 -0.7503833681028864 
0.850647848074027 -0.7726338016011413 
0.6407636379884557 -0.41436144321437707 
0.06280090057104061 0.691916525769653 
0.07231461133095694 0.6760277034136448 
0.05290171557504786 0.7176205464072404 
0.042669940931139516 0.7521775735208577 
0.43127981527074516 -0.015334337665548002 
0.44016454222168344 -0.08258814456286744 
0.07478660255550328 0.6735111674275774 
