2.017010342190519 0.38190715727601654 
-3.141592653589793 1.0777962352342065 
2.017010342190519 0.38190715727601654 
-3.141592653589793 1.0777962352342065 
1.1774339560971208 1.0342805542096674 
-3.1415402530660113 1.0612300823751817 
2.0089949721101448 0.5255972800923092 
1.1792329041332565 0.8272154260017629 
1.2108359228990182 0.6157043320603643 
2.009316227424982 0.4223852307772495 
1.2108359228990182 0.6157043320603643 
1.1812481973216533 0.8235687976383432 
1.183680262652508 0.771282619142957 
1.1857348030935309 0.7142336565087991 
2.01655884266197 0.41935623692294716 
1.2108019264502028 0.6562356183606537 
1.2108032872982961 0.618121611370989 
1.1857468446811361 0.6858369379718121 
1.1838608545978642 0.7374236119079594 
1.2086952710716228 0.6674260469064303 
1.1774339560971208 1.0342805542096674 
-3.1415402530660113 1.0612300823751817 
1.1857468446811361 0.6858369379718121 
1.1837938698479034 0.7537993418128459 
1.1838416513136585 0.7438293714954384 
1.183680262652508 0.771282619142957 
1.1837938698479034 0.7537993418128459 
1.1836826677268435 0.7625446078448199 
1.1836825985665194 0.7627932778120147 
1.2107088127377825 0.6613827936943713 
1.1838416513136585 0.7438293714954384 
1.2108019264502028 0.6562356183606537 
1.2107091032572481 0.6610104487850077 
1.1812481973216533 0.8235687976383432 
2.01655884266197 0.41935623692294716 
2.009316227424982 0.4223852307772495 
-3.141548697622397 1.064775601521592 
-3.141555524682354 1.0673341866509762 
1.2108032872982961 0.618121611370989 
-3.1415404371668636 1.0613126695314912 
-3.1415454499766797 1.0634673738105616 
-3.141559162968092 1.0686046057537304 
-3.1415557575803557 1.0674173298282967 
-3.141568559460254 1.0716301364286138 
-3.141562304144123 1.0696550491985397 
-3.141559162968092 1.0686046057537304 
-3.141579230823299 1.0746754219368309 
-3.1415849156908027 1.0761351519817204 
-3.141581647663089 1.0753105620037733 
-3.141563234083756 1.0699582477546106 
-3.141574884351607 1.073482373043905 
-3.1415712096629367 1.0724232779895624 
-3.1415773566802625 1.074168908748359 
-3.141548483026543 1.0646911004784292 
-3.1415650581193697 1.0705430385210983 
-3.141576858627616 1.0740322805986153 
-3.1415472110610483 1.0641847019133115 
-3.1415466355141284 1.0639523800626725 
-3.1415455850662926 1.063523086278741 
-3.1415809447950385 1.0751279849701505 
-3.1415852531543056 1.076217870350956 
-3.141572905217456 1.0729177493259758 
-3.141566222545979 1.0709096529941597 
1.2107091032572481 0.6610104487850077 
-3.1415882417840133 1.0769269131492365 
-3.1415899104861276 1.0772993402282012 
-3.141586780696353 1.0765859129017445 
-3.1415650581193697 1.0705430385210983 
-3.1415673806858893 1.0712692317234798 
-3.1415882403663344 1.0769265900049447 
-3.141586780696353 1.0765859129017445 
-3.141573969375428 1.0732230100535978 
-3.1415899104861276 1.0772993402282012 
-3.1415913682302175 1.0776011041466471 
-3.1415712096629367 1.0724232779895624 
-3.1415722126854693 1.0727169943533232 
1.1836826677268435 0.7625446078448199 
-3.141573969375428 1.0732230100535978 
-3.1415625017698865 1.0697197740478785 
-3.141567114017265 1.0711868783581695 
-3.141566638063354 1.0710392376062738 
-3.1415814030509592 1.0752472232357095 
-3.141546819614981 1.0640269127943958 
-3.1415470311325 1.0641122894441994 
-3.1415724153871483 1.0727759263856238 
-3.1415664404375905 1.0709776860459357 
-3.1415809447950385 1.0751279849701505 
-3.1415769868753483 1.0740675430235966 
-3.141555524682354 1.0673341866509762 
-3.1415557575803557 1.0674173298282967 
-3.141540269821834 1.061237609780871 
-3.1415673654022642 1.0712645188633323 
-3.1415472110610483 1.0641847019133115 
-3.14159196475135 1.0777119478578876 
-3.1415623723464674 1.0696774041494008 
-3.1415923342591885 1.0777716041124858 
-3.1415722126854693 1.0727169943533232 
-3.1415724153871483 1.0727759263856238 
-3.1415914102678086 1.077609258407722 
-3.141591645257933 1.077654040401999 
