2.017010342190519 -2.1578325069546667 4.510440892827884 
-3.141592653589793 -5.0 -4.7084259273368935E-4 
2.017010342190519 -2.1578325069546667 4.510440892827884 
-3.141592653589793 -5.0 -4.7084259273368935E-4 
1.1774339560971208 1.8976225612840274 4.6320584066571895 
-3.1415402530660113 -5.0 -4.7084259273368935E-4 
2.0089949721101448 -2.1211574586382778 4.525649758830471 
1.1792329041332565 1.9073571240313698 4.612723857725711 
1.2108359228990182 1.7611847144829145 4.678938833455093 
2.009316227424982 -2.1225939606162787 4.526896992517114 
1.2108359228990182 1.7611847144829145 4.678938833455093 
1.1812481973216533 1.8976225612840274 4.632239183598586 
1.183680262652508 1.8860781256049672 4.632215634309008 
1.1857348030935309 1.8775477715735607 4.632634911471927 
2.01655884266197 -2.155693754577487 4.511629005941331 
1.2108019264502028 1.7613071072933413 4.67841712581025 
1.2108032872982961 1.7613018582923499 4.67922529503966 
1.1857468446811361 1.87710782898486 4.634149409677223 
1.1838608545978642 1.8850546943015904 4.631123783233681 
1.2086952710716228 1.7710934195482508 4.676758697965334 
1.1774339560971208 1.8976225612840274 4.6320584066571895 
-3.1415402530660113 -5.0 -4.7084259273368935E-4 
1.1857468446811361 1.87710782898486 4.634149409677223 
1.1837938698479034 1.8860445270010926 4.632262309434331 
1.1838416513136585 1.8860374102297932 4.6322391622002055 
1.183680262652508 1.8860781256049672 4.632215634309008 
1.1837938698479034 1.8860445270010926 4.632262309434331 
1.1836826677268435 1.8852412977596373 4.631123783233681 
1.1836825985665194 1.8851362427097023 4.631069454401483 
1.2107088127377825 1.7614619513492082 4.678942626432902 
1.1838416513136585 1.8860374102297932 4.6322391622002055 
1.2108019264502028 1.7613071072933413 4.67841712581025 
1.2107091032572481 1.761466218950633 4.678942626432902 
1.1812481973216533 1.8976225612840274 4.632239183598586 
2.01655884266197 -2.155693754577487 4.511629005941331 
2.009316227424982 -2.1225939606162787 4.526896992517114 
-3.141548697622397 -5.0 -4.7084259273368935E-4 
-3.141555524682354 -5.0 -4.7084259273368935E-4 
1.2108032872982961 1.7613018582923499 4.67922529503966 
-3.1415404371668636 -5.0 -4.7084259273368935E-4 
-3.1415454499766797 -5.0 -4.7084259273368935E-4 
-3.141559162968092 -5.0 -4.7084259273368935E-4 
-3.1415557575803557 -5.0 -4.7084259273368935E-4 
-3.141568559460254 -5.0 -4.7084259273368935E-4 
-3.141562304144123 -5.0 -4.7084259273368935E-4 
-3.141559162968092 -5.0 -4.7084259273368935E-4 
-3.141579230823299 -5.0 -4.7084259273368935E-4 
-3.1415849156908027 -5.0 -4.7084259273368935E-4 
-3.141581647663089 -5.0 -4.7084259273368935E-4 
-3.141563234083756 -5.0 -4.7084259273368935E-4 
-3.141574884351607 -5.0 -4.7084259273368935E-4 
-3.1415712096629367 -5.0 -4.7084259273368935E-4 
-3.1415773566802625 -5.0 -4.7084259273368935E-4 
-3.141548483026543 -5.0 -4.7084259273368935E-4 
-3.1415650581193697 -5.0 -4.7084259273368935E-4 
-3.141576858627616 -5.0 -4.7084259273368935E-4 
-3.1415472110610483 -5.0 -4.7084259273368935E-4 
-3.1415466355141284 -5.0 -4.7084259273368935E-4 
-3.1415455850662926 -5.0 -4.7084259273368935E-4 
-3.1415809447950385 -5.0 -4.7084259273368935E-4 
-3.1415852531543056 -5.0 -4.7084259273368935E-4 
-3.141572905217456 -5.0 -4.7084259273368935E-4 
-3.141566222545979 -5.0 -4.7084259273368935E-4 
1.2107091032572481 1.761466218950633 4.678942626432902 
-3.1415882417840133 -5.0 -4.7084259273368935E-4 
-3.1415899104861276 -5.0 -4.7084259273368935E-4 
-3.141586780696353 -5.0 -4.7084259273368935E-4 
-3.1415650581193697 -5.0 -4.7084259273368935E-4 
-3.1415673806858893 -5.0 -4.7084259273368935E-4 
-3.1415882403663344 -5.0 -4.7084259273368935E-4 
-3.141586780696353 -5.0 -4.7084259273368935E-4 
-3.141573969375428 -5.0 -4.7084259273368935E-4 
-3.1415899104861276 -5.0 -4.7084259273368935E-4 
-3.1415913682302175 -5.0 -4.7084259273368935E-4 
-3.1415712096629367 -5.0 -4.7084259273368935E-4 
-3.1415722126854693 -5.0 -4.7084259273368935E-4 
1.1836826677268435 1.8852412977596373 4.631123783233681 
-3.141573969375428 -5.0 -4.7084259273368935E-4 
-3.1415625017698865 -5.0 -4.7084259273368935E-4 
-3.141567114017265 -5.0 -4.7084259273368935E-4 
-3.141566638063354 -5.0 -4.7084259273368935E-4 
-3.1415814030509592 -5.0 -4.7084259273368935E-4 
-3.141546819614981 -5.0 -4.7084259273368935E-4 
-3.1415470311325 -5.0 -4.7084259273368935E-4 
-3.1415724153871483 -5.0 -4.7084259273368935E-4 
-3.1415664404375905 -5.0 -4.7084259273368935E-4 
-3.1415809447950385 -5.0 -4.7084259273368935E-4 
-3.1415769868753483 -5.0 -4.7084259273368935E-4 
-3.141555524682354 -5.0 -4.7084259273368935E-4 
-3.1415557575803557 -5.0 -4.7084259273368935E-4 
-3.141540269821834 -5.0 -4.7084259273368935E-4 
-3.1415673654022642 -5.0 -4.7084259273368935E-4 
-3.1415472110610483 -5.0 -4.7084259273368935E-4 
-3.14159196475135 -5.0 -4.7084259273368935E-4 
-3.1415623723464674 -5.0 -4.7084259273368935E-4 
-3.1415923342591885 -5.0 -4.7084259273368935E-4 
-3.1415722126854693 -5.0 -4.7084259273368935E-4 
-3.1415724153871483 -5.0 -4.7084259273368935E-4 
-3.1415914102678086 -5.0 -4.7084259273368935E-4 
-3.141591645257933 -5.0 -4.7084259273368935E-4 
