0.6309351529622699 2.107838599226634 
0.4637533126225442 6.124484382956532 
0.9434223613221506 1.0599706412090186 
0.8725847949675154 1.1460206002527744 
0.7687341687389921 1.300993815851445 
0.5814115188622495 3.0625171701842073 
0.4514377523990363 6.5400417567836495 
0.6810823930086063 1.4682581862500694 
0.5308416637758636 4.190651940930899 
0.5653870823106916 3.462116736103466 
0.4674092849247395 6.051413402383763 
0.7420465489455111 1.3476574320628054 
0.45907179866125486 6.29915763915164 
0.9730422722213856 1.0281254651853127 
0.6649262807297576 1.545648261317087 
0.4045803936247277 8.332184389433458 
0.4905904913176188 5.26990361884711 
0.6556466329564163 1.6975133521694994 
0.4881819037119388 5.343318859051939 
0.9097735284208517 1.0996248049875186 
0.8066046313640487 1.2397705169491344 
0.6216935666865782 2.262204713574672 
0.4794507405767621 5.617770773811377 
0.6166648150722331 2.3801251984661715 
0.6056463043221938 2.5620236924817834 
0.5175575051769079 4.528837256443283 
0.4024550356930584 8.405350544026204 
0.4286845218503396 7.3404280501791215 
0.48311744170273774 5.505801934412901 
0.39662465306218725 8.701102938960052 
0.4681341014532337 5.95740135709505 
0.5974675128343719 2.7460695852696375 
0.8397556523439151 1.1968710200936177 
0.4435190135426846 6.7855990320942725 
0.566338713327483 3.3726953216438527 
0.9999999999544841 1.0000000000458082 
0.5092874407258551 4.801618722398563 
0.6137835320233699 2.4646623544034907 
0.39191834412458526 8.916804764057984 
0.5746130965303755 3.25279066113467 
0.7129457482704773 1.4046074687380705 
0.5337497689780732 4.132496825850789 
0.47508048122401203 5.744798487762006 
0.49618263342841046 5.1427879635762395 
0.4356044298647335 7.096167994154727 
0.42088199422269745 7.660427708305861 
0.49766770837735835 5.071273828227385 
0.4075608286301002 8.194637698819072 
0.5410314483247667 3.999193616283346 
0.6276250741652517 2.1570595064620117 
0.4852648600114143 5.426334645163539 
0.4926021034466741 5.212802387117802 
0.41954848090299685 7.708944494940262 
0.6047518990422432 2.6747237551815615 
0.4330852321024438 7.170874918804105 
0.5094513083731651 4.745082750476717 
0.5761795347624218 3.1556401272617878 
0.4380455890669743 7.024513842333018 
0.6588554507108659 1.6260372889970631 
0.45096077704095855 6.645221473653953 
0.513670107108257 4.647737630464071 
0.6394276836852659 1.982737093633743 
0.415878984386344 7.8440372160228815 
0.52307920122458 4.388800447907112 
0.4000344745151698 8.51893382505507 
0.5924795117626358 2.81546044715691 
0.5041124261182001 4.887980035995993 
0.43070883516088176 7.26842615930408 
0.6385165898122211 2.05794665757487 
0.5264272341641162 4.308717297503371 
0.5603631676238096 3.5286771150038434 
0.417847975563394 7.759627225495928 
0.5526567924359593 3.666618320657999 
0.4391722181563343 6.94964067062016 
0.5007034614148488 4.9842619301343865 
0.4532047370172987 6.459791880972132 
0.5432019362103045 3.8944393940567883 
0.4770061693880622 5.695603573781082 
0.4098121834119427 8.087131265439735 
0.4223650897741428 7.599970840659418 
0.41365693230021355 7.924705584845394 
0.46081550615838207 6.195956525217721 
0.45612958707338425 6.386684600088844 
0.5560845347433693 3.61182530132421 
0.42562918111801407 7.450273477792926 
0.4118504017348595 8.006916065925926 
0.5356794991604028 4.068515837197184 
0.5479344674556728 3.7775715217387043 
0.6461234518767385 1.8370561266522014 
0.39740347788026287 8.619440730093576 
0.4705346309150278 5.8878856458744675 
0.6507455518931984 1.7647955606415038 
0.4238507574411159 7.51968397561097 
0.5852259069056103 2.966955141540038 
0.47273170737286857 5.812833707949037 
0.6434747340221805 1.8870080601557433 
0.4453854260034916 6.728406598883092 
0.5889347060578202 2.889436939156348 
0.39229161154501735 8.846158597313737 
0.3895227133462872 8.971644626291798 
