0.6309351529622699 0.32990946902283325 
0.4637533126225442 1.8402499207011305 
0.9434223613221506 5.261566611846095E-9 
0.8725847949675154 1.5050011613226724E-7 
0.7687341687389921 1.1839956312995883E-4 
0.5814115188622495 0.7805827594585183 
0.4514377523990363 1.9524217512782553 
0.6810823930086063 4.799045673388458E-6 
0.5308416637758636 1.224572648629311 
0.5653870823106916 0.957436080044553 
0.4674092849247395 1.8284868111921795 
0.7420465489455111 2.4546622974358154E-5 
0.45907179866125486 1.8917656274561274 
0.9730422722213856 4.095387725857602E-4 
0.6649262807297576 0.02774214971398714 
0.4045803936247277 2.3710384400307998 
0.4905904913176188 1.585364605566701 
0.6556466329564163 0.11296891374849172 
0.4881819037119388 1.6085115727518806 
0.9097735284208517 4.095387725857602E-4 
0.8066046313640487 4.640799772720472E-6 
0.6216935666865782 0.40639811695742656 
0.4794507405767621 1.6934443578943545 
0.6166648150722331 0.46773946536090405 
0.6056463043221938 0.5516801809374927 
0.5175575051769079 1.3439337117970176 
0.4024550356930584 2.382775653208734 
0.4286845218503396 2.1467278888678574 
0.48311744170273774 1.6599489450755454 
0.39662465306218725 2.451071934423408 
0.4681341014532337 1.788862731299966 
0.5974675128343719 0.6406873651811656 
0.8397556523439151 0.005079204250242975 
0.4435190135426846 2.009542189010647 
0.566338713327483 0.910087928905401 
0.9999999999544841 2.9220828508740925E-13 
0.5092874407258551 1.445404110471714 
0.6137835320233699 0.512769165130809 
0.39191834412458526 2.494659358011818 
0.5746130965303755 0.8690961141596802 
0.7129457482704773 0.0014089228257648245 
0.5337497689780732 1.2057192261004799 
0.47508048122401203 1.7292416301009506 
0.49618263342841046 1.5517620749311907 
0.4356044298647335 2.0911222133181395 
0.42088199422269745 2.224136090470579 
0.49766770837735835 1.5238092246479962 
0.4075608286301002 2.3398133308541587 
0.5410314483247667 1.16368951434894 
0.6276250741652517 0.3538246327220812 
0.4852648600114143 1.6332095219603722 
0.4926021034466741 1.567837420746073 
0.41954848090299685 2.234275952217707 
0.6047518990422432 0.6175442703594494 
0.4330852321024438 2.105600028587869 
0.5094513083731651 1.4173886155693003 
0.5761795347624218 0.8182152604033265 
0.4380455890669743 2.077057303973882 
0.6588554507108659 0.07132353091483465 
0.45096077704095855 1.9967342393682501 
0.513670107108257 1.387403886451556 
0.6394276836852659 0.26781698713908064 
0.415878984386344 2.262170230888281 
0.52307920122458 1.295690232625331 
0.4000344745151698 2.4078672161354104 
0.5924795117626358 0.6681026311185383 
0.5041124261182001 1.464091474763267 
0.43070883516088176 2.130575364526742 
0.6385165898122211 0.31403308181016487 
0.5264272341641162 1.268226129719785 
0.5603631676238096 0.9773406856851994 
0.417847975563394 2.242344527300069 
0.5526567924359593 1.0263815201817734 
0.4391722181563343 2.0520891087057302 
0.5007034614148488 1.4956372010165424 
0.4532047370172987 1.9276082806024561 
0.5432019362103045 1.1154670193053327 
0.4770061693880622 1.716838043082271 
0.4098121834119427 2.314204921428845 
0.4223650897741428 2.2099623663959824 
0.41365693230021355 2.278109401609515 
0.46081550615838207 1.855192842303534 
0.45612958707338425 1.913155809406467 
0.5560845347433693 1.0084801922612028 
0.42562918111801407 2.171053799458262 
0.4118504017348595 2.297651598408893 
0.5356794991604028 1.179420525995955 
0.5479344674556728 1.0698616400396124 
0.6461234518767385 0.18696504584383133 
0.39740347788026287 2.425395723521979 
0.4705346309150278 1.7704540992514324 
0.6507455518931984 0.14843286108832188 
0.4238507574411159 2.1872237487805313 
0.5852259069056103 0.7363390134560319 
0.47273170737286857 1.7479108034333106 
0.6434747340221805 0.21424200960642759 
0.4453854260034916 1.9967342393682501 
0.5889347060578202 0.7016896944346516 
0.39229161154501735 2.470273812123016 
0.3895227133462872 2.494659358011818 
