0.8236242513303229 -0.4630377594712465 
0.1823487649796064 0.6714017209834985 
0.2217748861254822 0.3918355277156995 
0.8444386350348474 -0.7486195986003752 
0.41117319772965527 0.21956111628851913 
0.6220269170554638 -0.18323955295873615 
0.6244600672312499 -0.2220267817446181 
0.8392371637592113 -0.7055687381022611 
0.23994697391357409 0.2942357969290293 
0.01790963767847406 0.8595031253485349 
0.41506042455392644 0.16885346215199856 
0.8344127214943149 -0.6477741720731878 
0.024170828886406592 0.8304732660485712 
0.8265549992457395 -0.520343380575646 
0.24529261091263616 0.2644712989592311 
0.23325952387917837 0.3184466239495999 
0.010292227546757515 0.8987987129830832 
0.4248100924174537 0.05148496698706206 
0.21433418412740224 0.44586498470313396 
0.41365637157694296 0.18678029949225988 
0.6453069807347918 -0.43977726975614806 
0.19908678286014855 0.5621930763417115 
0.433681724235762 -0.03380058222928473 
0.8295594113427741 -0.5731839893417691 
0.4266902623686053 0.031882839091305355 
0.43226104345747324 -0.021572961306500604 
0.4359688182897239 -0.046914081691483804 
0.05838093252412463 0.7058186964867552 
0.1902647185947429 0.6235693385242622 
0.4181639293975681 0.129445015334566 
0.22475927429073947 0.3715296134743081 
0.21127787302872256 0.4692929838083405 
0.8331404225929502 -0.629959523266965 
0.633682097986499 -0.34603889021317347 
0.013775216838519594 0.8820918607376378 
0.04587715685161051 0.7441376110967195 
0.41933567286049456 0.11492883626317495 
0.8320233234465262 -0.6136374369980739 
0.41641334057273155 0.15200397708392682 
0.4386105156574541 -0.0708018670280499 
0.029990479912497314 0.806804143592869 
0.44655516784554844 -0.10928578801450718 
0.22765984704325648 0.3520471131952167 
0.4097288152304336 0.2396008052391487 
0.45446273238683965 -0.12216140312120924 
0.828851465908219 -0.5536763076416742 
0.002276938816799988 0.9553400114117477 
0.6313027370934916 -0.3173665910854344 
0.07219166349806677 0.6789163432051364 
0.0324271885187358 0.7948731406079298 
0.0065070039801291835 0.9271424886412296 
0.06428119234256979 0.6926071074435909 
0.6284225667576234 -0.2799664985394945 
0.036892634439796845 0.7776047075623187 
0.23006330530451935 0.3373128116872306 
0.2043164260120158 0.5228396618977251 
0.20146886892229415 0.5450150340495087 
0.8373910813719116 -0.6857212403567658 
0.8275521262961717 -0.5381989934501681 
0.21940861344243756 0.4087521218153441 
0.2177041491857183 0.42136274203652363 
0.6519991229965658 -0.4567280174263483 
0.6232293661127383 -0.20362669990174115 
0.8250944155290456 -0.4913747508473237 
0.6374895262655866 -0.3854305636982306 
0.1935240231613538 0.6015055403687026 
0.41240641401845507 0.20336271920959623 
0.25716926631011866 0.24489578643227128 
0.6357042618056016 -0.3677131954007656 
0.6272379376202633 -0.2638720604357136 
0.639637758178012 -0.4040419220112882 
0.830815480512899 -0.5940761461799791 
0.8261731732905482 -0.5064704399027029 
0.8515126576502723 -0.7714107626077584 
0.422630381449554 0.07626632543232793 
0.6193817925898321 -0.1395871168061275 
0.6184711405106035 -0.12352577423667585 
0.6252770213926955 -0.23456361365316306 
8.055769166979976E-7 1.002712507364478 
0.08332151304910046 0.67265206088981 
0.04033329479477554 0.763841396652825 
0.20769368169798355 0.4969490674753853 
0.4292963865355475 0.0053930370387981486 
0.196423349379199 0.5818964419630156 
0.18679436644187725 0.6455278501319965 
0.2421768485866964 0.27699960491860376 
0.4308749689045978 -0.009100041290884328 
0.02130365933994971 0.8451965506582556 
5.515622664184205E-4 0.9787628905950799 
0.44149406719780493 -0.08776346392434367 
0.8359483586826119 -0.6674053900790238 
0.4205665367324486 0.10050486621773087 
0.6263176014070492 -0.2503292587891168 
0.6211270086907497 -0.1682380285324786 
0.6325909165332918 -0.33300448966292856 
0.05062162268338721 0.7271413074408598 
0.8409877160834845 -0.7224906406409192 
0.6421404354645572 -0.4217086972062525 
0.6295647269840176 -0.2956218391750503 
0.6203216629655945 -0.15500844099436706 
