1.9155273050658603 0.4124800459049608 
1.9155273050658603 0.4124800459049608 
1.9029784068880535 0.4914387801979692 
1.9029847877260317 0.4829081031095845 
1.9029752555034163 0.4949947057622651 
1.9029752555034163 0.4949947057622651 
1.9155273050658603 0.4124800459049608 
1.9155273050658603 0.4124800459049608 
0.10760277457920592 0.79549692595203 
0.1074521016205326 0.8317177975224539 
0.10745005799136309 0.8391821285857957 
1.9155273050658603 0.4124800459049608 
-3.141592653589793 1.0298654176377449 
0.1074521016205326 0.8317177975224539 
1.9155273050658603 0.4124800459049608 
0.10720551800713811 0.8710089845103712 
0.10760277457920592 0.79549692595203 
0.10717106925450183 0.88920309978937 
0.10744978256890347 0.8405636059060939 
-3.141592653589793 1.0298654176377449 
0.10760277457920592 0.79549692595203 
0.10744978256890347 0.8405636059060939 
0.10500752018982594 0.8912940976277004 
0.10500752018982594 0.8912940976277004 
0.1074521016205326 0.8317177975224539 
0.10760277457920592 0.79549692595203 
1.9155273050658603 0.4124800459049608 
0.1048431463259044 1.0046692308222667 
1.9029799887452026 0.48616968002988564 
1.9029857137395618 0.4794708741358877 
1.9155273050658603 0.4124800459049608 
0.10760277457920592 0.79549692595203 
-3.141592653589793 1.0298654176377449 
0.10490149117378968 0.901272486514967 
0.10760277457920592 0.79549692595203 
1.897549985957688 0.6243087784959199 
1.9155273050658603 0.4124800459049608 
0.1048788886281166 0.9062261118479225 
0.1048431463259044 1.0046692308222667 
0.107456766647745 0.8292003562825454 
0.10760300521983106 0.7950440019226009 
1.8976547451454446 0.4952183650013079 
0.1048788886281166 0.9062261118479225 
0.10760277457920592 0.79549692595203 
0.10760300521983106 0.7950440019226009 
0.10745005799136309 0.8391821285857957 
1.9155273050658603 0.4124800459049608 
0.10720551800713811 0.8710089845103712 
1.9155273050658603 0.4124800459049608 
0.1048431463259044 1.0046692308222667 
0.10744978256890347 0.8405636059060939 
0.10720551800713811 0.8710089845103712 
0.10744994485511629 0.8392862961580357 
0.10484113342495253 1.0047559020696522 
0.10482109379801158 1.006498512727891 
0.10760300521983106 0.7950440019226009 
0.10720081756308616 0.8753922739745591 
0.10744978256890347 0.8405636059060939 
0.10744978256890347 0.8405636059060939 
0.10720551800713811 0.8710089845103712 
0.10487410083013912 0.907879332864097 
0.10760300521983106 0.7950440019226009 
0.1074521016205326 0.8317177975224539 
