1.9155273050658603 -1.6897198403260272 4.705728397021374 
1.9155273050658603 -1.6897198403260272 4.705728397021374 
1.9029784068880535 -1.6305486683555346 4.7280326989974215 
1.9029847877260317 -1.6305669504111557 4.728055208137526 
1.9029752555034163 -1.6305486683555346 4.72794103259891 
1.9029752555034163 -1.6305486683555346 4.72794103259891 
1.9155273050658603 -1.6897198403260272 4.705728397021374 
1.9155273050658603 -1.6897198403260272 4.705728397021374 
0.10760277457920592 4.971162296752693 0.5369839912724885 
0.1074521016205326 4.971162372406865 0.5369846004434318 
0.10745005799136309 4.9711605695753205 0.5369840092914261 
1.9155273050658603 -1.6897198403260272 4.705728397021374 
-3.141592653589793 -5.0 2.6638255300788466E-5 
0.1074521016205326 4.971162372406865 0.5369846004434318 
1.9155273050658603 -1.6897198403260272 4.705728397021374 
0.10720551800713811 4.971292907964508 0.5369863400285192 
0.10760277457920592 4.971162296752693 0.5369839912724885 
0.10717106925450183 4.971292907964508 0.5369866431145934 
0.10744978256890347 4.9711597536571075 0.5369846004434318 
-3.141592653589793 -5.0 2.6638255300788466E-5 
0.10760277457920592 4.971162296752693 0.5369839912724885 
0.10744978256890347 4.9711597536571075 0.5369846004434318 
0.10500752018982594 4.9724471508356585 0.5265648993974567 
0.10500752018982594 4.9724471508356585 0.5265648993974567 
0.1074521016205326 4.971162372406865 0.5369846004434318 
0.10760277457920592 4.971162296752693 0.5369839912724885 
1.9155273050658603 -1.6897198403260272 4.705728397021374 
0.1048431463259044 4.972511641108637 0.5369866163890278 
1.9029799887452026 -1.630547562728955 4.728050133636915 
1.9029857137395618 -1.6305669504111557 4.728206297345833 
1.9155273050658603 -1.6897198403260272 4.705728397021374 
0.10760277457920592 4.971162296752693 0.5369839912724885 
-3.141592653589793 -5.0 2.6638255300788466E-5 
0.10490149117378968 4.9725169095067905 0.5272467848982355 
0.10760277457920592 4.971162296752693 0.5369839912724885 
1.897549985957688 -1.612581762401452 4.7351066736877225 
1.9155273050658603 -1.6897198403260272 4.705728397021374 
0.1048788886281166 4.972502576115409 0.5264499013744567 
0.1048431463259044 4.972511641108637 0.5369866163890278 
0.107456766647745 4.9711623219355925 0.5368454363552484 
0.10760300521983106 4.971162372406865 0.5369845784652223 
1.8976547451454446 -1.6038468852381005 4.735264604476005 
0.1048788886281166 4.972502576115409 0.5264499013744567 
0.10760277457920592 4.971162296752693 0.5369839912724885 
0.10760300521983106 4.971162372406865 0.5369845784652223 
0.10745005799136309 4.9711605695753205 0.5369840092914261 
1.9155273050658603 -1.6897198403260272 4.705728397021374 
0.10720551800713811 4.971292907964508 0.5369863400285192 
1.9155273050658603 -1.6897198403260272 4.705728397021374 
0.1048431463259044 4.972511641108637 0.5369866163890278 
0.10744978256890347 4.9711597536571075 0.5369846004434318 
0.10720551800713811 4.971292907964508 0.5369863400285192 
0.10744994485511629 4.9711605744334015 0.5369840092914261 
0.10484113342495253 4.9725115384066 0.5369282156570947 
0.10482109379801158 4.972516631064153 0.5368498110159075 
0.10760300521983106 4.971162372406865 0.5369845784652223 
0.10720081756308616 4.971292907964508 0.5369863287255388 
0.10744978256890347 4.9711597536571075 0.5369846004434318 
0.10744978256890347 4.9711597536571075 0.5369846004434318 
0.10720551800713811 4.971292907964508 0.5369863400285192 
0.10487410083013912 4.972501794146298 0.5264499613799004 
0.10760300521983106 4.971162372406865 0.5369845784652223 
0.1074521016205326 4.971162372406865 0.5369846004434318 
