-17.979360722814597 -3.852630102316236 
-14.740222450861777 -11.141433293133785 
-17.970362128862284 -3.861510397852288 
-18.098151210325653 -3.563916993061395 
-16.44634764478983 -6.084930398162864 
-18.436945704113196 -1.999257426250802 
-14.472782575339174 -11.618658544019263 
-18.698054008191008 -0.911422935925763 
-16.703621830025664 -4.758540741504944 
-18.194674953819998 -3.171804740500062 
-16.570174784937137 -5.488944913932931 
-18.638524984621824 -1.1282790876836026 
-14.506124273940287 -11.597280301326277 
-16.35792328102573 -6.487232921958057 
-16.625863112862973 -5.215324599815968 
-18.28058398570412 -2.764539958808278 
-16.139878689548116 -7.318007779088703 
-15.075841241760362 -9.899835263441869 
-15.940360339026633 -7.725461361776178 
-18.194674953819998 -3.171804740500062 
-16.396365062639767 -6.315429152387587 
-14.661252954132042 -11.347342214595571 
-18.510672055506355 -1.6584683681803754 
-15.264612967558556 -9.09874981854344 
-15.372002010646206 -8.6162035531042 
-16.343955825649715 -6.548516146468759 
-16.27547609954643 -6.835016500436211 
-14.86653674792547 -10.727480793728734 
-18.571376129570005 -1.3961712819687442 
-14.80807849143692 -10.930552588199424 
-18.080481191067094 -3.6242265253931634 
-15.281884623346922 -9.027410069047296 
-18.695164465912917 -0.9221820195142595 
-14.932788708876924 -10.479864827782684 
-15.024430363387589 -10.113533353837688 
-16.02374645947287 -7.609226769744739 
-16.2061659366591 -7.095795929997925 
-14.673579437859566 -11.318352924115135 
-14.714984859843206 -11.211907790555653 
-15.006003431312049 -10.189728536850545 
-17.948254360056374 -3.8737110616540646 
-15.182513110078878 -9.445995914649025 
-18.236198107895273 -2.9791304869626622 
-14.830733297567441 -10.849297614630668 
-16.59958861098427 -5.344725978936732 
-15.996282747286957 -7.656895738530238 
-16.238876723171906 -6.977596659088464 
-16.632254357336326 -5.183747895704515 
-18.00980220030801 -3.807147182296488 
-18.638524984621824 -1.1282790876836026 
-18.055329185708295 -3.700269546098726 
-16.06254986182267 -7.526851239828584 
-16.174225855400508 -7.207886890078036 
-18.31087272301369 -2.6156674899831995 
-18.474477046179448 -1.8230662942620313 
-17.952373618725623 -3.872474166979107 
-17.957760824302344 -3.870147826883935 
-16.29658134787234 -6.74917009517704 
-19.999357999396086 0.0020409441915969478 
-18.387575581737085 -2.2374613051225847 
-18.15617231486432 -3.3399621445135583 
-18.118383947783144 -3.490885794909397 
-14.90307523179504 -10.593097772614726 
-16.53452483522708 -5.6636364283884095 
-14.777247782666121 -11.028353099389399 
-18.360462452180737 -2.370557248196865 
-16.45992316089209 -6.021429718287809 
-19.999357999396086 0.0020409441915969478 
-17.996902767611548 -3.829256203886165 
-16.11526701894185 -7.390452214032795 
-16.02266520719598 -7.611299786668372 
-15.961956031593633 -7.7032109062359755 
-18.27052249326054 -2.813712386972595 
-15.143585791477653 -9.613039463830074 
-18.023667146942223 -3.7791865139948135 
-14.58685902210794 -11.495953351787168 
-16.494636269527327 -5.85481208839515 
-15.211690021947458 -9.323127472277811 
-16.08407838374597 -7.47385142575645 
-14.960423567370805 -10.372091734077589 
-15.105860762108822 -9.77336724548567 
-15.3395055515164 -8.790812812058455 
-16.428270080692755 -6.169667062883217 
-14.627533163771169 -11.419489378118648 
-14.515911563241906 -11.588598394028008 
-14.557512755227428 -11.5404656024631 
-15.075324653551824 -9.90200006400692 
