7.076038696817293E-5 1.1498921471343157E-4 -1.1284647649978452 
-1.106859050332365 -1.0498329178624624 -1.1074570058683566 
7.076038696817293E-5 1.1462329664140865E-4 -1.1341068151658513 
-1.0545161307164679 1.1464931322607525E-4 1.4718843402512313E-4 
-0.9839831986705778 1.1465724280732116E-4 -0.9723120852992241 
7.076038696817293E-5 1.1450447792805759E-4 -0.849664121920313 
-1.145248159565086 -1.1414932766737431 -1.1462072425911052 
-0.6972144069644243 1.1456739896530893E-4 1.4718847607875517E-4 
-0.7080065703573948 1.2217098594780675E-4 -1.1007716668767593 
7.076038696817293E-5 1.2158727840034175E-4 -0.9953310547956868 
-0.951225225553404 1.1457533600763713E-4 -0.9300760637734706 
7.076038696817293E-5 1.2056148658371362E-4 -0.7316043904012696 
-1.1405776857307541 -1.1303583175376508 -1.1405671018979677 
-0.999392059198368 1.1411543567110356E-4 -1.0108133426233556 
-0.9240117312246449 1.1420208260791491E-4 -0.9237159769970061 
7.076038696817293E-5 1.251021386953735E-4 -0.9431844126336939 
-1.0721561667067885 1.4206893964028165E-4 -1.0722350835548515 
-1.0758808776144249 -0.9197799260840968 -1.069923259573578 
-1.1343968317411306 1.1360310728454774E-4 -1.1343831017506756 
7.076038696817293E-5 1.2158727840034175E-4 -0.9953310547956868 
-0.999392059198368 1.22458001066197E-4 -0.9873412449307101 
-1.115152242113422 -1.078521728422777 -1.1186074073035948 
7.076038696817293E-5 1.2204347194190242E-4 -0.8061551409317675 
-1.0677683401094111 -0.8217894597142655 -1.0767982711010584 
-1.1068600985049093 -0.7186112694082085 -1.097904922533879 
-1.0050564713272998 1.1348850193732334E-4 -1.013688429740166 
-1.031248790502187 1.1382057254453246E-4 -1.0294796780011992 
-1.095873446332991 -0.9988338810425023 -1.096757993550942 
7.076038696817293E-5 1.14463739650673E-4 -0.7706269875512346 
-1.0974947609546801 -1.0263789909207146 -1.097904922533879 
7.076038696817293E-5 1.1456887529355522E-4 -1.0655016959686154 
-1.0677683401094111 -0.8203730683851712 -1.064719022387932 
7.076038696817293E-5 1.146491352381872E-4 -0.6989352017922402 
-1.0892112187662288 -0.9728045950178816 -1.0904916072092152 
-1.0829453072859048 -0.9356741982254216 -1.080566465454067 
-1.1075347318760052 1.2407007073332571E-4 -1.109070350788843 
-1.05899812794217 1.705276737158745E-4 -1.044417377881404 
-1.1165247404881082 -1.0715976288899731 -1.1188974954295823 
-1.1134096160837805 -1.0583355101207554 -1.1083836167490035 
-1.080600767094419 -0.9485953634794664 -1.076655233130285 
7.076038696817293E-5 1.1441941552696307E-4 -1.14799456869412 
-1.0780997970355308 -0.862414097631931 -1.071279115944382 
7.076038696817293E-5 1.1441941552696307E-4 -0.9700679069744974 
-1.0837463915087322 -1.0231425276886663 -1.096757993550942 
-0.9398406190239416 1.1368405828142964E-4 -0.9237159769970061 
-1.115152242113422 1.2280563550653254E-4 -1.1186074073035948 
-1.0424122955961996 1.222526687125453E-4 -1.0408289004622449 
-0.9201689366748795 1.1382706798184969E-4 -0.9237159769970061 
7.076038696817293E-5 1.226422252376602E-4 -1.1094183576543604 
7.076038696817293E-5 1.2056148658371362E-4 -0.7316043904012696 
7.076038696817293E-5 1.1465724280732116E-4 -1.0810887877164008 
-1.0954289233693657 1.7529134236347904E-4 -1.0969892369830914 
-1.0582955847391986 1.1425049021002765E-4 -1.0648394928504952 
7.076038696817293E-5 1.1466434978966266E-4 -0.9249402164917893 
7.076038696817293E-5 1.2056148658371362E-4 -0.8274657739663599 
7.076038696817293E-5 1.2131494422732171E-4 -1.145396596027648 
7.076038696817293E-5 1.2159323156764341E-4 -1.1420103918529836 
-1.0216678784916753 1.2375947624749763E-4 -1.0261022997310418 
7.076038696817293E-5 1.1444907338906537E-4 1.4718843451816854E-4 
7.076038696817293E-5 1.231550311998009E-4 -0.8789985533354092 
7.076038696817293E-5 1.1465057624637806E-4 -1.018885378132984 
7.076038696817293E-5 1.2162177362411143E-4 -1.0420965766775905 
-1.0833843750333816 -0.9896507881725755 -1.0927650018830293 
-0.951225225553404 1.1457533600763713E-4 -0.9515914117641947 
-1.0959845693099302 -1.0389909159744741 -1.1043072398915272 
7.076038696817293E-5 1.231550311998009E-4 -0.8951868577398098 
-0.9753471286486762 1.336550032627599E-4 -0.9726906713346124 
7.076038696817293E-5 1.1444907338906537E-4 1.4718843451816854E-4 
7.076038696817293E-5 1.1348850193732334E-4 -1.1174866598227842 
-1.0780997970355308 1.4093935262577908E-4 -1.0815526690244481 
-1.1082094549925894 1.2407007073332571E-4 -1.109070350788843 
-1.1251834604645548 1.7529134236347904E-4 -1.130059007548397 
7.076038696817293E-5 1.2217098594780675E-4 -0.949266323585938 
-1.0754730379489819 -0.8846068766761359 -1.0708982846374313 
7.076038696817293E-5 1.2217098594780675E-4 -1.1007716668767593 
-1.129789777314786 -1.1017635198974052 -1.1297483661261627 
-0.9753543973419315 1.2246084049737023E-4 -0.9516438971525986 
-1.073135432311035 -0.850146397674345 -1.0712582810098654 
-1.0856722871722693 1.411947316550155E-4 -1.0933547568667492 
-1.0889192145182145 -0.9638310549372333 -1.082003924682061 
-1.0701807436450559 -0.9072201015545527 -1.0708982846374313 
-1.0722329795293872 -0.7787267077636715 -1.075506236924563 
-0.9834586853575269 1.2197263486048809E-4 -0.98382767961201 
-1.1257762381340666 -1.0848725806175465 -1.1277229028457554 
-1.1403583152811425 -1.1253620141712788 -1.1411817195095597 
-1.1332947096488788 -1.1130997543325962 -1.1322304061824209 
-1.0758808776144249 -0.920043147393524 -1.069923259573578 
