-18.585500011125536 -1.3372174645319574 
-15.365685211159965 -8.664302673477616 
-16.67613336376848 -4.942294547330456 
-14.81165752575378 -10.91388562195692 
-16.706545745541167 -4.820668172247231 
-18.689896650318758 -0.9400463569653742 
-18.04990957714502 -3.7062257757363017 
-16.797276674254842 -4.467595481940634 
-15.126173151039744 -9.683637522510919 
-18.28403872654362 -2.7490972848596296 
-14.947257780447723 -10.413856703014908 
-16.149429700241086 -7.242463542225674 
-16.286423500192264 -6.789929314415841 
-16.424830145554544 -6.175181882131301 
-16.250036403584435 -6.901775254320335 
-16.734785835014097 -4.708051368233175 
-19.08793356889028 0.009577730980463588 
-18.8118486559871 -0.556172143508599 
-16.4451310076725 -6.005182310895233 
-14.73086225401656 -11.161670312331946 
-18.11429816196452 -3.5070674060601594 
-16.072920599715626 -7.457614344295708 
-16.75990277337823 -4.5928663171793245 
-16.58702751725585 -5.34972046236962 
-16.57121880252194 -5.484403409498604 
-16.655635478452098 -5.06739784740855 
-15.505270428508016 -8.127725129391333 
-16.113773774241373 -7.360576133567417 
-18.390531704468863 -2.2215470426952124 
-15.04531616918745 -10.023341200774336 
-15.24877202584086 -9.139864852496286 
-16.864976751030134 -4.247924574774301 
-16.90745696220838 -4.125904278776992 
-18.510424925327797 -1.6524258225044222 
-18.89965426935433 -0.32751922805322425 
-16.230970698309566 -6.9958848954009305 
-19.016555900101338 -0.0986223500622742 
-18.43975486796093 -1.9851652882424107 
-16.036439716192888 -7.574352021880383 
-15.077072480067123 -9.857708209608653 
-18.959051789402707 -0.2036289760224713 
-18.21302695779096 -3.087479809025545 
-16.19919149224011 -7.108339959738251 
-15.997728415328599 -7.653970759636536 
-16.615569296580645 -5.265151403313401 
-15.302902884668688 -8.915223077923939 
-18.254541793581815 -2.890868252593101 
-15.440617014103156 -8.390341619811942 
-14.88098209699604 -10.652657426874953 
-18.546627314901606 -1.5001604079201087 
-14.847410234341147 -10.76616779377742 
-18.856590633894967 -0.4363777377100457 
-18.07564295456862 -3.6008583276256947 
-17.941105734817015 -3.8743920514635626 
-14.682204371125332 -11.290229890503912 
-15.339407429417687 -8.784866825429319 
-15.59460174604413 -7.87757778637318 
-16.30844992046328 -6.700191799914592 
-18.17075540757828 -3.277147345376398 
-18.462975370452273 -1.8734333686313955 
-18.308946118450496 -2.624750127424621 
-15.27342670107063 -9.045240362463565 
-15.19718884597814 -9.337571393968489 
-18.010131390268146 -3.8070625816229056 
-16.359974946584167 -6.459079577533338 
-15.157050388682052 -9.543775692548271 
-16.388545108002923 -6.306927923356742 
-16.552152223290996 -5.57673066882097 
-14.44080399445803 -11.625516992957223 
-16.329605358677803 -6.5946879106252885 
-18.135524042299487 -3.404206754239746 
-16.467816020614695 -5.902917197521816 
-15.225793409494418 -9.240676996805934 
-18.41623283974576 -2.0979755333012693 
-16.9712443048678 -4.009809699402818 
-15.181876336029603 -9.43611538430974 
-14.54981921151369 -11.522537682322898 
-18.367449008253466 -2.3354191810877274 
-16.50708041943342 -5.792254000770434 
-18.728004187100588 -0.810901872736116 
-18.488345511690877 -1.7607161002430247 
-17.037327118267253 -3.882498445284038 
-16.638438338603137 -5.153052467129223 
-15.889865768287486 -7.749155572242039 
-16.530790416625678 -5.68047271543947 
-15.476470628294395 -8.263020407073615 
-18.772070159908708 -0.672977476376931 
-18.622405935302194 -1.1911761021065583 
-18.341865422183737 -2.4633221279884285 
-15.543645311894995 -7.996754598938338 
-15.400585453108317 -8.548602200450269 
-14.913191963725964 -10.541391308399884 
-14.625845656642278 -11.400399806631409 
-14.780499330661863 -11.019030245834966 
-15.642319575531056 -7.750108968826229 
-16.8349450810706 -4.353803437169229 
-19.990762458897706 0.01500593848728471 
-14.980051937044513 -10.279852456431453 
-18.652924712862536 -1.0674374082801406 
-15.016046790270341 -10.141485968002536 
