0.5433430309883436 1.110219797841457 
0.4359921388888674 2.076488921115304 
0.587437415136305 0.7158589038895891 
0.388996791621347 2.4995898494133524 
0.4116743874992858 2.2950839112303134 
0.472531415328297 1.7497902352118426 
0.443461124632902 2.0155152744688927 
0.6665728000439518 8.8016607088158E-4 
0.5461303420235983 1.0870449914661737 
0.5035533755836727 1.4688944110407787 
0.6608623784971722 0.05262884597539441 
0.5343397589159273 1.1923181837998253 
0.4208375379682725 2.2131139832777036 
0.4434635017342505 2.0155152744688927 
0.5206392087925589 1.3147611523704335 
0.58423631771219 0.7421887712348831 
0.45064986812737834 1.9444407135257655 
0.5667489498103918 0.8997295243247448 
0.49229713161938166 1.5716018983210234 
0.6447088054098907 0.1981653875250574 
0.5514495455512216 1.0369648789564292 
0.5965147900391553 0.6314767334322748 
0.6137091287629438 0.47663276717466196 
0.6290041922160906 0.3392186068863216 
0.388996791621347 2.4995898494133524 
0.6137091287629438 0.47663276717466196 
0.6290041922160906 0.3392186068863216 
0.3952792761365463 2.4435415650895616 
0.5266544233284579 1.2604163552699585 
0.5614163693504539 0.9480377280415468 
0.6290041922160906 0.3392186068863216 
0.3897197856332167 2.4927918105595515 
0.6665728000439518 8.8016607088158E-4 
0.4383006750046515 2.0580538281727963 
0.5872485834852335 0.7158589038895891 
0.455830913019933 1.8979390413816617 
0.6402397507978855 0.23905367287075707 
0.46144519114247406 1.848685898879966 
0.4023145466230559 2.379504020622362 
0.58423631771219 0.7421887712348831 
0.46570148057123434 1.8095964227067345 
0.4821393750238419 1.6615094696358546 
0.46570148057123434 1.8095964227067345 
0.6265644335533732 0.36289970503197266 
0.6665615355848052 9.998767988670249E-4 
0.6665615355848052 9.998767988670249E-4 
0.42684428528832147 2.1597193937006853 
0.4055612700986378 2.3553000291405106 
0.455830913019933 1.8979390413816617 
0.4309682256110541 2.122629780700913 
0.5523811738361752 1.0288511998384984 
0.5648930410462952 0.9160304986379684 
0.4023145466230559 2.379504020622362 
0.42329190545607503 2.1910176543755 
0.5150232078378347 1.3654262217239999 
0.5206392087925589 1.3147611523704335 
0.4309682256110541 2.122629780700913 
0.47472867905699984 1.7274949157392283 
0.5523811738361752 1.0288511998384984 
0.4359921388888674 2.076488921115304 
0.6608623784971722 0.05262884597539441 
0.5343397589159273 1.1923181837998253 
0.4116743874992858 2.2950839112303134 
0.47472867905699984 1.7274949157392283 
0.41390674090198665 2.277558521738309 
0.5919197007362325 0.6728488553502967 
0.5369885228489486 1.1675702832131458 
0.5145785355900627 1.3702997217771535 
0.5369885228489486 1.1675702832131458 
0.4607723426242344 1.8550912561133883 
0.5614163693504539 0.9480377280415468 
0.5738936731736036 0.8354123837170087 
0.49292299389411587 1.5658155687216002 
0.5738936731736036 0.8354123837170087 
0.5035533755836727 1.4688944110407787 
0.5433430309883436 1.110219797841457 
0.4208375379682725 2.2131139832777036 
0.5079551531706814 1.4292218258652847 
0.5965147900391553 0.6314767334322748 
0.3952792761365463 2.4435415650895616 
0.44742556799064953 1.9732805443448185 
0.472531415328297 1.7497902352118426 
0.6004978838913211 0.5959271663927511 
0.4821393750238419 1.6615094696358546 
0.3931331223288512 2.46199112023103 
0.6137091287629438 0.47663276717466196 
0.4895994249726252 1.5954029227416822 
0.5184744449453081 1.3342898666831462 
0.6004978838913211 0.5959271663927511 
0.49292299389411587 1.5658155687216002 
0.4503222124285853 1.9477509817432703 
0.6176374448351926 0.44639148231185 
0.651664165325551 0.13518710205064716 
0.4867396564647056 1.6205277204339472 
0.6402397507978855 0.23905367287075707 
0.5035533755836727 1.4688944110407787 
0.651664165325551 0.13518710205064716 
0.5266544233284579 1.2604163552699585 
0.5718023568171747 0.854542750286064 
0.5079551531706814 1.4292218258652847 
