-16.58335278263465 -5.386795840896216 
-16.07355553436583 -7.493341744686958 
-15.296204471706135 -8.960675714759322 
-16.946132966127735 -4.06101373547789 
-16.14117837611098 -7.302233455725331 
-16.184622277859418 -7.151236344103223 
-18.226435580573394 -3.019755275934947 
-15.882333555994407 -7.750749919045848 
-15.06882617964655 -9.926552781047658 
-16.673456733742057 -4.978517203678564 
-16.46469242100231 -5.991327522191884 
-15.477141398471494 -8.219009208144191 
-16.70587851607702 -4.75606510311605 
-15.361054672156506 -8.696569011314224 
-14.980884952031772 -10.273653182581294 
-15.196922481937268 -9.36440750745665 
-15.218360580398981 -9.266038756709815 
-18.499633638576967 -1.6845246489871142 
-15.963154019427202 -7.696774711750147 
-16.516365965664434 -5.6940474499369 
-18.0610515804387 -3.671929555065086 
-18.887147320236902 -0.34118866327284536 
-16.684553446653652 -4.874594159023296 
-14.429998690215882 -11.627016355782168 
-16.87305757646422 -4.184867695977486 
-15.427319984103748 -8.444650935447024 
-16.10091113649293 -7.393988764042007 
-16.212825660249724 -7.018972251259451 
-14.745990229515755 -11.111200868154231 
-16.342969671884518 -6.524567525369671 
-15.150858101477517 -9.579694027859436 
-18.63552638955197 -1.1346357355065266 
-14.805394634424758 -10.874986810839538 
-15.59131003950256 -7.883693340932762 
-16.754325553316633 -4.617870360028179 
-15.030291806900895 -10.046169034186313 
-16.81690953601359 -4.376584121683356 
-19.06500435834814 -0.01320419451172543 
-18.008228902738324 -3.7967956513551195 
-16.314915980257453 -6.665461351340846 
-15.519394413453536 -8.118377790148694 
-16.86132889642495 -4.269652991518777 
-18.796515985795338 -0.5768220429222229 
-14.770911633272917 -11.004706306746728 
-18.345639634829695 -2.4280013291408307 
-15.456345847278726 -8.322789228250727 
-18.318501521806095 -2.5257161057678057 
-18.842891187718745 -0.4590682707161916 
-16.28081835055201 -6.769123706946036 
-15.096831966685734 -9.808363924318261 
-16.59965611761573 -5.252806790066285 
-14.531256692335631 -11.560259921020183 
-17.030525753572014 -3.881309492992936 
-16.775127530576416 -4.4969685585408055 
-18.943753043786938 -0.22533980086047373 
-15.633502986636357 -7.771661077242641 
-16.257906980669006 -6.901869187649266 
-14.855108409576964 -10.765147065325555 
-14.955131370413005 -10.393779015499831 
-18.71633710085374 -0.8146586377232431 
-15.54660052566851 -8.0128380276016 
-18.129188941853467 -3.41564129459166 
-18.09577586911869 -3.5682429557586692 
-16.397755018180394 -6.248719873896973 
-18.66182312652265 -1.0259738429523289 
-16.48763218511083 -5.879160339375229 
-15.176979080323388 -9.465632271685205 
-16.026940845299222 -7.5868261779425605 
-16.558710510177328 -5.538736931046208 
-18.381543024434244 -2.2490530055138604 
-15.260936551243377 -9.095702346061302 
-15.012329150010576 -10.163344108222747 
-16.418683308357476 -6.122705931467813 
-14.883378035683009 -10.662412696623068 
-18.30215487348086 -2.6541092263824515 
-18.58362260357317 -1.345494073704435 
-18.197830156958382 -3.133558897080197 
-15.12095743215804 -9.701341748159088 
-18.688300758349257 -0.9097803135235438 
-18.456831194138314 -1.8878431505086186 
-14.70091077351098 -11.21200563707561 
-16.644587588634437 -5.117125365843302 
-18.168203504022188 -3.2786905156697754 
-18.406966658206 -2.1290730016764954 
-18.433965377217046 -2.0081288742455223 
-15.327120688706476 -8.835288469054632 
-18.55170191316151 -1.4564530777622984 
-18.25807933858207 -2.85785224927505 
-18.516188673582636 -1.5740465898964033 
-19.99337835506215 0.007598143951481017 
-14.656689106861402 -11.345035071153552 
-16.379641278822625 -6.382205057528381 
-14.599198356794513 -11.462545182327847 
-15.392498113607601 -8.578196125756904 
-18.475813729767733 -1.7959456953894832 
-18.75944174062692 -0.6867365888098046 
-17.939653888581866 -3.8725705813688345 
-18.99883604426122 -0.11614084622046425 
-14.916690616222605 -10.513788181741472 
-18.60659963974801 -1.2384508155364082 
