-0.8804041287109293 -0.008816812518550193 -0.993481109729512 
-1.081513533505634 -3.303030365428561E-4 -1.1040804835962688 
-1.0812042273177294 -0.7911259978543731 -1.083447254746144 
-0.5721738053486072 7.215337886006487E-4 -1.0986014952298577 
-1.0868566090405598 -5.973041538004931E-4 -1.0567743421330955 
-1.0815883045531043 -3.303030365428561E-4 -1.0352263060546592 
-1.5955052048812444E-4 -4.874146107667458E-4 -0.9755378796609904 
-1.1515309646961924 -1.0990367692620406E-4 -1.153718055603497 
-1.0759654197187745 -0.9138581430682131 -1.0860299429274032 
-0.8592662553536704 7.860413106590201E-4 -0.9603866787097144 
-0.9523900727761142 7.572499268391013E-4 -0.9928314993443946 
-1.0816844555271286 -0.7262321823841458 -1.0307609431263116 
-0.7101677745039534 7.651827539657766E-4 -1.0970288404042496 
-1.0816944391190404 -0.774375187450691 -1.0549867604104801 
-1.0815883045531043 -0.9722653191782497 -1.0557538386493404 
-1.0946508323109554 -0.8359401652325952 -1.0842183804105172 
-1.0812042273177294 -0.8643750729937312 -1.034534729490641 
-0.001882631107077315 -4.271917384527542E-4 -0.8105397372817029 
-1.1267423286802107 0.0018180684983814075 -1.1277455973055588 
-0.8807193626222245 -3.6829995837669055E-4 -1.0342643263486073 
-1.0761285674145353 -3.990166515279015E-4 -0.0012071413368561644 
-0.5870291722183643 -4.367927313192993E-4 0.002510337930661466 
-0.7418817894603495 -4.25410420170182E-4 -1.0761944655469948 
-1.1549017350175703 -1.1542230116677676 -1.1529701506208165 
-1.069576419121494 0.02514259155244769 -0.6390321803493852 
-1.0807716573786783 -0.714986392852256 -1.085790488563164 
-1.093831718963782 0.01351662424163913 -1.0745823971498183 
-1.0537012103937278 -0.024715584895357356 -1.0450168735199499 
-1.1247556936893923 -1.0358427133814128 -1.110415341047229 
-1.0259541831909835 -0.008821637306394625 -0.9933663972425908 
-1.0807716573786783 -0.8804707140003739 -1.0661753006337003 
-1.5955052048812444E-4 -5.125912389795955E-4 -0.7328803349078625 
-1.1267793220180482 -0.9951291458828871 -1.1278527747535974 
-1.069576419121494 -0.623503136016676 -1.0858777743514352 
-0.7795641338093001 7.651827539657766E-4 -0.993481109729512 
-1.0839964619595153 -0.9116789915268362 -1.1149956484054322 
-1.0071458804081335 -5.421100310046439E-4 -0.7301629900583414 
-0.48939995397481206 -5.474703164429744E-4 -0.0011639677911468214 
-1.1085392503231217 -0.0011443288660979434 -0.0011639677911468214 
-1.0088334300291468 0.001668007695977488 -1.0277065808234735 
-1.0751846172841526 -0.663930394595516 -1.0858777743514352 
-1.09907727790179 -1.0566305399175357E-4 -0.619512469217018 
-0.6382515809494915 -4.367159937208767E-4 0.002510337930661466 
-1.1252617727771606 -1.0135731263128918 -1.1277290801500368 
-0.0013402040013812734 5.062639609760243E-6 -0.9026240379082481 
-1.093831718963782 -0.711186582861218 -1.0551788818079706 
-0.9155985804428922 -4.462899472258711E-4 -0.004068750280047162 
3.738486006800238E-5 0.001673133817982792 -0.6129619143196897 
-1.065556862032998 0.001668007695977488 -0.992156279556112 
-1.0759654197187745 -0.9138581430682131 -1.0616518104014545 
-0.8208343131626212 -0.012279777978497865 -1.0450168735199499 
-1.1252617727771606 -1.1322104964868103 -1.1277290801500368 
-1.0853144754256836 -3.5173805556687693E-4 -0.5369614445105237 
-0.6561804491602199 -9.445030596069725E-5 -1.1125808767012293 
3.1386974323902904E-5 -0.0015772996439324498 -0.5563833691476332 
-1.0871861348864083 -0.5816030088616442 -1.0840140729036207 
-1.0396097780162552 6.60753410980955E-4 -1.0319217527019027 
-1.0866780108005167 -1.0056310105136035 -1.10392169593782 
-1.0815883045531043 -0.9689068130620051 -1.0850296068863237 
-0.6826920956461575 -2.662796083419878E-4 -0.003687187094459623 
-1.0868566090405598 -0.6613684480695816 -1.0567743421330955 
-0.0029295725643444515 6.82162217675808E-4 -1.0319217527019027 
-1.5955052048812444E-4 -4.966803221376861E-4 -1.0555689004983264 
-0.941473338882745 -0.0041643931278085855 -1.0449225935004227 
-0.0013540759193144745 -4.295440475183559E-4 -0.7166596823963342 
-0.9385326602073732 7.860413106590201E-4 -0.9928314993443946 
-1.0817654076160055 -0.8581284902132836 -1.0791233509296914 
-1.1169989737871695 -0.00378014295192413 -1.0976185452848894 
-0.9620965897869651 0.0015591183994578411 -0.926165340720611 
3.738486006800238E-5 0.001503303589411616 -0.880970484505212 
-1.093831718963782 -0.8024481097232756 -1.0828269651148748 
-1.0812756973429918 -0.9411703384712623 -1.083368648146351 
-0.9155985804428922 0.0014494172453734598 -1.058544530541353 
-1.0808596027012058 -1.0056310105136035 -1.0838791523785747 
-1.355326818374853E-4 -4.152468329182654E-4 -0.9298237657377697 
-1.5955052048812444E-4 -5.806788459054033E-6 -0.7634592741718155 
-0.001882631107077315 -4.741148697846795E-4 -0.991210646885901 
-1.0817579123619834 -0.9015705288494805 -1.0557538386493404 
-0.6987869883102981 -2.662796083419878E-4 -0.003687187094459623 
3.4161766353464656E-5 0.0015058668234488727 -0.8362708843976413 
-1.0843418601630215 -1.083603034843109 -1.1016601659777439 
-0.9504825520408389 0.0014478848240803335 -0.8861936110901225 
-8.655527688721243E-4 -2.2090438849629098E-4 -1.0105870535409283 
-1.5955052048812444E-4 -0.0011518532988152336 -0.866238221058604 
7.417965720212005E-5 -5.140940091774347E-4 -0.85097426397264 
-1.0751846172841526 -0.7763954548197509 -1.0858777743514352 
-0.001882631107077315 -4.2955119887768897E-4 -0.7800166594972292 
-0.9554260820745739 -3.990166515279015E-4 -0.0012071413368561644 
0.004623617452407556 0.0015495879023811603 -0.7973595040479586 
-1.5955052048812444E-4 0.001649584236474629 -1.2198473205882188E-4 
-1.1266273234051154 -1.0841248319059302 -1.1005544499938473 
-1.0207504467521424 -4.1974638535486274E-5 -0.9762793880958236 
-1.1247556936893923 -1.1081158325878673 -1.110415341047229 
-1.0816844555271286 -0.7492543963194898 -1.0656581949021742 
3.054228504373313E-5 0.0018180684983814075 -0.8246956808369421 
-0.6593571244645806 -4.367159937208767E-4 0.002510337930661466 
-2.3551948658878663E-4 -4.064444012743671E-4 -1.152985386495701 
-0.001882631107077315 -4.25410420170182E-4 -0.5253051341079473 
-1.094390821008315 -0.9638604376167785 -1.1154551684707348 
-1.5955052048812444E-4 -0.0013142207504582282 -0.7487400034091942 
