0.6669031688565432 1.4994688695420597 
0.533934658723296 4.110288152838831 
0.4824837149740031 5.516435218279487 
0.5570665212284289 3.568295192591596 
0.687281867301529 1.4550078916320532 
0.9663091518934331 1.0348667385255816 
0.6336873512834205 2.0493299850093214 
0.7545694630285297 1.3253570920246907 
0.704151503188611 1.4201490084376531 
0.9626822637214728 1.0387723321935227 
0.8440673183609056 1.185044460839356 
0.5888288752815554 2.8892428141431252 
0.5930994204379589 2.804378976745208 
0.533934658723296 4.110288152838831 
0.5231882528014586 4.381613086285371 
0.8756466292356601 1.1420219833658096 
0.533934658723296 4.110288152838831 
0.746123610256837 1.3402847483503921 
0.6669031688565432 1.4994688695420597 
0.6669031688565432 1.4994688695420597 
0.7238798260818351 1.3815345312285856 
0.7811068544248921 1.2803849286125437 
0.6573713893413518 1.648631912995338 
0.5671368862154579 3.342970396096714 
0.6663997814718963 1.5042182093297594 
0.3919982029359442 8.871945911735175 
0.61241401176295 2.431497533749327 
0.5570665212284289 3.568295192591596 
0.5795550290262957 3.0808040599445428 
0.4104587202924081 8.065086976879288 
0.5930994204379589 2.804378976745208 
0.430029859767328 7.281336945758743 
0.6489245016863007 1.78754209517313 
0.4346097353505723 7.1066377394172715 
0.4882077644550342 5.338298323184268 
0.5814976041345115 3.0388713353317622 
0.39642309859596614 8.659884384709255 
0.4038314890458702 8.33464771453221 
0.41591204295866324 7.832378598834501 
0.5473823652181923 3.788284067127524 
0.5103484433497355 4.726081083547461 
0.4232855714079042 7.537992995160841 
0.4429623774370712 6.803081750265506 
0.4068869904574883 8.205391141983466 
0.5483254556863826 3.7663321070075764 
0.62005532055874 2.2903541236969067 
0.5473823652181923 3.788284067127524 
0.6669031688565432 1.4994688695420597 
0.6239008206728467 2.221841764691741 
0.41928229279744783 7.697937828102952 
0.6669031688565432 1.4994688695420597 
0.6073043691904528 2.5270622358922634 
0.555842770279464 3.5958679457024765 
0.5049793749086681 4.862136425905486 
0.47084492706068154 5.873478129663777 
0.5783552379170498 3.1104533256355515 
0.5049793749086681 4.862136425905486 
0.5992149084113735 2.6824303742177187 
0.6336873512834205 2.0493299850093214 
0.61241401176295 2.431497533749327 
0.46916068624784213 5.920893111450579 
0.6446308446584397 1.85949625542833 
0.4882077644550342 5.338298323184268 
0.6573713893413518 1.648631912995338 
0.5231882528014586 4.381613086285371 
0.4276423834085234 7.369847314739506 
0.5168659418352183 4.549915091316832 
0.4429812766978395 6.802791505005064 
0.43958606548713874 6.924161966683522 
0.5325841321792504 4.1446899417655665 
0.4758332099051597 5.711342770549455 
0.4621503567348404 6.146629470121037 
0.6336873512834205 2.0493299850093214 
0.6626034847108807 1.5651580311171922 
0.48561911722771156 5.414982641874899 
0.3898720847647673 8.957663443391144 
0.4758332099051597 5.711342770549455 
0.5671368862154579 3.342970396096714 
0.5629837438833436 3.434145519024416 
0.45085426002284995 6.52702639988693 
0.4658849129793959 6.031057216429098 
0.49964371736477564 5.021409935231537 
0.6277690670965512 2.150900919476885 
0.6489245016863007 1.78754209517313 
0.6663997814718963 1.5042182093297594 
0.6073043691904528 2.5270622358922634 
0.45085426002284995 6.52702639988693 
0.4555665834163827 6.366335643545083 
0.49529863038331085 5.1339831735708055 
0.5814976041345115 3.0388713353317622 
0.536856657421136 4.047944354625873 
0.5888288752815554 2.8892428141431252 
0.49529863038331085 5.1339831735708055 
0.6446308446584397 1.85949625542833 
0.5988997476269631 2.688242996473858 
0.5671368862154579 3.342970396096714 
0.5078453865918324 4.784351556576139 
0.4592123229452661 6.245265819621505 
0.520489672151823 4.452131030019937 
