0.6669031688565432 5.40699338108519E-7 
0.533934658723296 1.1946253021404083 
0.4824837149740031 1.6615901575289127 
0.5570665212284289 0.9877777896531272 
0.687281867301529 5.40699338108519E-7 
0.9663091518934331 1.2004273780008567E-6 
0.6336873512834205 0.29863449010624865 
0.7545694630285297 7.398925012457643E-5 
0.704151503188611 5.90431886993148E-8 
0.9626822637214728 7.700247294184503E-6 
0.8440673183609056 2.5730019912044433E-4 
0.5888288752815554 0.7012695966672124 
0.5930994204379589 0.663275545795979 
0.533934658723296 1.1946253021404083 
0.5231882528014586 1.2924084950656496 
0.8756466292356601 7.700247294184503E-6 
0.533934658723296 1.1946253021404083 
0.746123610256837 1.809521137091652E-5 
0.6669031688565432 5.40699338108519E-7 
0.6669031688565432 5.40699338108519E-7 
0.7238798260818351 6.497619179807179E-5 
0.7811068544248921 1.1744404158419482E-4 
0.6573713893413518 0.08376345115823597 
0.5671368862154579 0.8959218211527463 
0.6663997814718963 0.0024106859833988303 
0.3919982029359442 2.4777868539450854 
0.61241401176295 0.4890831592351444 
0.5570665212284289 0.9877777896531272 
0.5795550290262957 0.7854954863854892 
0.4104587202924081 2.3103852795768387 
0.5930994204379589 0.663275545795979 
0.430029859767328 2.1311923057032964 
0.6489245016863007 0.15997986335350922 
0.4346097353505723 2.0886139471605296 
0.4882077644550342 1.606198690355849 
0.5814976041345115 0.7670964007684632 
0.39642309859596614 2.4329782012692647 
0.4038314890458702 2.3657931972323007 
0.41591204295866324 2.25758058426697 
0.5473823652181923 1.0736398927826571 
0.5103484433497355 1.4119481241330782 
0.4232855714079042 2.1907236722254355 
0.4429623774370712 2.01350926599636 
0.4068869904574883 2.3386669072881854 
0.5483254556863826 1.0651757688411827 
0.62005532055874 0.4201462603619176 
0.5473823652181923 1.0736398927826571 
0.6669031688565432 5.40699338108519E-7 
0.6239008206728467 0.3862089003963832 
0.41928229279744783 2.2276090223792115 
0.6669031688565432 5.40699338108519E-7 
0.6073043691904528 0.5346959370735663 
0.555842770279464 0.9987372004983899 
0.5049793749086681 1.455278613074418 
0.47084492706068154 1.7654973815540491 
0.5783552379170498 0.7989469731778283 
0.5049793749086681 1.455278613074418 
0.5992149084113735 0.6073522710067565 
0.6336873512834205 0.29863449010624865 
0.61241401176295 0.4890831592351444 
0.46916068624784213 1.7778502753682748 
0.6446308446584397 0.19868864177597012 
0.4882077644550342 1.606198690355849 
0.6573713893413518 0.08376345115823597 
0.5231882528014586 1.2924084950656496 
0.4276423834085234 2.151659071032108 
0.5168659418352183 1.3516961489437473 
0.4429812766978395 2.01350926599636 
0.43958606548713874 2.0437651157300984 
0.5325841321792504 1.2073960957872822 
0.4758332099051597 1.717646563379175 
0.4621503567348404 1.8406670023333205 
0.6336873512834205 0.29863449010624865 
0.6626034847108807 0.03707916554147264 
0.48561911722771156 1.62961909035067 
0.3898720847647673 2.4923429212960495 
0.4758332099051597 1.717646563379175 
0.5671368862154579 0.8959218211527463 
0.5629837438833436 0.9333681013405739 
0.45085426002284995 1.9427376576706283 
0.4658849129793959 1.8097785664498283 
0.49964371736477564 1.5089159264515022 
0.6277690670965512 0.3502690636371183 
0.6489245016863007 0.15997986335350922 
0.6663997814718963 0.0024106859833988303 
0.6073043691904528 0.5346959370735663 
0.45085426002284995 1.9427376576706283 
0.4555665834163827 1.9002897780117716 
0.49529863038331085 1.5428548342805832 
0.5814976041345115 0.7670964007684632 
0.536856657421136 1.1731658756512036 
0.5888288752815554 0.7012695966672124 
0.49529863038331085 1.5428548342805832 
0.6446308446584397 0.19868864177597012 
0.5988997476269631 0.6099880521481444 
0.5671368862154579 0.8959218211527463 
0.5078453865918324 1.4297108658406448 
0.4592123229452661 1.8679030244390622 
0.520489672151823 1.3172882201920348 
