0.03309544440647744 0.7944896722881724 
0.05246094178725519 0.7227070098624179 
0.2307945925061772 0.33575267223343924 
0.41821776502719327 0.13010558453345564 
0.1830619971312916 0.6701739629349576 
0.628285730431754 -0.2761105858154015 
0.08289375200853782 0.6729451496549935 
0.0033087169432362423 0.9471471437853601 
0.8269208357961992 -0.5242085494905017 
0.06736841671773158 0.6870415959405506 
0.8304459750712664 -0.5861177723001239 
0.4270387587492624 0.02945153501562248 
0.4162729701820554 0.15534425017651018 
0.431922251152669 -0.01830147770255199 
0.2234703372533424 0.38154603934211834 
0.20088241481186908 0.5534126204389518 
0.04766045348857993 0.738378473859987 
0.008528373675977337 0.9101756965098725 
0.6328683236101137 -0.3357571879235688 
0.4237428915742639 0.06581848522182668 
0.8331917256450603 -0.6306638962531225 
9.480024752590507E-4 0.9780082044504171 
0.20281477074867266 0.5369256336185614 
0.015416578242486156 0.8734091428429959 
0.413692879922145 0.1897797055895386 
0.0113014012098121 0.8936467132580898 
0.8450683471175228 -0.7390758513275152 
0.6220206224460569 -0.1835837827789026 
0.639371177169702 -0.40001635626146004 
0.829043667354945 -0.564133177377074 
0.22114424506188793 0.3980499231679119 
0.8238845110674562 -0.4672883151073706 
0.005503861573801934 0.9299968297706571 
0.835611225599339 -0.6624558366571779 
0.6364694300645406 -0.37346996022516665 
0.2068530414669501 0.5056814851793062 
0.8249649643527693 -0.48716677329879554 
0.19813444902859215 0.5705774562410817 
0.4203385918050466 0.10450548926378404 
0.25008534015924466 0.25370722528150574 
0.2136228278567209 0.45247277224869237 
0.8409848534760325 -0.7144385298342146 
0.6440485669781925 -0.43188830177227416 
0.01887793705679322 0.8580035932061062 
0.6243340448936844 -0.21875019242474708 
0.21115449383239582 0.4723629324072948 
0.06052993035073584 0.7040748118259694 
0.6232373799831565 -0.20275531934348398 
0.21860464517211808 0.41660852731493964 
0.23623812709254827 0.30373021081595486 
0.8365105857176615 -0.6751991630782795 
0.8380324159688627 -0.6911616450264425 
0.41113621156756264 0.22121764367223376 
0.6197893963915401 -0.14394317953074015 
0.41462363743501923 0.17721216938793263 
0.6519409179862771 -0.4559827351310009 
0.2395923889312649 0.286553787866535 
0.24365913285320828 0.27238308393159305 
0.8523474752818636 -0.7712894580355969 
0.20459394481397825 0.5221134487020793 
0.6268298072233796 -0.25593529893218236 
0.4252030298851163 0.04974189762820217 
0.6347103676176602 -0.35595067068453246 
0.022511710376405647 0.84097579556687 
0.44582073998526417 -0.10545168057940991 
0.025478686294785752 0.8261022696200732 
0.6418214980369455 -0.41851871444420075 
0.6311667796866388 -0.3146107861765051 
0.2334276680058951 0.31845297795141675 
0.646367306902041 -0.4432823549941402 
0.04099420727736092 0.7622044226343833 
0.42923444494174107 0.007129474968158578 
5.349873284099527E-7 1.0043223452797885 
0.21580334885440977 0.4369078336099288 
0.029953699977715742 0.8089986853025698 
0.43492565771593317 -0.04352185241144481 
0.8258653196486525 -0.5061149035597979 
0.25927177136405744 0.24615978264361754 
0.1874885249363336 0.6439448880153645 
0.83446181733124 -0.6469973279621642 
0.22797729559806773 0.35069045937391746 
0.44202922118416876 -0.08857682604767445 
0.19213489786908688 0.6120237310886056 
0.4386385710682331 -0.06795551316906975 
0.4220845907460797 0.08400110207401341 
0.20889501424238122 0.49125870456336207 
0.4094249103812731 0.2452001724048233 
0.8277757539474753 -0.5411128212489761 
0.8319516545188482 -0.6090578443880235 
0.6208512899973813 -0.161603421313457 
0.1900400016253707 0.6255193474799942 
0.8455007761715652 -0.7545391653913182 
0.45248865182713416 -0.12075155825385504 
0.2256374782028896 0.367279974017033 
0.6252549453924358 -0.23224241528965975 
0.03730435413909147 0.7794762504472551 
0.6296314699860572 -0.29595047362019783 
0.19511511174359655 0.5931556740765028 
0.4125161305165326 0.20462854021272073 
0.6188255929125567 -0.12679562522453916 
