-19.998654602942707 0.0035457663161821873 
-14.433908848801758 -11.627242256476793 
-19.998654602942707 0.0035457663161821873 
-14.433908848801758 -11.627242256476793 
-17.048111201474633 -3.8752403641075923 
-19.076062768176982 -0.005679520384650907 
-17.939160257162996 -3.874644412214553 
-18.92425242855937 -0.27153875211002343 
-15.623081666638 -7.757864207037489 
-15.876531142118715 -7.750920097569792 
-18.48819494357496 -1.7563920448754764 
-18.662365992046453 -1.0355148198547641 
-14.640113335588854 -11.320915038776453 
-16.20031217725513 -7.118805329229687 
-18.24565220471115 -2.9324971466490277 
-15.078363133589303 -9.829167768501335 
-15.460653104188351 -8.306941046302764 
-15.201144328109512 -9.360414883680878 
-16.249302641300936 -6.890902362249609 
-18.522481888469045 -1.6045951273019334 
-16.462912793018162 -6.000475533259566 
-15.149545600326473 -9.572517931118544 
-16.877564125372416 -4.1582008795668175 
-14.729067316844947 -11.155305919431498 
-16.511175534587526 -5.763426424729 
-16.60685875765222 -5.308581665908689 
-18.616312199941635 -1.2129909859854011 
-14.818596568702018 -10.838539605040806 
-16.611537998344552 -5.082025819138657 
-18.198929639102897 -3.071499211230475 
-16.362543763799138 -6.466025067203242 
-15.030376103006912 -10.045307217511269 
-18.401562258191632 -2.1680221405513955 
-15.388897158462271 -8.555228841396453 
-16.11571036232195 -7.332871991352961 
-16.96891161882794 -4.003188347219433 
-18.552968500439942 -1.426924677812786 
-15.498340866064977 -8.138995562504356 
-18.27843201291381 -2.7195972173504463 
-16.575267373244444 -5.448172384746677 
-15.333017674841319 -8.729921586654571 
-15.307110731397099 -8.791075604784805 
-14.764477454332269 -11.031001252049872 
-15.411427198230264 -8.470689359709578 
-15.95843418490534 -7.652818577450247 
-16.165765418402863 -7.234667692361824 
-15.539728788106117 -7.966741003427224 
-15.605141050771405 -7.806495343126204 
-18.706070466991132 -0.8447010318298827 
-15.265367740480507 -8.992805411100246 
-16.31468461086977 -6.608166100676022 
-16.391145215405103 -6.335018644330196 
-18.059412123150096 -3.684303726994864 
-16.833484739214192 -4.3321397091201534 
-16.075978363427808 -7.468861619487647 
-14.99678645273897 -10.197068319065597 
-18.181454441534846 -3.231503026543264 
-14.489418010234303 -11.600748546811523 
-18.588108575970274 -1.3215417354632533 
-14.851450484065566 -10.77485136869063 
-14.605500392409557 -11.444495721333045 
-16.54498313385801 -5.591038315972251 
-14.97299232071623 -10.286400644638729 
-18.760613986787142 -0.7044162905757915 
-18.304981523482965 -2.6433018468301235 
-18.433715302208327 -2.011183458976377 
-15.061538509665734 -9.902596537030796 
-18.364686193575153 -2.29164780380592 
-17.986562573165543 -3.819142765171815 
-18.857333494814583 -0.43233306169235564 
-16.75615313595143 -4.596364043698083 
-16.41780082327049 -6.210651970929932 
-16.680789177284694 -4.866337787741198 
-16.79673423286893 -4.4643484194090295 
-18.857333494814583 -0.43233306169235564 
-14.887661808789248 -10.640182566161705 
-18.02399481098842 -3.7434267413626534 
-16.270244846289764 -6.778247055620299 
-14.943564628544902 -10.425215761804447 
-18.348833852607342 -2.370394248872098 
-16.00795003982919 -7.567520037524562 
-18.148832227401513 -3.3243731570376434 
-15.16487598946561 -9.519099373350304 
-18.433715302208327 -2.011183458976377 
-15.902060595670024 -7.744318544248446 
-18.104193518561082 -3.542067628482801 
-16.85840995120843 -4.225338366861996 
-16.271877138442925 -6.652820699936466 
-19.040156768906968 -0.03722015889166683 
-15.509440435647122 -7.989636382192698 
-18.724377804051986 -0.7826005810393625 
-14.551773149505964 -11.518440103545899 
-19.00544565220101 -0.11755152368103321 
-14.89833336295602 -10.584995064437155 
-16.523615142512895 -5.6811308789627555 
-16.04766832493061 -7.557697586016216 
-18.796160135365934 -0.5966838894253429 
-16.658438965561544 -4.980762623116693 
-18.796160135365934 -0.5966838894253429 
-19.00544565220101 -0.11755152368103321 
