5.350465640222913E-4 -1.0713460955301415E-4 -6.831631986628145E-5 
-1.1525651819955272 -1.1537472125983053 -1.1524262933150475 
5.350465640222913E-4 -1.0713460955301415E-4 -6.831631986628145E-5 
-1.1525651819955272 -1.1537472125983053 -1.1524262933150475 
-0.49743133150343977 3.166337248057699E-5 -1.1187890905138582 
-0.4844589016887254 4.5433355483256706E-5 -2.3540982309552716E-4 
-1.1536847887704302 -1.84359992114869E-5 -1.6021924683764507E-4 
5.350465640222913E-4 -4.6922154358676536E-4 -0.5682651461776487 
-1.0691061387387621 -0.6307603107620416 -1.0542406680225664 
-1.1555692419642194 3.5815737491949707E-5 -1.1533338420651247 
-0.8190723363152652 -9.611640627727567E-5 -3.883514676439755E-4 
-0.717440645685475 4.4612667216575215E-5 4.7033513019101303E-4 
-1.1105989971509465 -1.1104157013235276 -1.0802742728242123 
-1.0499324190094466 -2.4232154875413066E-5 -1.0570877533773153 
-0.9641994469288755 -5.6667971612216015E-5 -2.3719194141408914E-4 
-1.1113026574824723 -0.8790165664344216 -1.099648065909709 
-1.051459167427901 -0.734058189623855 -1.0632131721556766 
-1.0674718143545274 -0.8713103128684645 -1.0516412166668272 
-1.0358325687459524 0.02064002544460596 -1.040581064288541 
-0.7990902557802669 -4.7171054104885393E-5 -2.4887841295994793E-4 
-0.9523964448587877 -4.552756508478596E-4 -0.9939108345335641 
-1.0674718143545274 -0.8713103128684645 -1.0954556365274688 
-0.6948186067697323 -4.830021715668355E-4 -1.0075410801113363 
-1.087219191331121 -1.0591054394601986 -1.119791625341993 
-0.9208796734587764 -1.0245385925202193E-4 -0.9963532941233233 
-0.9117793882797826 3.429076294645784E-5 -0.9474490802086831 
-0.7443532411791806 -2.5736569644147315E-5 -2.4539779877313716E-4 
-1.0991107492988714 -0.9986184204266421 -1.1373159681494753 
-1.0946858329194842 0.020504608143709024 -0.7665747435438919 
0.006979794982342358 -1.085252424753495E-4 -0.9844064752806201 
-0.9950193943477686 -1.0713460955301415E-4 -1.012370323759841 
-1.0425248227749646 -0.9671998240345104 -1.059407732872069 
-0.870543434201821 -2.5736569644147315E-5 -2.4539781035295456E-4 
-1.0714613010999 -0.7242594897086156 -1.1126837003650285 
-1.0946858329194842 0.020504608143709024 -1.064347444346199 
-0.5746011526217628 -4.6922154358676536E-4 -1.0817461635459926 
-0.7766130014577032 -0.004199450857905296 -1.6021924683764507E-4 
-1.1115115621107219 -0.6798473478286936 -1.0456281309801978 
-0.9391829553171622 4.508587529865548E-5 0.00453643283159233 
-0.9950193943477686 -1.0713460955301415E-4 -0.8838050768197794 
-1.061298135144241 -0.8358547370106293 -1.004016908111372 
-1.059423120428852 -0.8605765491443473 -0.9868764568084265 
-1.1367550800774144 -1.0260666976127988 -1.099325973968472 
-1.0714613010999 -0.7109414996046426 -1.1126837003650285 
-1.1006379722319832 -4.7147249706698416E-4 -1.1569684365219177 
-1.0712874591285497 -2.4232154875413066E-5 -1.0570877533773153 
-1.1329478166506173 -0.6290998197796771 -1.0542260235197933 
-1.0661566368942614 -0.6468087510975524 -1.0512652624997378 
-0.6879872185693691 -0.004199450857905296 -1.6021924683764507E-4 
-1.0674718143545274 -0.8713103128684645 -0.9964640534032203 
-0.9751770709335581 -0.006521972772628317 -1.0618231970674281 
-0.9802810031002296 2.78266547437395E-4 -1.0096722154245332 
-1.0780730619445025 -4.851917203337285E-4 -1.9600955193797582E-4 
-0.7058686954424829 -1.9890669328856674E-4 -1.0227741868910984 
-1.0714613010999 -0.0012323331984540054 -1.1126837003650285 
-1.0629268102422644 -0.9757690750385142 -1.0536512049305378 
-1.0034541405549913 -7.068063138515907E-5 -7.004503523482032E-5 
-1.1525651819955272 -1.1259917349242587 -1.1533362212023788 
-0.7604054573758596 -4.848829614059028E-4 -2.348030551333374E-4 
-1.1073140259829497 -0.9986184204266421 -1.0994190394551882 
-1.1118384521262976 -1.1104157013235276 -1.1126837003650285 
-1.0034481081100282 -7.068063138515907E-5 -0.8936481914862793 
-1.0629268102422644 -0.9874438469702098 -1.0536512049305378 
-0.6611944919687309 2.609348665236211E-4 -2.3520002308914022E-4 
-0.928359200569114 4.5433355483256706E-5 -2.3540982309552716E-4 
-0.851287201470744 -7.183994436690594E-5 -3.7377575420780387E-4 
-1.1113026574824723 -0.8879578561559852 -1.099648065909709 
-0.8871666378235656 -3.5364758663968774E-5 0.004743170435512867 
-1.1185861809783053 -0.004416707970301242 -1.6021924683764507E-4 
-0.6062450178736843 -9.611640627727567E-5 -3.883514676439755E-4 
-0.687706614258895 7.738136416653292E-6 -1.0900526320895478 
-0.9666380247766722 2.78266547437395E-4 -1.0071048879372622 
-1.08990701526118 3.55666660924008E-5 -0.7312683396667099 
-1.0183292612550021 3.429076294645784E-5 -0.7312683396667099 
-0.6062450178736843 -9.611640627727567E-5 -3.883514676439755E-4 
-1.1089295163791177 -0.9847144244356119 -1.0900526320895478 
-1.0946858329194842 -1.0245385925202193E-4 -0.004864854833470267 
-1.0509092730302378 -0.030592768665831018 -1.0122012041282344 
-1.0691061387387621 -0.9891043379525744 -1.0712415555722232 
-0.8967088162987101 -2.8439487880562667E-5 0.004686172155542067 
-1.1126901195299075 -0.03489625089984194 -1.1126837003650285 
-1.0183292612550021 3.429076294645784E-5 -0.004260070409701999 
-1.0674718143545274 -0.8713103128684645 -1.0824805254297285 
-0.851287201470744 -7.183994436690594E-5 -3.7377575420780387E-4 
-1.1413882384284368 -4.830021715668355E-4 -1.1514523775439158 
-1.0507246180734022 -5.372564568271312E-5 -2.3098789323443937E-4 
-0.7056336380595751 -4.830021715668355E-4 -1.0077556133694976 
-0.9641994469288755 0.026762611082495114 -1.0989504830042618 
-0.5002822522153304 -0.0038381323310962647 -1.6021924683764507E-4 
-1.1534797743584266 -0.6307603107620416 -1.0542406680225664 
-0.6773096396014564 1.6384414375428692E-4 0.004371980761163963 
-1.1128737514780853 -1.1151427230121742 -1.154040953492357 
-0.5235144897459416 3.5201893685379054E-5 -2.348073707559488E-4 
-1.1150035109818435 -0.9711162833671737 -1.0985182919664132 
-1.0189324364141104 9.188914552990882E-6 -0.8912990070909634 
-1.1088158482987402 7.738136416653292E-6 -1.09288394528579 
5.350465640222913E-4 -9.64977142516744E-5 -0.6407310529728928 
-0.870543434201821 0.032343989917500614 -0.9568346590510819 
5.350465640222913E-4 -9.64977142516744E-5 -0.6407310529728928 
-0.5235144897459416 3.5201893685379054E-5 -2.348073707559488E-4 
