0.640693713112689 1.938415999003899 
0.4458211238611398 6.808793824568313 
0.42622688300756356 7.447943485301471 
0.4010387082901328 8.463754268189993 
0.5228842569582532 4.394683484173237 
0.6688071317654345 1.4952508370837545 
0.6005556567152828 2.68265447075699 
0.758416953776059 1.318582912698997 
0.5120553298276908 4.705349573137581 
0.4063094811193707 8.23219868304019 
0.3944662247868786 8.745622878950474 
0.8908474034726592 1.122528861886845 
0.5172025383691828 4.624576300996279 
0.5908894039869287 2.8467006119136204 
0.5182349404976566 4.513574269910701 
0.695381081323579 1.4394043556174776 
0.8174231268126283 1.2233571604520326 
0.9658539583025534 1.036176113860884 
0.5652407718417801 3.390290346160898 
0.5086714809919589 4.7948411935387645 
0.47349521469309164 5.794621676572305 
0.8517325741712959 1.1740774400959169 
0.46361952124814637 6.104893174522908 
0.42241683132122676 7.680516507055863 
0.6175720984997273 2.3458173863738225 
0.43703733706209197 7.033829464571333 
0.5268792595966009 4.29578160487151 
0.46710525183037527 6.025505848639677 
0.46133008291339134 6.269453938174614 
0.5640257682342608 3.4560759483462533 
0.41123580647074337 8.066655430165582 
0.4510697112990636 6.5240333628163105 
0.9255829854170433 1.0804293148809339 
0.5395793296640038 3.985890477444831 
0.7833255067943139 1.2768341839555242 
0.5039135371382539 4.943189044938031 
0.7302867588080554 1.36941292288368 
0.39723461682844435 8.637573785037738 
0.4225028761977665 7.608743975193211 
0.39898225796087433 8.546003644926932 
0.4178126181936897 7.763562588958821 
0.49619111599900634 5.116184591152056 
0.535875432080752 4.082144005736682 
0.43093628338918477 7.258187689447322 
0.5687006777328582 3.3463713006294573 
0.4999174336106848 5.051166854051576 
0.5725591738765071 3.2313848655494333 
0.5058139944396562 4.864275867498614 
0.40916872240943686 8.114948196799864 
0.5433335846100966 3.8854904668309924 
0.44142249250255033 6.877975695104628 
0.47737362125060306 5.7383367113460295 
0.6148338989942163 2.410327025317938 
0.433679490098287 7.188763342821153 
0.577450169188915 3.1448539340479718 
0.47188257680090173 5.8638760514897275 
0.6069539114364659 2.5628115492268244 
0.48976601838907974 5.298634964470918 
0.9999999955874552 1.0000000054043312 
0.5482646896988316 3.77551823415939 
0.5515279060763376 3.7292819898726663 
0.5592221264618478 3.5240347103442966 
0.48386265838462716 5.480151114789315 
0.43907657650563625 6.951323124555815 
0.611604758450905 2.487838682785744 
0.629783150559767 2.1603801964865506 
0.49310800860521203 5.207224117306997 
0.46873084991835084 5.941085949384871 
0.5005503741303198 4.993508442665557 
0.46147622958112733 6.169029341573159 
0.569815227408764 3.286608989645603 
0.42429314001229407 7.509597904867053 
0.4504375922477763 6.608559800852416 
0.5306199850206076 4.201647436458109 
0.5878831031164031 2.9227584200541314 
0.5842017981390871 3.001167316959698 
0.5954702054632195 2.770064742622119 
0.4118211601213566 8.007475686790459 
0.6450486103615307 1.8565192826621961 
0.6340306054764734 2.0443515153482683 
0.4132527774595802 7.940547205303849 
0.6225204329036831 2.254125703344429 
0.4551204178112372 6.439939473154071 
0.648231535829716 1.8088025926172295 
0.43480659446258707 7.108259984274291 
0.47975586870292664 5.610328796632983 
0.6537951273950939 1.7077409321765538 
0.48714636071061956 5.375133271540482 
0.5454982800917412 3.8394077937828373 
0.5801695082347706 3.0702276827982216 
0.4155099437361229 7.864095411731325 
0.4280962374739496 7.356029225047841 
0.5574697041188971 3.592138173872486 
0.553698436395708 3.6585692757836212 
0.4459849087946811 6.707970638558763 
0.404767694019426 8.314788999264442 
0.4027244613790557 8.38428038791445 
0.3912687277878472 8.890944084497773 
0.4565142107082482 6.3355918332369345 
0.6599791434317394 1.6080503735946492 
