0.640693713112689 0.24193094395885031 
0.4458211238611398 2.0355041150078335 
0.42622688300756356 2.1745137365565355 
0.4010387082901328 2.394293079000013 
0.5228842569582532 1.2979108081886306 
0.6688071317654345 3.442361985084297E-5 
0.6005556567152828 0.6110833174256536 
0.758416953776059 3.563595033635736E-5 
0.5120553298276908 1.409399327627548 
0.4063094811193707 2.3448203753776267 
0.3944662247868786 2.449852840469346 
0.8908474034726592 1.9219350152338555E-6 
0.5172025383691828 1.3918426017572414 
0.5908894039869287 0.6820852279028643 
0.5182349404976566 1.3390918931989262 
0.695381081323579 9.345572711511041E-4 
0.8174231268126283 4.353053186662015E-7 
0.9658539583025534 7.948010710920796E-4 
0.5652407718417801 0.916330332031722 
0.5086714809919589 1.438998971038615 
0.47349521469309164 1.7437256348138461 
0.8517325741712959 3.2934083238345124E-10 
0.46361952124814637 1.8303476508433871 
0.42241683132122676 2.2443794458209143 
0.6175720984997273 0.44871136600002703 
0.43703733706209197 2.0740460985451357 
0.5268792595966009 1.2633582313633989 
0.46710525183037527 1.8145454268342354 
0.46133008291339134 1.8922877051197824 
0.5640257682342608 0.949315891841947 
0.41123580647074337 2.317297551345744 
0.4510697112990636 1.942793845471012 
0.9255829854170433 2.6990799585498016E-5 
0.5395793296640038 1.1507041119338177 
0.7833255067943139 1.7678423926537068E-4 
0.5039135371382539 1.4909398763777908 
0.7302867588080554 6.412492258811575E-5 
0.39723461682844435 2.4311433128268813 
0.4225028761977665 2.214716213771559 
0.39898225796087433 2.4097038307948093 
0.4178126181936897 2.243714411803465 
0.49619111599900634 1.5386053419406587 
0.535875432080752 1.1875206828899958 
0.43093628338918477 2.127816427031563 
0.5687006777328582 0.9030836266137583 
0.4999174336106848 1.5251663704168203 
0.5725591738765071 0.8501590490960316 
0.5058139944396562 1.4604188065958985 
0.40916872240943686 2.320382986103364 
0.5433335846100966 1.1111174633116407 
0.44142249250255033 2.036093174705046 
0.47737362125060306 1.7393305758505306 
0.6148338989942163 0.48195076282735894 
0.433679490098287 2.1176192209519344 
0.577450169188915 0.8159964362904262 
0.47188257680090173 1.7670609412180696 
0.6069539114364659 0.5555084940777699 
0.48976601838907974 1.5950913494460845 
0.9999999955874552 9.917864862707404E-10 
0.5482646896988316 1.0699833331036785 
0.5515279060763376 1.0568030870426692 
0.5592221264618478 0.9707181844440994 
0.48386265838462716 1.651640486751436 
0.43907657650563625 2.05216315971443 
0.611604758450905 0.5215739766499924 
0.629783150559767 0.3605710465502282 
0.49310800860521203 1.5677239148462863 
0.46873084991835084 1.784770266493143 
0.5005503741303198 1.499502519199155 
0.46147622958112733 1.8468604007245257 
0.569815227408764 0.8727598488385976 
0.42429314001229407 2.1862708752857865 
0.4504375922477763 1.9767437649214061 
0.5306199850206076 1.2294780997952766 
0.5878831031164031 0.7182402896410185 
0.5842017981390871 0.7532873430841154 
0.5954702054632195 0.6494910214356137 
0.4118211601213566 2.2976479269776036 
0.6450486103615307 0.1975451833906354 
0.6340306054764734 0.2961814290830084 
0.4132527774595802 2.2814531871407233 
0.6225204329036831 0.403239308665293 
0.4551204178112372 1.93094794370096 
0.648231535829716 0.17252288262503895 
0.43480659446258707 2.090718316316987 
0.47975586870292664 1.6915881655377016 
0.6537951273950939 0.11651270031018646 
0.48714636071061956 1.6184766115655125 
0.5454982800917412 1.0943903480793642 
0.5801695082347706 0.7812524848978235 
0.4155099437361229 2.267609842063985 
0.4280962374739496 2.149088433991394 
0.5574697041188971 1.0025082049428902 
0.553698436395708 1.025744087446769 
0.4459849087946811 1.9916536734350285 
0.404767694019426 2.3655579694903595 
0.4027244613790557 2.376554803273827 
0.3912687277878472 2.47874838077433 
0.4565142107082482 1.8922877051197824 
0.6599791434317394 0.0612797081600851 
