-0.936125116995306 -6.08763722245031E-6 1.9015308700393697E-4 
2.3300643810859434E-4 -4.275872301803497E-6 1.9014372263901372E-4 
-1.0456747035176708 -6.8709340444071696E-6 1.9089495735026912E-4 
-1.0777735759891411 -0.9537706661000749 -1.0824108550719405 
-0.9256522879708466 -6.380343083574776E-6 -0.9683656431601616 
-1.1522880265553916 -1.1419989544116964 -1.1467661462668044 
-1.1059462994048075 -1.0528985877495396 -1.109206723361119 
-1.0675581595305652 -0.9040435137938848 -1.0811118976431944 
-0.6723344563278022 -7.036815044545335E-6 1.9016076792587568E-4 
-0.9172061357265792 -4.213196397485632E-6 -0.9469568538429409 
-0.7873109025817457 -6.09003508915024E-6 1.9014372263901372E-4 
-1.067624218922527 -0.8842113202826491 -1.071774149828904 
-1.0483121438112635 -6.435451304133137E-6 1.9016544796275693E-4 
-1.04741932744345 -6.452720227434004E-6 -1.0413891845772412 
-0.8387770439442293 -4.351936512418165E-6 1.9101550536471289E-4 
-1.1345690084456281 -6.590552810502021E-6 1.9016544796275693E-4 
-1.1399414737303257 -6.591663782700936E-6 -1.1289907336212284 
-1.1174103337634071 -4.351936512418165E-6 1.9101550536471289E-4 
-1.129929663586477 -1.104125663697331 -1.127245583481794 
-1.140038375069746 -4.313810735844079E-6 1.901607967160161E-4 
-0.9268638866380221 -6.448181151706584E-6 -0.9318922235489076 
-0.9720166450498685 5.162252826678947E-6 -0.9679946414038287 
-1.0370523699875653 -7.4011747525156485E-6 -1.0345199292495098 
-0.9487411108610757 5.162252826678947E-6 -0.9679946414038287 
-0.9957820190875988 -6.087090628971246E-6 -0.9856934033707365 
-1.077993214542528 -6.0653275823183926E-6 -1.0830532309733916 
-1.0576855829910219 -0.7796558820880725 -1.0718181054141473 
-0.7326551206504622 -6.09003508915024E-6 1.9014792722546331E-4 
-1.078855085005576 -0.9651270659876662 -1.0824208116401686 
-0.9545036982689363 -5.765224996042935E-6 1.9014372263901372E-4 
-1.1488924954049022 -6.585463393666712E-6 1.909280499057945E-4 
-1.1291355961066492 -4.213252569948128E-6 1.901607967160161E-4 
2.3300643810859434E-4 -6.09003508915024E-6 -1.0105866569186865 
-0.9171277697950642 -4.213252569948128E-6 1.901607967160161E-4 
-1.0965920813775694 -6.606413838563882E-6 1.9101550536471289E-4 
-0.9962954968931936 -4.313810735844079E-6 1.901607967160161E-4 
-1.0900993198681563 -0.9991213088325835 -1.0870991927135267 
-0.9788913318447096 -6.436621326362393E-6 -0.9866754777262701 
-1.0672695541967294 -0.8078719979312645 -1.0718181054141473 
-1.0245716217993364 -3.7430355823759535E-5 -1.0108180430922202 
-1.143725526140909 -1.135405210450167 -1.139560544050695 
2.3300643810859434E-4 -6.610154634589278E-6 -0.8770517429704857 
-1.0294478585380389 -6.4367679589143085E-6 -1.0251713284325503 
-1.077551055730608 -6.586098088347103E-6 -1.0803408375129553 
-1.1240974564343502 -6.0653275823183926E-6 -1.12160305989663 
-1.1061353621423842 -6.612417890158328E-6 -1.102164554517298 
-1.0692392614150688 -0.8678492313799343 -1.0711406927647527 
-1.0901124077702296 -1.886913908018843E-5 -1.0867227531055346 
-1.04741932744345 -6.452720227434004E-6 -1.0413891845772412 
-1.147356774679932 -1.1419989544116964 -1.1467661462668044 
-1.0784100083198151 -0.9083650483006678 -1.0824208116401686 
-1.1280830267304007 -1.0897470622952818 -1.1272183434238885 
-0.7627958893088651 -6.606971767365891E-6 1.9052182673420036E-4 
-0.7873109025817457 -6.09003508915024E-6 1.9014372263901372E-4 
-0.9589409530649481 -4.244124554353941E-6 -0.9469568538429409 
-1.0667641654817053 -4.151573835590389E-6 1.904460207611132E-4 
-1.081597184678017 -4.313810735844079E-6 1.901432145538869E-4 
-1.1410073550820532 -4.313810735844079E-6 1.901607967160161E-4 
-0.8264218366615772 -6.0892999897155965E-6 1.9014973233642344E-4 
-0.8647180593380188 -6.606971767365891E-6 1.9052182673420036E-4 
-1.1174103337634071 -4.351936512418165E-6 1.9101550536471289E-4 
-1.1118588197603338 -1.0698735598870448 -1.1217227839572315 
2.3300643810859434E-4 -6.8568959295301515E-6 -1.0288738844000709 
2.3300643810859434E-4 -4.655206541450618E-6 -0.9696944366134768 
-1.130055809746289 -4.36466914963261E-6 -1.1298610677966128 
-1.0901124077702296 -0.9997308089867591 -1.1006617108122223 
-1.105912848902669 -1.0397037070546509 -1.1059917363439584 
-1.1073716762762038 -6.8571368673916595E-6 1.909280499057945E-4 
-1.1060081015643495 -1.055819050400393 -1.1059917363439584 
-1.1304283742584171 -1.1235698823484666 -1.1350058900004254 
-1.1399414737303257 -6.591663782700936E-6 -1.1393826266057285 
-1.0675038752535055 -0.7796558820880725 -1.0718181054141473 
-1.1145796083006436 -6.591663782700936E-6 -1.1175426714508352 
-1.1050781614590388 -1.0275343997840438 -1.097849977193233 
-1.006924512049881 -6.591663782700936E-6 -0.9994718855886593 
-1.1426802225579384 -1.12426055831743 -1.1375317712048074 
-1.0669958181589094 -0.8441593584429219 -1.0719155490245327 
-1.0572482713981526 -6.436621326362393E-6 -1.0565847467379448 
-1.0669930179426708 -0.8273871960854516 -1.0711205995527564 
-1.0934857846620534 -4.086098477346264E-6 -1.096815071290306 
-1.0900993198681563 -0.9771949220739681 -1.0870991927135267 
-1.114497423879052 -1.0821470537965578 -1.1189743530105465 
-1.063670737258725 -7.708109367849383E-6 -1.0715571531482186 
-1.0980107986872356 -1.0171732219488725 -1.0968034279344925 
-1.0777612775396899 -0.9244694135389915 -1.0821766643076915 
