1.0 1.0000000000000002 
0.3898648980480168 8.960972559002263 
0.3898648980480168 8.960972559002263 
1.0 1.0000000000000002 
0.440641355103951 6.909703069653992 
0.43692842314391056 7.169804001414027 
0.5392652148651336 3.980868014518774 
0.42903368184310564 7.370552893916766 
0.9021600134932245 1.1090009898026896 
0.4474544373068071 6.656812004624335 
0.707858837681416 1.4145401760941858 
0.4766875993463876 5.698820894071548 
0.5530891289797337 3.74776777840769 
0.6010546838936902 2.6534122104341558 
0.644861521669794 1.8619788210844272 
0.48547873355027077 5.514824350424577 
0.943540740695313 1.0598376486245642 
0.8840299103620024 1.143997649872517 
0.4955001899521307 5.221570919845451 
0.6077806462274737 2.6240484083878792 
0.6266674234990083 2.1882161970412977 
0.5160387610245855 4.567151915327904 
0.40505104193062724 8.294117686553363 
0.83610238781458 1.2107059297127192 
0.5025661610677385 4.986583064585523 
0.5754069286264158 3.201452972908264 
0.4166230279688769 7.896340554040091 
0.9649442973085899 1.0363292500812713 
0.6192592523434723 2.3107517861985825 
0.5603908224351614 3.5689385900214483 
0.8449757613005685 1.1834659822033187 
0.4599803646961608 6.3052038342943675 
0.5281877805605178 4.275121001179122 
0.4156666726434127 8.082295820034933 
0.9169911428209547 1.0905230741091827 
0.4677575326612338 6.10074600984678 
0.6144242568447723 2.4290461191129324 
0.3964485611837498 8.772054717783977 
0.46975535466295265 5.954488754724113 
0.7227312293849668 1.3836403754451232 
0.4616157140258642 6.172252000024683 
0.5281877805605178 4.275121001179122 
0.45281845560167716 6.594503490845801 
0.8191846804365416 1.2207260266904905 
0.7994005487078625 1.2509373450098118 
0.3994906338260522 8.54095834599781 
0.859190967554167 1.1639045294020645 
0.5665956408467098 3.36900246782192 
0.8144582824722258 1.229947369773155 
0.5060043611461872 4.834832445140237 
0.566033007096265 3.3723512380702347 
0.9900149926945062 1.0102074222662805 
0.6654556220500518 1.6643285442211495 
0.5561647441807482 3.5970626402783648 
0.666399261870545 1.5659288762292125 
0.9256263329133523 1.0829048925038138 
0.7288822141178442 1.374911620995077 
0.651864934434985 1.7515807012515132 
0.397422363066587 8.73941547706513 
0.5122888379384293 4.77552138847514 
0.6925851255915157 1.4438658340411497 
0.741139770134022 1.352172244576789 
0.9361928235583991 1.0681560196104418 
0.7940317313712307 1.2628875096033623 
0.8740248246834534 1.1441322623326762 
0.591659488741505 2.863521669729186 
0.42159475406343416 7.715434322765527 
0.591659488741505 2.863521669729186 
0.589199826990707 2.989860253515498 
0.42310785801329653 7.555046230101037 
0.5215160876393394 4.502513020937326 
0.5273422004923121 4.469926646991275 
0.7462475982271433 1.3417709540299554 
0.6334083771059035 2.0992275533991007 
0.5444471961090085 3.8942780483499155 
0.8655450273063507 1.1553413958278804 
0.40967819136406103 8.210325655424764 
0.45425601214455413 6.424111553572433 
0.400809203243083 8.486197773120143 
0.41144094967258676 8.165305406540385 
0.767608978577653 1.3029701227820505 
0.492418353279799 5.2542505075187735 
0.42310785801329653 7.555046230101037 
0.651443608116246 1.7527135499580446 
0.9772525671681261 1.0232885194656318 
0.4739079092174704 5.815307222876735 
0.5444471961090085 3.8942780483499155 
0.771615593732035 1.2962044484202924 
0.5027088181014008 4.949493784046303 
0.5880329429901959 3.057297072970322 
0.5807686827736236 3.0762005410413162 
0.5798147395736558 3.1771151999992218 
0.47204893515408586 5.838208461483303 
0.45363154732108485 6.432954923728101 
0.7820882428906946 1.2786280949558224 
0.6154598069057807 2.402853032663406 
0.6827021295060843 1.4664206996913827 
0.4866125063807472 5.418452852236641 
0.4182995236057021 7.754782598825086 
0.6373110931491011 1.99557492462701 
