1.0 2.2461280882110635E-16 
0.3898648980480168 2.493568653126493 
0.3898648980480168 2.493568653126493 
1.0 2.2461280882110635E-16 
0.440641355103951 2.044700923978265 
0.43692842314391056 2.132691156588731 
0.5392652148651336 1.1467436451992041 
0.42903368184310564 2.1622154452964675 
0.9021600134932245 4.963479243937641E-4 
0.4474544373068071 1.9786200697863805 
0.707858837681416 0.0012947649036959274 
0.4766875993463876 1.7165572511000002 
0.5530891289797337 1.072849616177821 
0.6010546838936902 0.5948458373821592 
0.644861521669794 0.20071849588143287 
0.48547873355027077 1.6773299413963185 
0.943540740695313 2.2461280882110635E-16 
0.8840299103620024 0.01132813987114259 
0.4955001899521307 1.5872893826319427 
0.6077806462274737 0.5948458373821592 
0.6266674234990083 0.3712838062586684 
0.5160387610245855 1.3568274157968743 
0.40505104193062724 2.3595410108336834 
0.83610238781458 0.012274118774075693 
0.5025661610677385 1.5060879076141451 
0.5754069286264158 0.8421382222830522 
0.4166230279688769 2.2897973114976216 
0.9649442973085899 1.0181973170458433E-14 
0.6192592523434723 0.43095442347267743 
0.5603908224351614 1.000000431682705 
0.8449757613005685 6.92855741005824E-8 
0.4599803646961608 1.9002699591823549 
0.5281877805605178 1.2580666732404597 
0.4156666726434127 2.3595410108336834 
0.9169911428209547 2.2461280882110635E-16 
0.4677575326612338 1.8536699009587971 
0.6144242568447723 0.4924648565776417 
0.3964485611837498 2.477668471490582 
0.46975535466295265 1.797152976811989 
0.7227312293849668 1.0957213094917929E-7 
0.4616157140258642 1.8492085141389625 
0.5281877805605178 1.2580666732404597 
0.45281845560167716 1.9861128861846642 
0.8191846804365416 6.007501844907588E-8 
0.7994005487078625 2.2461280882110635E-16 
0.3994906338260522 2.4120328631245758 
0.859190967554167 1.6258757637022895E-5 
0.5665956408467098 0.9088621122697073 
0.8144582824722258 0.0017408223166753833 
0.5060043611461872 1.4464463026520435 
0.566033007096265 0.9088621122697073 
0.9900149926945062 1.2049377488749111E-4 
0.6654556220500518 0.1075367866903422 
0.5561647441807482 1.0005594231325436 
0.666399261870545 0.04353384726091922 
0.9256263329133523 0.0023652845422331703 
0.7288822141178442 0.0021486265272459004 
0.651864934434985 0.14179403897890286 
0.397422363066587 2.4732391507159277 
0.5122888379384293 1.4464463026520435 
0.6925851255915157 6.688131650306125E-12 
0.741139770134022 0.0021486265272459004 
0.9361928235583991 2.2461280882110635E-16 
0.7940317313712307 0.0027727557774593903 
0.8740248246834534 2.2461280882110635E-16 
0.591659488741505 0.6942297671121909 
0.42159475406343416 2.2527866357989113 
0.591659488741505 0.6942297671121909 
0.589199826990707 0.7616251440977232 
0.42310785801329653 2.1965994276094807 
0.5215160876393394 1.348132975224417 
0.5273422004923121 1.3571809540636013 
0.7462475982271433 0.0012933518157970392 
0.6334083771059035 0.32966831777452066 
0.5444471961090085 1.1202287642929734 
0.8655450273063507 2.2461280882110635E-16 
0.40967819136406103 2.3635913650243663 
0.45425601214455413 1.9181912958975698 
0.400809203243083 2.4013461680075094 
0.41144094967258676 2.3595410108336834 
0.767608978577653 1.7156506592885812E-4 
0.492418353279799 1.5872893826319427 
0.42310785801329653 2.1965994276094807 
0.651443608116246 0.14179403897890286 
0.9772525671681261 1.1332601459581486E-5 
0.4739079092174704 1.7559200874507674 
0.5444471961090085 1.1202287642929734 
0.771615593732035 1.7156506592885812E-4 
0.5027088181014008 1.488154170378147 
0.5880329429901959 0.79779139541405 
0.5807686827736236 0.7865609361680733 
0.5798147395736558 0.8421382222830522 
0.47204893515408586 1.7559200874507674 
0.45363154732108485 1.9181912958975698 
0.7820882428906946 9.467537985555878E-11 
0.6154598069057807 0.4788594635059894 
0.6827021295060843 0.0011285344311092321 
0.4866125063807472 1.6366869231327803 
0.4182995236057021 2.243821866754322 
0.6373110931491011 0.2718020366749747 
