-3.1413023286297683 1.0109522576193173 
-3.1413023286297688 1.0109522576327816 
-3.1413023286297648 1.0109522573879102 
-3.141302328629768 1.0109522575411225 
-3.1413023286297665 1.0109522574448133 
2.622927873774081 0.26628066057034044 
2.622927873774081 0.26628066057034044 
2.622927873774081 0.26628066057034044 
-3.1413023286297683 1.0109522576193173 
2.622927873774081 0.26628066057034044 
2.622927873774081 0.26628066057034044 
2.622927873774081 0.26628066057034044 
2.6229278737740804 0.26628066057066935 
2.6229278737740804 0.26628066057066935 
2.6229278737740804 0.26628066057066935 
2.6229278737740804 0.26628066057066935 
2.6229278737740804 0.26628066057066935 
2.6229278737740804 0.26628066057066935 
2.6229278737740804 0.26628066057066935 
2.6229278737740804 0.26628066057066935 
2.6229278737740804 0.26628066057066935 
2.6229278737740804 0.26628066057066935 
2.6229278737740804 0.26628066057066935 
2.6229278737740804 0.26628066057066935 
2.6229278737740804 0.26628066057066935 
2.6229278737740804 0.26628066057066935 
2.6229278737740804 0.26628066057066935 
2.6229278737740804 0.26628066057066935 
2.6229278737740804 0.26628066057066935 
2.6229278737740804 0.26628066057066935 
2.6229278737740804 0.26628066057066935 
2.6229278737740804 0.26628066057066935 
2.6229278737740804 0.26628066057066935 
2.6229278737740804 0.26628066057066935 
2.6229278737740804 0.26628066057066935 
2.6229278737740804 0.26628066057066935 
2.6229278737740804 0.26628066057066935 
2.6229278737740804 0.26628066057066935 
2.6229278737740804 0.26628066057066935 
2.6229278737740804 0.26628066057066935 
2.6229278737740804 0.26628066057066935 
2.6229278737740804 0.26628066057066935 
2.6229278737740804 0.26628066057066935 
2.6229278737740804 0.26628066057066935 
2.6229278737740804 0.26628066057066935 
2.6229278737740804 0.26628066057066935 
2.6229278737740804 0.26628066057066935 
2.6229278737740804 0.26628066057066935 
2.6229278737740804 0.26628066057066935 
2.6229278737740804 0.26628066057066935 
2.6229278737740804 0.26628066057066935 
2.6229278737740804 0.26628066057066935 
