-3.1413023286297683 -4.999999924845696 -0.0014518214254936616 
-3.1413023286297688 -4.999999924845698 -0.0014518214254905309 
-3.1413023286297648 -4.9999999248456914 -0.00145182142549364 
-3.141302328629768 -4.9999999248456914 -0.00145182142549364 
-3.1413023286297665 -4.9999999248456914 -0.0014518214254905309 
2.622927873774081 -4.3421356253837855 2.478524889550179 
2.622927873774081 -4.3421356253837855 2.478524889550179 
2.622927873774081 -4.3421356253837855 2.478524889550179 
-3.1413023286297683 -4.999999924845696 -0.0014518214254936616 
2.622927873774081 -4.3421356253837855 2.478524889550179 
2.622927873774081 -4.3421356253837855 2.478524889550179 
2.622927873774081 -4.3421356253837855 2.478524889550179 
2.6229278737740804 -4.3421356253837855 2.478524889550179 
2.6229278737740804 -4.3421356253837855 2.478524889550179 
2.6229278737740804 -4.3421356253837855 2.478524889550179 
2.6229278737740804 -4.3421356253837855 2.478524889550179 
2.6229278737740804 -4.3421356253837855 2.478524889550179 
2.6229278737740804 -4.3421356253837855 2.478524889550179 
2.6229278737740804 -4.3421356253837855 2.478524889550179 
2.6229278737740804 -4.3421356253837855 2.478524889550179 
2.6229278737740804 -4.3421356253837855 2.478524889550179 
2.6229278737740804 -4.3421356253837855 2.478524889550179 
2.6229278737740804 -4.3421356253837855 2.478524889550179 
2.6229278737740804 -4.3421356253837855 2.478524889550179 
2.6229278737740804 -4.3421356253837855 2.478524889550179 
2.6229278737740804 -4.3421356253837855 2.478524889550179 
2.6229278737740804 -4.3421356253837855 2.478524889550179 
2.6229278737740804 -4.3421356253837855 2.478524889550179 
2.6229278737740804 -4.3421356253837855 2.478524889550179 
2.6229278737740804 -4.3421356253837855 2.478524889550179 
2.6229278737740804 -4.3421356253837855 2.478524889550179 
2.6229278737740804 -4.3421356253837855 2.478524889550179 
2.6229278737740804 -4.3421356253837855 2.478524889550179 
2.6229278737740804 -4.3421356253837855 2.478524889550179 
2.6229278737740804 -4.3421356253837855 2.478524889550179 
2.6229278737740804 -4.3421356253837855 2.478524889550179 
2.6229278737740804 -4.3421356253837855 2.478524889550179 
2.6229278737740804 -4.3421356253837855 2.478524889550179 
2.6229278737740804 -4.3421356253837855 2.478524889550179 
2.6229278737740804 -4.3421356253837855 2.478524889550179 
2.6229278737740804 -4.3421356253837855 2.478524889550179 
2.6229278737740804 -4.3421356253837855 2.478524889550179 
2.6229278737740804 -4.3421356253837855 2.478524889550179 
2.6229278737740804 -4.3421356253837855 2.478524889550179 
2.6229278737740804 -4.3421356253837855 2.478524889550179 
2.6229278737740804 -4.3421356253837855 2.478524889550179 
2.6229278737740804 -4.3421356253837855 2.478524889550179 
2.6229278737740804 -4.3421356253837855 2.478524889550179 
2.6229278737740804 -4.3421356253837855 2.478524889550179 
2.6229278737740804 -4.3421356253837855 2.478524889550179 
2.6229278737740804 -4.3421356253837855 2.478524889550179 
2.6229278737740804 -4.3421356253837855 2.478524889550179 
