0.24522585012310671 0.26585088873191787 
0.6215553064358927 -0.17464961618610542 
0.055529408610345755 0.7145520702551909 
0.43861930164529406 -0.06793439374920085 
0.8313160103965392 -0.6012344063627109 
0.8244925386630086 -0.4789543486406424 
0.4357258792114229 -0.04879611639703456 
0.018294543554716797 0.8693753287007779 
0.41127350323791206 0.21972122412558914 
0.6380403694798737 -0.38825583490630233 
0.0038215562981684242 0.9427713354821465 
0.6240807090665113 -0.21574076226930633 
2.580755109615751E-9 1.0079110238285127 
0.8353753067842195 -0.6592175094920102 
0.4537913910870369 -0.1196888408218123 
0.4142143672394417 0.1823897693914562 
0.04508204611055683 0.7510333895461113 
0.416843715944747 0.14648320600163936 
0.0021485160357125888 0.957453651559475 
0.8531420911381205 -0.7707709915912949 
0.4217402461192408 0.08886105815461741 
0.4313435651471086 -0.014122102296867035 
0.42598108594285744 0.04019658398841859 
0.6185878727513212 -0.12477022675748738 
0.6205811711716308 -0.1575538355275713 
0.8417393082938089 -0.7287245309103486 
0.2165992200696991 0.4306614152554451 
0.445431420812225 -0.1025181068890757 
0.8400806940478678 -0.7139577677003457 
0.25783890474826227 0.24575693873479046 
0.2321895433849671 0.32899292439906425 
0.2243998118639447 0.37544236090379157 
0.4405353533297063 -0.0812435621846831 
0.6332912102304936 -0.34034258306084647 
0.6344279299685354 -0.3525879122633689 
0.4234096977349049 0.06956074956344512 
0.23536228789432997 0.30768941384193005 
0.0088209412551159 0.9101070139874835 
0.22766313613438077 0.35438013173068306 
0.8271567888196855 -0.5290319869696848 
3.263361225999961E-4 0.9883511690873796 
0.03404433984834673 0.7906606264856016 
0.636215863611976 -0.37078202114881054 
0.1851918724309311 0.6630165999586181 
0.01141665072450998 0.8946851422000855 
0.02996960541676544 0.808424588127408 
0.23807555751404968 0.2952719751077657 
0.07067028686125372 0.6829631944625225 
0.021974475483551276 0.8423562078748559 
0.4335677420392287 -0.031634722131891016 
0.8367246316173758 -0.6755552471151715 
0.6227971435581244 -0.1948546912335346 
0.08110985181053965 0.6736047327020297 
0.005784045593537401 0.9271918710399597 
0.21118502300471653 0.4718860496672643 
0.6405464436903874 -0.4090887233429385 
0.8300940713515202 -0.5808248294244114 
0.6315393426374899 -0.3175148622118367 
0.8324935106521276 -0.6195395982267417 
0.6526408484978091 -0.4552723313011934 
0.24120745800618404 0.28030274335275446 
0.828916546944434 -0.5607979789644544 
0.6196547740665278 -0.14285811931670195 
0.4197144193500766 0.11168885551659141 
0.6450014286776462 -0.4369265463308871 
0.4130928033867569 0.19666531279198837 
0.8341466394001135 -0.642505311759291 
0.6268835197845719 -0.25691024673586227 
0.18745710248008107 0.6436713485562782 
0.41557360190985676 0.16459261906102432 
0.4094781423521816 0.24384858008896368 
0.20172231515184896 0.546373049450951 
0.19908890937576762 0.563826154481551 
0.6299129194292485 -0.28364451709691757 
0.8233770911448264 -0.45613870986222543 
0.025283468989114696 0.8278502757217457 
0.6301265593274609 -0.30224398855757817 
0.04073575369411836 0.7648629506444546 
0.19186786654628346 0.6143360700164833 
0.20906418053051626 0.4894803283446937 
0.8280260459727765 -0.5451266149531493 
0.061617644883148665 0.6999208941639042 
0.42943308047513 0.005640625534246999 
0.22120072544307606 0.3961635944201724 
0.0012579435007923218 0.9701538763935784 
0.18978900087472952 0.6301831816788646 
0.4280402022385383 0.01970108797907196 
0.8377830663949573 -0.6886427356838364 
0.1966788521709986 0.5816900842920854 
0.8437965527480649 -0.7425414617291719 
0.2042919571481392 0.5263104076191366 
0.21887735817866869 0.4164760430680191 
0.2134113408315136 0.45409148390450116 
0.19438621124861943 0.5976629253487918 
0.20676391692161816 0.5082415570307355 
0.625396177390327 -0.2347745324957731 
0.8252486688730104 -0.49328780817823215 
0.04911234479665372 0.7339359097050941 
0.8262908083624018 -0.5115926277791516 
0.41832920639530874 0.13031302825348223 
