-19.996530027492085 0.006656367628552254 
-14.43261952710224 -11.62721882872782 
-19.996530027492085 0.006656367628552254 
-17.043783414544638 -3.8821018406123833 
-19.08113207596919 0.001149271901664568 
-17.940377001345123 -3.874985289792796 
-15.639105622741024 -7.751905771513954 
-15.227519571456828 -9.25087106069888 
-15.885866899645777 -7.751066263878521 
-18.426813398263196 -2.0456488281050396 
-15.424096974416937 -8.449274317395874 
-18.775249230811646 -0.6485661028042167 
-18.846792528397547 -0.4474882503041378 
-15.089571675796645 -9.822504473963413 
-15.296702940806663 -8.9482901692885 
-16.40519246810603 -6.269634397880194 
-15.169459389126493 -9.489980039284095 
-16.34285653517299 -6.54224669187282 
-14.855931033392551 -10.757444360960982 
-15.379642812214897 -8.607476600149294 
-15.561730500709462 -7.935329259513094 
-15.130373748344013 -9.615583974829512 
-18.724880085233746 -0.7984869858890163 
-16.45041212346076 -5.998201724553764 
-18.906205781969987 -0.31748034465782404 
-15.937372630750755 -7.706090810590203 
-18.521035954348612 -1.5946034821453305 
-18.337942691377915 -2.4620059189447088 
-18.971474247748475 -0.18099995451283576 
-15.044951119756867 -10.02248874794157 
-16.225217804823238 -6.98575481587153 
-14.98883132650935 -10.241664757642113 
-18.1255237647366 -3.462015907311614 
-14.599538419080234 -11.470443478689283 
-14.900967572984786 -10.547754390650699 
-18.16267158806201 -3.313397548265305 
-18.30294319046127 -2.6078320569788067 
-16.57952638867122 -5.4272548741381375 
-18.201976107956856 -2.9985928733036147 
-14.644427824841053 -11.346896479490583 
-16.824073767795603 -4.38773308944418 
-16.495874168396195 -5.7735745870066815 
-18.19010887153682 -3.1739457166644085 
-16.74728297351203 -4.620737128114954 
-18.26206385176289 -2.8529239973648184 
-18.477412870004965 -1.784067902075986 
-14.947691994463886 -10.42130475154746 
-16.6450011090928 -5.110936741016873 
-16.27529546826358 -6.798205310081382 
-16.86889784256982 -4.232735475235562 
-18.55114862284273 -1.4636843940816286 
-18.388164837032484 -2.235502437856871 
-16.02950452085301 -7.5851486954150165 
-16.94212900282475 -4.072311893269504 
-14.735209758104666 -11.127940170033202 
-15.01046079240851 -10.112725295087316 
-15.333262741387658 -8.767559301705873 
-16.27529546826358 -6.798205310081382 
-14.816390511706281 -10.887278334405503 
-18.67873114808224 -0.9440965497185196 
-16.459628856241746 -5.900164512751521 
-16.87061594391533 -4.132238863978336 
-16.09743861840233 -7.349630767337323 
-14.816390511706281 -10.887278334405503 
-16.70883285366964 -4.819846404177407 
-16.614329848387015 -5.265768214012374 
-15.48774999575894 -8.212656127715343 
-17.996719674730393 -3.8165065442237123 
-18.08886437044584 -3.597336276782162 
-16.533067174128504 -5.656011605993014 
-18.48288079142035 -1.7822743982637805 
-15.536011401746801 -8.043020135336892 
-16.725904549328227 -4.72445997635892 
-18.575869999507326 -1.360066176346203 
-18.957381237099383 -0.19746857113235236 
-16.081058911072383 -7.479401486086616 
-16.94212900282475 -4.072311893269504 
-18.25105536839321 -2.888615488214521 
-18.627436567959634 -1.1536943685344951 
-18.389456446694528 -2.2291941820535452 
-15.512982481969335 -8.113840631669099 
-14.514755665848895 -11.558985365584904 
-14.535521663588826 -11.548396019785805 
-16.67556496371316 -4.971295699823475 
-16.14317662079081 -7.304102541707936 
-14.735209758104666 -11.127940170033202 
-16.161640961380535 -7.229399638142638 
-16.199110995664476 -7.08243802005453 
-16.782030850607867 -4.4514100789988555 
-18.679549520486034 -0.9412856243764859 
-16.374587514844755 -6.411218969322999 
-14.444898299738824 -11.6263477899066 
-16.54950052856329 -5.545731321463261 
-19.08113207596919 0.001149271901664568 
-14.667172670374839 -11.210696016128555 
-15.48774999575894 -8.212656127715343 
-18.052748029894655 -3.7082724214702942 
-18.00927048762859 -3.7305516496686657 
-16.181937703921818 -7.1387365443827395 
-14.68887048724395 -11.207870695269708 
