0.0016461897856749955 -1.7905330682468576E-5 8.715054253960464E-5 
-1.1526019523980517 -1.1538615914707173 -1.1534243994212652 
0.0016461897856749955 -1.7905330682468576E-5 8.715054253960464E-5 
-1.1190978373716738 9.520595938394258E-7 -0.49954936703415154 
-0.48168737965192765 -1.6864165789392356E-5 2.2073866626276528E-4 
-1.1530074621440538 -2.512953325740861E-5 8.715054253960464E-5 
-1.092512707056557 -0.5799378433052934 -1.0764042064871941 
-1.0766479418310926 -0.8324245763993386 -1.0822575076424377 
-1.1496852804529625 -7.87509953558213E-6 -1.1533397257104612 
-2.87751811917758E-4 2.5331098439794448E-5 -0.8554892278714331 
-1.0616253146721932 -0.7267920928374041 -1.0916606517223908 
0.001661782679331895 5.543090915884329E-7 -0.6513565656799369 
-0.6105348637850219 -2.005419972905567E-5 -0.0018724127362396822 
-1.072710167959801 -0.9287385452887511 -1.0454642103789966 
-1.0551561469926685 -0.8330966365461161 -1.0451458903628654 
-1.0054083197857138 -7.689217307619081E-4 -0.9759781392409609 
-1.0813601739304144 -0.8556005481651809 -1.089844946832873 
-1.0326145857170708 -1.7920984710764224E-5 -0.986903696342004 
-1.0768351524349404 -1.0124956520058706 -1.100305006836982 
-1.0523389146662543 -0.7907309044272804 -1.0451458903628654 
-1.0962705805745332 -0.577557991135067 -1.1312058407070227 
-1.1075774151133941 -0.8556005481651809 -1.0963804771503456 
0.0017890462729894382 -0.0011878917513161308 -0.6795705832643986 
-0.9083721461271225 -6.364775900242472E-5 -1.046397809228377 
-0.579005325849592 -2.512953325740861E-5 1.5705056819611803E-4 
-1.1393936265491948 0.008136240174029696 -1.1312058407070227 
0.0016132260921560755 2.2774867753598533E-5 -0.7983430903998422 
0.0016461897856749955 -1.7905330682468576E-5 -0.9068691957018337 
-0.5425372736212768 -2.8382487826633987E-5 1.2061569891331798E-4 
-1.092512707056557 -0.9220306872591785 -1.0764042064871941 
-1.010636033098503 3.68395020038147E-5 -1.081269286631752 
-1.0548393376935212 -0.968453193042174 -1.0822575076424377 
-1.0375515441096748 -2.4784939530858775E-4 8.623859313789073E-5 
-1.117624885437385 -1.1010194214126556 -1.1312058407070227 
-1.091279153610946 -0.9660357919841197 -1.128707260124581 
-1.0149645554212694 -1.760081946507644E-5 8.24895783604213E-5 
-0.0036632708859741236 -3.9232536037089524E-4 -0.92544147132319 
-0.8808085087411924 -6.364775900242472E-5 -0.9954859125944973 
0.01190377196880954 -7.689217307619081E-4 -0.9765444427780828 
-1.0995730388633804 -1.10368066416728 -1.1007727741899793 
-1.0761975915245587 -4.484201390567448E-5 -0.6616086495258848 
-0.8808085087411924 -6.364775900242472E-5 -1.04678863708052 
0.0016461897856749955 -1.7905330682468576E-5 -0.9962801525636009 
-0.8496312090735195 -3.8729264171118746E-4 -0.9256197212674541 
-2.87751811917758E-4 2.5331098439794448E-5 -0.9542037727202711 
-0.8232839904662883 1.7322967650797578E-7 0.002217820617087196 
-1.091158962468901 -0.9660357919841197 -1.087235991963108 
-0.8376004037258751 -1.7003648394461626E-5 -0.9999406142267137 
-0.995488098787155 -3.9232536037089524E-4 -1.0655968201957027 
-1.0456200444388475 0.0011463173049641139 -0.6642556187917512 
0.0016541942714393286 -1.6981263198733477E-5 -0.7806635077384901 
-0.8787073595019761 -2.84294263693432E-5 8.715054253960464E-5 
-1.0912642003954494 -2.4298826663398504E-5 -1.1217945731978913 
-1.104127498901083 -2.0136133422908635E-5 -0.5694488878574708 
-1.1190794701650757 -1.033045876144696 -1.1312058407070227 
-1.091158962468901 -0.9660357919841197 -1.0306441392108912 
-1.099351915427217 -0.7419657381599878 -1.1047364476339707 
-0.995488098787155 -3.9232536037089524E-4 -1.0655968201957027 
-1.1190794701650757 -1.0148044835912626 -1.09006819606999 
-0.7043074313998341 -1.1098686642142751E-4 -0.003682191412312963 
-0.8826501139753304 -7.19756369738222E-4 -1.0672697402716373 
-0.6688966239756375 0.04186656000471937 -1.0373062123579468 
-1.092512707056557 -0.043082856544016335 -1.0765102290955757 
-1.1190794701650757 -1.0148044835912626 -1.09006819606999 
-1.0010440134913048 3.723040414103794E-5 -0.798945835258396 
-0.8778485847117835 -1.4891036976621286E-5 -0.9773131336517387 
-1.052527347092319 -0.7060134554224481 -1.079013048022388 
-1.1149963506327607 9.520595938394258E-7 0.002217820617087196 
-1.0603740883777633 -1.645466991081104E-5 8.715054253960464E-5 
-0.9085898938898793 -6.364775900242472E-5 -0.9954859125944973 
-0.8223490973709124 -2.4784939530858775E-4 1.2229772782557102E-4 
-1.052527347092319 -0.6788467911710757 -1.0772247843568397 
-0.864080347105666 2.5331098439794448E-5 -0.9238340295948752 
0.0016461897856749955 -1.7905330682468576E-5 -0.766244247546903 
0.0016458629815237118 -1.6981263198733477E-5 -0.5486990109964847 
-1.0857673356898108 -5.703361968993621E-4 -1.095138349724197 
-1.104127498901083 -2.0136133422908635E-5 -0.5694488878574708 
0.0016461897856749955 -1.7905330682468576E-5 -0.9592253687226068 
0.0016994970970848039 2.2542505722401617E-5 -0.736219020819954 
-0.8779375355706324 -2.84294263693432E-5 8.715054253960464E-5 
-1.052527347092319 -0.7060134554224481 -1.0594785515027094 
-1.116059496919594 -1.1303320266624108 -1.156633434634129 
-1.1200173110731686 -1.119851535042754 -1.153349295361782 
-0.864080347105666 2.5331098439794448E-5 -0.9542037727202711 
-1.0610991889860637 -1.6485387782234697E-5 -1.081269286631752 
-1.1190794701650757 -1.033045876144696 -1.1312058407070227 
-1.0456200444388475 0.0011463173049641139 -1.0853745523745648 
-1.020890039199214 1.8235351797740249E-6 -1.087088165113822 
-0.8472372278861542 2.5331098439794448E-5 -0.9071779326346452 
-0.7037841607550345 -2.005419972905567E-5 -0.0037292062533111157 
-1.0131475631559925 -1.7905330682468576E-5 -0.986903696342004 
-1.1525664270033997 -1.1478605163943651 -1.1534243994212652 
-0.8689897423441764 4.261000243301429E-5 -1.0260064344478455 
-0.48168737965192765 -1.6864165789392356E-5 2.2073866626276528E-4 
-1.1525664270033997 -1.036806892811012 -1.1534243994212652 
-1.052527347092319 -0.7060134554224481 -1.079013048022388 
-1.0827656268972046 -2.4298826663398504E-5 -7.068795090921058E-5 
0.011930833571884847 -1.7905330682468576E-5 -1.0950706110934156 
-1.072710167959801 -0.015566743590323284 -1.0454642103789966 
-1.0813601739304144 -1.0967955882137879 -1.089844946832873 
