1.0 1.0 
1.0 1.0 
0.3893457127078104 8.998079461408178 
0.515920106535309 4.5853877600825355 
0.5014256873985367 4.972147797886302 
0.6204156952247274 2.2920326657128745 
0.47184738642628277 5.849886251382356 
0.45325459695772485 6.444035711943793 
0.5934742724623909 2.798542482123817 
0.7919321949288324 1.2627344121322939 
0.4273526416016006 7.440646089289194 
0.9581528699611134 1.0436748657417718 
0.5657401437214706 3.3801032693249864 
0.6418453484683961 1.938238226849731 
0.6718804534296576 1.488381559988155 
0.9284077307614005 1.0771129644724802 
0.6891054225365163 1.4511586250361592 
0.4420744223396542 6.883180623322734 
0.525314878785829 4.332885062776595 
0.4320594506288076 7.2110806074384515 
0.40452093630059904 8.329500015386467 
0.4659081298879873 6.046948428144184 
0.4457928295281111 6.721075331558231 
0.40215320650696507 8.557644192157309 
0.5905035965836634 2.9823521045113557 
0.988881325474227 1.0112436908361977 
0.6614920554741044 1.693233458002487 
0.4196203385422741 7.700747440885096 
0.476121926559679 5.712792350395551 
0.4643892103451787 6.152676522889916 
0.5815567961604525 3.0417018140642953 
0.5633112249689978 3.5413478415442206 
0.45890267038136984 6.337735106626791 
0.42350845899634504 7.529457566291898 
0.7697073799582963 1.2991951011658345 
0.5550584840633954 3.6156959496293846 
0.4903762134914747 5.331013963481186 
0.509093543898845 4.774874561093811 
0.6116362175613769 2.4855180959541934 
0.48850997729830387 5.382092460238819 
0.8527986630924118 1.1726471429326706 
0.7739673587073285 1.29209107264173 
0.628979902005971 2.2382614673886043 
0.4083781397828997 8.233723369853637 
0.39281439084975833 8.822564225633643 
0.5785594261182733 3.2039258166366236 
0.5306268237578957 4.204147611085705 
0.6502597150729198 1.773064772770258 
0.7074020069075156 1.4136233573595003 
0.5377469420758354 4.148481969731314 
0.8228294917916802 1.2153186170108434 
0.4163834016752626 7.828705997218568 
0.6116362175613769 2.4855180959541934 
0.4824878279023732 5.56571157195619 
0.7500714165920377 1.3333735600292547 
0.9095022098554506 1.0995025511361125 
0.8400391173357502 1.1904208251983184 
0.5502797567435826 3.7248523549408943 
0.4105999451945772 8.086398866372765 
0.639115464398374 2.0420972440176417 
0.9284077307614005 1.0771129644724802 
0.5102557852246438 4.743447561321255 
0.6003745893953791 2.669530511208771 
0.6003745893953791 2.669530511208771 
0.44009306499387824 7.079446993179145 
0.8820411065927705 1.1337340763182602 
0.8045123249623933 1.2575637782723017 
0.4963231285966261 5.136470647664951 
0.833217771481496 1.2082805159940464 
0.39745745680076106 8.73942249002843 
0.8773846587415948 1.1397510194581695 
0.39746115190463877 8.636647856490772 
0.4963231285966261 5.136470647664951 
0.43435810669678887 7.126808434168081 
0.7201008641793553 1.3886943479051028 
0.972017587390784 1.0287880393204496 
0.4805212649611679 5.574330221950713 
0.7362852473663459 1.3582143686610588 
0.4105999451945772 8.086398866372765 
0.7231314060175105 1.3828976115651206 
0.864933411165548 1.1563652866510146 
0.4448981619342113 6.734591072484564 
0.5398833940304798 4.0218356944118865 
0.5463058941960155 3.847350185045251 
0.5729203732939293 3.244892306345496 
0.7498256800654877 1.333643307513471 
0.4163834016752626 7.828705997218568 
0.5398833940304798 4.0218356944118865 
0.5267857557045194 4.320786898463757 
0.8960289213466094 1.116035404858513 
0.7348309340980721 1.3608587696133254 
0.9583958816013903 1.043419629033271 
0.972017587390784 1.0287880393204496 
0.9079471115820946 1.1014221170986638 
0.8121779540906757 1.2346250153313052 
0.6502597150729198 1.773064772770258 
0.6642234796811752 1.5628869469025464 
0.6317709280620014 2.115598271550492 
0.3899329817113167 8.957634805986752 
0.45665523244333966 6.419376456961892 
