-14.445871406705333 -11.625975330323524 
-19.99667406837039 0.007082536152419373 
-19.079847385180873 0.003726736215629831 
-17.94556454684057 -3.873123026439765 
-17.03246154439089 -3.8778674323487974 
-15.61939268896463 -7.815180412176544 
-18.79497011505852 -0.5621276376894839 
-15.877608205293644 -7.751146643844928 
-18.104139850416455 -3.5264833109312548 
-18.444474233949187 -1.9609346374735581 
-18.988232736009735 -0.1475932502018591 
-18.914209146185208 -0.2915352802093389 
-18.712976215270523 -0.8590506780129572 
-15.48683656789259 -8.222884354091413 
-16.68615477137044 -4.90043600865274 
-16.640574765695664 -5.141433259216235 
-18.651271752926394 -1.0780827247945266 
-16.45901575240095 -6.023978375604379 
-14.977075220975095 -10.303242388317782 
-18.224512517037276 -3.021294838996848 
-14.766607688759574 -11.05655081976786 
-18.728132365297903 -0.7089838415360179 
-18.287671694034287 -2.727260652473776 
-18.363407405418517 -2.3185130249229733 
-18.494826369449694 -1.7180394374000503 
-15.014027921344928 -10.11753985650406 
-14.935321593456829 -10.44420430577647 
-15.047986662270613 -10.004751314014014 
-16.41442323488141 -6.232281375716735 
-16.16941423194254 -7.222741880160372 
-18.16754431879344 -3.269208531799037 
-18.248438618439614 -2.9082756103244196 
-16.95224877075357 -4.005131708368346 
-16.511565995983773 -5.751847705024484 
-15.340191644482246 -8.784129324739482 
-18.548216772384496 -1.4417633269518058 
-16.849428626339325 -4.309617325106349 
-16.318868441287506 -6.499836082600536 
-15.285691455382185 -8.955102489397685 
-15.42756383381317 -8.422690957870158 
-16.714757357068798 -4.782610135783657 
-18.51149483210619 -1.65370258541987 
-16.487051116429882 -5.887163719982694 
-16.884678888174733 -4.185734294474721 
-14.694892750237807 -11.121851905896051 
-18.053480161664595 -3.700162447303355 
-14.856741311510193 -10.759776087451039 
-16.27568203986874 -6.769685643919785 
-18.17469488659631 -3.2438766816070848 
-15.089225916602707 -9.837483274602523 
-14.589178076948524 -11.439500240759692 
-16.314408966008976 -6.670959696723881 
-15.367907890612118 -8.539240878795173 
-16.580650901550662 -5.432404296435562 
-15.140534845203955 -9.609751717784361 
-16.084992080468062 -7.461722620100808 
-18.572843302577144 -1.3788778603873177 
-15.524720166423835 -8.098603014320268 
-14.896588308389884 -10.57727823898588 
-16.92568141252034 -4.094740500203136 
-16.048985895777204 -7.526558320698291 
-16.61455622577551 -5.2628862061752155 
-18.316701325253668 -2.584188891951911 
-18.608864053002097 -1.2413263984098928 
-16.74532489244791 -4.635806167817662 
-15.356421553813512 -8.69869336275254 
-16.01305857112301 -7.622585153972961 
-18.92768125495306 -0.2621737792111952 
-17.025563807428348 -3.8884245962233934 
-18.408345479471897 -2.126775215486307 
-18.401858166372673 -2.1657695897994795 
-14.633835047412955 -11.379554095016648 
-15.925881679578989 -7.723425318631483 
-15.969310921077067 -7.6590252670440915 
-15.251906612244841 -9.151007721123374 
-14.541239118721439 -11.548696274478411 
-14.519876271596733 -11.573003091107434 
-16.761067656572195 -4.573432137778558 
-16.375236612014255 -6.402617681826757 
-16.809725956961657 -4.424860676662381 
-14.884175979643487 -10.662500066125375 
-14.814602564940923 -10.887007995800769 
-18.33668473104289 -2.4888243255439444 
-14.673016796547202 -11.234030170772819 
-18.623066195020144 -1.1762706991755263 
-16.796354554958967 -4.466206966380999 
-15.194828868040709 -9.37146094140008 
-15.406325500406318 -8.44752314365213 
-16.54500087436077 -5.602037748515815 
-18.03439078511117 -3.7529211447462463 
-16.24999939336302 -6.9033030419367565 
-14.814602564940923 -10.887007995800769 
-14.641162681993002 -11.263130632715715 
-16.09404398480904 -7.283735706307132 
-16.24202602495214 -6.937929103905633 
-15.160137046183781 -9.46300669268663 
-16.54500087436077 -5.602037748515815 
-15.11661931869173 -9.717631695843805 
-16.207266049141754 -7.08189346214642 
-15.541754344846037 -8.011162788884644 
