-1.1531133229278845 -1.150028853561063 -1.1475973876676557 
-8.217368248104595E-4 -2.6119955647098996E-5 -8.405465320243254E-4 
-0.4816838558693577 -5.001010517315292E-5 -8.65552102972989E-4 
-1.1494775489185654 -2.618578291294091E-4 -1.4812780435957684E-4 
-0.5085318621567538 0.008491177680462536 -1.1159091097727432 
-1.0932364278227455 -0.5764251213181455 -1.0936929756481861 
0.0035753371212986496 0.0024635272762309483 -0.6370885902999297 
-1.1540730007422713 -2.84624698106863E-5 -1.1541514576031713 
-1.0491905934254546 0.0012501776132071152 -8.416208408351189E-4 
-0.8450095358170102 -2.6009966123692054E-4 -1.4812780435957684E-4 
-0.5330174794427571 -2.5355193271120794E-4 -1.4812780435957684E-4 
-0.5735399654179263 0.001000970652015154 -2.3014913964290132E-4 
-0.6885148254429538 -2.6128623991977513E-4 -1.4586174286410937E-4 
-1.061988124558887 -0.7066894400531123 -1.069383091185217 
-1.0487760968380244 2.803284160974595E-4 -0.7667303139537183 
-0.9413076011576628 -2.618193067346564E-4 -0.8976705092263977 
-0.7240478777817836 -2.6128623991977513E-4 -1.4586174286410937E-4 
-0.9752211888775497 5.700418007336524E-4 -0.9733674136589955 
-1.0919955721382004 -0.9570596977144603 -1.0760472116758903 
-0.9760962196188606 5.291154324307385E-4 -8.663033628374909E-4 
-1.0972713721845024 -1.049124527794441 -1.0936898580423593 
0.009426672720400542 -0.00435124474777282 -0.668285271833187 
-0.9387170795458025 -2.618578291294091E-4 -1.4812780435957684E-4 
-0.0029557323633081006 -2.8713550610518504E-4 -0.8900473286070683 
-0.8144634728263767 -2.627059581274815E-4 -9.635019066382474E-4 
-1.0408388483576623 -0.9570596977144603 -1.094046927517463 
-1.0919955721382004 -0.9570596977144603 -1.113139654480212 
-1.0592279471117594 -0.9460168454106342 -1.0652823947535262 
-0.9774111749084893 -3.0095199034260375E-5 -0.9983292994103624 
-1.061988124558887 4.723160688925865E-4 -1.0641201551446677 
-1.0097246758681364 -2.824098632609419E-4 -0.0019069939200384023 
-0.9615947631911936 -2.7080139985115353E-4 -9.617443833390368E-4 
-1.051336022180409 2.7547953590934123E-4 -0.611644954137276 
-1.0058477974560682 5.74534504067423E-4 -0.9113104040540994 
-1.080308887065735 -0.7831819874409347 -1.0603703697392477 
-0.778748767184823 -2.8697326449739663E-5 -0.004760381889451493 
-1.0712112547661088 -2.9277061172869963E-4 -0.6517391685523289 
-0.9401703651158462 -2.6009966123692054E-4 -1.0951328091142294 
-1.1157508809490593 -0.7890079399146626 -1.0603703697392477 
-1.0592279471117594 -0.7604186869075353 -1.0443432007434181 
-0.8486424328018565 -1.125961741285124E-5 -0.9462364921717519 
-0.8055643043077032 -3.356358947590913E-5 -2.3014913964290132E-4 
-0.9492958880654232 7.532577398867002E-4 -0.982327895539802 
-0.6574716764382744 -2.84624698106863E-5 -1.0432230592919716 
-1.0972603352179946 -1.103489035753174 -1.0543187529851685 
-1.081568118067501 -6.672919236453967E-4 -8.760581233091536E-5 
-1.1043157070297345 -1.0009175742928056 -1.093427505119451 
-1.0763038890577095 6.983879670749617E-4 -0.9847168313597812 
-1.0058477974560682 -3.1087002215399694E-5 -0.0015212626834140224 
-1.0583476714302575 -0.9224515384079085 -1.0711284111885009 
-1.099022367573074 -1.103489035753174 -1.1546948671872244 
-1.0065994558746088 -2.55795474287423E-4 -1.0302641866333446 
-1.080228115139576 -0.8177092961070223 -0.9847168313597812 
-0.9736788794849284 -2.838686813985122E-5 -0.9015399822377409 
-1.0518718124651052 -0.9090697980651261 -1.0558780163722576 
-1.075224029807703 -2.6128623991977513E-4 -1.103271292079699 
-0.7687660167654831 -2.543421956144429E-4 -9.635019066382474E-4 
-1.0725985319430178 -0.6599421174867149 -1.089322586535104 
-1.0972717754582177 -0.9683986758686106 -1.1225404520911675 
-1.066295246151806 -3.0095199034260375E-5 -0.6129780099214752 
-1.079372670272646 -0.0020757127151044275 -1.1215785798271156 
-0.9752211888775497 5.700418007336524E-4 -0.8797648618319532 
-0.9212352040203069 -2.618578291294091E-4 -1.4812780435957684E-4 
-0.7486224601263507 -2.5355193271120794E-4 -1.4812780435957684E-4 
-0.9413076011576628 -2.618193067346564E-4 -0.8353849427441236 
-1.0958326309429163 -0.7403423279117625 -1.09223920015629 
-1.1023773233392735 -4.020607499503415E-4 -1.1209169520833424 
-0.5659928756413581 9.991263767824962E-4 -2.3014913964290132E-4 
-0.5085318621567538 0.008491177680462536 -1.1202223723846554 
-0.8657659796055786 -3.420087163794356E-5 -8.704932969777378E-4 
-0.8703365432541299 -2.33797033801621E-4 -1.4017627688430378E-4 
-1.099022367573074 -1.103489035753174 -1.1119308425195498 
-1.1300926899625834 0.002388437453239134 -1.1477850432409626 
-1.1023773233392735 -4.020607499503415E-4 -1.1483628720428973 
-1.0767266863930525 -0.8233732924247433 -1.0759065676128392 
-1.1321247463428443 -1.1110369306248298 -1.1530435153092067 
-1.1514930412054414 -1.1144354165233548 -1.1475973876676557 
-1.0938741565873624 -2.55795474287423E-4 -0.6813662694342555 
-1.017353301073972 7.532577398867002E-4 -0.982327895539802 
-0.6574716764382744 -2.84624698106863E-5 -1.0896088304198848 
-1.0972717754582177 -0.9909322605239217 -1.0936898580423593 
-1.1235282780242568 -1.0112872965708617 -1.0936929756481861 
-0.9094845235168403 -3.4244453365512645E-5 -8.760581233091536E-5 
-1.0972603352179946 -1.103489035753174 -1.0757234059816714 
-0.7395533472103153 5.395108716328311E-4 -8.510306781869995E-4 
-0.6651027490485185 -2.84624698106863E-5 -1.0896088304198848 
-1.092392400933232 -0.8351704673274556 -1.0893970936905395 
-1.080308887065735 -0.7813269785905591 -1.0093929913738544 
-0.9143851079240348 7.532577398867002E-4 -0.982327895539802 
-1.0938951239566257 -2.618578291294091E-4 -1.4812780435957684E-4 
-1.069993301669922 -3.0095199034260375E-5 -1.0066016423322937 
-1.1235282780242568 -1.0112872965708617 -1.0936929756481861 
-1.0621619201692594 -1.115320935296407 -1.117518497998868 
-1.14398160721315 -2.55795474287423E-4 -1.0295036664047956 
-1.069993301669922 -3.0049388967546394E-5 -1.0114798016758586 
-1.093813474472413 -0.8339376206012099 -1.1185294416789695 
-0.9143851079240348 7.532577398867002E-4 -0.982327895539802 
-1.0518718124651052 -0.9090697980651261 -1.0766746040878723 
-1.069993301669922 -2.615050675088342E-5 -1.0328019605070242 
-1.1227982921913333 -0.6012004934391899 -1.094134778860335 
