0.24373262439113524 0.2673824875431028 
0.8427423113764854 -0.7388635510190231 
0.25475674944066545 0.24344512519303838 
0.6486434517587556 -0.45337543632483 
0.44078557922495865 -0.0862750042206466 
0.05622383274816009 0.7078282579651247 
0.848046071149744 -0.767288786195188 
0.8359542083962203 -0.6701063306923262 
0.23928267314127621 0.2851176697184847 
0.07015569831112994 0.678675888798727 
0.846606403449493 -0.7618363781114083 
0.25510468392849645 0.24322560859380654 
0.061186152543253436 0.695356995749236 
0.21261917571899375 0.4569404724880654 
0.6477735239664812 -0.4509377055352462 
0.6477946523120439 -0.45099670189138247 
0.2459692523726053 0.2601633108338584 
0.4435639027570268 -0.10037630743162454 
0.8340773553193868 -0.6450919189432398 
0.24956437228787615 0.25101791623619385 
0.2173569498185411 0.4211440122177512 
0.25621665918432357 0.24258534439537624 
0.8461271939676338 -0.759623529884494 
0.2213799339331315 0.3918318975385389 
0.44892675358787887 -0.11860907934383651 
0.6435293467024419 -0.43239429595902557 
0.6428803938755876 -0.42855932701515964 
0.20955122976365367 0.48041077495405804 
0.0213202766639517 0.8408764466450456 
0.2530777873925175 0.24517595966895606 
0.4263826319855004 0.03280599226480581 
0.07532642462926518 0.6729515083257928 
0.01342445863665348 0.8787762123394778 
0.2052182725284798 0.5136271883614657 
0.4523087756542752 -0.12354845452743057 
0.04265585412084627 0.7520376370109355 
0.02971873090836477 0.8038494985518017 
0.4513679730686108 -0.12268109416718195 
0.4346913286782981 -0.044574793032249704 
0.044762154590975683 0.7444010971394741 
0.037681589621216954 0.7711379807711423 
0.637064790656338 -0.3832538200951458 
0.24157908462980088 0.27541349549880584 
0.6502417170310455 -0.45653575374783845 
0.25166665788063824 0.2471283268251673 
0.6391905873857824 -0.40212017412066536 
0.6411249703299681 -0.4170108212952006 
0.06356088778003655 0.6901437073321289 
0.20285538011101517 0.5315720784637327 
0.6327433313780008 -0.33738398418077703 
0.23570513398237983 0.30229690494810035 
0.22383076555209497 0.3746548095511254 
0.6460800579298229 -0.4449032213708302 
0.23153912232428162 0.32521361368589763 
0.6515836321152552 -0.4579208838872629 
0.4364330172942147 -0.057943259444473955 
0.42265131597340005 0.07395930468363711 
0.0026818596445739584 0.9482157803930021 
0.8496694694637401 -0.7713143557012059 
0.006378322272293357 0.9190193612345658 
0.07152327752216786 0.6768882092917766 
0.4529285450051525 -0.12392404474770458 
0.6349700686869711 -0.3622343454609556 
0.43189058183130813 -0.020916528142208207 
0.6511343280620696 -0.4575737480388933 
0.45354348609565887 -0.12408551516274141 
0.010141297354055112 0.8963429222550681 
0.07962780475879855 0.6703443089085767 
0.4476620402913893 -0.1154365168839098 
0.6493972763367836 -0.4550568204611453 
0.4386097204682424 -0.07302828281359398 
0.6520553328621951 -0.4581265059221137 
0.07945173547470785 0.6704140459816368 
0.05273817250243318 0.7179606279878004 
0.03273003305034486 0.7912465263776148 
0.015927442269303566 0.8663063480928154 
0.851352444045514 -0.7731723082513672 
0.445925743258192 -0.10995979481745405 
0.2579379755110759 0.24230897496821077 
0.8396711893056152 -0.712119904311524 
0.026450619564463318 0.8179560056465369 
0.4470349751920147 -0.11363251373941792 
0.8511727693396921 -0.7730790223273692 
0.07347790427784842 0.6747043181277197 
0.4498999464962321 -0.12055217933456647 
0.8504169506777314 -0.7724436440293452 
0.8450333898578101 -0.7539101331587885 
0.4289647099015701 0.006500910545515265 
0.6306250031098164 -0.31138541039943657 
0.8415655091877934 -0.7294383022440256 
0.0763193891616972 0.6722029123932923 
0.4522275897433488 -0.12349152054536151 
0.22743524207620694 0.3505734620913985 
0.06568581140320832 0.6860362866769464 
0.8380598881456571 -0.6951526767983278 
0.849003320067468 -0.769931957284293 
0.08043506132528366 0.6701589010597744 
0.2477343967355518 0.2553317960115817 
0.049587011988451946 0.7278918891241901 
