0.6797594604620981 1.5177159998497034 
0.603080602215563 2.64582453445415 
0.5877406990362376 2.9204658888299058 
0.45522761387638483 6.441632911228252 
0.9611336155769813 1.0404380658508077 
0.5654774298850966 3.445615921130789 
0.4517460007908208 6.530191963502512 
0.6180265252013886 2.350890735880664 
0.5197356896567549 4.471978738835832 
0.9137089805081986 1.0945482499931845 
0.6840192177826739 1.4619708235574225 
0.47248332931521836 5.837604118186135 
0.3948399496046988 8.783956981740292 
0.5402073163283659 4.134585356048431 
0.9999999999999998 1.0000000000298028 
0.5421124539103609 3.9296399090596457 
0.40917311211359164 8.13305468894109 
0.8168807373532627 1.2243449704295921 
0.7843813895644385 1.2750733705890915 
0.4102790207830186 8.085492324572085 
0.40341995175723566 8.36135766291173 
0.4203146013311991 7.707471701883896 
0.4150236922028688 7.874699286897981 
0.504172179885455 5.005698535474623 
0.7124040821405189 1.404289872570935 
0.6115507341506888 2.4881701113250516 
0.60944549383337 2.5363384652820278 
0.5731160937895404 3.2450187938050923 
0.4564072867089155 6.348561569911343 
0.3962232298617777 8.693752085238641 
0.5688806887105567 3.3192900464795914 
0.6460333384160593 1.8732619308331315 
0.8478268093280954 1.1801712981132058 
0.7594698687007565 1.3215165160496825 
0.6549876922890221 1.7338287339664424 
0.5572719573003125 3.6439745927571434 
0.5567930186643412 3.6984970202743948 
0.5823323480519292 3.024786550850061 
0.492115080490353 5.310302812544056 
0.732053912712028 1.3661711288153182 
0.4232199064551821 7.577419683378801 
0.46494470839164825 6.0574644489028895 
0.6399261209201005 2.0456096824228354 
0.5866337191721119 2.972743670246427 
0.4253837169895255 7.456760676305658 
0.41216735639614493 8.008484094609814 
0.49316869453420026 5.236460830025437 
0.5761681030728549 3.1708825593800762 
0.8853106818889153 1.1296607673054815 
0.6410576598155413 1.9463527214024599 
0.49597406661917015 5.1268133845489645 
0.5085080084330706 4.777769126437706 
0.4373109900170565 7.034251710305005 
0.4013713708519632 8.440892840085684 
0.544713254737693 3.864590266602164 
0.46882922657520354 5.965436813867146 
0.6321875461218308 2.111414750205057 
0.6210792982040426 2.2815305377662343 
0.5042487588592304 4.942224093854136 
0.4737499414471451 5.787840331426967 
0.658735783235561 1.637501598934393 
0.6488878365394108 1.8041230996505158 
0.44176275264335035 6.845759710816539 
0.48247218537905173 5.587615700983165 
0.4782609618939811 5.67595634079682 
0.4204430329460091 7.651358554632215 
0.5495143587934569 3.7474859164029026 
0.5295547753891672 4.218972731501817 
0.45907615043523514 6.248722926621185 
0.5796478592902892 3.1061530850930272 
0.4288925562587465 7.326674635149575 
0.6277518904081362 2.179665483756718 
0.44751794854962473 6.643559585023239 
0.4345269928442143 7.117471115091744 
0.5114829204780632 4.691247986479171 
0.4059997353513727 8.25259348410273 
0.5052376172438606 4.86094101851547 
0.43918855625977754 6.939261289789403 
0.483219472053026 5.506658611915907 
0.5268245203755707 4.314269245193164 
0.5988494057677626 2.7219952940621277 
0.5241752607824733 4.4047865204972485 
0.559316744372077 3.538120859209751 
0.5407474792891402 4.014504617156328 
0.39812271478520034 8.590798708801119 
0.66202498560487 1.5788233739479551 
0.517539340258956 4.610643460181003 
0.6049208565438274 2.5783991561395934 
0.5669874225698013 3.399665603842134 
0.5901548525995468 2.8660545998995195 
0.4333418693780945 7.197451988201314 
0.48592584582891635 5.4162485105761125 
0.469971260020823 5.897329997412326 
0.4302009083359457 7.282034535203885 
0.4452153711056643 6.72504587189869 
0.39111005435294743 8.909452294583577 
0.46202234110813767 6.150796685922931 
0.4174669765338124 7.770146147616132 
0.594161340859809 2.7834007509895815 
0.443248659333639 6.794974191408587 
