0.6797594604620981 0.03168180919252811 
0.603080602215563 0.5956454535953204 
0.5877406990362376 0.7164766630123758 
0.45522761387638483 1.9324091796460277 
0.9611336155769813 1.5108157888805984E-11 
0.5654774298850966 0.9484180354522086 
0.4517460007908208 1.9499881039086173 
0.6180265252013886 0.4529128326244623 
0.5197356896567549 1.3242469539591861 
0.9137089805081986 9.856561830534627E-5 
0.6840192177826739 1.61391508397557E-5 
0.47248332931521836 1.7581706289848147 
0.3948399496046988 2.4682571320001796 
0.5402073163283659 1.2335332593214843 
0.9999999999999998 2.9802514731232244E-11 
0.5421124539103609 1.130306734084412 
0.40917311211359164 2.327827298064065 
0.8168807373532627 1.4382221928377348E-4 
0.7843813895644385 1.4382221928377348E-4 
0.4102790207830186 2.3173078734740478 
0.40341995175723566 2.3731385049968434 
0.4203146013311991 2.2395628956488283 
0.4150236922028688 2.2681867730356977 
0.504172179885455 1.5237339424796703 
0.7124040821405189 4.2183772812314337E-4 
0.6115507341506888 0.5216422582726367 
0.60944549383337 0.5457600485023771 
0.5731160937895404 0.8597724953792205 
0.4564072867089155 1.8975297606277293 
0.3962232298617777 2.444666530830819 
0.5688806887105567 0.8882800076714059 
0.6460333384160593 0.210189658903841 
0.8478268093280954 5.808661399158187E-4 
0.7594698687007565 0.003651974930133639 
0.6549876922890221 0.135636481285077 
0.5572719573003125 1.0306848536583826 
0.5567930186643412 1.0592973204396512 
0.5823323480519292 0.7614310545124122 
0.492115080490353 1.613280096023266 
0.732053912712028 1.1092028346182392E-4 
0.4232199064551821 2.2069148495712314 
0.46494470839164825 1.8163860417879298 
0.6399261209201005 0.3090390689894439 
0.5866337191721119 0.7439116754220159 
0.4253837169895255 2.1719845731882286 
0.41216735639614493 2.300835718015901 
0.49316869453420026 1.5824585515231198 
0.5761681030728549 0.8269613893048178 
0.8853106818889153 1.007442063708508E-4 
0.6410576598155413 0.24772432075787132 
0.49597406661917015 1.542766483132341 
0.5085080084330706 1.4295338632378496 
0.4373109900170565 2.0761555794626547 
0.4013713708519632 2.3879327304397124 
0.544713254737693 1.1050935423484738 
0.46882922657520354 1.7967711276285803 
0.6321875461218308 0.3348101097775732 
0.6210792982040426 0.4170113852269448 
0.5042487588592304 1.4921103653301329 
0.4737499414471451 1.7419890181189506 
0.658735783235561 0.07868089832353103 
0.6488878365394108 0.1706735349829992 
0.44176275264335035 2.0242016537852603 
0.48247218537905173 1.6958691583116496 
0.4782609618939811 1.7145883392177288 
0.4204430329460091 2.216960396866961 
0.5495143587934569 1.0592973204396512 
0.5295547753891672 1.234177157203466 
0.45907615043523514 1.86863966628965 
0.5796478592902892 0.8004749864021006 
0.4288925562587465 2.1423562131454204 
0.6277518904081362 0.3682891278856444 
0.44751794854962473 1.9731121565567964 
0.4345269928442143 2.0927333202963725 
0.5114829204780632 1.3994932208112003 
0.4059997353513727 2.350550770508171 
0.5052376172438606 1.455930257757701 
0.43918855625977754 2.0476441473719698 
0.483219472053026 1.6609246672262539 
0.5268245203755707 1.272862825869964 
0.5988494057677626 0.6300652643517511 
0.5241752607824733 1.3088801230727687 
0.559316744372077 0.978930240168134 
0.5407474792891402 1.1708332523218992 
0.39812271478520034 2.4201921041210954 
0.66202498560487 0.04522052141052735 
0.517539340258956 1.386189374551346 
0.6049208565438274 0.5597274260438448 
0.5669874225698013 0.9275676383216583 
0.5901548525995468 0.691416029945954 
0.4333418693780945 2.11895729932624 
0.48592584582891635 1.6318951387213056 
0.469971260020823 1.771575609642468 
0.4302009083359457 2.1327378715784375 
0.4452153711056643 1.994093793559991 
0.39111005435294743 2.484576371189575 
0.46202234110813767 1.8418054845102867 
0.4174669765338124 2.2437794194711564 
0.594161340859809 0.653789122358169 
0.443248659333639 2.0118632005485337 
