-18.507274315872117 -1.673800883579079 
-15.591029809889996 -7.891738739656585 
-16.251812953678034 -6.903564262104862 
-16.4517347299292 -6.057484270887436 
-15.124141851188021 -9.64655819056184 
-18.113967120924357 -3.49697767372978 
-18.755949552999645 -0.7191768609266898 
-15.557208040368451 -7.98765980184417 
-18.225604015595678 -3.0249933780536313 
-17.948229695907052 -3.7898459187130613 
-16.64355633184151 -5.10863145279144 
-16.72863361043757 -4.734738857591392 
-15.469023286122997 -8.281529973114461 
-16.389342553883225 -6.318247927010592 
-16.091990845975943 -7.452339951791691 
-14.837578398286206 -10.8272131367737 
-18.63971857803023 -1.118304884676971 
-18.17085716554515 -3.270345589629442 
-15.256358308071892 -9.133167801480038 
-15.061138079552876 -9.928471704694678 
-16.30272525068557 -6.72089445853292 
-15.499396243904698 -8.18531405123607 
-16.77978464457474 -4.526676703267506 
-15.2185649189117 -9.279543514813417 
-16.945661175875834 -4.045690519066731 
-18.043911917800436 -3.7313398812693266 
-19.088901636534416 0.011604152130118757 
-16.899419993321104 -4.165902341137335 
-16.6652894616455 -5.021030245335012 
-14.97160125693232 -10.314866512722503 
-18.20065581064301 -3.1431073301086125 
-18.67359709672141 -0.9981234443660706 
-16.27664960132502 -6.826578432767203 
-18.295688883232362 -2.689987669789909 
-18.342241256560122 -2.4548139788522656 
-15.529674761317498 -8.078924326046238 
-16.21172215754235 -7.051467408557667 
-16.401216611931368 -6.17106188319171 
-16.816861637458878 -4.356764571286551 
-15.428642743337617 -8.401310777790632 
-15.0019712029688 -10.178053925189593 
-16.054067323513323 -7.538871482672199 
-16.133883319318652 -7.308326616529309 
-18.953764991341345 -0.21379510544440242 
-16.503329209736922 -5.811053882404121 
-14.788753376811457 -10.993437913162442 
-18.41789324042953 -2.08455899103951 
-16.348169138387192 -6.48565420328635 
-15.989792645570832 -7.579202745379863 
-14.940098443969433 -10.443864538437394 
-18.90370706843949 -0.323204164251663 
-15.300209115078614 -8.949817152436683 
-18.27077902317047 -2.8063027082588183 
-18.598459610060118 -1.2842545317388607 
-18.133191313277962 -3.3975237087231624 
-15.88600794977479 -7.7513043685633995 
-14.545926930596707 -11.53552957551305 
-18.084770691562408 -3.609859691296729 
-14.872505202119214 -10.699863535675265 
-18.31760574160696 -2.5815899146852894 
-19.018483440330417 -0.09494359604492915 
-16.472721328286404 -5.933796764961809 
-18.80475427512045 -0.574649128899642 
-14.724271391203315 -11.169055869140267 
-15.636459655863554 -7.766253305374837 
-18.393034539346445 -2.2101211398397305 
-18.538360862508434 -1.5364501483135369 
-18.448659549212717 -1.9440952557851943 
-17.940347798263623 -3.8731904565016726 
-15.32977687577904 -8.799167349541946 
-15.40442656150909 -8.499219542042248 
-15.181994087115793 -9.401793605682174 
-18.244908101203244 -2.9361850377908585 
-16.803423500633297 -4.456166554001359 
-16.320319768043927 -6.649519911109091 
-15.035027315767497 -10.068888422175224 
-16.574385368771537 -5.465053004515621 
-16.17413205519376 -7.179313950113617 
-15.100294147942048 -9.793840443749186 
-15.15244675231241 -9.523872582468865 
-15.383351850637236 -8.601052200300998 
-15.354696014524782 -8.69058080445518 
-15.986455056849513 -7.659449926760161 
-18.85255398867961 -0.446865705923652 
-16.680225638384954 -4.948996795997163 
-16.525746589911876 -5.675760094966071 
-16.60441353403369 -5.321392796433529 
-18.567462221061813 -1.4082864505111563 
-18.366777356612328 -2.333797629572774 
-14.674798566779549 -11.272542411993799 
-17.040675682040238 -3.879948554475906 
-14.609928461883161 -11.393059637763205 
-18.479300421421414 -1.8003811053837613 
-16.868273087457407 -4.253312555965853 
-14.431551278301807 -11.626911059948652 
-18.711140188686137 -0.8608037226092504 
-16.55497722052346 -5.547486004331802 
-16.625071980234274 -5.215111930886495 
-14.908005161291364 -10.569754238521638 
-19.991864031937247 0.014125312963512944 
