-0.8081354570914767 7.037704234821107E-6 -1.546869357039988E-4 
-1.1023078557085992 -0.5823259472517646 -1.0989430070601083 
-1.0658141608090865 6.9954500937311625E-6 -1.0096217637981877 
-0.9885406060145888 -2.632281689696212E-4 -0.9645016884239149 
-1.1004705437723563 -0.8597237255996593 -1.1022939938352612 
-1.043802370179616 -8.701994912369004E-4 4.1544699988285493E-4 
-0.6638516540747483 -9.585430235747026E-5 3.4300104154659614E-4 
-1.0748469280315425 -0.6549737112007107 -1.0686526516513353 
-0.9761459058006428 -1.0501131763962295E-4 4.1544699988285493E-4 
-1.1208935479436999 -3.952792412804251E-4 -0.021790449780646037 
-0.8204072622860166 1.2447734025683617E-5 -1.0186489892736719 
-1.0092209961909504 -7.440572943534264E-5 -0.7795212141077433 
-1.0871548010507237 -0.6734133330924418 -1.1004079328492915 
-0.9557630192829705 1.904613721506618E-5 -1.0355653398866447 
-1.0804344675196265 6.817412915344264E-5 -1.0936801838741532 
-1.093086571157109 -1.009670623029063 -1.1061335496689462 
-0.7304558275730282 -4.0533180317326E-4 3.495990454538384E-4 
-1.0092209961909504 -7.350858984184366E-5 6.787018371210528E-4 
-1.0774301596212026 -0.8248896916776985 -1.0691969959547862 
-1.0469455167217472 -0.926365729083444 -1.1002278130594667 
-1.0107122398284103 5.010074978758808E-5 -1.0333131620068503 
-1.0753069258641157 -0.6875885146151726 -1.0712899517262795 
-0.6927038821392859 0.0022865195338551466 -1.0699790575812838 
-1.0519068169789472 -0.871308355004822 -1.0523738077958198 
-0.5693024613160147 0.007122757385685907 -1.102015789809234 
-1.0881747636071848 -3.0227190779496226E-6 1.3920550054019598E-4 
-0.4774451777629989 -1.3205052869257612E-5 -1.9036524007504528E-4 
-0.588315980419432 8.485522625237187E-5 -1.1098051188571758 
-0.9229120452260284 1.4043935232225621E-5 -0.9011535512366475 
-1.0613639410772238 -0.9673672430010034 -1.0931670285171073 
-0.9915646741729576 -1.4271904891160374E-4 -1.9039433717913371E-4 
-0.7112848483314853 6.9954500937311625E-6 -1.92992521101399E-4 
-1.0184028845001425 -7.582289804195649E-5 -1.0416314141567902 
-0.9340160285377523 1.2801032061033653E-5 -1.9004250110195796E-4 
-0.9056640933511868 -2.432727419753788E-4 4.39180570264726E-4 
-1.066020573245686 -0.6674227807116127 -1.0829388572212073 
-1.0691463894554136 0.0047916074739675395 -1.0308819741588553 
-0.9112051330592847 6.973138082640103E-5 -1.0738856290382195 
-0.6461786994516505 0.016871466179433137 -1.0971341016070022 
-1.0521866400679163 -0.7178671845585911 -1.1094376190498751 
-1.093086571157109 -0.9262731074870977 -1.1061335496689462 
-1.1023078557085992 0.002272297901260545 -1.095390240920268 
-1.0489045145486233 -1.7901508294681996E-6 -1.099329207795638 
-0.5521226043749077 1.6738483622623463E-5 3.8673560693004206E-4 
-0.9421213553365336 -1.2356095464954154E-4 -0.9796504774851772 
-1.1001882386467934 -1.0319514645397905 -1.102666287633445 
-0.8605172833464375 -2.6046660502930145E-4 4.4279219617156837E-4 
-1.052044882512158 -4.83682149484993E-4 -0.9645016884239149 
-1.1190909357418395 -0.045557255806040364 -1.1168707847384978 
-1.0955242532929046 -0.977255698316011 -1.069566415994034 
-0.5803901094153189 9.473668842518773E-7 -1.7521355846893529E-4 
-1.0792910379991913 -0.7991696924320775 -1.070244649070637 
-0.9486439135859688 -3.952792412804251E-4 3.495990454538384E-4 
-0.7547727260532099 -7.377830732103162E-5 -1.903144603457717E-4 
-0.0033323760803309344 -2.573688356305952E-4 -1.029052125752709 
-1.1522969085682975 3.2844560865708585E-6 -1.1506387780593035 
-1.1491151065308172 -1.1190729382851285 -1.115734014427495 
-1.0627759552096976 6.9954500937311625E-6 -1.92992521101399E-4 
-1.1004232650844445 -0.9900707067209499 -1.1026546062312494 
-0.9208259223273783 6.905881140453277E-5 -1.7603044966683505E-4 
-0.5162984666635484 -1.0729130507796717E-4 -1.9425161063468777E-4 
-0.9229120452260284 1.2447734025683617E-5 -1.0178033014747268 
-0.6360939043914893 9.218325966697013E-6 3.2777346680160855E-4 
-1.0873056751452213 -1.0668417420371445 -1.1093337601621645 
-1.0859714227874004 -0.5653721906960947 -1.100180502560543 
-0.8756894733249204 6.905881140453277E-5 -1.7603044966683505E-4 
-0.7898749900575578 -1.7901508294681996E-6 -1.7521355846893529E-4 
-0.8427429733505934 -1.171254084164963E-4 -3.1341688948285625E-5 
-1.1526229478310923 -1.0853947742398004E-4 3.9604884057541296E-4 
-1.0977097735947732 -0.7530738857107531 -1.094017082158466 
-1.0444714029715143 -0.744301858224343 -1.1002278130594667 
-1.024991054506354 -0.9000339251975804 -1.062146174664688 
-0.9646772812029409 -1.0952355613602036E-4 -1.92992521101399E-4 
-1.0648336569113992 1.920294365458256E-5 -0.6839157909433842 
-1.0227346664041905 -7.270389594887044E-5 -1.01048613551806 
-1.0692894893507898 -0.9408179109188233 -1.0759089559056396 
-0.9112051330592847 6.973138082640103E-5 -0.9676926025548483 
-1.079132968889336 -0.0063296399039652895 -1.0440816518142606 
-1.066020573245686 -0.9054026715312016 -1.0829388572212073 
-1.0247825207910912 -0.9148738625342349 -1.0623580419071388 
-1.0451796508596305 -0.7772133305738352 -1.069403765361342 
-1.0995701286461137 -0.7324825130288861 -1.1004079328492915 
-1.1223593653159054 -0.004335784029891161 -1.1175297032048646 
-0.6091774735796103 -1.3479991124875311E-5 -1.9249817027215606E-4 
-0.975629775430957 -1.3010431977958037E-4 -0.8403684515359491 
-0.8944010100680899 -3.0227190779496226E-6 -1.0144466141397155 
-0.932997496922107 -6.681766451035005E-5 -0.92764131257366 
-0.7725336859757743 -1.0053268721518135E-4 4.4631967510459856E-4 
-0.8909815014524994 -2.432727419753788E-4 4.39180570264726E-4 
-1.148240181618726 -1.063125676509323 -1.102015789809234 
-0.4900969795821898 -2.547806714218512E-4 -1.1317668228624627 
-1.1471752323002966 -1.0688635199464906 -1.1531847073874888 
-0.8245607412002358 1.2801032061033653E-5 -1.9034445383281828E-4 
-1.0949249782152122 -1.63586456206278E-4 -0.6193564786530771 
-1.1511511366779712 -1.1544146020642727 -1.154814472033351 
-0.6891500782287212 -5.770310646371273E-4 3.2777346680160855E-4 
-0.8944010100680899 -3.0227190779496226E-6 -0.996575750150148 
-0.8840256263682498 -2.6364523112219816E-4 -0.9645016884239149 
-1.0948166258930383 -0.977255698316011 -1.0992021998147632 
-0.003661906774973689 -2.576040173116205E-4 3.0390023623742585E-4 
