1.0366489726843686 0.8715806140723661 
1.110163258361895 0.653884599505183 
1.110169850792104 0.6481588501217815 
1.1101704323300523 0.6465158947884797 
1.1102282565587518 0.6345080852903333 
1.110154618292967 0.6603671735986288 
1.1101618404974718 0.6553369764078888 
1.1101587386995142 0.6575724817270044 
1.1101572740491128 0.6585425163895449 
-3.141179892378475 1.0704340409786892 
1.110141096569663 0.6688869011971009 
1.1101690994855555 0.6490841995701219 
2.619517806904173 0.43932365043806876 
1.1101692113391377 0.6487944469236663 
1.1101690994855555 0.6490841995701219 
1.1101667925794425 0.6511981530421678 
1.1101675405560325 0.6502052433656194 
1.1101703378673449 0.6466135866762659 
1.1101697185702728 0.6486505021793952 
1.1101462655137682 0.6656425284713201 
1.110243482927703 0.6265805343874817 
1.1101494379698347 0.6638089712510494 
-3.1412168678960306 1.0844951897199697 
1.1101665234024516 0.6514266456135767 
1.1101503035446039 0.6633550214441438 
1.1101675320876656 0.6503382448356361 
1.1101410985828104 0.6686922008722179 
1.1101685485577295 0.6497011776141787 
1.1101656817661048 0.6521488326817413 
1.1101618404974718 0.6553369764078888 
1.1101461394282142 0.6677303953722509 
1.1102493782643674 0.6231983856517408 
1.1099244156212131 0.6860756331290916 
1.1101587857285766 0.6575460719029014 
1.1101577218686352 0.6583794009189725 
1.1101389139269286 0.6715293378816796 
1.1101587041332 0.6576129124800199 
1.1101487121636564 0.6641647285976775 
1.1101644656274554 0.6532203180559593 
1.1102462843097614 0.6253868183368999 
1.1101665234024516 0.6514266456135767 
1.0366489726843686 0.8715806140723661 
1.1102357061226928 0.62802664762133 
1.1101692227113569 0.6487411940393712 
1.132655725118107 0.5683746234559595 
1.1101680429529701 0.6500207249218235 
1.1101402468326662 0.6694112010247381 
1.1102494699637038 0.612431587981782 
1.1102438418720189 0.6262725064827859 
1.1101506754120785 0.6629168341134927 
1.110150304605957 0.6633220499071416 
1.1102538660550054 0.6017566355984219 
1.1101578149712503 0.6581609871400661 
-3.139666652432115 1.0675695060329486 
1.110136437114968 0.6743588468440118 
1.1102357061226928 0.62802664762133 
1.110243482927703 0.6265805343874817 
1.0447217168916239 0.6893555928266519 
1.1101402468326662 0.6694112010247381 
-3.1415926534548464 1.1240467598827792 
1.0424929833761094 0.7290423514468667 
1.1101433747022802 0.6678500062115674 
1.1101720873050485 0.646375842071256 
1.110150304605957 0.6633220499071416 
1.1101389332207594 0.6696872311530518 
1.1101645733531236 0.6531328032190014 
1.1101494379698347 0.6638089712510494 
1.1101581221851335 0.6577149050921842 
1.1101645829170592 0.6530743592331283 
1.1101402468326662 0.6694112010247381 
1.1101410985828104 0.6686922008722179 
1.1101741178110438 0.6439813174825678 
1.1101494348500303 0.6638109453808184 
1.1101511726665263 0.6622995181919794 
1.1101531111243057 0.6614940624962007 
1.1101615331271195 0.6555722056008788 
1.1101690994855555 0.6490841995701219 
1.1101578149712503 0.6581609871400661 
1.1101531111243057 0.6614940624962007 
-3.141592653589793 1.1325033088082879 
1.1101615331271195 0.6555722056008788 
1.1099244156212131 0.6860756331290916 
1.0366489726843686 0.8715806140723661 
1.1102462843097614 0.6253868183368999 
1.0447217168916239 0.6893555928266519 
1.1101531111243057 0.6614940624962007 
-3.141592653589793 1.1325033088082879 
-3.141450010722135 1.10935399190094 
-3.139666652432115 1.0675695060329486 
2.619517806904173 0.43932365043806876 
1.0412366110067188 0.7923129741161228 
2.6215366984293698 0.3867040042227968 
1.132655725118107 0.5683746234559595 
2.6215366984293698 0.3867040042227968 
1.0447217168916239 0.6893555928266519 
-3.141592653589793 1.1325033088082879 
-3.141309859207358 1.1058627919607684 
2.619517806904173 0.43932365043806876 
1.132655725118107 0.5683746234559595 
-3.139666652432115 1.0675695060329486 
