1.0366489726843686 2.5450068039863307 4.3161425968249505 
1.110163258361895 2.222168464736106 4.47890961160721 
1.110169850792104 2.2221685842071475 4.478909417253128 
1.1101704323300523 2.2221705008376387 4.478906269056815 
1.1102282565587518 2.2221649952832165 4.478920925754942 
1.110154618292967 2.222165988836115 4.478909606050363 
1.1101618404974718 2.2221644865143517 4.478910069824905 
1.1101587386995142 2.2221659526060185 4.478910101171794 
1.1101572740491128 2.2221674175416046 4.478910124719359 
-3.141179892378475 -4.999999981911019 -0.0023140691965069494 
1.110141096569663 2.2221652794425655 4.478910069145283 
1.1101690994855555 2.222165788493473 4.478909603027475 
2.619517806904173 -4.332309465421233 2.4976927519795407 
1.1101692113391377 2.222170779539952 4.47891005705769 
1.1101690994855555 2.222165788493473 4.478909603027475 
1.1101667925794425 2.2221659511277743 4.47890991329645 
1.1101675405560325 2.222170069709627 4.478909583774944 
1.1101703378673449 2.2221704399867845 4.4789062691484185 
1.1101697185702728 2.2221650319077004 4.4789099091037565 
1.1101462655137682 2.222165763176926 4.478908989437396 
1.110243482927703 2.222169934201453 4.478921403520836 
1.1101494379698347 2.2221646309597367 4.478909427828238 
-3.1412168678960306 -4.9999990135069385 -0.0023162936479158842 
1.1101665234024516 2.222165975162071 4.47890991329645 
1.1101503035446039 2.222164996933114 4.478910092276982 
1.1101675320876656 2.222170069709627 4.478910053102655 
1.1101410985828104 2.222165286961874 4.478908801267053 
1.1101685485577295 2.2221659712662887 4.478910069408759 
1.1101656817661048 2.222169893264354 4.478910929667971 
1.1101618404974718 2.2221644865143517 4.478910069824905 
1.1101461394282142 2.2221649952832165 4.478921448979636 
1.1102493782643674 2.2221649980668747 4.478910173477821 
1.1099244156212131 2.222108557924936 4.478302188209768 
1.1101587857285766 2.2221658226082552 4.478910101872977 
1.1101577218686352 2.2221644865143517 4.4789100527435295 
1.1101389139269286 2.22216462961202 4.478919699590359 
1.1101587041332 2.22216500300665 4.4789099091037565 
1.1101487121636564 2.222165788493473 4.4789092064868194 
1.1101644656274554 2.2221649242090993 4.478909989846283 
1.1102462843097614 2.2221656104710776 4.478920147207256 
1.1101665234024516 2.222165975162071 4.47890991329645 
1.0366489726843686 2.5450068039863307 4.3161425968249505 
1.1102357061226928 2.2221116068423257 4.478978095664151 
1.1101692227113569 2.222170749144177 4.4789098988848695 
1.132655725118107 2.1212908618407496 4.5277092630005225 
1.1101680429529701 2.222165975162071 4.478909592988794 
1.1101402468326662 2.2221644865143517 4.478910069145283 
1.1102494699637038 2.2221649980668747 4.478978951366953 
1.1102438418720189 2.2221706319890187 4.478920147207256 
1.1101506754120785 2.2221685842071475 4.478910084816305 
1.110150304605957 2.2221649980668747 4.4789099091037565 
1.1102538660550054 2.222170019280912 4.478921408662607 
1.1101578149712503 2.2221674175416046 4.47891014206399 
-3.139666652432115 -4.999992414015252 -0.00945752980556136 
1.110136437114968 2.2221085185873974 4.478910685083187 
1.1102357061226928 2.2221116068423257 4.478978095664151 
1.110243482927703 2.222169934201453 4.478921403520836 
1.0447217168916239 2.510719761646073 4.3224282012325235 
1.1101402468326662 2.2221644865143517 4.478910069145283 
-3.1415926534548464 -4.999999999961755 -0.0018932715369985517 
1.0424929833761094 2.521455348833398 4.3179906995893536 
1.1101433747022802 2.222162569731874 4.478910950082855 
1.1101720873050485 2.222165836275271 4.478910064720564 
1.110150304605957 2.2221649980668747 4.4789099091037565 
1.1101389332207594 2.2221700629665615 4.478908892418964 
1.1101645733531236 2.2221649242090993 4.478909989846283 
1.1101494379698347 2.2221646309597367 4.478909427828238 
1.1101581221851335 2.2221712778380645 4.47891014206399 
1.1101645829170592 2.2221649242090993 4.478909781913709 
1.1101402468326662 2.2221644865143517 4.478910069145283 
1.1101410985828104 2.222165286961874 4.478908801267053 
1.1101741178110438 2.2221704399867845 4.478910064923909 
1.1101494348500303 2.2221646309597367 4.478909427828238 
1.1101511726665263 2.2221700629665615 4.478908892418964 
1.1101531111243057 2.2221649980668747 4.4789099091037565 
1.1101615331271195 2.2221644865143517 4.478910069145283 
1.1101690994855555 2.222165788493473 4.478909603027475 
1.1101578149712503 2.2221674175416046 4.47891014206399 
1.1101531111243057 2.2221649980668747 4.4789099091037565 
-3.141592653589793 -4.999999999964062 -0.0023090388787525384 
1.1101615331271195 2.2221644865143517 4.478910069145283 
1.1099244156212131 2.222108557924936 4.478302188209768 
1.0366489726843686 2.5450068039863307 4.3161425968249505 
1.1102462843097614 2.2221656104710776 4.478920147207256 
1.0447217168916239 2.510719761646073 4.3224282012325235 
1.1101531111243057 2.2221649980668747 4.4789099091037565 
-3.141592653589793 -4.999999999964062 -0.0023090388787525384 
-3.141450010722135 -4.999999998972805 -0.0018932715369985517 
-3.139666652432115 -4.999992414015252 -0.00945752980556136 
2.619517806904173 -4.332309465421233 2.4976927519795407 
1.0412366110067188 2.5215253963969197 4.315546819389362 
2.6215366984293698 -4.3354545299585885 2.484201856905699 
1.132655725118107 2.1212908618407496 4.5277092630005225 
2.6215366984293698 -4.3354545299585885 2.484201856905699 
1.0447217168916239 2.510719761646073 4.3224282012325235 
-3.141592653589793 -4.999999999964062 -0.0023090388787525384 
-3.141309859207358 -4.9999990135069385 -0.0023162936479158842 
2.619517806904173 -4.332309465421233 2.4976927519795407 
1.132655725118107 2.1212908618407496 4.5277092630005225 
-3.139666652432115 -4.999992414015252 -0.00945752980556136 
