-3.141592653589793 1.0183667002665702 
-3.141592653589793 1.0183667002665702 
3.063764676169829 0.10765363112584819 
2.3257474826333198 0.7189885573718688 
2.3257474826333198 0.7189885573718688 
2.3317082250030396 0.4505904078979604 
3.0637580420904054 0.11209162539817939 
2.578793291429337 0.32465375945973596 
2.5791169114986845 0.22779571324118414 
2.731104819974111 0.19381718550888513 
2.491838513196256 0.3360611541086721 
2.406894187457588 0.3806377915497334 
2.406728989363404 0.43010497227028116 
2.731104819974111 0.19381718550888513 
2.406894187457588 0.3806377915497334 
2.5791179265175157 0.2099220515147874 
2.406660899467494 0.4442180883095796 
2.731102418635109 0.19868221585459064 
2.406728989363404 0.43010497227028116 
2.578793291429337 0.32465375945973596 
2.5791179265175157 0.2099220515147874 
2.731102418635109 0.19868221585459064 
2.5791169395541313 0.21891518442942012 
2.5791169114986845 0.22779571324118414 
2.57911691319856 0.21978393644082656 
2.3317082250030396 0.4505904078979604 
2.406660899467494 0.4442180883095796 
2.7311046546132625 0.19415743786172493 
3.063764149564876 0.10808074797097646 
3.063758944937856 0.11151429661429588 
2.731102746379388 0.19749221725035696 
2.57911691319856 0.21978393644082656 
2.731102642302747 0.19788845069234282 
3.063758051159509 0.11208594760096982 
3.0637585043380686 0.11179695405250964 
2.7311026501855595 0.19785903156540213 
2.7311026886186136 0.19769868444918634 
3.0637644683399237 0.1078729111990112 
3.0637641628968946 0.10801296321666123 
2.7311027239922008 0.1975787943618882 
2.731102692421496 0.19768419573621143 
3.06375862089785 0.11172428913314125 
3.063764601790191 0.10776365826383023 
3.0637587494997125 0.1116399388044025 
3.0637586299809674 0.11171695247080693 
3.063758785610612 0.11161732451855419 
3.0637644739288556 0.1078534198929687 
2.731102730027248 0.19755562721696426 
3.0637646013097055 0.10777988830073187 
3.0637585054527317 0.11179668341809039 
3.0637646048718272 0.10770177645147272 
3.0637641608638067 0.10801570454851278 
2.731102746379388 0.19749221725035696 
3.063758872165773 0.111563069291949 
3.0637646181571405 0.10769469581638225 
3.063758872165773 0.111563069291949 
3.0637589248459416 0.11152917378676457 
3.063764658572323 0.1076638644151805 
2.731102642878671 0.1978865264227952 
2.7311026501855595 0.19785903156540213 
3.0637587494997125 0.1116399388044025 
3.063764470548191 0.10785610685391013 
3.0637646013097055 0.10777988830073187 
2.7311027267341217 0.19756821893042878 
2.7311026894583246 0.19769538874014314 
3.063758944937856 0.11151429661429588 
2.73110272670765 0.19756844551952096 
3.063764658572323 0.1076638644151805 
3.0637589322213366 0.11152442615774368 
2.731102691845572 0.19768616427009547 
3.0637586288663043 0.11171722344721159 
3.0637589312135414 0.11152498547379372 
3.0637589248459416 0.11152917378676457 
2.7311026886186136 0.19769868444918634 
3.0637641628968946 0.10801296321666123 
3.0637641608638067 0.10801570454851278 
3.063764470548191 0.10785610685391013 
2.7311026428006966 0.19788659506994433 
2.7311026918580414 0.19768611685305704 
2.731102642302747 0.19788845069234282 
2.7311026924090265 0.19768424316428185 
3.0637589322213366 0.11152442615774368 
3.063758931384179 0.11152496507307486 
3.0637585043380686 0.11179695405250964 
3.0637586299809674 0.11171695247080693 
3.0637586288663043 0.11171722344721159 
2.7311027267341217 0.19756821893042878 
2.731102692421496 0.19768419573621143 
2.7311026924090265 0.19768424316428185 
3.063758931384179 0.11152496507307486 
-3.141592653589793 1.0183667002665702 
2.731104819974111 0.19381718550888513 
2.406728989363404 0.43010497227028116 
2.578793291429337 0.32465375945973596 
2.5791179265175157 0.2099220515147874 
2.731102418635109 0.19868221585459064 
2.5791169114986845 0.22779571324118414 
2.3317082250030396 0.4505904078979604 
2.731102746379388 0.19749221725035696 
3.063758872165773 0.111563069291949 
