-3.141592653589793 -4.999999999993888 -6.012543669689518E-6 
-3.141592653589793 -4.999999999993888 -6.012543669689518E-6 
3.063764676169829 -4.9848767778628345 0.3885304786263547 
2.3257474826333198 -3.457181583218203 3.6372496856799614 
2.3257474826333198 -3.457181583218203 3.6372496856799614 
2.3317082250030396 -3.4523348152664397 3.62094478060773 
3.0637580420904054 -4.984876774386036 0.3885304786263547 
2.578793291429337 -4.228727970549457 2.6665291280721175 
2.5791169114986845 -4.229676709432407 2.666453243370271 
2.731104819974111 -4.584629863802387 1.9951063076156654 
2.491838513196256 -3.9824235307720706 3.0249208402238397 
2.406894187457588 -3.7111580458899462 3.3515938894448873 
2.406728989363404 -3.7111580458899462 3.3515938894448873 
2.731104819974111 -4.584629863802387 1.9951063076156654 
2.406894187457588 -3.7111580458899462 3.3515938894448873 
2.5791179265175157 -4.229689837681328 2.6664503374653314 
2.406660899467494 -3.7111580458899462 3.3515938894448873 
2.731102418635109 -4.584629863802387 1.9951062237645618 
2.406728989363404 -3.7111580458899462 3.3515938894448873 
2.578793291429337 -4.228727970549457 2.6665291280721175 
2.5791179265175157 -4.229689837681328 2.6664503374653314 
2.731102418635109 -4.584629863802387 1.9951062237645618 
2.5791169395541313 -4.229689870319308 2.666450325296132 
2.5791169114986845 -4.229676709432407 2.666453243370271 
2.57911691319856 -4.229689837681328 2.6664533057101383 
2.3317082250030396 -3.4523348152664397 3.62094478060773 
2.406660899467494 -3.7111580458899462 3.3515938894448873 
2.7311046546132625 -4.584629863802387 1.9950946407885408 
3.063764149564876 -4.98487686896088 0.38853047862634765 
3.063758944937856 -4.984876774580423 0.3885304786263547 
2.731102746379388 -4.584629863802387 1.995106173060474 
2.57911691319856 -4.229689837681328 2.6664533057101383 
2.731102642302747 -4.584629863802387 1.9951061730656579 
3.063758051159509 -4.9848767745374065 0.3885304786263547 
3.0637585043380686 -4.9848767743836015 0.3885304786263547 
2.7311026501855595 -4.584629863802387 1.9951061730656579 
2.7311026886186136 -4.584629863802387 1.9951063256272543 
3.0637644683399237 -4.984876893847038 0.38853047862640355 
3.0637641628968946 -4.98487677517337 0.38853047862634765 
2.7311027239922008 -4.584629863802387 1.995106174267282 
2.731102692421496 -4.584629863802387 1.9951063259789374 
3.06375862089785 -4.984876777874545 0.3885304786263547 
3.063764601790191 -4.984876869277867 0.38853047862640144 
3.0637587494997125 -4.984876774550865 0.38853047862640033 
3.0637586299809674 -4.98487677517337 0.3885304786263547 
3.063758785610612 -4.984876775573626 0.3885304786264013 
3.0637644739288556 -4.98487686896088 0.38853047862634765 
2.731102730027248 -4.584629863802387 1.995106173060474 
3.0637646013097055 -4.9848768946180595 0.3885304786264007 
3.0637585054527317 -4.98487677517337 0.3885304786263547 
3.0637646048718272 -4.9848767743836015 0.38853047862634765 
3.0637641608638067 -4.9848767772818965 0.38853047862634804 
2.731102746379388 -4.584629863802387 1.995106173060474 
3.063758872165773 -4.984876778021324 0.38853047862634765 
3.0637646181571405 -4.984876778021324 0.38853047862634765 
3.063758872165773 -4.984876778021324 0.38853047862634765 
3.0637589248459416 -4.984876778021324 0.38853047862634765 
3.063764658572323 -4.9848767743836015 0.38853047862634765 
2.731102642878671 -4.584629863802387 1.9951061708864213 
2.7311026501855595 -4.584629863802387 1.9951061730656579 
3.0637587494997125 -4.984876774550865 0.38853047862640033 
3.063764470548191 -4.984876869457967 0.38853047862634765 
3.0637646013097055 -4.9848768946180595 0.3885304786264007 
2.7311027267341217 -4.584629863802387 1.9951061742806022 
2.7311026894583246 -4.584629863802387 1.9951063266700755 
3.063758944937856 -4.984876774580423 0.3885304786263547 
2.73110272670765 -4.584629863802387 1.995106173060474 
3.063764658572323 -4.9848767743836015 0.38853047862634765 
3.0637589322213366 -4.984876778021324 0.3885304786263547 
2.731102691845572 -4.584629863802387 1.99510632815299 
3.0637586288663043 -4.9848767743836015 0.3885304786263547 
3.0637589312135414 -4.9848767778628345 0.3885304786263547 
3.0637589248459416 -4.984876778021324 0.38853047862634765 
2.7311026886186136 -4.584629863802387 1.9951063256272543 
3.0637641628968946 -4.98487677517337 0.38853047862634765 
3.0637641608638067 -4.9848767772818965 0.38853047862634804 
3.063764470548191 -4.984876869457967 0.38853047862634765 
2.7311026428006966 -4.584629863802387 1.9951061730656579 
2.7311026918580414 -4.584629863802387 1.99510632815299 
2.731102642302747 -4.584629863802387 1.9951061730656579 
2.7311026924090265 -4.584629863802387 1.9951063259789374 
3.0637589322213366 -4.984876778021324 0.3885304786263547 
3.063758931384179 -4.984876778021324 0.38853047862634765 
3.0637585043380686 -4.9848767743836015 0.3885304786263547 
3.0637586299809674 -4.98487677517337 0.3885304786263547 
3.0637586288663043 -4.9848767743836015 0.3885304786263547 
2.7311027267341217 -4.584629863802387 1.9951061742806022 
2.731102692421496 -4.584629863802387 1.9951063259789374 
2.7311026924090265 -4.584629863802387 1.9951063259789374 
3.063758931384179 -4.984876778021324 0.38853047862634765 
-3.141592653589793 -4.999999999993888 -6.012543669689518E-6 
2.731104819974111 -4.584629863802387 1.9951063076156654 
2.406728989363404 -3.7111580458899462 3.3515938894448873 
2.578793291429337 -4.228727970549457 2.6665291280721175 
2.5791179265175157 -4.229689837681328 2.6664503374653314 
2.731102418635109 -4.584629863802387 1.9951062237645618 
2.5791169114986845 -4.229676709432407 2.666453243370271 
2.3317082250030396 -3.4523348152664397 3.62094478060773 
2.731102746379388 -4.584629863802387 1.995106173060474 
3.063758872165773 -4.984876778021324 0.38853047862634765 
