0.5621094586539743 3.45316950646056 
0.41666790821771776 7.800033386758713 
0.5874113780352042 2.9175036969329833 
0.3933002506647613 8.79994716767926 
0.40474534834772663 8.30140349955985 
0.41742193286978735 7.771863349765172 
0.5562535016549266 3.584775639825008 
0.53747331391838 4.0241541249400905 
0.48729500635581685 5.365022383352608 
0.4335300315221129 7.149333427893495 
0.6306252401855489 2.1004901513774707 
0.4001692991671771 8.503473586290403 
0.6666797490001567 1.4999705653272604 
0.6666797490001567 1.4999705653272604 
0.44438120025234806 6.752344998985151 
0.4069330107683068 8.202251814585285 
0.5175184498788947 4.526769314955154 
0.5527296208299394 3.681399094278049 
0.5289768609583131 4.233189791468059 
0.5444781419290096 3.857821789882176 
0.48729500635581685 5.365022383352608 
0.3908414428937532 8.910881999224866 
0.5444781419290096 3.857821789882176 
0.4001692991671771 8.503473586290403 
0.6161819719853242 2.362672837542371 
0.6614708630901557 1.5839466485649858 
0.53747331391838 4.0241541249400905 
0.5942337726403939 2.7800275838968678 
0.4216857053116621 7.60027206641429 
0.39009054678707633 8.946084693998761 
0.41666790821771776 7.800033386758713 
0.4335300315221129 7.149333427893495 
0.4618196383285924 6.158719686924106 
0.4691780614413692 5.919979253348337 
0.6495737391854717 1.776937997288068 
0.5806572753245817 3.0556534336395527 
0.41742193286978735 7.771863349765172 
0.6614708630901557 1.5839466485649858 
0.6354741338049339 2.015763989705903 
0.5666928509914498 3.357458451201008 
0.39009054678707633 8.946084693998761 
0.6001032830435427 2.6649652707507325 
0.6540206610751915 1.7043782968702903 
0.53747331391838 4.0241541249400905 
0.4764228279209963 5.693080389588843 
0.48045500764981003 5.576558596195426 
0.4701569878263696 5.8894461814135095 
0.5666928509914498 3.357458451201008 
0.4691780614413692 5.919979253348337 
0.45597126542566074 6.353755656256815 
0.6209186936883797 2.27672653007011 
0.45144014347859357 6.512798179987301 
0.6118893632968165 2.4410372598522825 
0.4922463375278598 5.221993739688948 
0.6375038891545527 1.9819395428186521 
0.4299385766881404 7.28165864608484 
0.48729500635581685 5.365022383352608 
0.4069330107683068 8.202251814585285 
0.3933002506647613 8.79994716767926 
0.3975550907930362 8.622122207275616 
0.4922463375278598 5.221993739688948 
0.5942337726403939 2.7800275838968678 
0.5735162400012767 3.2055108905385645 
0.5235853798970138 4.369580269965563 
0.4216857053116621 7.60027206641429 
0.42882944165471365 7.32497987983399 
0.5105342494045506 4.714253996019416 
0.44438120025234806 6.752344998985151 
0.5033016836974123 4.908184015739545 
0.5302291324592893 4.203069193622789 
0.4603557257629236 6.207815921888304 
0.5562535016549266 3.584775639825008 
0.43866907290884954 6.9581913525915615 
0.6306252401855489 2.1004901513774707 
0.5444781419290096 3.857821789882176 
0.45144014347859357 6.512798179987301 
0.4992951469072276 5.023923674521269 
0.5235853798970138 4.369580269965563 
0.5874113780352042 2.9175036969329833 
0.6209186936883797 2.27672653007011 
0.44438120025234806 6.752344998985151 
0.5082937430270852 4.77219444211584 
0.5033016836974123 4.908184015739545 
0.4764228279209963 5.693080389588843 
0.5175184498788947 4.526769314955154 
0.5136860721375337 4.632247795048179 
0.45597126542566074 6.353755656256815 
0.43866907290884954 6.9581913525915615 
0.6001032830435427 2.6649652707507325 
0.6001032830435427 2.6649652707507325 
0.6118893632968165 2.4410372598522825 
0.494697328992058 5.1504484829213455 
0.6495737391854717 1.776937997288068 
0.5621094586539743 3.45316950646056 
0.5779437690283312 3.1134549436335868 
0.5735162400012767 3.2055108905385645 
0.48045500764981003 5.576558596195426 
0.4069330107683068 8.202251814585285 
0.4618196383285924 6.158719686924106 
