0.5621094586539743 0.9410592419169572 
0.41666790821771776 2.2500235952891137 
0.5874113780352042 0.7137748670382063 
0.3933002506647613 2.4610214268849098 
0.40474534834772663 2.3599544512043886 
0.41742193286978735 2.244146221458838 
0.5562535016549266 0.9940440022999406 
0.53747331391838 1.162875453249869 
0.48729500635581685 1.6143486163949088 
0.4335300315221129 2.099450746356762 
0.6306252401855489 0.3246221062197973 
0.4001692991671771 2.402829065512432 
0.6666797490001567 1.1300785130357173E-15 
0.6666797490001567 1.1300785130357173E-15 
0.44438120025234806 2.0006151751669616 
0.4069330107683068 2.3377670259889975 
0.5175184498788947 1.3426866388349377 
0.5527296208299394 1.0348183255039882 
0.5289768609583131 1.23925944773155 
0.5444781419290096 1.1004996400482931 
0.48729500635581685 1.6143486163949088 
0.3908414428937532 2.482741978033019 
0.5444781419290096 1.1004996400482931 
0.4001692991671771 2.402829065512432 
0.6161819719853242 0.4558364081930198 
0.6614708630901557 0.04773455671504065 
0.53747331391838 1.162875453249869 
0.5942337726403939 0.6519862792233948 
0.4216857053116621 2.2049260868864335 
0.39009054678707633 2.4897830698854713 
0.41666790821771776 2.2500235952891137 
0.4335300315221129 2.099450746356762 
0.4618196383285924 1.8442176983824723 
0.4691780614413692 1.7775243898590967 
0.6495737391854717 0.15425225919915386 
0.5806572753245817 0.7742873971133449 
0.41742193286978735 2.244146221458838 
0.6614708630901557 0.04773455671504065 
0.6354741338049339 0.28096587531353656 
0.5666928509914498 0.9026477017964367 
0.39009054678707633 2.4897830698854713 
0.6001032830435427 0.5992544081745381 
0.6540206610751915 0.11469862044131629 
0.53747331391838 1.162875453249869 
0.4764228279209963 1.7123134587894835 
0.48045500764981003 1.6792855029946874 
0.4701569878263696 1.7689642766188904 
0.5666928509914498 0.9026477017964367 
0.4691780614413692 1.7775243898590967 
0.45597126542566074 1.8971300067888692 
0.6209186936883797 0.4136620629368102 
0.45144014347859357 1.9401385448205901 
0.6118893632968165 0.493644734714819 
0.4922463375278598 1.5705072929552968 
0.6375038891545527 0.2634941666160867 
0.4299385766881404 2.1306659542266075 
0.48729500635581685 1.6143486163949088 
0.4069330107683068 2.3377670259889975 
0.3933002506647613 2.4610214268849098 
0.3975550907930362 2.427768576942111 
0.4922463375278598 1.5705072929552968 
0.5942337726403939 0.6519862792233948 
0.5735162400012767 0.8384125532248214 
0.5235853798970138 1.2878483456404155 
0.4216857053116621 2.2049260868864335 
0.42882944165471365 2.141167032001221 
0.5105342494045506 1.4067881253601757 
0.44438120025234806 2.0006151751669616 
0.5033016836974123 1.4702972790184399 
0.5302291324592893 1.2285897322009756 
0.4603557257629236 1.8578036041235229 
0.5562535016549266 0.9940440022999406 
0.43866907290884954 2.052343349763714 
0.6306252401855489 0.3246221062197973 
0.5444781419290096 1.1004996400482931 
0.45144014347859357 1.9401385448205901 
0.4992951469072276 1.5084207091207955 
0.5235853798970138 1.2878483456404155 
0.5874113780352042 0.7137748670382063 
0.6209186936883797 0.4136620629368102 
0.44438120025234806 2.0006151751669616 
0.5082937430270852 1.4256765754361127 
0.5033016836974123 1.4702972790184399 
0.4764228279209963 1.7123134587894835 
0.5175184498788947 1.3426866388349377 
0.5136860721375337 1.3795211750060503 
0.45597126542566074 1.8971300067888692 
0.43866907290884954 2.052343349763714 
0.6001032830435427 0.5992544081745381 
0.6001032830435427 0.5992544081745381 
0.6118893632968165 0.493644734714819 
0.494697328992058 1.5479131076123867 
0.6495737391854717 0.15425225919915386 
0.5621094586539743 0.9410592419169572 
0.5779437690283312 0.7994018848234857 
0.5735162400012767 0.8384125532248214 
0.48045500764981003 1.6792855029946874 
0.4069330107683068 2.3377670259889975 
0.4618196383285924 1.8442176983824723 
