0.22677041330501718 0.35845846233355905 
0.42738696733329706 0.025552833761196735 
0.0477511104276622 0.739029839251451 
0.18666695969011846 0.6462357665326491 
0.4221504552747374 0.08788024322170958 
0.6309505374567164 -0.3124128706057873 
0.23427965735885495 0.31299875120277826 
0.025409761160454347 0.8276460469955643 
0.010235633173653336 0.8992731636933688 
0.19838050871517404 0.5687733075617689 
0.07119496219929228 0.6892752492039782 
0.424179166819605 0.0587155380810004 
0.41096386860542344 0.22370431835693294 
0.21880020720538734 0.4337222799098091 
0.20594033356393074 0.5119098815108385 
0.013971497287962542 0.880878821189705 
0.045968089802309875 0.7495958912805484 
0.6346539554783396 -0.35616511643452275 
0.003951669884013659 0.940276770078951 
0.4230013308737332 0.07306517764980126 
0.8513759759550654 -0.7712151008882455 
0.22930417227757854 0.34093680280617966 
0.6291472637781048 -0.2896315384165798 
0.08260403616725243 0.6734051290361431 
0.23208965977609924 0.3279082594946501 
0.8348378396345388 -0.6528090066091886 
0.19141498554574868 0.6162608121065655 
0.001880676168160511 0.9601259079540106 
0.8457513190033719 -0.7557810007271116 
0.4256408699543496 0.04328818667505935 
0.42903938397937535 0.008739934658523263 
0.8338306272447951 -0.6339101195608368 
0.4521548622701485 -0.12082579710592088 
0.8398841063545681 -0.7122580621514333 
0.4331944440731097 -0.029718998368845218 
0.4312187029347857 -0.01203308131396785 
0.2473720057410223 0.2592919127273937 
0.03384472584234349 0.7968013268684188 
0.41490827512813355 0.17076061214109997 
0.8256788901731329 -0.5023301186958943 
0.6378583874333766 -0.3866036241624205 
0.03728435518791917 0.7774805045156438 
0.22177240595109635 0.3927611501801582 
0.8279338642615859 -0.5442305139915247 
0.2196617864559306 0.407511447650508 
0.2135416493685221 0.45867841202176746 
0.017840693761527138 0.8612052431950213 
0.2384317550632401 0.2932063232679847 
6.452762133369871E-4 0.9802589451514266 
0.41812925458963973 0.1303873498910213 
0.4198691532401003 0.10893687338068364 
0.05863831050970886 0.7062969086299145 
0.6532049146796314 -0.4560906878836565 
0.445200739766492 -0.10489155106261687 
0.6247702672361619 -0.22587422240549979 
0.8269304836783093 -0.5148696163981529 
0.6323953039282522 -0.330496838708118 
0.6260521337863659 -0.2453282586405757 
0.2419015720650829 0.2769888618705412 
0.22362598087391236 0.38037136733878824 
0.1950269591356227 0.5930556296988897 
0.006428930305255931 0.923241948790152 
0.6447857264522655 -0.43650680832507743 
0.4371587748073274 -0.06108286364905638 
0.4121859297227797 0.20710852331761329 
0.6237920767798065 -0.21132439928539334 
0.028952021006941164 0.8112699587840351 
0.4162093286201909 0.15441566231109474 
0.20852317644151622 0.49103413476165153 
0.8424306705086031 -0.7333075808870457 
0.8380981830252345 -0.693452244123803 
0.6207569935695614 -0.16197430941371274 
0.623022955959398 -0.19654247573241496 
0.8289434259424181 -0.562415079840921 
0.43495477366560376 -0.043943681157930736 
0.8316926634470356 -0.6016914591966276 
0.8323998597716706 -0.6174580382679633 
0.4398795726222351 -0.07754727550033733 
0.827047668740486 -0.5262756754939955 
0.8247933841831802 -0.4844194062515468 
0.052629114386528675 0.7233609959225377 
0.21078531781372606 0.47384244787561297 
0.4426182421662688 -0.09275950776754645 
0.1825285344459784 0.6712005104198614 
0.2034305944252293 0.5310225749041851 
8.449671678234516E-6 1.0003250698659223 
0.641053648367385 -0.4104144401018961 
0.6195990294768846 -0.14284454761424922 
0.621837432374402 -0.18002718568279333 
0.20070082918354507 0.5518961998145033 
0.25846662339974635 0.2453605109953674 
0.8302908036829757 -0.583928613969746 
0.4094075996078064 0.2441907878415549 
0.6279269057330248 -0.27151724167602914 
0.61848795268943 -0.12251190214426773 
0.020242241506343572 0.8488667882440372 
0.8234963351240513 -0.4599732852135148 
0.8365600935430929 -0.6752407516354711 
0.04110497445962663 0.7625546910035077 
0.4133956270527146 0.19190407799578674 
