3.1120653334436765 0.07893767403607589 
0.6994611516507879 0.8460340231283312 
0.6994611516507879 0.8460340231283312 
1.856465087803302 0.5296478211113232 
3.1129547176905694 0.07494901639223146 
1.8539367249853465 0.5916131892866535 
3.1132363923227486 0.038552825735896294 
3.112968579256757 0.058796994974452996 
0.6994611516507879 0.8460340231283312 
0.6994611516507879 0.8460340231283312 
2.986542556998171 0.17970094818863575 
3.1132363923227486 0.038552825735896294 
3.112975021839709 0.05466703218955412 
0.6994611516507879 0.8460340231283312 
0.6994611516507879 0.8460340231283312 
2.986542556998171 0.17970094818863575 
1.8446882363119868 0.776284774615126 
1.8446989457990628 0.7479410157561116 
1.856465087803302 0.5296478211113232 
2.8753100097756032 0.26444564081074706 
1.8539367249853465 0.5916131892866535 
1.8539367249853465 0.5916131892866535 
3.1120552489429865 0.10350894014809511 
2.986542556998171 0.17970094818863575 
3.1129750305326107 0.0520039878103576 
3.1132363923227486 0.038552825735896294 
0.6994611516507879 0.8460340231283312 
2.9865714517545285 0.1520128536620348 
3.1132363923227486 0.038552825735896294 
2.8753100097756032 0.26444564081074706 
1.8446882363119868 0.776284774615126 
3.112026916927658 0.13250879128120024 
1.8539367249853465 0.5916131892866535 
1.8446882363119868 0.776284774615126 
3.1120653334436765 0.07893767403607589 
1.8539367249853465 0.5916131892866535 
3.1132363923227486 0.038552825735896294 
3.11203002035872 0.11838756139351299 
1.8539367249853465 0.5916131892866535 
3.1129750305326107 0.0520039878103576 
1.8446882363119868 0.776284774615126 
0.7279135145008427 0.8100262865591935 
3.112975021839709 0.05466703218955412 
0.6994611516507879 0.8460340231283312 
1.8446882363119868 0.776284774615126 
2.8708060422848463 0.4257996991618274 
2.8753100097756032 0.26444564081074706 
1.8539367249853465 0.5916131892866535 
-3.141592653589793 1.0331227116273891 
1.8446882363119868 0.776284774615126 
3.112975021839709 0.05466703218955412 
1.8563416905852705 0.5696026200191647 
3.1132363923227486 0.038552825735896294 
1.856465087803302 0.5296478211113232 
3.1132363923227486 0.038552825735896294 
2.987337546110481 0.14241019074829453 
3.112975021839709 0.05466703218955412 
2.928588134282229 0.20685778423920326 
3.1120296171551423 0.13141872536725394 
1.856465087803302 0.5296478211113232 
1.856465087803302 0.5296478211113232 
0.6994611516507879 0.8460340231283312 
0.6994611516507879 0.8460340231283312 
2.986542556998171 0.17970094818863575 
2.986542556998171 0.17970094818863575 
0.6994611516507879 0.8460340231283312 
2.987337546110481 0.14241019074829453 
1.8539367249853465 0.5916131892866535 
1.8539367249853465 0.5916131892866535 
1.8539367249853465 0.5916131892866535 
2.928588134282229 0.20685778423920326 
2.987337546110481 0.14241019074829453 
2.928588134282229 0.20685778423920326 
2.928588134282229 0.20685778423920326 
2.986542556998171 0.17970094818863575 
3.1132363923227486 0.038552825735896294 
1.856465087803302 0.5296478211113232 
