3.1120653334436765 -4.998000852764195 0.14761291989979874 
0.6994611516507879 3.826565555061968 3.216594029993024 
0.6994611516507879 3.826565555061968 3.216594029993024 
1.856465087803302 -1.4091298418392917 4.798743716040144 
3.1129547176905694 -4.998000908231636 0.143146353234662 
1.8539367249853465 -1.3958929351387117 4.798971130382813 
3.1132363923227486 -4.99800090834251 0.14176191286491754 
3.112968579256757 -4.998000853518955 0.14310307605626968 
0.6994611516507879 3.826565555061968 3.216594029993024 
0.6994611516507879 3.826565555061968 3.216594029993024 
2.986542556998171 -4.939917578323486 0.7727475744127367 
3.1132363923227486 -4.99800090834251 0.14176191286491754 
3.112975021839709 -4.998000910750726 0.1430678532637228 
0.6994611516507879 3.826565555061968 3.216594029993024 
0.6994611516507879 3.826565555061968 3.216594029993024 
2.986542556998171 -4.939917578323486 0.7727475744127367 
1.8446882363119868 -1.347703673001751 4.827209278545519 
1.8446989457990628 -1.3476361401976875 4.804503952568588 
1.856465087803302 -1.4091298418392917 4.798743716040144 
2.8753100097756032 -4.823819149219237 1.3189239791752747 
1.8539367249853465 -1.3958929351387117 4.798971130382813 
1.8539367249853465 -1.3958929351387117 4.798971130382813 
3.1120552489429865 -4.998000853400246 0.14761291989979874 
2.986542556998171 -4.939917578323486 0.7727475744127367 
3.1129750305326107 -4.99800085341554 0.1430683056994108 
3.1132363923227486 -4.99800090834251 0.14176191286491754 
0.6994611516507879 3.826565555061968 3.216594029993024 
2.9865714517545285 -4.9400349788176205 0.7713954428555337 
3.1132363923227486 -4.99800090834251 0.14176191286491754 
2.8753100097756032 -4.823819149219237 1.3189239791752747 
1.8446882363119868 -1.347703673001751 4.827209278545519 
3.112026916927658 -4.998000908270466 0.14751927340513143 
1.8539367249853465 -1.3958929351387117 4.798971130382813 
1.8446882363119868 -1.347703673001751 4.827209278545519 
3.1120653334436765 -4.998000852764195 0.14761291989979874 
1.8539367249853465 -1.3958929351387117 4.798971130382813 
3.1132363923227486 -4.99800090834251 0.14176191286491754 
3.11203002035872 -4.998000810648048 0.14765130771673216 
1.8539367249853465 -1.3958929351387117 4.798971130382813 
3.1129750305326107 -4.99800085341554 0.1430683056994108 
1.8446882363119868 -1.347703673001751 4.827209278545519 
0.7279135145008427 3.7337812372102697 3.3273116322963245 
3.112975021839709 -4.998000910750726 0.1430678532637228 
0.6994611516507879 3.826565555061968 3.216594029993024 
1.8446882363119868 -1.347703673001751 4.827209278545519 
2.8708060422848463 -4.82035189361086 1.3460472774812113 
2.8753100097756032 -4.823819149219237 1.3189239791752747 
1.8539367249853465 -1.3958929351387117 4.798971130382813 
-3.141592653589793 -4.999999987832357 2.9282679691267077E-5 
1.8446882363119868 -1.347703673001751 4.827209278545519 
3.112975021839709 -4.998000910750726 0.1430678532637228 
1.8563416905852705 -1.4091298418392917 4.79896325923707 
3.1132363923227486 -4.99800090834251 0.14176191286491754 
1.856465087803302 -1.4091298418392917 4.798743716040144 
3.1132363923227486 -4.99800090834251 0.14176191286491754 
2.987337546110481 -4.9405840827098375 0.7684133390607553 
3.112975021839709 -4.998000910750726 0.1430678532637228 
2.928588134282229 -4.887029846004944 1.0583002892594726 
3.1120296171551423 -4.998000908231636 0.14751927360937084 
1.856465087803302 -1.4091298418392917 4.798743716040144 
1.856465087803302 -1.4091298418392917 4.798743716040144 
0.6994611516507879 3.826565555061968 3.216594029993024 
0.6994611516507879 3.826565555061968 3.216594029993024 
2.986542556998171 -4.939917578323486 0.7727475744127367 
2.986542556998171 -4.939917578323486 0.7727475744127367 
0.6994611516507879 3.826565555061968 3.216594029993024 
2.987337546110481 -4.9405840827098375 0.7684133390607553 
1.8539367249853465 -1.3958929351387117 4.798971130382813 
1.8539367249853465 -1.3958929351387117 4.798971130382813 
1.8539367249853465 -1.3958929351387117 4.798971130382813 
2.928588134282229 -4.887029846004944 1.0583002892594726 
2.987337546110481 -4.9405840827098375 0.7684133390607553 
2.928588134282229 -4.887029846004944 1.0583002892594726 
2.928588134282229 -4.887029846004944 1.0583002892594726 
2.986542556998171 -4.939917578323486 0.7727475744127367 
3.1132363923227486 -4.99800090834251 0.14176191286491754 
1.856465087803302 -1.4091298418392917 4.798743716040144 
