0.850992985583293 -0.7726954169543933 
2.3808394293057568E-9 1.0005993390991588 
0.850992985583293 -0.7726954169543933 
0.618505675654321 -0.1253881102377732 
0.6526849960726895 -0.4578231122870921 
0.8233571065971012 -0.45810426105807994 
0.45370960190437776 -0.12355348321616988 
0.25795536060902013 0.24282005718195898 
0.40936493166202437 0.24249330655806367 
0.18244863198529554 0.6692901219960641 
0.08289920299784653 0.6704191495288037 
0.008150647930450922 0.9089078283290614 
0.0011386597799090386 0.9669631847587972 
0.2045674177862422 0.5238799352514467 
0.018363977637231032 0.855264131211019 
0.8355238700418446 -0.6638641387694332 
0.04369828783041224 0.7505874616780819 
0.22933328994604363 0.34513476628634504 
0.41140408064026857 0.21510521754714843 
0.2170337564517134 0.4323228223197138 
0.6262949269042034 -0.2513703303678515 
0.6202103056872919 -0.15431272405572105 
0.035176958972410244 0.78214726906292 
0.4138728713430452 0.18379877783711082 
0.44611264511551596 -0.10996127551843905 
0.4157334843532786 0.16712662607889125 
0.6216198065379275 -0.17817593636396062 
0.41757591743452954 0.13574683573638105 
0.18991428816023692 0.6242074389777833 
0.06807512004689903 0.6827470596942077 
0.8283008625071142 -0.5525898298678049 
0.42387397535757854 0.06448306576880533 
0.011358467006621964 0.8903420481607794 
0.8472446334650456 -0.7639927470659167 
0.025699388625641167 0.8222559053532478 
0.8384596125279027 -0.6986122511989907 
0.434812191903478 -0.04447029044046321 
0.014938955747091268 0.8723094406864994 
0.029143665816171727 0.8077857041966846 
0.4410266235136052 -0.08705990704858216 
0.056477182945859516 0.707816157489975 
0.8256988584491407 -0.4985761224191345 
0.8423975246601515 -0.7359071859114547 
0.05126570537731756 0.7233018825577395 
0.4189564610248908 0.11839841560449323 
0.2079675156462905 0.4931545734624002 
0.25258553467783007 0.24626063996063458 
0.6351174436485661 -0.36321161915008865 
0.22095551446169032 0.4112479709950392 
0.624862443629115 -0.2296517162720308 
0.2454919240595584 0.26227499723451325 
0.42084485891911794 0.09587032376282116 
0.6404872697435016 -0.41161699156086773 
0.18707678343591583 0.642358612209901 
0.07783367855027051 0.674241584957828 
0.42916848969555954 0.010848326093764508 
0.049614079971331854 0.7405581946655625 
0.6326767301465526 -0.335503938575319 
0.22647836287062467 0.3728791127895838 
0.24302313335678327 0.27065589826013114 
0.22153706069005796 0.3969642013805491 
0.2001481385570465 0.55307336648701 
0.6306301895276492 -0.3106490832760317 
0.6285665430200378 -0.28339942938220236 
0.19775481660057387 0.570181584433237 
0.6232181979115347 -0.20371823609798204 
0.03505626162369208 0.7902199915108685 
0.4220883353456492 0.08115721217789962 
0.2324711896559501 0.3205340367704355 
0.6426744543593357 -0.4267148539425854 
0.19338709519654307 0.6009450710462388 
0.1846563336565188 0.656634752618761 
0.8300937938995049 -0.5834914406532501 
0.8391602329415003 -0.7064558292155222 
0.21221988273762904 0.46079592965479443 
0.8415403697752544 -0.7286481589955813 
0.2339678093408979 0.3120594206879257 
7.614678959678781E-4 0.9734128134253933 
0.645003730233195 -0.43939864020127106 
0.6390253576327679 -0.3815408383678227 
0.21282747623947995 0.4561522982943412 
0.8318744863496086 -0.6119378414469607 
0.8295178380079864 -0.574047499305603 
0.6489581538339186 -0.4492153125333442 
0.22478164331301193 0.37825315144830174 
0.42601999071725705 0.037380165281223086 
0.19620631627138946 0.5856702501581614 
0.6392233672321386 -0.3901570624114842 
0.4264958143306874 0.03601738320081245 
0.6336909963889527 -0.3473119389780584 
0.8315130110326757 -0.6063942416173822 
0.8268335065110445 -0.5257729431881653 
0.2382617055667799 0.2903136629395338 
0.40993663426430416 0.23764129987330712 
0.8245524145484092 -0.48103712836212925 
0.8335482534963359 -0.6368076854322117 
0.23864476404895937 0.2900417113125297 
0.8267650421476619 -0.5237573984064485 
0.20923370292285465 0.48767703289770087 
0.4512079887276591 -0.12180726811118471 
