2.469862437218239 0.24092280670701666 
-3.141581891069483 1.0033221075402716 
-3.141581891069483 1.0033221075402716 
2.469862437218239 0.24092280670701666 
-3.141581891069483 1.0033221075402716 
2.469862437218239 0.24092280670701666 
-3.141581891069483 1.0033221075402716 
-3.141581891069483 1.0033221075402716 
-3.141581891069483 1.0033221075402716 
-3.141581891069483 1.0033221075402716 
-3.141581891069483 1.0033221075402716 
-3.141581891069483 1.0033221075402716 
-3.141581891069483 1.0033221075402716 
-3.141581891069483 1.0033221075402716 
-3.141581891069483 1.0033221075402716 
-3.141581891069483 1.0033221075402716 
-3.141581891069483 1.0033221075402716 
-3.141581891069483 1.0033221075402716 
-3.141581891069483 1.0033221075402716 
2.469862437218239 0.24092280670701666 
-3.141581891069483 1.0033221075402716 
-3.141581891069483 1.0033221075402716 
-3.141581891069483 1.0033221075402716 
-3.141581891069483 1.0033221075402716 
-3.141581891069483 1.0033221075402716 
-3.141581891069483 1.0033221075402716 
-3.141581891069483 1.0033221075402716 
-3.141581891069483 1.0033221075402716 
-3.141581891069483 1.0033221075402716 
-3.141581891069483 1.0033221075402716 
-3.141581891069483 1.0033221075402716 
-3.141581891069483 1.0033221075402716 
-3.141581891069483 1.0033221075402716 
-3.141581891069483 1.0033221075402716 
-3.141581891069483 1.0033221075402716 
-3.141581891069483 1.0033221075402716 
-3.141581891069483 1.0033221075402716 
-3.141581891069483 1.0033221075402716 
-3.141581891069483 1.0033221075402716 
-3.141581891069483 1.0033221075402716 
-3.141581891069483 1.0033221075402716 
-3.141581891069483 1.0033221075402716 
-3.141581891069483 1.0033221075402716 
-3.141581891069483 1.0033221075402716 
-3.141581891069483 1.0033221075402716 
-3.141581891069483 1.0033221075402716 
-3.141581891069483 1.0033221075402716 
-3.141581891069483 1.0033221075402716 
-3.141581891069483 1.0033221075402716 
-3.141581891069483 1.0033221075402716 
-3.141581891069483 1.0033221075402716 
-3.141581891069483 1.0033221075402716 
-3.141581891069483 1.0033221075402716 
-3.141581891069483 1.0033221075402716 
-3.141581891069483 1.0033221075402716 
-3.141581891069483 1.0033221075402716 
-3.141581891069483 1.0033221075402716 
-3.141581891069483 1.0033221075402716 
