0.5069143732458465 4.8137445276428865 
0.4264313554790238 7.416214111205111 
0.4109023239392181 8.048393712922413 
0.4412768306504597 6.864335614414979 
0.5199120317965455 4.464639895971502 
0.39190638322166804 8.864164498262324 
0.4806059469657595 5.565537195684714 
0.42886556296204315 7.324859051299785 
0.4956298163417061 5.1301675802489815 
0.42886556296204315 7.324859051299785 
0.6290884556029722 2.130895332133793 
0.5635213663296311 3.424960844265239 
0.420624335954382 7.642111210358283 
0.3895797856337213 8.969558001655566 
0.553606369707552 3.644976783624015 
0.3982771269840115 8.588928918575823 
0.41475030967525506 7.877627856136308 
0.6364462001741943 2.0022813665324657 
0.4631386249426685 6.115401334742765 
0.5237227761556091 4.367171853312175 
0.44608199613754956 6.6931292210193245 
0.420624335954382 7.642111210358283 
0.607538679931145 2.522020995796979 
0.607538679931145 2.522020995796979 
0.6131053085157497 2.419176671518235 
0.5998705835514847 2.669527525081508 
0.6183778719231343 2.3223829544481727 
0.6666565839777149 1.5001770357766468 
0.5290721038160059 4.2349978719051125 
0.5137064372261778 4.626505291711914 
0.43536252721510976 7.078725501626381 
0.4806059469657595 5.565537195684714 
0.400609770758648 8.473368887562016 
0.43511241208831686 7.087973510186828 
0.5823161975920843 3.026709216844934 
0.5069143732458465 4.8137445276428865 
0.45715610418691 6.312162722156451 
0.5334643577569302 4.123761440102185 
0.5700935282537798 3.2802520469252183 
0.6524584152463008 1.7290608293633776 
0.41862604258259345 7.722605678703503 
0.5199120317965455 4.464639895971502 
0.5720425647109322 3.2388365500456247 
0.5378255172627826 4.016113613673364 
0.5606175398773526 3.486916725116866 
0.47560191615570424 5.72160449011364 
0.4264313554790238 7.416214111205111 
0.400609770758648 8.473368887562016 
0.4412768306504597 6.864335614414979 
0.3895797856337213 8.969558001655566 
0.5000379330966284 5.0014955714916844 
0.5000379330966284 5.0014955714916844 
0.4865630866426574 5.388640121683814 
0.4097637816399683 8.083996668039648 
0.5309728176030897 4.184834613672109 
0.3982771269840115 8.588928918575823 
0.3895797856337213 8.969558001655566 
0.4806059469657595 5.565537195684714 
0.4097637816399683 8.083996668039648 
0.5378255172627826 4.016113613673364 
0.4412768306504597 6.864335614414979 
0.4758457624314486 5.713186765375688 
0.5869038943300965 2.9280674168478305 
0.4631386249426685 6.115401334742765 
0.45595460503431307 6.353168802531128 
0.6666565839777149 1.5001770357766468 
0.4631386249426685 6.115401334742765 
0.44608199613754956 6.6931292210193245 
0.45595460503431307 6.353168802531128 
0.553606369707552 3.644976783624015 
0.5455675592207705 3.8310861351908025 
0.6666565839777149 1.5001770357766468 
0.4695446190513056 5.909799996611295 
0.6469996297507404 1.824049373012739 
0.6651450261414142 1.524434368388418 
0.5635213663296311 3.424960844265239 
0.4919459219044524 5.230243969347798 
0.5957975098167914 2.7520991683516876 
0.5778900441717474 3.113860524502997 
0.4695446190513056 5.909799996611295 
0.4847078513261775 5.442300839769899 
0.5957975098167914 2.7520991683516876 
0.6192703628161348 2.304948431746339 
0.41475030967525506 7.877627856136308 
0.5778900441717474 3.113860524502997 
0.6278325715128952 2.1498623301604636 
0.39190638322166804 8.864164498262324 
0.6524584152463008 1.7290608293633776 
0.6300703295191453 2.1115339058882694 
0.5455675592207705 3.8310861351908025 
0.5237227761556091 4.367171853312175 
0.44608199613754956 6.6931292210193245 
0.5869038943300965 2.9280674168478305 
0.5137064372261778 4.626505291711914 
0.6421152588982486 1.9014880966337853 
0.4919459219044524 5.230243969347798 
0.5568313750554932 3.5712172733783225 
0.5435207550852263 3.880943101043979 
0.5079684103859304 4.782552081129355 
