0.5069143732458465 1.440156290195717 
0.4264313554790238 2.162506235963859 
0.4109023239392181 2.307103680617612 
0.4412768306504597 2.029072264450118 
0.5199120317965455 1.3212199995544613 
0.39190638322166804 2.473922648795899 
0.4806059469657595 1.6748302743052093 
0.42886556296204315 2.1413798006532994 
0.4956298163417061 1.5426640156009777 
0.42886556296204315 2.1413798006532994 
0.6290884556029722 0.3405216535436304 
0.5635213663296311 0.9300386145858346 
0.420624335954382 2.214457953146491 
0.3895797856337213 2.4943584835142047 
0.553606369707552 1.0178823648503998 
0.3982771269840115 2.420773933560272 
0.41475030967525506 2.2672485928389494 
0.6364462001741943 0.2743443674091809 
0.4631386249426685 1.832278565145324 
0.5237227761556091 1.287187366965289 
0.44608199613754956 1.9856844433188627 
0.420624335954382 2.214457953146491 
0.607538679931145 0.5322253065451283 
0.607538679931145 0.5322253065451283 
0.6131053085157497 0.48321005954529206 
0.5998705835514847 0.601371034277395 
0.6183778719231343 0.4361102291622223 
0.6666565839777149 1.0289803267360398E-4 
0.5290721038160059 1.2406192337451456 
0.5137064372261778 1.3766655502133862 
0.43536252721510976 2.081811823850107 
0.4806059469657595 1.6748302743052093 
0.400609770758648 2.394514367599679 
0.43511241208831686 2.0840652508354847 
0.5823161975920843 0.7625018023700572 
0.5069143732458465 1.440156290195717 
0.45715610418691 1.8856437190548838 
0.5334643577569302 1.199879748186906 
0.5700935282537798 0.8700504629932811 
0.6524584152463008 0.1281402885908838 
0.41862604258259345 2.2328838537015105 
0.5199120317965455 1.3212199995544613 
0.5720425647109322 0.8527523667676067 
0.5378255172627826 1.1599683816599802 
0.5606175398773526 0.9548266761922124 
0.47560191615570424 1.7212060589831284 
0.4264313554790238 2.162506235963859 
0.400609770758648 2.394514367599679 
0.4412768306504597 2.029072264450118 
0.3895797856337213 2.4943584835142047 
0.5000379330966284 1.5009375079606417 
0.5000379330966284 1.5009375079606417 
0.4865630866426574 1.6219133704129411 
0.4097637816399683 2.3125290454608294 
0.5309728176030897 1.2220334260244172 
0.3982771269840115 2.420773933560272 
0.3895797856337213 2.4943584835142047 
0.4806059469657595 1.6748302743052093 
0.4097637816399683 2.3125290454608294 
0.5378255172627826 1.1599683816599802 
0.4412768306504597 2.029072264450118 
0.4758457624314486 1.718595712283456 
0.5869038943300965 0.7184941698090578 
0.4631386249426685 1.832278565145324 
0.45595460503431307 1.8967565720744002 
0.6666565839777149 1.0289803267360398E-4 
0.4631386249426685 1.832278565145324 
0.44608199613754956 1.9856844433188627 
0.45595460503431307 1.8967565720744002 
0.553606369707552 1.0178823648503998 
0.5455675592207705 1.0901163119405812 
0.6666565839777149 1.0289803267360398E-4 
0.4695446190513056 1.774914788078258 
0.6469996297507404 0.18015926898631235 
0.6651450261414142 0.013969937812584599 
0.5635213663296311 0.9300386145858346 
0.4919459219044524 1.5729971912860052 
0.5957975098167914 0.639693831272798 
0.5778900441717474 0.7994689960496972 
0.4695446190513056 1.774914788078258 
0.4847078513261775 1.6379259463155196 
0.5957975098167914 0.639693831272798 
0.6192703628161348 0.4273862516000364 
0.41475030967525506 2.2672485928389494 
0.5778900441717474 0.7994689960496972 
0.6278325715128952 0.34975359514334864 
0.39190638322166804 2.473922648795899 
0.6524584152463008 0.1281402885908838 
0.6300703295191453 0.33041486387386987 
0.5455675592207705 1.0901163119405812 
0.5237227761556091 1.287187366965289 
0.44608199613754956 1.9856844433188627 
0.5869038943300965 0.7184941698090578 
0.5137064372261778 1.3766655502133862 
0.6421152588982486 0.2209745214619409 
0.4919459219044524 1.5729971912860052 
0.5568313750554932 0.9885658249571805 
0.5435207550852263 1.1093731247222236 
0.5079684103859304 1.4293853782392019 
