3.125459601619748 0.031712100869600884 
3.1254489591097454 0.05485006795597433 
1.3800203574583223 0.8588405822639723 
3.1253490296201427 0.07312196112410446 
3.125452785448844 0.04613901258668698 
3.1254596088962616 0.030909056605200873 
3.1253502551920525 0.07198191125850034 
3.1254491907696904 0.054472844783731794 
2.9557790116670457 0.1545065422452539 
3.1254502270426796 0.05217494628067024 
1.3414749847853602 0.9616059118608553 
3.125459425255706 0.03406591057059696 
3.1254502270426796 0.05217494628067024 
3.125448954219525 0.054884382357225085 
3.125448915944999 0.05492499742218189 
3.1254595422504354 0.032778670882352076 
2.955778395044711 0.15494149017517075 
3.1251777066640822 0.08850703327800209 
2.9557792910141347 0.15447350734711907 
1.3414749847853602 0.9616059118608553 
3.1254500870311097 0.05248291975130639 
3.1254596028194093 0.0316878926143153 
1.4188102951349155 0.6004682294090207 
2.955778395044711 0.15494149017517075 
3.1254592860564503 0.035888704768672335 
2.9106058293695782 0.2636536312812062 
3.125178890781264 0.07323247154742765 
3.1254502264606976 0.052478405219551966 
3.1254494377885877 0.05386651080077963 
3.125178890781264 0.07323247154742765 
2.9041128221296617 0.4775972226749645 
3.1254595422504354 0.032778670882352076 
3.125178890781264 0.07323247154742765 
2.955778395044711 0.15494149017517075 
2.9557792910141347 0.15447350734711907 
1.3944191257810212 0.7838969329515625 
3.125178890781264 0.07323247154742765 
3.1251777066640822 0.08850703327800209 
1.3944191257810212 0.7838969329515625 
1.3944191257810212 0.7838969329515625 
3.1254491433920735 0.054524657836427126 
3.125459540135477 0.03281274870152095 
3.125452785448844 0.04613901258668698 
3.125459540135477 0.03281274870152095 
3.1254595422504354 0.032778670882352076 
3.1253490296201427 0.07312196112410446 
1.3944191257810212 0.7838969329515625 
3.125178890781264 0.07323247154742765 
1.3944191257810212 0.7838969329515625 
3.1254491433920735 0.054524657836427126 
3.125459540135477 0.03281274870152095 
1.3414749847853602 0.9616059118608553 
3.12544914664561 0.05451887022594605 
3.125452785448844 0.04613901258668698 
2.9210161363516582 0.2519023871446854 
1.3944191257810212 0.7838969329515625 
3.12544914664561 0.05451887022594605 
2.9557790116670457 0.1545065422452539 
3.125459540135477 0.03281274870152095 
-3.141592653589793 1.0531136042459588 
3.125459540135477 0.03281274870152095 
3.1253490296201427 0.07312196112410446 
3.125459540135477 0.03281274870152095 
3.125459540135477 0.03281274870152095 
2.9211693407681003 0.16580135956152772 
-3.141592653589793 1.0531136042459588 
2.955778395044711 0.15494149017517075 
1.3944191257810212 0.7838969329515625 
2.9211693407681003 0.16580135956152772 
3.125459540135477 0.03281274870152095 
1.3414749847853602 0.9616059118608553 
3.12544914664561 0.05451887022594605 
3.12544914664561 0.05451887022594605 
2.9557805922292575 0.15354399782935335 
3.12544914664561 0.05451887022594605 
2.955773565839601 0.1582970225684657 
3.125352666461934 0.06774521741243764 
-3.141592653589793 1.0531136042459588 
1.3944191257810212 0.7838969329515625 
3.125459540135477 0.03281274870152095 
1.3800203574583223 0.8588405822639723 
1.3944191257810212 0.7838969329515625 
3.1253490296201427 0.07312196112410446 
2.9557792910141347 0.15447350734711907 
1.3944191257810212 0.7838969329515625 
3.12544914664561 0.05451887022594605 
3.12544914664561 0.05451887022594605 
2.9557792910141347 0.15447350734711907 
3.1253490296201427 0.07312196112410446 
3.125352666461934 0.06774521741243764 
3.1254524722196706 0.047092332836214876 
3.125459540135477 0.03281274870152095 
3.125459540135477 0.03281274870152095 
1.3944191257810212 0.7838969329515625 
3.12544914664561 0.05451887022594605 
3.12544914664561 0.05451887022594605 
3.12544914664561 0.05451887022594605 
1.4188102951349155 0.6004682294090207 
3.12544914664561 0.05451887022594605 
3.1254596028194093 0.0316878926143153 
