3.125459601619748 -4.999354651940793 0.08066100226806994 
3.1254489591097454 -4.999354355645705 0.08068323218288291 
1.3800203574583223 0.9484129275443864 4.938828693040499 
3.1253490296201427 -4.99935414413942 0.08112941867891157 
3.125452785448844 -4.999354355645705 0.0806832343718993 
3.1254596088962616 -4.999354355645705 0.0806610777400326 
3.1253502551920525 -4.99935414413942 0.08112941867891157 
3.1254491907696904 -4.999354360988809 0.08068315455471434 
2.9557790116670457 -4.913993096389013 0.9235488900143137 
3.1254502270426796 -4.999354355645705 0.08068400980569937 
1.3414749847853602 1.1461420551557575 4.886371094911588 
3.125459425255706 -4.99935435044563 0.08066100226806994 
3.1254502270426796 -4.999354355645705 0.08068400980569937 
3.125448954219525 -4.999354355645705 0.08068315455471434 
3.125448915944999 -4.999354355645705 0.08068323292700413 
3.1254595422504354 -4.999354651940793 0.08066100226806994 
2.955778395044711 -4.913993096389013 0.9235488782997072 
3.1251777066640822 -4.999231537525032 0.08212456155432572 
2.9557792910141347 -4.913993096389013 0.9235473035927185 
1.3414749847853602 1.1461420551557575 4.886371094911588 
3.1254500870311097 -4.999354355645705 0.0806839499839798 
3.1254596028194093 -4.999354651940793 0.08066100226806994 
1.4188102951349155 0.7568038945894999 4.94268181331768 
2.955778395044711 -4.913993096389013 0.9235488782997072 
3.1254592860564503 -4.999354651568383 0.08066100226806994 
2.9106058293695782 -4.869270536654689 1.144427618727363 
3.125178890781264 -4.999357069354589 0.08211473074253552 
3.1254502264606976 -4.999354355645705 0.0806832343718993 
3.1254494377885877 -4.999354362491885 0.08068361333393548 
3.125178890781264 -4.999357069354589 0.08211473074253552 
2.9041128221296617 -4.844841336004582 1.1801958074044103 
3.1254595422504354 -4.999354651940793 0.08066100226806994 
3.125178890781264 -4.999357069354589 0.08211473074253552 
2.955778395044711 -4.913993096389013 0.9235488782997072 
2.9557792910141347 -4.913993096389013 0.9235473035927185 
1.3944191257810212 0.8780404342475676 4.932431499742012 
3.125178890781264 -4.999357069354589 0.08211473074253552 
3.1251777066640822 -4.999231537525032 0.08212456155432572 
1.3944191257810212 0.8780404342475676 4.932431499742012 
1.3944191257810212 0.8780404342475676 4.932431499742012 
3.1254491433920735 -4.999354355645705 0.0806832343718993 
3.125459540135477 -4.999354651940793 0.08066100226806994 
3.125452785448844 -4.999354355645705 0.0806832343718993 
3.125459540135477 -4.999354651940793 0.08066100226806994 
3.1254595422504354 -4.999354651940793 0.08066100226806994 
3.1253490296201427 -4.99935414413942 0.08112941867891157 
1.3944191257810212 0.8780404342475676 4.932431499742012 
3.125178890781264 -4.999357069354589 0.08211473074253552 
1.3944191257810212 0.8780404342475676 4.932431499742012 
3.1254491433920735 -4.999354355645705 0.0806832343718993 
3.125459540135477 -4.999354651940793 0.08066100226806994 
1.3414749847853602 1.1461420551557575 4.886371094911588 
3.12544914664561 -4.999354355645705 0.0806832343718993 
3.125452785448844 -4.999354355645705 0.0806832343718993 
2.9210161363516582 -4.879930021853749 1.0934382581107145 
1.3944191257810212 0.8780404342475676 4.932431499742012 
3.12544914664561 -4.999354355645705 0.0806832343718993 
2.9557790116670457 -4.913993096389013 0.9235488900143137 
3.125459540135477 -4.999354651940793 0.08066100226806994 
-3.141592653589793 -4.999999998923327 1.413285451708629E-4 
3.125459540135477 -4.999354651940793 0.08066100226806994 
3.1253490296201427 -4.99935414413942 0.08112941867891157 
3.125459540135477 -4.999354651940793 0.08066100226806994 
3.125459540135477 -4.999354651940793 0.08066100226806994 
2.9211693407681003 -4.879071860634077 1.0934382581107145 
-3.141592653589793 -4.999999998923327 1.413285451708629E-4 
2.955778395044711 -4.913993096389013 0.9235488782997072 
1.3944191257810212 0.8780404342475676 4.932431499742012 
2.9211693407681003 -4.879071860634077 1.0934382581107145 
3.125459540135477 -4.999354651940793 0.08066100226806994 
1.3414749847853602 1.1461420551557575 4.886371094911588 
3.12544914664561 -4.999354355645705 0.0806832343718993 
3.12544914664561 -4.999354355645705 0.0806832343718993 
2.9557805922292575 -4.913993096389013 0.9235473035927185 
3.12544914664561 -4.999354355645705 0.0806832343718993 
2.955773565839601 -4.913993096389013 0.9235478868132355 
3.125352666461934 -4.999402776572661 0.08118422910619673 
-3.141592653589793 -4.999999998923327 1.413285451708629E-4 
1.3944191257810212 0.8780404342475676 4.932431499742012 
3.125459540135477 -4.999354651940793 0.08066100226806994 
1.3800203574583223 0.9484129275443864 4.938828693040499 
1.3944191257810212 0.8780404342475676 4.932431499742012 
3.1253490296201427 -4.99935414413942 0.08112941867891157 
2.9557792910141347 -4.913993096389013 0.9235473035927185 
1.3944191257810212 0.8780404342475676 4.932431499742012 
3.12544914664561 -4.999354355645705 0.0806832343718993 
3.12544914664561 -4.999354355645705 0.0806832343718993 
2.9557792910141347 -4.913993096389013 0.9235473035927185 
3.1253490296201427 -4.99935414413942 0.08112941867891157 
3.125352666461934 -4.999402776572661 0.08118422910619673 
3.1254524722196706 -4.999354355645705 0.0806832343718993 
3.125459540135477 -4.999354651940793 0.08066100226806994 
3.125459540135477 -4.999354651940793 0.08066100226806994 
1.3944191257810212 0.8780404342475676 4.932431499742012 
3.12544914664561 -4.999354355645705 0.0806832343718993 
3.12544914664561 -4.999354355645705 0.0806832343718993 
3.12544914664561 -4.999354355645705 0.0806832343718993 
1.4188102951349155 0.7568038945894999 4.94268181331768 
3.12544914664561 -4.999354355645705 0.0806832343718993 
3.1254596028194093 -4.999354651940793 0.08066100226806994 
