0.4413337492298828 6.861282760579501 
0.43407306753920777 7.126688608323602 
0.551086497573242 3.7053525378659375 
0.3915075337450644 8.880896112752417 
0.4598882229886828 6.221217791509275 
0.46850952376250243 5.945550383167418 
0.59895959070821 2.6879200747362795 
0.4765260125733162 5.690020732203574 
0.46758112576121635 5.971472723215935 
0.48659837276899276 5.390573380360553 
0.4485185439063947 6.609223818527055 
0.4083966182242801 8.140758723224536 
0.39655682443090884 8.687032836975044 
0.551086497573242 3.7053525378659375 
0.4137225047937698 7.922282159274945 
0.4765417764749948 5.689539257154057 
0.5857023029338404 2.9517960451714016 
0.6379250322964857 1.9731086352475942 
0.5948765621755969 2.76895113076429 
0.4193243089703236 7.696512860527029 
0.5875689753772235 2.9152546278332245 
0.6197583381149114 2.2966568323658594 
0.6138564466151513 2.4058322062755884 
0.6066171793171757 2.539924048839822 
0.6066171793171757 2.539924048839822 
0.4485185439063947 6.609223818527055 
0.6469017951072121 1.8214709999049534 
0.5659723701208385 3.368743896485491 
0.3915075337450644 8.880896112752417 
0.5007378318616901 4.981269477872647 
0.6571873723191434 1.6532874481611617 
0.6664779921308985 1.5032524933494775 
0.4594563091805105 6.235792090104862 
0.6670019350435038 1.4992964762015262 
0.6197583381149114 2.2966568323658594 
0.40099588504150396 8.45758338052788 
0.6260372700143662 2.181872559444367 
0.5857023029338404 2.9517960451714016 
0.4413337492298828 6.861282760579501 
0.5948765621755969 2.76895113076429 
0.5857023029338404 2.9517960451714016 
0.5467650785421392 3.803498189638456 
0.4413337492298828 6.861282760579501 
0.4137225047937698 7.922282159274945 
0.5007378318616901 4.981269477872647 
0.5281118388096806 4.259066215833911 
0.4598882229886828 6.221217791509275 
0.4865368858216624 5.396716062035943 
0.411906557958319 7.9998016615886955 
0.6662334002521068 1.506878703154476 
0.39505598086569205 8.720035444113483 
0.5345653329540156 4.094847851288539 
0.43407306753920777 7.126688608323602 
0.3915075337450644 8.880896112752417 
0.42603458902742797 7.4331768982135085 
0.42603458902742797 7.4331768982135085 
0.46383018917005026 6.092556516585609 
0.5077500138325619 4.787254443526857 
0.49661461127855916 5.099652122123246 
0.40311921280379415 8.37234285806976 
0.6484923725976187 1.7943335257059225 
0.5591977391255808 3.5181675336888025 
0.4846364561203281 5.445582474169713 
0.4541166232140896 6.419516523518266 
0.43407306753920777 7.126688608323602 
0.3915075337450644 8.880896112752417 
0.42346388205700114 7.534972080576507 
0.4541166232140896 6.419516523518266 
0.5467650785421392 3.803498189638456 
0.5467650785421392 3.803498189638456 
0.5736736255592026 3.202779393875717 
0.5385400465953888 4.004571000087994 
0.5104472685200155 4.714024189693959 
0.5736736255592026 3.202779393875717 
0.6379250322964857 1.9731086352475942 
0.6522226771232548 1.7345405492688701 
0.5225492970201172 4.395955409906813 
0.5694468289814675 3.294513048107494 
0.5225492970201172 4.395955409906813 
0.4772791512841504 5.66692168269119 
0.5120737387256777 4.672554176354646 
0.6271825126983595 2.161334936652014 
0.4949055129331129 5.145267544577199 
0.46850952376250243 5.945550383167418 
0.5345653329540156 4.094847851288539 
0.5225492970201172 4.395955409906813 
0.4199600875829233 7.66862834813687 
0.6138564466151513 2.4058322062755884 
0.4083966182242801 8.140758723224536 
0.480891272391517 5.559276226170804 
0.4938816582185945 5.179215591392628 
0.5659723701208385 3.368743896485491 
0.5077500138325619 4.787254443526857 
0.6379250322964857 1.9731086352475942 
0.5281118388096806 4.259066215833911 
0.5591977391255808 3.5181675336888025 
0.4385796032929546 6.961284356118302 
0.5120737387256777 4.672554176354646 
0.6571873723191434 1.6532874481611617 
