0.4413337492298828 2.028115645252911 
0.43407306753920777 2.0935035856117534 
0.551086497573242 1.0419697523666631 
0.3915075337450644 2.476937734549828 
0.4598882229886828 1.8610647949627785 
0.46850952376250243 1.7855469785237306 
0.59895959070821 0.6099555078204232 
0.4765260125733162 1.7114428909764703 
0.46758112576121635 1.792147938373703 
0.48659837276899276 1.6230442351752936 
0.4485185439063947 1.9643594434372162 
0.4083966182242801 2.324658332344709 
0.39655682443090884 2.4449021555578527 
0.551086497573242 1.0419697523666631 
0.4137225047937698 2.2776264186182256 
0.4765417764749948 1.7113031449284164 
0.5857023029338404 0.7288737414478923 
0.6379250322964857 0.2586953898647963 
0.5948765621755969 0.6471841295012926 
0.4193243089703236 2.227334936721705 
0.5875689753772235 0.7129131746396768 
0.6197583381149114 0.4233722216473217 
0.6138564466151513 0.4768356092966222 
0.6066171793171757 0.5407615621870734 
0.6066171793171757 0.5407615621870734 
0.4485185439063947 1.9643594434372162 
0.6469017951072121 0.17831285957424298 
0.5659723701208385 0.9066159674240019 
0.3915075337450644 2.476937734549828 
0.5007378318616901 1.4943100782687624 
0.6571873723191434 0.08651963374525576 
0.6664779921308985 0.0018847034333268065 
0.4594563091805105 1.8650740185366013 
0.6670019350435038 3.3650830324361E-5 
0.6197583381149114 0.4233722216473217 
0.40099588504150396 2.3914561329870923 
0.6260372700143662 0.3659335406338094 
0.5857023029338404 0.7288737414478923 
0.4413337492298828 2.028115645252911 
0.5948765621755969 0.6471841295012926 
0.5857023029338404 0.7288737414478923 
0.5467650785421392 1.0796199863925546 
0.4413337492298828 2.028115645252911 
0.4137225047937698 2.2776264186182256 
0.5007378318616901 1.4943100782687624 
0.5281118388096806 1.249263290856235 
0.4598882229886828 1.8610647949627785 
0.4865368858216624 1.6257014264867127 
0.411906557958319 2.2951707667742407 
0.6662334002521068 0.003932922170091526 
0.39505598086569205 2.4449021555578527 
0.5345653329540156 1.1889637050200934 
0.43407306753920777 2.0935035856117534 
0.3915075337450644 2.476937734549828 
0.42603458902742797 2.166790464998564 
0.42603458902742797 2.166790464998564 
0.46383018917005026 1.8259116416171253 
0.5077500138325619 1.4307285099207552 
0.49661461127855916 1.5325617562841147 
0.40311921280379415 2.37505226226855 
0.6484923725976187 0.16361160531648394 
0.5591977391255808 0.9673513307037988 
0.4846364561203281 1.639127791792578 
0.4541166232140896 1.9152091663271666 
0.43407306753920777 2.0935035856117534 
0.3915075337450644 2.476937734549828 
0.42346388205700114 2.1907885284320465 
0.4541166232140896 1.9152091663271666 
0.5467650785421392 1.0796199863925546 
0.5467650785421392 1.0796199863925546 
0.5736736255592026 0.8373500667509882 
0.5385400465953888 1.1566218529819308 
0.5104472685200155 1.4062607713665614 
0.5736736255592026 0.8373500667509882 
0.6379250322964857 0.2586953898647963 
0.6522226771232548 0.13130668062298334 
0.5225492970201172 1.2971034091785865 
0.5694468289814675 0.8760500082828813 
0.5225492970201172 1.2971034091785865 
0.4772791512841504 1.704703571108601 
0.5120737387256777 1.392692286484204 
0.6271825126983595 0.3555514763521595 
0.4949055129331129 1.546421273327077 
0.46850952376250243 1.7855469785237306 
0.5345653329540156 1.1889637050200934 
0.5225492970201172 1.2971034091785865 
0.4199600875829233 2.2205178327244486 
0.6138564466151513 0.4768356092966222 
0.4083966182242801 2.324658332344709 
0.480891272391517 1.673407417979189 
0.4938816582185945 1.5579195845485896 
0.5659723701208385 0.9066159674240019 
0.5077500138325619 1.4307285099207552 
0.6379250322964857 0.2586953898647963 
0.5281118388096806 1.249263290856235 
0.5591977391255808 0.9673513307037988 
0.4385796032929546 2.0530773313158157 
0.5120737387256777 1.392692286484204 
0.6571873723191434 0.08651963374525576 
