2.2103332244494744 0.7065530121870747 
3.0765494131171724 0.12312238196535592 
3.0760229816478195 0.1467652676852085 
2.2031706011704038 0.7884969209995725 
-3.1411368612860198 1.0332841268264479 
2.2306316555639576 0.5664209322762398 
-3.1415923700616903 1.0794804689497486 
-3.141135450957177 1.0293786150189037 
-3.1411354953240953 1.0302168816701323 
3.0766349677383698 0.051189096189353564 
2.2119525083487077 0.629288447406355 
-3.141592653589793 1.0828013187405299 
-3.14114574949893 1.04645150338913 
3.0765967914708434 0.11144373862500581 
-3.141133247251603 1.0110671625000571 
-3.1411333523512543 1.0153225807801505 
-3.1411333936614256 1.0162133404904428 
-3.1411334674096296 1.016603108535389 
-3.141138091386248 1.0359848366238653 
3.076538362229316 0.13395483054228177 
-3.141550975191425 1.068019884823097 
-3.1411347695783225 1.0267697290197353 
-3.1411362790143813 1.0326156163032332 
-3.1415417316295877 1.0524416658669895 
-3.1411337670831894 1.0218128629801526 
-3.1411333526716843 1.0153307355328824 
-3.141135559945692 1.0303205048976833 
-3.141136223529815 1.0316331951299025 
-3.1411334931888524 1.0181050187222922 
-3.1411438309234097 1.039009419084438 
2.2031706011704038 0.7884969209995725 
-3.1411334702846996 1.0179909560982965 
-3.1415893193879234 1.0788277196149563 
-3.1411333354387 1.0148855420861822 
-3.1415638868071345 1.0717643350843369 
-3.1411457499115425 1.046577676673597 
-3.141168161993591 1.0500075060966552 
-3.1411334000677202 1.0163569990501198 
2.2031706011704038 0.7884969209995725 
3.076598374153589 0.08725451176394747 
2.21066921735819 0.7025037606250677 
-3.1411451041575753 1.0401952895057716 
-3.1411336935813257 1.0211890713820257 
2.1983704969013322 0.9934565074975756 
-3.1415596223468807 1.070905084369999 
-3.141133690102972 1.0201674704983315 
-3.141550975191425 1.068019884823097 
-3.1411347679240373 1.0267626479397431 
2.2070666258599925 0.7685496193695653 
-3.141133382166206 1.0159963568014903 
-3.1411347759861736 1.0271782010491617 
-3.1411697643538568 1.0507926367647022 
3.076595456008346 0.11736120378709275 
-3.141133395160593 1.0162723652703065 
-3.1415596223468807 1.070905084369999 
-3.1411334592073272 1.0164976247858297 
-3.1411664069463403 1.0482264947594786 
3.051572455638446 0.2015406918318421 
3.076538362229316 0.13395483054228177 
-3.141167518882584 1.0494218668100965 
-3.141138436274552 1.036609395519832 
-3.141133334882105 1.0148700057258404 
-3.1411347634278366 1.0267220448121734 
-3.1411664069463403 1.0482264947594786 
-3.141592653589793 1.0828013187405299 
3.076539325400728 0.1298659467931479 
2.235245666135859 0.4571946303333806 
2.235245101312612 0.4842835147881025 
3.0765960494031392 0.11687944036544927 
2.211663067550075 0.6808471526831026 
-3.141138198663713 1.0361950208116255 
-3.1411438309234097 1.039009419084438 
-3.141592653589793 1.0828013187405299 
-3.141133611753922 1.0193785199309742 
2.21066921735819 0.7025037606250677 
3.0765967914708434 0.11144373862500581 
3.0765967914708434 0.11144373862500581 
2.3666309148027196 0.38391739506781025 
-3.1411347692924236 1.0267685056107176 
-3.1411347575145534 1.0267179725306264 
-3.1411368612860198 1.0332841268264479 
2.235245666135859 0.4571946303333806 
3.075936100133421 0.19508840776939787 
-3.141133376408125 1.0158744204951102 
-3.1411347579866673 1.0267200031802584 
3.0765965702131224 0.1168592791822023 
-3.141133611753922 1.0193785199309742 
2.2306316555639576 0.5664209322762398 
3.076549295425809 0.12984679748237732 
2.3666309148027196 0.38391739506781025 
3.0765520125230843 0.12268455263337327 
2.2352311117410655 0.5093386603634261 
2.2119525083487077 0.629288447406355 
2.2637835164253337 0.4195087245868542 
2.2119525083487077 0.629288447406355 
2.2306316555639576 0.5664209322762398 
2.366579639619784 0.40555828783569386 
2.2352311117410655 0.5093386603634261 
2.2637835164253337 0.4195087245868542 
2.366579639619784 0.40555828783569386 
