2.2103332244494744 -2.96867354856296 4.005727720276998 
3.0765494131171724 -4.989387520424959 0.32466655887126156 
3.0760229816478195 -4.989288258345675 0.3284433260517575 
2.2031706011704038 -2.968525065371707 4.05407893998523 
-3.1411368612860198 -4.999999827457182 -0.0022970663206632563 
2.2306316555639576 -3.0646856635778374 3.937548171462521 
-3.1415923700616903 -4.999999999997568 -5.010349830244341E-4 
-3.141135450957177 -4.999999835779089 -0.0022970663206632563 
-3.1411354953240953 -4.999999825890118 -0.0022982469826301893 
3.0766349677383698 -4.989455056392318 0.3245425417749625 
2.2119525083487077 -2.975682016567477 4.005727720276998 
-3.141592653589793 -4.999999999992227 -5.63626003509135E-4 
-3.14114574949893 -4.999999824631959 -0.00229654261140941 
3.0765967914708434 -4.989344655526055 0.3246608003462643 
-3.141133247251603 -4.999999947856221 -0.0022970663206632563 
-3.1411333523512543 -4.999999827349238 -0.0022970663206632563 
-3.1411333936614256 -4.999999824679066 -0.0022970663240960087 
-3.1411334674096296 -4.999999962200168 -0.0022965945535061414 
-3.141138091386248 -4.99999983203441 -0.0022970663206632563 
3.076538362229316 -4.9893777029489526 0.3245755757357833 
-3.141550975191425 -4.999999999974886 -5.010349830244341E-4 
-3.1411347695783225 -4.999999829084052 -0.0022970663206632563 
-3.1411362790143813 -4.99999996265304 -0.0022970663206632563 
-3.1415417316295877 -4.999999977285083 -3.789336784223553E-4 
-3.1411337670831894 -4.999999986082387 -0.0022970663206632563 
-3.1411333526716843 -4.999999827395614 -0.0022970663206632563 
-3.141135559945692 -4.999999998693757 -0.0022965185946254595 
-3.141136223529815 -4.999999824679066 -0.0022970666492921382 
-3.1411334931888524 -4.999999860613401 -0.0022970663206632563 
-3.1411438309234097 -4.999999962200168 -0.002274653244319565 
2.2031706011704038 -2.968525065371707 4.05407893998523 
-3.1411334702846996 -4.9999998971936686 -0.0022970663206632563 
-3.1415893193879234 -4.999999999997568 -5.010349830244341E-4 
-3.1411333354387 -4.999999827395614 -0.0022970663206632563 
-3.1415638868071345 -4.999999998465204 -5.010349830244341E-4 
-3.1411457499115425 -4.999999824631477 -0.0022971355773054 
-3.141168161993591 -4.999999999620513 -0.002198380402128224 
-3.1411334000677202 -4.999999827385721 -0.0022970663206632563 
2.2031706011704038 -2.968525065371707 4.05407893998523 
3.076598374153589 -4.989457779082854 0.3246676339792736 
2.21066921735819 -2.968756976942038 4.005727720276998 
-3.1411451041575753 -4.999999824631971 -0.00227473053529413 
-3.1411336935813257 -4.9999999957669194 -0.0022970663206632563 
2.1983704969013322 -2.9673715285916886 3.9832327577664204 
-3.1415596223468807 -4.999999999974886 -5.010349830244341E-4 
-3.141133690102972 -4.999999826141259 -0.0022970663206632563 
-3.141550975191425 -4.999999999974886 -5.010349830244341E-4 
-3.1411347679240373 -4.999999829084052 -0.0022970663206632563 
2.2070666258599925 -2.965816251076836 3.988773183687081 
-3.141133382166206 -4.999999827305149 -0.0022970663206632563 
-3.1411347759861736 -4.999999962200168 -0.0022965928788331812 
-3.1411697643538568 -4.999999874919916 -0.002199273187938424 
3.076595456008346 -4.98937804212912 0.32457433861856744 
-3.141133395160593 -4.999999829084052 -0.0022970663206632563 
-3.1415596223468807 -4.999999999974886 -5.010349830244341E-4 
-3.1411334592073272 -4.999999962200168 -0.002296611753636697 
-3.1411664069463403 -4.999999998626569 -0.0021978963321361757 
3.051572455638446 -4.978381315842158 0.4497309550872257 
3.076538362229316 -4.9893777029489526 0.3245755757357833 
-3.141167518882584 -4.999999998626569 -0.0021984781278888425 
-3.141138436274552 -4.999999826057414 -0.0022970663206632563 
-3.141133334882105 -4.999999827351868 -0.0022970663206632563 
-3.1411347634278366 -4.999999825895857 -0.0022970663206632563 
-3.1411664069463403 -4.999999998626569 -0.0021978963321361757 
-3.141592653589793 -4.999999999992227 -5.63626003509135E-4 
3.076539325400728 -4.989391942080476 0.32457116274168546 
2.235245666135859 -3.083200881610194 3.9330508067487364 
2.235245101312612 -3.083200881610194 3.930969645441741 
3.0765960494031392 -4.989378042119681 0.324576373682763 
2.211663067550075 -2.9637352444018306 4.0092782414088 
-3.141138198663713 -4.99999983203441 -0.0022970663206632563 
-3.1411438309234097 -4.999999962200168 -0.002274653244319565 
-3.141592653589793 -4.999999999992227 -5.63626003509135E-4 
-3.141133611753922 -4.999999829084052 -0.0022970663206632563 
2.21066921735819 -2.968756976942038 4.005727720276998 
3.0765967914708434 -4.989344655526055 0.3246608003462643 
3.0765967914708434 -4.989344655526055 0.3246608003462643 
2.3666309148027196 -3.573190318107846 3.4982853372445035 
-3.1411347692924236 -4.999999829084052 -0.0022970663206632563 
-3.1411347575145534 -4.999999829084052 -0.0022970663206632563 
-3.1411368612860198 -4.999999827457182 -0.0022970663206632563 
2.235245666135859 -3.083200881610194 3.9330508067487364 
3.075936100133421 -4.989213155364484 0.3246491778097194 
-3.141133376408125 -4.999999827351868 -0.0022970663206632563 
-3.1411347579866673 -4.999999829084052 -0.0022970663206632563 
3.0765965702131224 -4.989378038341539 0.3245743048658133 
-3.141133611753922 -4.999999829084052 -0.0022970663206632563 
2.2306316555639576 -3.0646856635778374 3.937548171462521 
3.076549295425809 -4.989385789342504 0.32457116274168546 
2.3666309148027196 -3.573190318107846 3.4982853372445035 
3.0765520125230843 -4.989386598653048 0.32466655887126156 
2.2352311117410655 -3.082999240465039 3.9283231666415466 
2.2119525083487077 -2.975682016567477 4.005727720276998 
2.2637835164253337 -3.195138839665786 3.8469368573113423 
2.2119525083487077 -2.975682016567477 4.005727720276998 
2.2306316555639576 -3.0646856635778374 3.937548171462521 
2.366579639619784 -3.573190318107846 3.4982853372445035 
2.2352311117410655 -3.082999240465039 3.9283231666415466 
2.2637835164253337 -3.195138839665786 3.8469368573113423 
2.366579639619784 -3.573190318107846 3.4982853372445035 
