-3.141592653589793 1.0651734302476599 
2.49792325526172 0.2820854704691112 
2.49792325526172 0.2820854704691112 
0.43145060914838307 0.8137420632379786 
1.2553051283376704 0.5819142194720096 
1.2553051283376704 0.5819142194720096 
0.4247140660576654 0.965346770137317 
1.2529462073634852 0.808934331007923 
1.2536629719258288 0.7240726428166622 
1.2541904923452747 0.6276247406478711 
1.2530052075250493 0.8056771106295314 
1.2536531495693128 0.7256249887670421 
0.4247140660576654 0.965346770137317 
0.42255547216204414 1.0436252987017973 
2.4978977194629617 0.2846166161578407 
2.4978968319379513 0.32965635259256887 
1.2553042334599245 0.5868053398251932 
1.2542063363565148 0.6237403750776521 
2.4197488011975774 0.3570433899110965 
2.4978955571233876 0.34238363580301623 
2.4197488011975774 0.3570433899110965 
2.497896311192002 0.3417582054563604 
2.497896783415729 0.3299855340025036 
0.43145060914838307 0.8137420632379786 
1.2529462073634852 0.808934331007923 
1.2542063363565148 0.6237403750776521 
0.42250770393720566 1.0468074055501377 
1.2541904923452747 0.6276247406478711 
0.4225546422077644 1.0436811858415 
1.252971470593886 0.8086085511439536 
2.4978977194629617 0.2846166161578407 
1.2536531495693128 0.7256249887670421 
0.4224943243401741 1.047689902052372 
0.42255547216204414 1.0436252987017973 
1.252971470593886 0.8086085511439536 
2.4978968319379513 0.32965635259256887 
2.497896783415729 0.3299855340025036 
0.4224943243401741 1.047689902052372 
2.49792325526172 0.2820854704691112 
1.2553051283376704 0.5819142194720096 
1.2536531495693128 0.7256249887670421 
0.4247140660576654 0.965346770137317 
2.4197488011975774 0.3570433899110965 
1.2529462073634852 0.808934331007923 
1.2542063363565148 0.6237403750776521 
2.4978977194629617 0.2846166161578407 
1.252971470593886 0.8086085511439536 
2.4978968319379513 0.32965635259256887 
2.497896783415729 0.3299855340025036 
0.4224943243401741 1.047689902052372 
2.49792325526172 0.2820854704691112 
1.2553051283376704 0.5819142194720096 
1.2536531495693128 0.7256249887670421 
0.4247140660576654 0.965346770137317 
2.4197488011975774 0.3570433899110965 
1.2529462073634852 0.808934331007923 
2.4978977194629617 0.2846166161578407 
2.4978968319379513 0.32965635259256887 
2.497896783415729 0.3299855340025036 
2.49792325526172 0.2820854704691112 
1.2553051283376704 0.5819142194720096 
0.4247140660576654 0.965346770137317 
2.4197488011975774 0.3570433899110965 
2.4978977194629617 0.2846166161578407 
2.4978968319379513 0.32965635259256887 
1.25419060876022 0.6273419732488617 
1.2553042334599245 0.5868053398251932 
0.43145060914838307 0.8137420632379786 
2.49792325526172 0.2820854704691112 
2.4120992264325563 0.36292942216683594 
1.2536629719258288 0.7240726428166622 
2.49792325526172 0.2820854704691112 
1.2553042334599245 0.5868053398251932 
2.497896783415729 0.3299855340025036 
0.42249349438589434 1.047742150370372 
1.2553050965269854 0.5823961501011966 
