-3.141592653589793 -4.999999999854105 -2.701748913083167E-4 
2.49792325526172 -3.9990136614135356 3.000672306196806 
2.49792325526172 -3.9990136614135356 3.000672306196806 
0.43145060914838307 4.543517328172891 2.0909498380068885 
1.2553051283376704 1.5514138443660748 4.7534005192811755 
1.2553051283376704 1.5514138443660748 4.7534005192811755 
0.4247140660576654 4.553725163310877 2.0561809485348066 
1.2529462073634852 1.5564931591571887 4.7510713474954365 
1.2536629719258288 1.5565177165466482 4.7510733757432835 
1.2541904923452747 1.5565063153341459 4.751294937581274 
1.2530052075250493 1.556481788234464 4.75114261324154 
1.2536531495693128 1.5565177165466482 4.751070596462957 
0.4247140660576654 4.553725163310877 2.0561809485348066 
0.42255547216204414 4.553724937969421 2.0561809485348066 
2.4978977194629617 -3.9993559924513717 3.0006461373567914 
2.4978968319379513 -4.000093975764349 3.0006723078150346 
1.2553042334599245 1.5514136578807667 4.753400163218458 
1.2542063363565148 1.5565063153341459 4.75127254939482 
2.4197488011975774 -3.7513088792727074 3.3038605122377334 
2.4978955571233876 -4.000407237461767 3.0006723189986366 
2.4197488011975774 -3.7513088792727074 3.3038605122377334 
2.497896311192002 -4.000403591134036 3.00067224734795 
2.497896783415729 -4.000093975764349 3.0006703108454347 
0.43145060914838307 4.543517328172891 2.0909498380068885 
1.2529462073634852 1.5564931591571887 4.7510713474954365 
1.2542063363565148 1.5565063153341459 4.75127254939482 
0.42250770393720566 4.553725163310877 2.0561809485348066 
1.2541904923452747 1.5565063153341459 4.751294937581274 
0.4225546422077644 4.553724937969421 2.0561809485348066 
1.252971470593886 1.5564845444733375 4.75114261324154 
2.4978977194629617 -3.9993559924513717 3.0006461373567914 
1.2536531495693128 1.5565177165466482 4.751070596462957 
0.4224943243401741 4.553724937969421 2.0561809485348066 
0.42255547216204414 4.553724937969421 2.0561809485348066 
1.252971470593886 1.5564845444733375 4.75114261324154 
2.4978968319379513 -4.000093975764349 3.0006723078150346 
2.497896783415729 -4.000093975764349 3.0006703108454347 
0.4224943243401741 4.553724937969421 2.0561809485348066 
2.49792325526172 -3.9990136614135356 3.000672306196806 
1.2553051283376704 1.5514138443660748 4.7534005192811755 
1.2536531495693128 1.5565177165466482 4.751070596462957 
0.4247140660576654 4.553725163310877 2.0561809485348066 
2.4197488011975774 -3.7513088792727074 3.3038605122377334 
1.2529462073634852 1.5564931591571887 4.7510713474954365 
1.2542063363565148 1.5565063153341459 4.75127254939482 
2.4978977194629617 -3.9993559924513717 3.0006461373567914 
1.252971470593886 1.5564845444733375 4.75114261324154 
2.4978968319379513 -4.000093975764349 3.0006723078150346 
2.497896783415729 -4.000093975764349 3.0006703108454347 
0.4224943243401741 4.553724937969421 2.0561809485348066 
2.49792325526172 -3.9990136614135356 3.000672306196806 
1.2553051283376704 1.5514138443660748 4.7534005192811755 
1.2536531495693128 1.5565177165466482 4.751070596462957 
0.4247140660576654 4.553725163310877 2.0561809485348066 
2.4197488011975774 -3.7513088792727074 3.3038605122377334 
1.2529462073634852 1.5564931591571887 4.7510713474954365 
2.4978977194629617 -3.9993559924513717 3.0006461373567914 
2.4978968319379513 -4.000093975764349 3.0006723078150346 
2.497896783415729 -4.000093975764349 3.0006703108454347 
2.49792325526172 -3.9990136614135356 3.000672306196806 
1.2553051283376704 1.5514138443660748 4.7534005192811755 
0.4247140660576654 4.553725163310877 2.0561809485348066 
2.4197488011975774 -3.7513088792727074 3.3038605122377334 
2.4978977194629617 -3.9993559924513717 3.0006461373567914 
2.4978968319379513 -4.000093975764349 3.0006723078150346 
1.25419060876022 1.5565063153341459 4.751297418048421 
1.2553042334599245 1.5514136578807667 4.753400163218458 
0.43145060914838307 4.543517328172891 2.0909498380068885 
2.49792325526172 -3.9990136614135356 3.000672306196806 
2.4120992264325563 -3.727545950359013 3.33074428680253 
1.2536629719258288 1.5565177165466482 4.7510733757432835 
2.49792325526172 -3.9990136614135356 3.000672306196806 
1.2553042334599245 1.5514136578807667 4.753400163218458 
2.497896783415729 -4.000093975764349 3.0006703108454347 
0.42249349438589434 4.553725170641486 2.0561809485348066 
1.2553050965269854 1.5514136578807667 4.753400529574902 
