2.6370117251694873 0.49491607649225167 
2.649463411533244 0.3166024003887718 
2.649463411533244 0.3166024003887718 
2.6496765274669105 0.2843964220131876 
2.6370117251694873 0.49491607649225167 
3.1052567152142485 0.03573075635704495 
2.6171698321385124 0.6834238362027223 
3.1052567134899793 0.04048381928408468 
3.0319913786870276 0.1488571474581784 
2.699351160251841 0.2621893797230966 
2.6370117251694873 0.49491607649225167 
2.649463411533244 0.3166024003887718 
2.699351160251841 0.2621893797230966 
3.105256711458711 0.040608037196723214 
2.5893585145193927 0.7024596958223094 
2.6370117251694873 0.49491607649225167 
3.105256711458711 0.040608037196723214 
2.6370117251694873 0.49491607649225167 
2.649463411533244 0.3166024003887718 
2.6370117251694873 0.49491607649225167 
3.1040062051668444 0.05383895421722228 
2.5842960096395453 0.9285885503097264 
3.105256898568343 0.03373194470133996 
3.105256711458711 0.040608037196723214 
3.1052567152142485 0.03573075635704495 
3.0319913786870276 0.1488571474581784 
2.6370117251694873 0.49491607649225167 
3.105256711458711 0.040608037196723214 
3.0319913786870276 0.1488571474581784 
2.6370117251694873 0.49491607649225167 
3.105257217715485 0.02782161091984158 
2.649463411533244 0.3166024003887718 
2.699351160251841 0.2621893797230966 
3.105256715149752 0.040467660927284085 
2.632025323439405 0.5820488969560971 
2.6370117251694873 0.49491607649225167 
2.702633898022892 0.2450670045373439 
2.649379542494135 0.32500485866295803 
3.0319913786870276 0.1488571474581784 
2.6370117251694873 0.49491607649225167 
2.649463411533244 0.3166024003887718 
2.702633898022892 0.2450670045373439 
3.1052567090266066 0.04589147890527646 
3.0319913786870276 0.1488571474581784 
2.649463411533244 0.3166024003887718 
2.632025323439405 0.5820488969560971 
2.6370117251694873 0.49491607649225167 
3.1052567134899793 0.04048381928408468 
2.6370117251694873 0.49491607649225167 
3.104022689412735 0.04969932036002374 
-3.141592653589793 1.0084437416673715 
3.0995986410324203 0.06868989280221957 
3.0319913786870276 0.1488571474581784 
2.649463411533244 0.3166024003887718 
2.632025323439405 0.5820488969560971 
2.6370117251694873 0.49491607649225167 
2.699351160251841 0.2621893797230966 
2.702633898022892 0.2450670045373439 
