2.6370117251694873 -4.3916859740536704 2.4180668193788413 
2.649463411533244 -4.406267028892381 2.3633443324922463 
2.649463411533244 -4.406267028892381 2.3633443324922463 
2.6496765274669105 -4.4068066399239285 2.361315004793994 
2.6370117251694873 -4.3916859740536704 2.4180668193788413 
3.1052567152142485 -4.996698491467028 0.18163708143986773 
2.6171698321385124 -4.351369321682072 2.5170193505671428 
3.1052567134899793 -4.996696151617382 0.18163708152856453 
3.0319913786870276 -4.970156126883045 0.5466905488107688 
2.699351160251841 -4.519741725173535 2.1397898776698883 
2.6370117251694873 -4.3916859740536704 2.4180668193788413 
2.649463411533244 -4.406267028892381 2.3633443324922463 
2.699351160251841 -4.519741725173535 2.1397898776698883 
3.105256711458711 -4.996696077604475 0.18163708153456326 
2.5893585145193927 -4.2981852751922185 2.616262557856736 
2.6370117251694873 -4.3916859740536704 2.4180668193788413 
3.105256711458711 -4.996696077604475 0.18163708153456326 
2.6370117251694873 -4.3916859740536704 2.4180668193788413 
2.649463411533244 -4.406267028892381 2.3633443324922463 
2.6370117251694873 -4.3916859740536704 2.4180668193788413 
3.1040062051668444 -4.996471103111298 0.18786541089003295 
2.5842960096395453 -4.22669866901412 2.5170193505671428 
3.105256898568343 -4.9966985782560185 0.18163708019983432 
3.105256711458711 -4.996696077604475 0.18163708153456326 
3.1052567152142485 -4.996698491467028 0.18163708143986773 
3.0319913786870276 -4.970156126883045 0.5466905488107688 
2.6370117251694873 -4.3916859740536704 2.4180668193788413 
3.105256711458711 -4.996696077604475 0.18163708153456326 
3.0319913786870276 -4.970156126883045 0.5466905488107688 
2.6370117251694873 -4.3916859740536704 2.4180668193788413 
3.105257217715485 -4.99669825689769 0.18163708155084715 
2.649463411533244 -4.406267028892381 2.3633443324922463 
2.699351160251841 -4.519741725173535 2.1397898776698883 
3.105256715149752 -4.996696151617382 0.18163708274182455 
2.632025323439405 -4.341666892942759 2.441835970393927 
2.6370117251694873 -4.3916859740536704 2.4180668193788413 
2.702633898022892 -4.526501827404772 2.1250111840261017 
2.649379542494135 -4.406642760319393 2.361315004793994 
3.0319913786870276 -4.970156126883045 0.5466905488107688 
2.6370117251694873 -4.3916859740536704 2.4180668193788413 
2.649463411533244 -4.406267028892381 2.3633443324922463 
2.702633898022892 -4.526501827404772 2.1250111840261017 
3.1052567090266066 -4.996691003418639 0.18163708151955296 
3.0319913786870276 -4.970156126883045 0.5466905488107688 
2.649463411533244 -4.406267028892381 2.3633443324922463 
2.632025323439405 -4.341666892942759 2.441835970393927 
2.6370117251694873 -4.3916859740536704 2.4180668193788413 
3.1052567134899793 -4.996696151617382 0.18163708152856453 
2.6370117251694873 -4.3916859740536704 2.4180668193788413 
3.104022689412735 -4.996471103111298 0.18783143859285006 
-3.141592653589793 -4.999999999959396 5.314476511543437E-7 
3.0995986410324203 -4.9955950226819565 0.20997606738498464 
3.0319913786870276 -4.970156126883045 0.5466905488107688 
2.649463411533244 -4.406267028892381 2.3633443324922463 
2.632025323439405 -4.341666892942759 2.441835970393927 
2.6370117251694873 -4.3916859740536704 2.4180668193788413 
2.699351160251841 -4.519741725173535 2.1397898776698883 
2.702633898022892 -4.526501827404772 2.1250111840261017 
