0.43511249508915806 0.3692795709647335 0.6588701766008886 0.03012323035086084 0.4813619012125432 0.8765986957038023 0.3424306103288792 0.7037030435408065 0.4477429342389133 0.8521672875039875 0.49140692059419433 0.08228862833534378 0.3436313469856326 0.16723273083209989 0.04614295848104655 0.009851925900065894 0.6759131417905305 0.38991146340609684 0.29855579082588835 0.40664811366415543 0.954651931321039 0.01002899555911041 0.40452052138534156 0.26244826858451564 0.26585660746222683 0.28282165835734807 0.6693670069571331 0.31629832885436526 0.16879127562022778 0.14598890630701533 
0.012851752059128696 0.7030518912001213 0.7972683372201884 0.8030024928651536 0.6739567055058785 0.42130508469575767 0.8646763999029585 0.6271288634007312 0.3214411216033345 0.3434087735308885 0.997849054696219 0.4456011111251704 0.877906316877272 0.6791649099286551 0.9477443995993492 0.6190520857886695 0.8903537782211223 0.8609917244274635 0.3440266802237375 0.9413638169859105 0.146312358928246 0.8985896927066691 0.3489992648415413 0.8718973968573596 0.8980896154404241 0.362788486039169 0.1327644289766845 0.5090368013657713 0.17220120340609835 0.7476318378009309 
0.8102914719940029 0.7377030849905349 0.3204666740324412 0.6841020372280644 0.15933215084762364 0.3853206517264135 0.13352266963929726 0.130224126075413 0.17686344016066757 0.33489033522434886 0.00949804266365284 0.7555075839439068 0.8817034980215696 0.20437545704111626 0.020077577508419653 0.12720521223648296 0.5398668663763573 0.2427047617475514 0.5765607846984535 0.04172898835450023 0.09772040220912648 0.5528336081666757 0.958904979995406 0.18145793371517926 0.991027902126138 0.17027171648459394 0.8701364727629128 0.2893598273994752 0.4261924142994171 0.05099059778086512 
0.6423200027991397 0.6878654899618627 0.6863398826241073 0.39994103198451936 0.0365878030098471 0.8926192008008736 0.13751137662504564 0.054418996492869076 0.9963831309172945 0.31973718584656163 0.5976486966050192 0.3275019935375304 0.5237859608975337 0.4720567973655373 0.644553466916723 2.419717488454376E-4 0.7302234935271085 0.10966858936090429 0.6166317109946824 0.6874871304324002 0.7344145421745775 0.5133410934079066 0.2540933666409467 0.693152655460883 0.28594811643427875 0.1267009949980964 0.5498770622527664 0.530729997761333 0.1678964594222515 0.18960413665574227 
0.24664220281449467 0.21284634584510964 0.29864457927423693 0.12163640068216341 0.06212605555701678 0.028811019461497778 0.691061856554777 0.19600055138445494 0.5315275828713856 0.4360736295904196 0.8411751416963881 0.798439122065588 0.5204152150175724 0.10408926198261037 0.9649097536916659 0.41485670685555553 0.8748516034506443 0.7971076978421562 0.572449711883737 0.8411056247567888 0.49123253437918957 0.1484284931494423 0.3248157186548193 0.31486250106602 0.006705874177259652 0.30292885043056605 0.1413895093720634 0.6783493473422887 0.16097344928937052 0.6445999797676043 
0.07270067695945315 0.5737904546905788 0.24560268228033155 0.6622874293734559 0.20009084420488132 0.8629256314565532 0.5688750680338366 0.1256507343729404 0.15974497862398307 0.5682044273281087 0.06562214946560774 0.39080392470845726 0.30554079322711025 0.11236733455563186 0.2883969960341414 0.35206712287279596 0.6016957910506447 0.877793789852158 0.5941925617960102 0.7580589975343388 0.5464412154551956 0.36752264929493017 0.8265328500963434 0.37239140253388703 0.13546672874856913 0.5256636274444203 0.755422114195104 0.24841580838159383 0.030873058893027383 0.37859458869165474 
0.024756574360034755 0.8753879440534296 0.5391629564127177 0.925437831162156 0.2856349787974555 0.6951878674297509 0.6287341830033265 0.5865071747492986 0.006878325996304002 0.6231653076602128 0.6532069821389237 0.9692883229528836 0.23100576322530741 0.4948813489817001 0.05794661096278131 0.9345942937534183 0.32685103528396897 0.007376192713679952 0.682602455936139 0.5414244605123044 0.8672359960302347 0.24699292589016497 0.38603406731388024 0.0577989411555232 0.5402859139512837 0.7779010380144029 0.747777380680873 0.5135482685839846 0.711736445487531 0.6637376361971155 
0.013700878338884781 0.275695391340693 0.7941933509987193 0.48165637075690226 0.525336019501917 0.29259425427259256 0.9383964265922098 0.3876951055633424 0.9715229140809832 0.6439006251727957 0.9326143806181991 0.015220600219368996 0.7314497770663877 0.19877827729024722 0.16935012551392326 0.8614225895983508 0.7894698878844073 0.6124005142580621 0.06596898373679894 0.4992551954099481 0.2982065020350102 0.8584429899241587 0.9867128927871475 0.5916296327555454 0.25923228881615323 0.8235086848531911 0.14622989004233744 0.5716353574161095 0.23691454330939 0.9221993226343546 
0.2285768672631917 0.3703786132198139 0.7835404269397022 0.6114748068977006 0.19935095148323223 0.9639494752539333 0.634945364082074 0.9122273375556657 0.5377607729637656 0.09232660260605541 0.8974645900990973 0.13015745554171043 0.2805568068199018 0.20030301181968369 0.03451677769429906 0.10291983470789434 0.056350912319723445 0.06601303356414379 0.19416416648096135 0.09966356347378347 0.9087575748107091 0.7587255857471541 0.48665733113594933 0.4752661771623543 0.0068421142009794655 0.830107261603395 0.022939975489244757 0.8661737892312787 0.6988916079164285 0.03419782103039215 
0.42321005719941107 0.227486469387416 0.3922451048708584 0.6132909491751134 0.9069530808660148 0.20647133931023232 0.6271004455133713 0.9573021452088106 0.15543627372403623 0.9358315432745632 0.9296587919269236 0.16888482458731002 0.5103682935831546 0.7069380667827841 0.12336373596887407 0.10633663546289962 0.5014187981356973 0.9257603079807295 0.03695253353235506 0.1564814625150731 0.2605188893028749 0.13970326024512036 0.23587340141046742 0.05600133724283263 0.743169544048383 0.40223183414262387 0.24926173390596207 0.6992840643872189 0.1494557355369207 0.5186041423513188 
0.012485097238405629 0.2130866775338699 0.9136258006185426 0.5451580716714107 0.961945318361451 0.9272838561241878 0.8507389075233084 0.4237462074399473 0.6410305436001653 0.620618409742069 0.7968999591296881 0.5830247197920189 0.6929145803805037 0.5612966881010725 0.044776335027540304 0.1790936767528576 0.513336672363076 0.7688923895982956 0.8660974192434135 0.2512039283671905 0.5811350068152908 0.8540668776098599 0.5516696690831518 0.8009086123694327 0.8273448521825355 0.20737313076854247 0.8151457939562917 0.7211752224852316 0.8421813114815118 0.9911316404565422 
0.21285426957374698 0.7052454871981096 0.7352928114182433 0.25452046037960663 0.34091776625476855 0.6642325383062867 0.4405971892644759 0.27502171283466925 0.7298457296534098 0.016990747076132018 0.88528594774161 0.08994061064934389 0.5755570312588913 0.5076705958130823 0.5942953555912853 0.42853803458763084 0.7025967142713386 0.9089716542418318 0.7708834187545183 0.3281337977131572 0.36545518098934493 0.6849160167617504 0.5234631073535758 0.2138403000277812 0.687387531403467 0.5173327115844022 0.05471441561747681 0.36957793533359995 0.21218181867064556 0.012962512916923186 
0.027450704993165487 0.5891197438647148 0.061872691165561045 0.33495234049055667 0.75441675271525 0.005872595291923077 0.8317982267208497 0.0017813600567806454 0.932458690086882 0.6283216641834812 0.622245860941066 0.8354803635375826 0.608790165886531 0.1035232978396502 0.32923423806676366 0.2743607475668294 0.9520978567517147 0.7337410005553064 0.7662761843531027 0.37660025333952185 0.27584895504936136 0.7140155363648748 0.006836500770578402 0.7631486650108399 0.13627285247641396 0.1626945426496027 0.6924642139846615 0.662156878703746 0.21693927464348617 0.033248828765584326 
