1.0 1.0 
0.3899001979390141 8.95921646403623 
1.0 1.0 
0.4347825051869348 7.110319241590371 
0.6525987931993402 1.7386095448350138 
0.4168684033008373 7.8239260344151385 
0.6307205941497951 2.1275835968198584 
0.41064243512017207 8.07946404329621 
0.40029480860264566 8.488795140458842 
0.5663461651005174 3.3612643810577256 
0.925925845340255 1.0812920912767878 
0.45037577095712905 6.546783371529225 
0.6397511302763307 1.9909517003318247 
0.664364538916059 1.5854860555470587 
0.47888509337397495 5.629165662628363 
0.4264771040419657 7.423587564285565 
0.4080642315591641 8.329323643859706 
0.44593211718281933 6.74402301978908 
0.48690853828340885 5.405137193760523 
0.516987629789939 4.624164855709832 
0.491779680051368 5.265996013665619 
0.6042946547564008 2.585453831469741 
0.39663104755838885 8.73362781402484 
0.5566847692783508 3.582645947386744 
0.7197058264688707 1.389460309284932 
0.5874265770936922 2.956918427445617 
0.7725124539528828 1.2944775128000618 
0.7097778500575762 1.4088953045780253 
0.560594212785937 3.48730830573657 
0.9101198571464315 1.0987563804347518 
0.466107845029152 6.037603464696211 
0.4128999090947637 7.954191871320542 
0.6218953762680369 2.284725487060175 
0.522558726985955 4.435654105159527 
0.5508671134243955 3.7260334693819797 
0.61482921651236 2.478426441096915 
0.9404031146939523 1.063373767422033 
0.44206839210335175 6.838709179495624 
0.677844136028534 1.4921859160516682 
0.878146123241493 1.1387626427274686 
0.5474562441546484 3.787564753065201 
0.3965525447147914 8.806160652500605 
0.8875063141210959 1.1267525470964819 
0.4594432896651699 6.260386426207427 
0.7558558394788297 1.3230036240640768 
0.5376622510253327 4.051328008856125 
0.42217165098986836 7.597582476527797 
0.7340350640463194 1.3623363912987434 
0.5099807158138002 4.763944024739086 
0.601777474609322 2.7884234516859063 
0.6866685063745708 1.456981017404126 
0.800037419298507 1.2499415537054654 
0.6672396881186154 1.515901243692477 
0.8096518686470823 1.2351127847119971 
0.5286235128269209 4.292274127286792 
0.4740075473384834 5.8460502151630935 
0.518886628371048 4.492125653621582 
0.4044883646800449 8.402958771948253 
0.6503120610440216 1.9004831461071812 
0.8662958277110168 1.1543424519921515 
0.5080851130870616 4.781717710782468 
0.7388099028469456 1.3535319990238162 
0.4594432896651699 6.260386426207427 
0.9520122178857516 1.0504425335084824 
0.758721553529327 1.3190347479590274 
0.42217165098986836 7.597582476527797 
0.5781550714388421 3.11330529409587 
0.8510783754752667 1.17506516787173 
0.7827789072595929 1.2774999313734832 
0.5040959890215436 4.944152048556618 
0.8198304041833239 1.2213136035017393 
0.43047283752079296 7.29864045258115 
0.39016688964014584 8.951824134331476 
0.6027728944185241 2.7469900724588947 
0.5342526655285449 4.1037020040571965 
0.5950830903963458 2.918873849066621 
0.6245077952497802 2.266640636577592 
0.6460579063542613 1.912997425724075 
0.6963748941590763 1.436295208091031 
0.49540438603721787 5.131795656854302 
0.49540438603721787 5.131795656854302 
0.5744076965711692 3.2350208904530504 
0.8601510851240617 1.1625864540585467 
0.5286235128269209 4.292274127286792 
0.4741915066344272 5.843782280654382 
0.4539006195295875 6.423279190465955 
0.611960644693778 2.4900440905405596 
0.8992520654949064 1.1120352550424695 
0.5781550714388421 3.11330529409587 
0.5422459810524594 3.9165575964366264 
0.5025689336035142 4.950987444018925 
0.8433422359532861 1.1857865082895547 
0.9660192928822497 1.036455318758012 
0.4539006195295875 6.423279190465955 
0.9787758746310622 1.021684583219838 
0.8262120191992027 1.210343079949568 
0.9854241132860306 1.0148221141781155 
0.482661724280644 5.546843896771311 
0.44206839210335175 6.838709179495624 
0.5422459810524594 3.9165575964366264 
