1.0 0.0 
0.3899001979390141 2.4932002727061997 
1.0 0.0 
0.4347825051869348 2.091442412537528 
0.6525987931993402 0.1346144908041841 
0.4168684033008373 2.2615475535104905 
0.6307205941497951 0.34191079028957927 
0.41064243512017207 2.317770789205027 
0.40029480860264566 2.3980206260170407 
0.5663461651005174 0.903639192101007 
0.925925845340255 0.0011962936751920283 
0.45037577095712905 1.9485126082417872 
0.6397511302763307 0.2737136006128674 
0.664364538916059 0.05334071225136272 
0.47888509337397495 1.6957235239653576 
0.4264771040419657 2.1659901260184578 
0.4080642315591641 2.3988990521391873 
0.44593211718281933 2.0073764635442153 
0.48690853828340885 1.6318074502352227 
0.516987629789939 1.3906360285113608 
0.491779680051368 1.5897098347522576 
0.6042946547564008 0.5623759304766205 
0.39663104755838885 2.4640279488617542 
0.5566847692783508 0.9944044326270077 
0.7197058264688707 2.680239604719361E-6 
0.5874265770936922 0.7369724705796419 
0.7725124539528828 0.0 
0.7097778500575762 2.680239604719361E-6 
0.560594212785937 0.9549648543962521 
0.9101198571464315 6.412854359954907E-15 
0.466107845029152 1.8141743400700925 
0.4128999090947637 2.28428510059056 
0.6218953762680369 0.4208602164444615 
0.522558726985955 1.3178897625421875 
0.5508671134243955 1.0525493018011371 
0.61482921651236 0.5238089869631328 
0.9404031146939523 2.96752218200551E-9 
0.44206839210335175 2.0231771710420627 
0.677844136028534 0.011469473059989521 
0.878146123241493 3.363958407011554E-12 
0.5474562441546484 1.0735259742056031 
0.3965525447147914 2.4921054159163827 
0.8875063141210959 1.55218979490974E-13 
0.4594432896651699 1.8762925342319168 
0.7558558394788297 1.490048676456489E-8 
0.5376622510253327 1.1782461368835633 
0.42217165098986836 2.207483937647433 
0.7340350640463194 2.680239604719361E-6 
0.5099807158138002 1.4295195838333155 
0.601777474609322 0.6780104228969535 
0.6866685063745708 4.629790369936977E-4 
0.800037419298507 1.490048676456489E-8 
0.6672396881186154 0.011469473059989521 
0.8096518686470823 1.1374131969936474E-5 
0.5286235128269209 1.2689970271824498 
0.4740075473384834 1.7710719241070711 
0.518886628371048 1.3309039346267935 
0.4044883646800449 2.3988990521391873 
0.6503120610440216 0.2359071117243873 
0.8662958277110168 2.049910505487277E-6 
0.5080851130870616 1.4295195838333155 
0.7388099028469456 2.8446990177784785E-6 
0.4594432896651699 1.8762925342319168 
0.9520122178857516 3.412608693840868E-5 
0.758721553529327 7.800931306376491E-4 
0.42217165098986836 2.207483937647433 
0.5781550714388421 0.7999732447189232 
0.8510783754752667 7.255414984365583E-5 
0.7827789072595929 3.0473993396186697E-10 
0.5040959890215436 1.4923272167900392 
0.8198304041833239 0.0012700251934227831 
0.43047283752079296 2.141866465666652 
0.39016688964014584 2.492705379097703 
0.6027728944185241 0.655811156914999 
0.5342526655285449 1.1924137342023888 
0.5950830903963458 0.7369724705796419 
0.6245077952497802 0.4155347465726303 
0.6460579063542613 0.2359071117243873 
0.6963748941590763 1.9992351558006938E-4 
0.49540438603721787 1.5423140766523669 
0.49540438603721787 1.5423140766523669 
0.5744076965711692 0.8582208980447494 
0.8601510851240617 8.993996524550012E-12 
0.5286235128269209 1.2689970271824498 
0.4741915066344272 1.7710719241070711 
0.4539006195295875 1.9155304039640038 
0.611960644693778 0.5238089869631328 
0.8992520654949064 9.578580784228001E-14 
0.5781550714388421 0.7999732447189232 
0.5422459810524594 1.1237376162282406 
0.5025689336035142 1.4882124800249796 
0.8433422359532861 2.3845264152682407E-5 
0.9660192928822497 0.0012358341306613063 
0.4539006195295875 1.9155304039640038 
0.9787758746310622 2.2153806911873395E-7 
0.8262120191992027 8.914615083518216E-12 
0.9854241132860306 3.0182007024378553E-5 
0.482661724280644 1.677249239531208 
0.44206839210335175 2.0231771710420627 
0.5422459810524594 1.1237376162282406 
