0.8496847890199689 -0.7713757179754092 
0.04736190178115382 0.7353332621049916 
0.43855056683314625 -0.07263138390479537 
0.4223324033810327 0.07762861234714402 
0.07671962537008532 0.6718731647363203 
0.43405846647494567 -0.0395205288850412 
0.4406083839967756 -0.08527662159815713 
0.07846079916372556 0.670837608203522 
0.028145702821039842 0.8105367672668884 
0.20977204178125058 0.47868823036578134 
0.449732408707343 -0.12024133198487581 
0.4517075209097639 -0.12307745374995892 
0.8417522933151597 -0.7310680463718013 
0.431906029525014 -0.021121159968775838 
0.45233212587729654 -0.12361538578888873 
0.23543416144421767 0.30363481980788143 
0.0748994626240182 0.6732714507441436 
0.05702033678107135 0.7056628393877727 
0.4526678225145371 -0.12381301765371702 
0.052402789123932814 0.7189292269174541 
0.037238516328190474 0.7728479363918224 
0.8324374585366409 -0.6212294505609375 
0.24703085224388865 0.25710310519167 
0.25445443255040234 0.24366011164513948 
0.42655848875125835 0.03094816062639386 
0.019948602149724992 0.8471902257444496 
0.23013168764918096 0.33361765024727086 
0.07197788533469156 0.6763372460327324 
0.6371006908486732 -0.3836009990516292 
0.04970101413541719 0.7274938153087444 
0.6409417232148054 -0.4156749540208334 
0.067560708046835 0.6826556960489799 
0.06220669851264027 0.6930080730017305 
0.8486856518189122 -0.7691444585990306 
0.8379187887596472 -0.6936057685151751 
0.4485382150047999 -0.1177193066034831 
0.8465514889206589 -0.7616094150462912 
0.839840822996884 -0.7137833082635624 
0.25623469255160364 0.2425311366704962 
0.0025475452078772137 0.9494502943585227 
0.8515217418930467 -0.7732514772091817 
0.6299555273240477 -0.3027679630396119 
0.011866728034838181 0.8868840359334615 
0.8448591730078618 -0.7529847872114569 
0.6313778677267851 -0.3209091901781706 
0.23271769724600633 0.31841462956551175 
0.2444692369233661 0.2648595702087995 
0.4535983827521846 -0.12412827346489375 
0.4296079713583405 1.7461667640716994E-4 
0.8434691304896009 -0.7441261259601354 
0.024525243929028773 0.8264316809055827 
0.2416684641984132 0.27505078550176687 
0.2174121884838658 0.4207338180983175 
0.22378530627873927 0.3749450830439229 
0.633626818445073 -0.347535635225787 
0.22789908950864154 0.3475750709678042 
0.4455350136049778 -0.10852880280021665 
0.45106208501369327 -0.12234287971569327 
0.4365576911432622 -0.058865264099076296 
0.2141196609104949 0.445485213214759 
0.033632762622040444 0.7874327670412531 
0.23844307458847558 0.28890201145971967 
0.014424885819534342 0.8736727571518408 
0.6469637387012136 -0.44828634032716824 
0.6501950545979381 -0.45643360097245567 
0.20645540966404305 0.5041799060144798 
0.6463619049945051 -0.4460208322138484 
0.25731939489653394 0.2422584812497697 
0.8363671543124087 -0.6753049048557334 
0.651417890143603 -0.45779783365633325 
0.006154748829747703 0.9204871317128962 
0.6488661737569787 -0.45389879475033945 
0.6443803092436791 -0.4370112112253503 
0.2490603158410471 0.2520865437175012 
0.009254238329817921 0.9012922703553616 
0.8478098893420865 -0.7665013304585632 
0.42152227257865704 0.08705964067687913 
0.2509165430022792 0.24836247243504456 
0.6511826549335404 -0.45759747994029215 
0.4431892630422323 -0.09872722196299707 
0.6494808725508034 -0.45524460071339373 
0.6521969395598581 -0.4581403743879435 
0.2524398451918938 0.24594013147254143 
0.2212730645340057 0.3925755755407017 
0.8510511142860344 -0.7730455973460396 
0.2033425453603095 0.5278413777206279 
0.06452959476201228 0.6881896201981057 
0.6434664755192495 -0.4320412539232879 
0.08038889895588398 0.6701035315673686 
0.4470984239402993 -0.11382231414740752 
0.8503565231179859 -0.7723753343892978 
0.6390228972145273 -0.4006685828086749 
0.06957766817074348 0.6794846816484216 
0.8496847890199689 -0.7713757179754092 
0.041363854285904555 0.7568620664769379 
