-14.434703720845306 -11.627199041792878 
-19.999496318247452 0.0015565303521961067 
-14.434703720845306 -11.627199041792878 
-19.0818431234064 7.924479799713243E-4 
-17.941522004124685 -3.875423942823177 
-17.044174596558413 -3.8783477155217994 
-15.643277602124648 -7.752040772852757 
-15.566780898747806 -7.9558595963115195 
-15.093061914791178 -9.76932431248547 
-15.988406878906693 -7.663887624310864 
-18.68620351319767 -0.9545756931545444 
-15.489480486953422 -8.148403460577878 
-16.28817254822592 -6.743277126251314 
-15.884638981505333 -7.751338881161309 
-18.877499929808337 -0.38555876924958754 
-18.75164482155465 -0.7361778809722713 
-16.226570877957435 -7.018303051976989 
-16.74521828295636 -4.615334930219036 
-16.071098145325365 -7.498437507002193 
-14.684796582231249 -11.286117511143154 
-14.603626299409187 -11.383067900230298 
-18.25215554072352 -2.8971088273296144 
-15.151206372577771 -9.483178064228778 
-16.61531814829571 -5.26800134037919 
-17.986040206861 -3.767038371193114 
-15.21401630565957 -9.287997755007215 
-16.465596337911588 -5.978275964931855 
-14.95863621803639 -10.352524581663506 
-18.20093086111443 -3.0003162754004116 
-18.789485777692015 -0.6007313574236868 
-18.059816343992274 -3.6810493135119806 
-14.866101774874178 -10.680649426282505 
-19.003751856023083 -0.12072896244416874 
-18.47677791625027 -1.8137464815639712 
-18.19009564702002 -3.194013022069219 
-16.57498507703192 -5.463043909512411 
-15.060978228443663 -9.962600929781006 
-18.1599191418684 -3.325346325305417 
-14.752389530615595 -10.985344536006838 
-18.83700843212877 -0.4887148638907821 
-14.917286805910761 -10.48843708924597 
-18.96737687646531 -0.18970986540656826 
-15.014736360005847 -10.153376249228442 
-18.11289060671691 -3.4346017295475386 
-16.6969973006299 -4.871097872391101 
-15.243321514166613 -9.175915387696019 
-16.864586433203847 -4.261658527486784 
-16.39576001163828 -6.301896376035336 
-16.995988191224747 -3.8992503933111133 
-15.445861582763573 -8.315778886620222 
-18.09591699717179 -3.5731452057872852 
-18.291657400300714 -2.711922464307011 
-16.128183890790396 -7.2750912479040615 
-15.436291303087962 -8.404565080485007 
-16.091512272416445 -7.360625064631084 
-18.565526241440317 -1.421794251906474 
-18.63689487147614 -1.136075943277783 
-18.440924158317504 -1.981951018250805 
-18.3743928744235 -2.3037695243806713 
-15.173249144140712 -9.46685327728277 
-18.52224329554506 -1.6080648455449396 
-14.520262597937297 -11.509416868950746 
-16.94969644899742 -4.051262531323906 
-18.597553149958884 -1.2234598555611909 
-15.32096567915214 -8.859742256338583 
-16.159534687670416 -7.151728695245311 
-14.560329747231531 -11.505654814766125 
-16.636102060373446 -5.144565398899765 
-14.453247372805944 -11.596286755109732 
-15.349950752431862 -8.74110690918556 
-15.397152891848286 -8.562948910473938 
-16.556573413798596 -5.551100094407902 
-16.358354494948422 -6.44307546882306 
-15.259519060431941 -9.006303402911549 
-16.428107721455618 -6.147235122943412 
-18.33681570709063 -2.488382010373829 
-15.388915859597608 -8.593378953499965 
-18.52501090717172 -1.5964205644166753 
-15.27014115671124 -8.949472468359211 
-16.186568463800697 -7.09353554615223 
-18.57741742952649 -1.3720692517181277 
-16.77994076620265 -4.522050733819043 
-18.359568386054363 -2.375868526745827 
-18.39596970865712 -2.1253404723254103 
-16.665201117012327 -4.959345177554099 
-16.654878569555137 -5.050649526631728 
-18.459788402753183 -1.8926759811923857 
-16.487339781303795 -5.8350076362073295 
-16.31464416573537 -6.596402424458645 
-18.41178572258282 -2.121553731225904 
-16.829725465943703 -4.361317035337155 
-18.31991556212007 -2.571696792427812 
-14.794856307620858 -10.882704290151587 
-14.72067337029727 -11.145402027625238 
-14.725918530329032 -11.138989289501879 
-16.42667146584128 -6.176938258727693 
-15.03434100516759 -10.051160956584129 
-16.365003128704743 -6.418544972168735 
-15.884638981505333 -7.751338881161309 
-16.534233838064896 -5.665546199282414 
