-1.1515869079605203 -1.1537014127503804 -1.1527169300716968 
1.88425020551497E-4 6.810070578327177E-6 6.292937405519955E-5 
-1.1515869079605203 -1.1537014127503804 -1.1527169300716968 
-0.48148387444551677 1.1234170493442096E-5 4.941124034877248E-5 
-1.1523580384761714 6.513391764238482E-6 3.328007504795043E-5 
-1.1067671689601972 -6.461500081363544E-5 -0.5102517564773306 
-1.1032744992939045 -0.5466112505041345 -1.0970143523607145 
-1.1021667339018402 -0.5908886717861253 -1.1076046646920772 
-1.1012541673365663 -0.918910103920581 -1.0306837788520353 
-1.1127076150499102 7.561311994297437E-4 -1.125984528074211 
-0.7041718516557423 -4.5470815106954775E-5 4.517778887457779E-5 
-1.023186904906319 -0.7441540696185598 -1.0544161637712124 
-1.0645310870827258 -6.513201121249184E-5 -0.9886869195314606 
-1.1510703448114914 7.246593971698237E-6 -1.1527271233591592 
-0.595234705183977 -6.37644684379571E-5 4.941124034877248E-5 
-0.6666480935303007 -4.520862652204706E-5 4.0111802212819044E-5 
-1.0356296814014352 -6.591037490156926E-4 -1.0552110473566871 
-0.7566672635535763 -0.02306310657286214 -1.0224456383993368 
-1.106719618199861 5.177893616956177E-6 -1.080412594935436 
-1.106881409235206 -1.0766670527922289 -1.1081312860846357 
-1.147675756308967 -1.1090848561371494 -1.0809720827948734 
-0.959882982776753 -5.50836779340992E-4 4.941124034877248E-5 
-1.0032339997322437 -0.9214564490008421 -1.0731441680058276 
-0.9245674738512991 6.589368018662444E-6 -0.9295059822792738 
-1.1067671689601972 8.961431729907424E-7 0.01416683046396594 
-1.0405157104908784 -0.8792117791068959 -1.0544665908087636 
-1.0089926588111537 1.3088587942351648E-5 -0.9358661118506173 
-1.0786608659971084 -0.9864922919041116 -1.0527395201117353 
-0.9778657504874194 -0.005546158735409645 -0.009903157064794277 
-0.6424882646940749 6.396327504174673E-6 0.0023357801655420883 
-1.0774226304897057 3.7276064410816646E-6 8.456135826857558E-4 
-1.12137176292557 -1.0046988823543217 -1.0606606875725142 
1.88425020551497E-4 -5.931354882241256E-5 -0.5244992564388387 
-0.8262020916472088 -4.520862652204706E-5 4.0111802212819044E-5 
-0.9982367484723622 6.407339741392291E-6 4.941124034877248E-5 
-0.954579029628681 5.362498044940269E-4 -0.9238442734095085 
-1.0759496988484154 -0.9254254267653212 -1.0731591129249807 
-1.016680313498835 -4.572431253128124E-5 3.925422672443156E-5 
-1.152792564299084 -1.0063768426769066 -1.1297906904152784 
-0.6181178599081859 -4.520862652204706E-5 3.624612028763751E-5 
-1.1161377432250557 -0.9864922919041116 -1.052606598778724 
-0.5449026980260925 1.1234170493442096E-5 4.964877340744716E-5 
-1.0759496988484154 -0.9482786814139608 -1.0741120982741035 
-1.0361846548169904 0.0076725763777026335 4.494205371289666E-5 
-1.0160049692368478 8.072081241658295E-6 -0.7915476012504947 
-1.0921432166603275 -0.8191875677717183 -1.073917648808119 
-1.0694735530290576 0.0010625655389651424 -0.6447069268997596 
-0.9647683338611412 -5.365658406748519E-4 -1.0224930626447137 
-0.4913795157629306 -1.0874804744753644E-4 -1.1583992153538225 
-1.1012541673365663 -0.7315674303879823 -1.0283144423233053 
-1.056021662650614 -5.779070389370163E-5 6.179034501548437E-5 
-0.9366157273214193 9.174243514238068E-6 4.919547145254606E-5 
-1.0759496988484154 -0.03780895197079648 -1.0743610440336981 
-1.0805163987128086 -0.7328714841633497 -1.0549392591097833 
-1.130326114708802 6.353569708080851E-4 -1.0444455684729974 
-0.7741155349373945 1.1234170493442096E-5 6.940003625777623E-5 
-0.7326575140801779 3.71764810303976E-7 4.517778887457779E-5 
-0.8474120872457477 9.328814608721972E-6 4.494205371289666E-5 
-0.8869776483779218 9.711499010989953E-6 4.494205371289666E-5 
-1.0449372824778427 -0.8954198415383965 -1.0577756241955203 
-0.7994352636716525 -4.6881336203180395E-5 6.303848943933619E-5 
-1.145274559222186 -1.1019735735884058 -1.1772858851554522 
-0.5820503934177661 -4.572431253128124E-5 -1.0854376794883347 
-0.7483052191853868 -1.1385276066741817E-4 0.0062250921081368205 
-1.052227958773749 -0.8055703449020073 -1.0707229685487551 
-1.1012541673365663 0.023781756200219717 -1.0306837788520353 
-1.1494811299968095 -1.1156720798713216 -1.1081312860846357 
-1.0160049692368478 8.072081241658295E-6 -0.8273457087767262 
-1.1480801435772796 -1.159998802508101 -1.1251962733755883 
-1.0514867289917822 -0.7903372373146933 -1.0707229685487551 
-1.0759496988484154 -0.744477285938717 -1.0743610440336981 
-0.9147174838298694 6.589368018662444E-6 -0.9749545951486404 
-0.9617675512909798 6.24381911663176E-4 -1.0485438458397112 
-1.0405157104908784 -0.8071937042910451 -1.1299396670009387 
-0.9890666684950573 0.008886866612675348 -0.9782441008964478 
-0.9094241619676486 -4.5470815106954775E-5 -6.447370411529319E-5 
-1.0758719379368495 -0.744477285938717 -1.0809436202675944 
-0.7978445130163324 1.1234170493442096E-5 4.941124034877248E-5 
-1.0405157104908784 -0.7989727865658911 -1.1334279855826994 
-1.10124143207417 4.397831805463115E-5 -1.0146383896334341 
-0.7671784069864193 -5.8600011044064766E-5 3.998908039568239E-5 
-1.0709807626766434 0.003667681103841247 -0.6916760085540687 
-0.8957692676709998 6.511940097821545E-6 1.0195747548364872E-4 
-0.8671514065885422 7.246593971698237E-6 -0.00589745231201666 
-0.7566672635535763 8.072081241658295E-6 -1.0724115680297555 
-0.9245739104297193 -0.008156603699554232 -0.9056621919243635 
-0.8362197827233102 6.518585429317021E-6 -7.150552143942721E-5 
-1.0159897629551213 0.01129065753645181 -0.9157747106715586 
-0.9647683338611412 7.561311994297437E-4 -1.0725029693149202 
-0.8647024503821241 6.46850591713514E-6 4.503860463200131E-5 
-1.0706562677890836 0.0031153749205578007 -0.6634750851104385 
-0.9195540818618771 -6.84307614517293E-5 6.183322697942925E-5 
-1.1484644846125969 -1.016382162686185 -1.077241713250192 
-1.12137176292557 -1.0706436377195698 -1.071118856023229 
-1.106881409235206 -1.0737499256738283 -1.0746395516183527 
-0.9900223417208456 -4.570035056328488E-5 -0.9782441008964478 
-1.1005103070402884 -0.933450605479824 -1.0580190474916575 
-0.9617675512909798 6.353569708080851E-4 -1.0444455684729974 
-1.1510703448114914 7.246593971698237E-6 -1.1527271233591592 
-0.954579029628681 1.4738588415985458E-5 -0.9484155092165762 
