-19.99843866025894 0.0035978216202552657 
-14.437537819693475 -11.627206039858894 
-19.99843866025894 0.0035978216202552657 
-19.07861989485304 -0.003331162495539888 
-17.94405093374441 -3.8742940775768404 
-17.02797830854884 -3.8795312642888713 
-15.88262937175174 -7.750833573868205 
-16.844322560846628 -4.3221850725802184 
-16.766793482592703 -4.582004011277201 
-15.622251082919215 -7.7952595945127525 
-16.22378052746602 -6.973056297088081 
-16.49720626419765 -5.772237737781573 
-15.274167246319696 -9.026457452354364 
-18.68304246537169 -0.9638999049168314 
-16.29948906397213 -6.73617598750981 
-16.162128694653383 -7.246722837569968 
-18.14832669106729 -3.3514466525309996 
-16.41776094076652 -6.19588461044734 
-16.02635250264626 -7.589992994812505 
-18.305674081311956 -2.6409188780282293 
-15.074945545744544 -9.748211159720238 
-15.942543341550316 -7.6509183657739435 
-16.4373840949157 -6.094312927349769 
-16.35784973061851 -6.4423748818920314 
-15.511378732627584 -8.054311549643 
-15.331828204322136 -8.75987808792647 
-18.48810757397785 -1.7044448963807133 
-18.1861723539956 -3.2026655841453047 
-15.168637654529418 -9.494088919517603 
-16.086623285304878 -7.45248569420052 
-14.819168208957365 -10.81684452587539 
-18.5277819593544 -1.5750035423974074 
-18.10382829848308 -3.534828381455198 
-16.57980389274242 -5.433439092471955 
-16.960119837982077 -4.014757596707822 
-16.343767378474688 -6.497807383086351 
-18.718596082976294 -0.8361474099884731 
-18.403015339141177 -2.15399381392116 
-15.004297526697538 -10.18697934325773 
-16.268074872455756 -6.85647578563043 
-18.743238639285316 -0.6769043412294354 
-18.422667279167932 -2.0593174864947845 
-14.960917338483508 -10.296278040353704 
-15.05485509017651 -9.981096698668544 
-14.490861752158366 -11.531971199209403 
-14.890517560460516 -10.63761856095876 
-15.200088856739852 -9.330094373851521 
-18.865474278017466 -0.38665348185769655 
-18.075693499694292 -3.6222956296987534 
-16.549859937461612 -5.585633285323539 
-15.419570256567717 -8.472235797433182 
-18.628496889178173 -1.1661912106826668 
-16.65884805287137 -5.0195249434028755 
-16.729028763924937 -4.725313860446201 
-18.9922376435567 -0.13739200122990128 
-14.601390699906887 -11.3873959556883 
-14.939112575472578 -10.435757735515708 
-14.836899031385885 -10.737830715906775 
-18.27191287802153 -2.6641112268948444 
-16.697814166556167 -4.8646670461756285 
-16.59886901941882 -5.2663074872469124 
-18.220670116853277 -3.0538970306537 
-19.036785071600658 -0.06619430979419033 
-18.56136200019226 -1.4307320230596705 
-18.79268290948806 -0.6021146923632078 
-14.773612337378793 -11.032437542559519 
-18.364801385696076 -2.348219244192379 
-14.718152020714392 -11.183914429160978 
-14.89116950782811 -10.47978306480997 
-15.46078074432417 -8.283082506809325 
-16.528598919177917 -5.689381628333556 
-15.52918758217831 -7.9022963336102885 
-18.034462805893043 -3.7541975422460463 
-18.36022973731546 -2.3711539064221916 
-15.227642261344634 -9.247966361360692 
-17.009316803179257 -3.905599668651391 
-16.90046192946756 -4.164488969860012 
-16.90363240198849 -4.102057577192088 
-14.666432008421214 -11.321105588977126 
-18.257600605388532 -2.868134094478585 
-14.719735250542168 -11.127555033307173 
-18.909290884272536 -0.3101724245357486 
-18.60069129051325 -1.2756241231162044 
-18.224942298732877 -2.9670580252603975 
-16.121255276000927 -7.359508245021773 
-16.618743242778887 -5.046742996452991 
-18.46030934415984 -1.887469740037263 
-15.130304589650745 -9.620917388753805 
-15.018841366884262 -10.012187832091106 
-18.951620967123667 -0.21963439874479165 
-14.538498552042446 -11.464454821073971 
-15.126126746400516 -9.656739964421075 
-18.46066252863517 -1.8863233566327375 
-18.57846643179284 -1.3663464023532803 
-18.82530976300901 -0.5040264630893831 
-14.56795047264654 -11.44471393646977 
-14.773156066745628 -11.033917312918916 
-15.315088099168635 -8.879169502749429 
-16.711902530642455 -4.806721690558986 
-17.996177627287633 -3.8115424997379397 
