-7.382508526483367E-4 -2.6133484695007128E-5 -3.289369013200188E-5 
-1.1525538256057122 -1.1514808019269156 -1.15341495002376 
-7.382508526483367E-4 -2.6133484695007128E-5 -3.289369013200188E-5 
1.0696396585133165E-4 2.559459077364909E-6 -0.48319667874614347 
-1.1505633708100995 -2.6133484695007128E-5 1.931978871329739E-4 
-0.5437151551530919 -1.3804122010505844E-5 -1.0793692493273546 
-1.152544297612365 1.1133463548515868E-4 -1.1525182304189048 
-1.0574005360953223 -5.764698678325657E-5 -0.6673891134052108 
-0.7373477065028247 -6.056809175362596E-4 -1.030260358110139 
-1.0917580726093141 -0.5956201119139655 -1.0724069779486143 
-1.0064784793651618 -0.0016032301035485213 -1.0863800081469706 
-0.8953092994787286 -0.008574242983182545 -1.0309459967995225 
-1.0293930047431783 -0.8447201645693428 -1.0711194118259613 
-0.7058311079153075 -7.18958195749468E-5 1.9046039286093827E-4 
-1.0172089430341964 -1.7396359285867336E-4 -1.0287828451520793 
-1.0595023554708354 -1.0485228081258315E-4 -1.0711194118259613 
-7.238592744976994E-4 -0.0016032301035485213 -1.0217032831278512 
-0.9912975502240167 -0.008574242983182545 -0.9823173863600281 
-1.122300786771114 -4.8791612089141116E-4 -1.092721492574062 
-0.9280201917100537 -2.5781178498737265E-5 -1.7313607160998005E-4 
-1.0878088156573447 -0.8674979218499244 -1.144002109925112 
-1.1657568188075311 -4.8791612089141116E-4 -1.101857681950737 
-0.9805489043303436 0.01365942859442624 -0.9810010268014837 
-0.9805489043303436 0.01365942859442624 -1.0296296372409781 
-1.0364909707572902 -0.7406556972257222 -1.0287828451520793 
-1.105388832304636 -0.736791549620744 -1.106756592974112 
-0.0048515519525486606 -3.822587247194489E-5 -0.8138852409151418 
-7.239589128592946E-4 -2.6133484695007128E-5 -0.9998085001083904 
-1.092115348907926 -0.8655824662678139 -1.063862583655122 
-1.1063847477067361 -1.0485228081258315E-4 -1.0711194118259613 
-1.0598114276158381 -1.0538771273990244 -1.0723163580890984 
-0.7953634960839113 2.641167384255193E-6 -7.80822097874508E-4 
-7.36971990520861E-4 -5.081637944535653E-4 -1.050138019612593 
-0.8952658800935953 1.1043545432761464E-4 -0.980567438830646 
-1.0866198626962589 -0.004753678658683147 -0.5751022079450563 
-0.9805489043303436 0.01365942859442624 -1.0382892696860284 
-7.382508526483367E-4 -2.6133484695007128E-5 -0.6847871876806336 
-0.8690433500636692 2.641167384255193E-6 -7.80822097874508E-4 
-1.0605877486470838 -0.959797197072469 -1.0782650867888628 
-1.0364909707572902 0.002486147358252533 -1.0287828451520793 
0.009738661571010554 2.340390836336708E-4 -0.6604035458625092 
-7.382508526483367E-4 -6.164017556708923E-5 -0.8574132650546861 
-1.0879920500258622 -0.9929470893051503 -1.0290863772721166 
-1.0918743101450608 -0.9204561567567884 -1.071071388540475 
-1.1525538256057122 -1.1514808019269156 -1.1008015870090608 
-1.092112643677366 -0.9985772598847786 -1.079125695605724 
-1.1097863287340946 -0.8324774568673297 -1.0716994092681624 
-0.0032544859125501757 -6.971411705569688E-4 -0.5983512809217855 
-7.238592744976994E-4 -0.0015099880374876092 -1.0665578963909073 
-0.9593229892745037 -6.903451997980735E-4 -0.9342542768436957 
-1.0595023554708354 -0.7458819014675747 -1.0711194118259613 
-0.7373477065028247 -2.6133484695007128E-5 1.9340311723159073E-4 
-0.7875362651312461 -4.8791612089141116E-4 -1.0436506767368958 
-0.7675958267818721 0.0028833567104287194 -1.0214854428695788 
-0.5302486684776371 2.641167384255193E-6 -7.80822097874508E-4 
-1.1682229149804377 -1.088381510878098 -1.1030445636680897 
-1.1097863287340946 -0.9582304332315253 -1.0899522952408482 
-1.0878088156573447 -1.0469182837663413 -1.0410874134003194 
0.011894954028411515 -1.3907240960358506E-5 -0.9342542768436957 
-0.7875362651312461 -4.8791612089141116E-4 -1.0197027983556242 
-0.8453038415654861 -0.021291275054996506 -1.0197027983556242 
-0.979614954986382 -2.6133484695007128E-5 -3.3691315687203287E-5 
1.0696396585133165E-4 -7.741526600426553E-6 -0.5062894055293917 
-7.382508526483367E-4 -5.733204435620504E-5 -0.7757642515943859 
-7.238592744976994E-4 -5.488730798646356E-4 -0.6422928318658229 
-1.0878088156573447 -1.0469182837663413 -1.100799766172886 
-0.892516975276717 -7.688325262547176E-5 1.9046039286093827E-4 
-1.092112643677366 -1.0727483730694534 -1.0988447790192226 
-1.0640587675125512 -1.042013759038717 -1.0231909911946997 
-1.032319104028366 -0.7419746409512366 -1.0711194118259613 
-0.9658344397053205 -5.487459530107803E-4 -0.9405983392693706 
-1.1101442894197433 -0.7057948125017939 -0.9891057965482712 
-1.093981869789689 -2.6133484695007128E-5 1.9340311723159073E-4 
-0.8952658800935953 -2.7105990833780833E-5 1.9041404739496767E-4 
-1.0870132245405384 -0.8324774568673297 -1.0716994092681624 
-0.561022472693284 2.193595028643529E-6 -1.0717229343632022 
-0.6213256805835037 -4.8791612089141116E-4 -1.0727740229645242 
-1.025555544966504 2.340390836336708E-4 -0.6630508283486707 
-1.104068827815007 -1.0883106840162522 -1.1056639652107476 
-0.9563097232548706 4.601744075232132E-6 -7.80822097874508E-4 
-1.0878088156573447 -1.0469182837663413 -1.1508322899599388 
-0.5772331612947234 -2.6133484695007128E-5 1.9340311723159073E-4 
-0.753485647976172 -2.6133484695007128E-5 1.9340311723159073E-4 
-0.0048515519525486606 -0.001530858709633941 -0.9708895500587975 
-1.092115348907926 -0.0014807813554098851 -1.063859224837689 
-0.7953634960839113 -0.060736958984607015 -1.055967058725911 
8.726277603152263E-5 2.2222513512890936E-4 -0.8357145646065329 
-1.0256855333594905 -0.9204561567567884 -1.071071388540475 
-1.0352520018276432 -0.9929470893051503 -1.0287828451520793 
-0.5535343833973948 -2.562784888734611E-5 1.9340311723159073E-4 
-1.0973027949266716 -1.12001504147127 -1.1725326188073195 
-1.0878088156573447 -0.8674979218499244 -1.1010473097522588 
-0.8355439288540674 -7.250338987039663E-5 1.9340311723159073E-4 
-0.7664242190500156 1.1007633115164785E-6 1.9340311723159073E-4 
-7.382508526483367E-4 -0.0014170235773396309 -0.622995479573107 
-1.0973027949266716 -1.109146405206607 -1.1656009333022355 
-1.0878088156573447 -1.0469182837663413 -1.101226353273928 
-1.0917580726093141 -0.7810831565742797 -1.072220121813853 
-0.7953634960839113 2.641167384255193E-6 -1.002900751082249 
-1.1141446285884629 -2.6133484695007128E-5 -0.003170784045428754 
