0.5517039686395502 3.688726245384673 
0.6088882580123041 2.497278901143616 
0.6097239249375466 2.481828331180281 
0.4868467307973597 5.378683895158794 
0.7812371732891511 1.2800210156458434 
0.5781665677509007 3.109036331769178 
0.44791625420151393 6.628599182081884 
0.6492838527992264 1.7814513132209482 
0.5636932803031837 3.4187283556372785 
0.45381443931196225 6.424997617261711 
0.666712973228082 1.4998958174751378 
0.7101176672710483 1.4082173224288645 
0.5535133515199192 3.6478863868997284 
0.5702536805898599 3.275702093847091 
0.6267234316905544 2.1730130480240564 
0.6590170839056914 1.641318819738402 
0.5876658535742197 2.9127990821459298 
0.39362587706105934 8.783701012165666 
0.4095738949967977 8.091729251454339 
0.5196373077963437 4.471393621388367 
0.5781665677509007 3.109036331769178 
0.4204434498248705 7.649202776892857 
0.417036986050742 7.785469483663483 
0.412781306092433 7.966582225528381 
0.5946606994043513 2.7723567902993413 
0.46547516728664934 6.039262973592644 
0.6097239249375466 2.481828331180281 
0.43594861792033607 7.058281193482011 
0.5412408227153005 3.936474819767239 
0.46124045864905666 6.183498920908508 
0.4762394511754234 5.699582097555546 
0.5357220524769439 4.066873923481374 
0.47898149628754194 5.618242963241262 
0.4868467307973597 5.378683895158794 
0.5517039686395502 3.688726245384673 
0.6171532316425214 2.3428204515005 
0.3994944244414105 8.525329927162277 
0.3906338206618875 8.924196306244944 
0.49815175681288376 5.053239150828759 
0.6624574996021706 1.5696761628126825 
0.44791625420151393 6.628599182081884 
0.4291193182352919 7.312691765026282 
0.5316652058857664 4.1700429513836585 
0.5357220524769439 4.066873923481374 
0.4291193182352919 7.312691765026282 
0.47898149628754194 5.618242963241262 
0.5876658535742197 2.9127990821459298 
0.5845562542350404 2.9754268225321643 
0.6267234316905544 2.1730130480240564 
0.5845562542350404 2.9754268225321643 
0.6242130869675369 2.21471713654145 
0.5265596547971324 4.294902218145413 
0.3906338206618875 8.924196306244944 
0.5196373077963437 4.471393621388367 
0.4353519934305498 7.080297232787861 
0.42374637309429886 7.526441401727239 
0.49815175681288376 5.053239150828759 
0.5467516361859336 3.8049968278440893 
0.46521184892514533 6.047370248963906 
0.46547516728664934 6.039262973592644 
0.5265596547971324 4.294902218145413 
0.5946606994043513 2.7723567902993413 
0.6494381288088115 1.7787253754239207 
0.6624574996021706 1.5696761628126825 
0.520848267818953 4.439656663972557 
0.6408325628459485 1.923412086123215 
0.4868467307973597 5.378683895158794 
0.4907902345991364 5.263863221678666 
0.5077663797128957 4.786087168938083 
0.45730876722586755 6.308752151540085 
0.3994944244414105 8.525329927162277 
0.491859464920915 5.232199958399923 
0.5196373077963437 4.471393621388367 
0.4204434498248705 7.649202776892857 
0.6492838527992264 1.7814513132209482 
0.614375818541086 2.3945159961160307 
0.6242130869675369 2.21471713654145 
0.5467516361859336 3.8049968278440893 
0.5077663797128957 4.786087168938083 
0.5077663797128957 4.786087168938083 
0.4400472605845623 6.90948553383001 
0.4400472605845623 6.90948553383001 
0.5664417035388237 3.358981580483572 
0.5077663797128957 4.786087168938083 
0.5542973027611454 3.632061622616152 
0.5946606994043513 2.7723567902993413 
0.4043680679552434 8.313269301326224 
0.6408325628459485 1.923412086123215 
0.45381443931196225 6.424997617261711 
0.6408325628459485 1.923412086123215 
0.4762394511754234 5.699582097555546 
0.4467670817155409 6.669368910977169 
0.5702536805898599 3.275702093847091 
0.5636932803031837 3.4187283556372785 
0.49663562383865234 5.097551479176378 
0.5412961281926093 3.9360726210307577 
