0.5517039686395502 1.0350849088035914 
0.6088882580123041 0.5205637998882172 
0.6097239249375466 0.5132301111084421 
0.4868467307973597 1.6185946703504674 
0.7812371732891511 1.3867004766687785E-11 
0.5781665677509007 0.7975408649518363 
0.44791625420151393 1.9690573162413365 
0.6492838527992264 0.15666757222233882 
0.5636932803031837 0.9271142012546866 
0.45381443931196225 1.9157566912583168 
0.666712973228082 1.2137929550348758E-12 
0.7101176672710483 1.3867004766687785E-11 
0.5535133515199192 1.0191538199767574 
0.5702536805898599 0.8679811755322145 
0.6267234316905544 0.36187819456598813 
0.6590170839056914 0.08165714234353282 
0.5876658535742197 0.7117525588994917 
0.39362587706105934 2.457492014755825 
0.4095738949967977 2.314161066777676 
0.5196373077963437 1.3235029435159948 
0.5781665677509007 0.7975408649518363 
0.4204434498248705 2.216057203926812 
0.417036986050742 2.2468287284570456 
0.412781306092433 2.2884562161463666 
0.5946606994043513 0.6486116279178089 
0.46547516728664934 1.8111269429211032 
0.6097239249375466 0.5132301111084421 
0.43594861792033607 2.077047931191583 
0.5412408227153005 1.1305808700488846 
0.46124045864905666 1.852079878335787 
0.4762394511754234 1.7143658500691217 
0.5357220524769439 1.1787140454524034 
0.47898149628754194 1.6910344210402533 
0.4868467307973597 1.6185946703504674 
0.5517039686395502 1.0350849088035914 
0.6171532316425214 0.44587921280172466 
0.3994944244414105 2.405821772424826 
0.3906338206618875 2.4860928994451665 
0.49815175681288376 1.5172799605809912 
0.6624574996021706 0.03984374600201934 
0.44791625420151393 1.9690573162413365 
0.4291193182352919 2.138017304672912 
0.5316652058857664 1.2170667442998817 
0.5357220524769439 1.1787140454524034 
0.4291193182352919 2.138017304672912 
0.47898149628754194 1.6910344210402533 
0.5876658535742197 0.7117525588994917 
0.5845562542350404 0.7393043581298704 
0.6267234316905544 0.36187819456598813 
0.5845562542350404 0.7393043581298704 
0.6242130869675369 0.38245542056044235 
0.5265596547971324 1.261522229374087 
0.3906338206618875 2.4860928994451665 
0.5196373077963437 1.3235029435159948 
0.4353519934305498 2.082421514375001 
0.42374637309429886 2.189302246288688 
0.49815175681288376 1.5172799605809912 
0.5467516361859336 1.0803882413060426 
0.46521184892514533 1.8133082946554153 
0.46547516728664934 1.8111269429211032 
0.5265596547971324 1.261522229374087 
0.5946606994043513 0.6486116279178089 
0.6494381288088115 0.15517207948006165 
0.6624574996021706 0.03984374600201934 
0.520848267818953 1.3123874831409776 
0.6408325628459485 0.23258509655921197 
0.4868467307973597 1.6185946703504674 
0.4907902345991364 1.5834526654654388 
0.5077663797128957 1.4302141547620328 
0.45730876722586755 1.8850476691543354 
0.3994944244414105 2.405821772424826 
0.491859464920915 1.5735070718978195 
0.5196373077963437 1.3235029435159948 
0.4204434498248705 2.216057203926812 
0.6492838527992264 0.15666757222233882 
0.614375818541086 0.47113272512351045 
0.6242130869675369 0.38245542056044235 
0.5467516361859336 1.0803882413060426 
0.5077663797128957 1.4302141547620328 
0.5077663797128957 1.4302141547620328 
0.4400472605845623 2.040500181210558 
0.4400472605845623 2.040500181210558 
0.5664417035388237 0.902667248604645 
0.5077663797128957 1.4302141547620328 
0.5542973027611454 1.0132419608784022 
0.5946606994043513 0.6486116279178089 
0.4043680679552434 2.3616206457689217 
0.6408325628459485 0.23258509655921197 
0.45381443931196225 1.9157566912583168 
0.6408325628459485 0.23258509655921197 
0.4762394511754234 1.7143658500691217 
0.4467670817155409 1.979654485241625 
0.5702536805898599 0.8679811755322145 
0.5636932803031837 0.9271142012546866 
0.49663562383865234 1.5316256589104056 
0.5412961281926093 1.1305808700488846 
