0.5391924957542714 3.9827674350858935 
0.5601299007363462 3.4974724702563003 
0.3948501694764822 8.732730800898313 
0.5113552581805566 4.689282165398475 
0.4619656855251946 6.153132626449067 
0.4572891845068634 6.316916735628633 
0.5505318064267899 3.7149883495290714 
0.5318009485704452 4.163676859261373 
0.6136203103643897 2.4087784125152174 
0.6484678348213717 1.7966850194569 
0.5927113016656143 2.810518845134206 
0.5602843132594106 3.496508578289846 
0.6668040989032242 1.4996908435555845 
0.4523079443907218 6.485328765986074 
0.47407302284152797 5.767358547650302 
0.6536973017164261 1.7088210215892543 
0.6350473194383282 2.024361649881385 
0.47940615533877107 5.604242083929807 
0.4091976922333857 8.108000746709003 
0.44505810243372074 6.72904806215039 
0.42080529942300354 7.638523155181199 
0.6664037115051339 1.5041896535164192 
0.4493544326770717 6.578031930473508 
0.5318009485704452 4.163676859261373 
0.4007100479730324 8.469402677038062 
0.5215772558375232 4.420852266829363 
0.38977914219906706 8.96583420992498 
0.44505810243372074 6.72904806215039 
0.4091976922333857 8.108000746709003 
0.4572891845068634 6.316916735628633 
0.5814386055611357 3.0552105288742393 
0.43446862282095244 7.112381682514139 
0.5782732965795365 3.105778877685727 
0.43679981335759693 7.0408672787867115 
0.41501882168873805 7.867613581321981 
0.4728097939960003 5.805458122564475 
0.49251045691124623 5.2132665431262515 
0.5391924957542714 3.9827674350858935 
0.5927113016656143 2.810518845134206 
0.5673240031270204 3.3416185753978462 
0.38977914219906706 8.96583420992498 
0.4541682097605518 6.416091136704837 
0.4670631563439396 5.989713327014903 
0.4118996201583276 7.996113436466165 
0.5244717908620451 4.3490119396783244 
0.49251045691124623 5.2132665431262515 
0.43446862282095244 7.112381682514139 
0.42473481523868956 7.482119746366585 
0.5556152785428984 3.5992813280543263 
0.609474046201724 2.485740729770681 
0.49251045691124623 5.2132665431262515 
0.6592612673768767 1.6190208439096552 
0.5215772558375232 4.420852266829363 
0.524901964171856 4.338486455333636 
0.6668040989032242 1.4996908435555845 
0.48941650401980397 5.302753951664231 
0.5020735573498725 4.94230573835871 
0.609474046201724 2.485740729770681 
0.42969227032147356 7.292987777156854 
0.48324031240428933 5.490230487767257 
0.42080529942300354 7.638523155181199 
0.4619656855251946 6.153132626449067 
0.5020735573498725 4.94230573835871 
0.5358640158185192 4.063157372949207 
0.6265282599572242 2.1733428336809406 
0.6189751793734184 2.318131392658304 
0.47407302284152797 5.767358547650302 
0.5391924957542714 3.9827674350858935 
0.5470900934088103 3.7979249683025227 
0.47940615533877107 5.604242083929807 
0.40429467798887236 8.318282923909942 
0.4670631563439396 5.989713327014903 
0.42670611224190463 7.40559813773064 
0.6350473194383282 2.024361649881385 
0.6350473194383282 2.024361649881385 
0.44505810243372074 6.72904806215039 
0.6086094991366894 2.508296655622973 
0.5750387782693233 3.175192922366113 
0.38977914219906706 8.96583420992498 
0.5113552581805566 4.689282165398475 
0.6468677189393377 1.8237831059774625 
0.38977914219906706 8.96583420992498 
0.5782732965795365 3.105778877685727 
0.5589100861914491 3.5255538283303545 
0.5696113841061349 3.290267684814013 
0.5113552581805566 4.689282165398475 
0.4007100479730324 8.469402677038062 
0.6265282599572242 2.1733428336809406 
0.3948501694764822 8.732730800898313 
0.5025018644471381 4.930544520279729 
0.6136203103643897 2.4087784125152174 
0.48663844746279017 5.384836328628779 
0.5505318064267899 3.7149883495290714 
0.5168134486346809 4.546403765702675 
0.5927113016656143 2.810518845134206 
0.5927113016656143 2.810518845134206 
0.5673240031270204 3.3416185753978462 
0.6484678348213717 1.7966850194569 
0.6664037115051339 1.5041896535164192 
