0.5391924957542714 1.1474783133328008 
0.5601299007363462 0.9590389075927648 
0.3948501694764822 2.4481202367271955 
0.5113552581805566 1.3978890923688165 
0.4619656855251946 1.8425361319049847 
0.4572891845068634 1.888657702633375 
0.5505318064267899 1.0452192469207184 
0.5318009485704452 1.2142473032960104 
0.6136203103643897 0.4780753570866296 
0.6484678348213717 0.16509244442321003 
0.5927113016656143 0.665826283055234 
0.5602843132594106 0.9590389075927648 
0.6668040989032242 1.5704977802020839E-9 
0.4523079443907218 1.9333657228411774 
0.47407302284152797 1.734149100495503 
0.6536973017164261 0.11705169092920237 
0.6350473194383282 0.28556543933092493 
0.47940615533877107 1.6867081510445314 
0.4091976922333857 2.317775194179892 
0.44505810243372074 1.9948173617259584 
0.42080529942300354 2.21433102346557 
0.6664037115051339 0.0023975679109631 
0.4493544326770717 1.9558678062495862 
0.5318009485704452 1.2142473032960104 
0.4007100479730324 2.3937747530188505 
0.5215772558375232 1.305815993795953 
0.38977914219906706 2.4946951674436084 
0.44505810243372074 1.9948173617259584 
0.4091976922333857 2.317775194179892 
0.4572891845068634 1.888657702633375 
0.5814386055611357 0.7764173496043376 
0.43446862282095244 2.0901066745788865 
0.5782732965795365 0.7959889900464185 
0.43679981335759693 2.075449513249647 
0.41501882168873805 2.265207718022561 
0.4728097939960003 1.7448774589821159 
0.49251045691124623 1.5675882871552234 
0.5391924957542714 1.1474783133328008 
0.5927113016656143 0.665826283055234 
0.5673240031270204 0.8957804271183168 
0.38977914219906706 2.4946951674436084 
0.4541682097605518 1.91398462521778 
0.4670631563439396 1.7975744121109398 
0.4118996201583276 2.293596087223313 
0.5244717908620451 1.2809340804835072 
0.49251045691124623 1.5675882871552234 
0.43446862282095244 2.0901066745788865 
0.42473481523868956 2.1779167480667625 
0.5556152785428984 0.9998156976411579 
0.609474046201724 0.514994460381763 
0.49251045691124623 1.5675882871552234 
0.6592612673768767 0.0673577334654597 
0.5215772558375232 1.305815993795953 
0.524901964171856 1.2772800619376188 
0.6668040989032242 1.5704977802020839E-9 
0.48941650401980397 1.5952553007007086 
0.5020735573498725 1.4814010235684458 
0.609474046201724 0.514994460381763 
0.42969227032147356 2.133740475393285 
0.48324031240428933 1.653100696080203 
0.42080529942300354 2.21433102346557 
0.4619656855251946 1.8425361319049847 
0.5020735573498725 1.4814010235684458 
0.5358640158185192 1.1772998267711867 
0.6265282599572242 0.36166070387662264 
0.6189751793734184 0.4348657945818257 
0.47407302284152797 1.734149100495503 
0.5391924957542714 1.1474783133328008 
0.5470900934088103 1.0778071256682802 
0.47940615533877107 1.6867081510445314 
0.40429467798887236 2.363037516142506 
0.4670631563439396 1.7975744121109398 
0.42670611224190463 2.1600139901769304 
0.6350473194383282 0.28556543933092493 
0.6350473194383282 0.28556543933092493 
0.44505810243372074 1.9948173617259584 
0.6086094991366894 0.5265731712649306 
0.5750387782693233 0.8258590588468119 
0.38977914219906706 2.4946951674436084 
0.5113552581805566 1.3978890923688165 
0.6468677189393377 0.1797464176037416 
0.38977914219906706 2.4946951674436084 
0.5782732965795365 0.7959889900464185 
0.5589100861914491 0.9704675940647117 
0.5696113841061349 0.874173930026598 
0.5113552581805566 1.3978890923688165 
0.4007100479730324 2.3937747530188505 
0.6265282599572242 0.36166070387662264 
0.3948501694764822 2.4481202367271955 
0.5025018644471381 1.4776078141801836 
0.6136203103643897 0.4780753570866296 
0.48663844746279017 1.62046839080514 
0.5505318064267899 1.0452192469207184 
0.5168134486346809 1.3496426090384994 
0.5927113016656143 0.665826283055234 
0.5927113016656143 0.665826283055234 
0.5673240031270204 0.8957804271183168 
0.6484678348213717 0.16509244442321003 
0.6664037115051339 0.0023975679109631 
