-14.99196146974251 -10.246493927900293 
-18.210585456165408 -3.0975038054449477 
-15.085616663091077 -9.858631226232774 
-14.594068300034863 -11.482745229103173 
-14.549167362723658 -11.55123640474461 
-16.57642582389294 -5.459137229769874 
-18.08063385649652 -3.625404847918599 
-15.967321023627832 -7.69827477748156 
-14.530176090641236 -11.57402724459368 
-15.965294989300302 -7.700655172419058 
-16.235412698300152 -6.99138482561478 
-14.800464791299587 -10.955353472248886 
-16.08111108129523 -7.482027531420366 
-16.2682885397075 -6.864044529566282 
-18.38787566398764 -2.238147491034143 
-18.628142320257616 -1.1699411721283501 
-19.999376661867462 0.0016710778162186408 
-14.800692717703203 -10.954569336397556 
-18.283477650014923 -2.752570940052401 
-14.472735678945757 -11.6179908377145 
-18.26627710862598 -2.83652241194471 
-15.202280093036002 -9.363389114277465 
-14.89935326694049 -10.6067122219829 
-15.967321023627832 -7.69827477748156 
-14.586196003560037 -11.495933842942497 
-18.020907400296004 -3.7865815062616908 
-19.999376661867462 0.0016710778162186408 
-17.952376280164394 -3.8735446416816606 
-16.05800386838 -7.536567111063594 
-18.200813125237246 -3.146032034633731 
-15.065489170248211 -9.9431628669337 
-18.55388646006468 -1.4718071210706833 
-17.996248719037226 -3.8315772565087842 
-18.664821351615377 -1.0321185294142674 
-18.100597082435442 -3.5578106312473636 
-16.11098151770515 -7.4024252077631765 
-15.160343818936433 -9.541577691367692 
-17.98449062176278 -3.8478612749732295 
-18.061889535860136 -3.6830827092402934 
-16.564887753402854 -5.515951551765738 
-15.987770009164855 -7.67067968032322 
-15.942254026073016 -7.724477118278662 
-18.58687755040361 -1.3340295567683487 
-14.61598912793592 -11.443743701143031 
-16.002708616322202 -7.64732804611642 
-18.36703117027529 -2.340374073503263 
-18.08063385649652 -3.625404847918599 
-19.999376661867462 0.0016710778162186408 
-16.237242114099928 -6.984432813517014 
-15.246618484107298 -9.175576662467215 
-14.644735660696611 -11.383456080397208 
-16.303716815573626 -6.719769246698837 
-14.530176090641236 -11.57402724459368 
-18.038113622312682 -3.7472295289511237 
-18.0055291175633 -3.8163169330208597 
-16.03559794841445 -7.586412864493962 
-18.32564453277176 -2.544682756334004 
-14.711036218289026 -11.221964188325522 
-18.14221020454184 -3.3994609287520468 
-14.752504748484906 -11.104426917574576 
-16.203620808410435 -7.107035577289103 
-15.321764337328723 -8.863069758816446 
-14.472735678945757 -11.6179908377145 
-14.67538456247345 -11.313953028253032 
-18.496509042737195 -1.7242738545972078 
-17.968357540405684 -3.864324794539481 
-16.473534360673582 -5.957653326695528 
-17.961064563779416 -3.869452448925497 
-18.458792359099117 -1.8981359476527107 
-16.445099190514274 -6.089813540157985 
-16.38396069079767 -6.372438405041974 
-18.238830628988868 -2.968616005776509 
-18.16880194587849 -3.2881062772893737 
-16.171495070836478 -7.216848717231066 
-16.519151074961883 -5.738873685579703 
-16.140755314053898 -7.315463998488754 
-16.35090816207663 -6.518579961435053 
-17.947296707657337 -3.8749398969984834 
-14.911943735618923 -10.560590017950421 
-15.275940965645612 -9.052719743142202 
-15.130597218149303 -9.668097319349608 
-14.842135532587807 -10.81377348637268 
-15.029985155632701 -10.091450062632106 
-14.955174259788382 -10.393298695706411 
-16.42053914790327 -6.204843936139268 
