-1.076881560610991 -0.9543101498967964 -1.0827775081883722 
2.8758341830291173E-4 -4.3403202343724554E-10 -0.9854540727187854 
-1.0741322096324952 -0.9104274475135709 -1.0790855536805997 
-1.124296380803031 -1.1034523956186508 -1.1250257961586245 
-1.1363381046965197 -1.1158404488159335 -1.1318379690946738 
-0.9481398864035108 -1.5354458351386094E-7 -0.9293848873271636 
-1.0655440005364636 -1.5601405587522549E-6 2.4093976277228535E-5 
-1.1261924218214094 -8.490091544990902E-9 -1.1256883504261908 
-1.1363381046965197 -1.1212128747653616 -1.1395896451375118 
-1.1274718418850433 -2.3303024803510927E-8 -1.12567802208137 
-1.0414683608305646 -4.2096132200451946E-8 -1.0439064167645058 
-1.0967043587216612 -1.0290940814430087 -1.1006561671592665 
-1.0862416432144366 4.7570362396701905E-7 -1.0946310268207124 
-1.035751071170728 -1.0549987099117462E-6 -1.029396438129673 
-0.8789602383613504 -1.4609274943703612E-6 2.4093976277228535E-5 
-0.7377513674832543 -1.5128868286838478E-6 2.4093976277228535E-5 
2.8758341830291173E-4 -4.3403202343724554E-10 2.4093976277228535E-5 
-1.096493231617664 -1.0290940814430087 -1.1006561671592665 
-0.941581947036662 5.860966810517659E-9 2.4093976277228535E-5 
-1.1424928070473397 -1.142502249024655 -1.146994692759717 
-0.9519751206323478 5.860966810517659E-9 2.4093976277228535E-5 
-1.0677548824831768 -0.8591330708604888 -1.070208578540663 
-1.0959364833922347 -0.987318853771529 -1.0878159628769077 
-1.1261924218214094 -8.490091544990902E-9 -1.1256883504261908 
-1.1326062334939695 -1.1033762440980852 -1.1244127944896087 
-1.102637582698123 -1.4609274943703612E-6 2.4093976277228535E-5 
2.8758341830291173E-4 -4.3403202343724554E-10 2.4093976277228535E-5 
-1.145541168096602 -1.559036208166064E-6 2.4093976277228535E-5 
-1.09192333259394 -2.3303024803510927E-8 -1.103331823998875 
-0.9917295303007414 4.317582894791396E-9 2.4093976277228535E-5 
-1.0797366421796657 -0.9184079897009596 -1.0774483352753512 
-0.7809686133902525 -3.1667061776701025E-7 2.4093976277228535E-5 
-1.1180327255863718 -2.3303024803510927E-8 2.4093976277228535E-5 
-0.7165411298503392 3.331658684295366E-8 2.4093976277228535E-5 
-1.0532068569375341 1.4284396327907454E-7 2.4093976277228535E-5 
-1.0763987295366082 4.441466768691058E-8 -1.0859173229500616 
-1.0752561230539126 -0.8761309428024826 -1.0707168913181846 
-1.1253903504022453 -4.224006943944342E-8 2.4093976277228535E-5 
-1.0771555546834675 -2.8634443843979992E-6 2.4093976277228535E-5 
-0.9481398864035108 -4.567225545127905E-8 -0.9363372182967225 
-1.120954769096861 -3.6141866377692836E-9 -1.1181278107327202 
-1.1333368632937229 -2.2095216534759943E-6 -1.1342552117049327 
-0.761721507911939 -1.2805027329407032E-6 2.4093976277228535E-5 
-1.124296380803031 -1.092711191461708 -1.1250236991064264 
-1.1135617868146008 -3.82710391646513E-7 -1.1161813275025012 
-0.8914010033200084 -1.4490342759084728E-6 2.4093976277228535E-5 
-1.0655440005364636 -1.5601405587522549E-6 2.4093976277228535E-5 
2.8758341830291173E-4 -4.3403202343724554E-10 2.4093976277228535E-5 
-1.0403419565238448 -3.6141866377692836E-9 -1.0439064167645058 
-1.0716116018037631 -0.8345966446351265 -1.0680624116456576 
-1.1252159224857563 -1.0826117297944176 -1.1163098626854226 
-1.0164153388066604 -3.5542495400522292E-6 -1.0269819061954724 
-1.1363381046965197 -1.1212128747653616 -1.1395896451375118 
-1.09192333259394 -2.3303024803510927E-8 2.4093976277228535E-5 
-1.1122331552220963 5.860966810517659E-9 2.4093976277228535E-5 
-1.1061432041904675 -1.4105617367386313E-5 -1.1030687772399774 
-0.916193741213497 -4.558132242251161E-6 2.4093976277228535E-5 
-1.1088621238928724 -1.058481768811572 -1.1163559494126334 
-1.0275875383935669 5.860966810517659E-9 2.4093976277228535E-5 
-1.1084482134706366 -1.0464384845869565 -1.100822488147806 
-1.0481070897344114 -2.2099288287423047E-6 -1.0568722476356092 
-1.0744024643586323 -0.7907808905213716 -1.070042181954467 
-1.1424928070473397 -1.142502249024655 -1.146994692759717 
-1.113498905429053 -1.0734672360326147 -1.116624884994749 
-0.8146202161679927 -4.265436487780923E-8 2.4093976277228535E-5 
-1.1355032131467646 -1.4975308937083413E-6 2.4093976277228535E-5 
-0.9723260485467065 -3.9716537218914045E-6 -0.9674467272117084 
-1.1400815451735102 4.2837287980578623E-7 2.4093976277228535E-5 
-0.8368648997763547 -2.3303024803510927E-8 2.4093976277228535E-5 
-0.966394881461171 5.222288887057617E-6 -0.9906822350525348 
-1.0014837033524904 5.234681653232084E-6 -0.9928142939832794 
-0.9686040613001456 -1.5435173363703132E-6 2.4093976277228535E-5 
-1.0112844751058634 -2.8634443843979992E-6 2.4093976277228535E-5 
-1.0679553410558955 1.4343561589073465E-8 -1.0568722476356092 
-0.9548926786971023 -1.566998504190109E-6 -0.9572265386026735 
-1.075772630797197 -3.5010289755353475E-6 -1.0680784707782314 
-1.0014837033524904 5.234681653232084E-6 -1.0130112675772793 
-1.1487359775979935 -1.8035208716085362E-10 2.4093976277228535E-5 
-1.0904903143768776 -0.9840352875491963 -1.0878159628769077 
-1.0682755810565125 -0.8196623944234673 -1.070208578540663 
-1.0744095621223346 -0.8888804701417683 -1.0760336752222495 
-1.0912894003036069 -1.011358638714491 -1.100654750817492 
-1.0797270465463285 -0.9365079004298533 -1.0774483352753512 
-1.0824368118898375 -0.9669751782971835 -1.0875908406841226 
-0.9950131341038223 -1.4287002779057997E-6 -0.9769964483244962 
