0.022309962234075997 0.8394570551764398 
0.07033107465774588 0.6809241127000492 
0.6328318257531003 -0.3363224835264626 
0.2474557853131592 0.25899891812969095 
0.015295289492273045 0.873339218554102 
0.41913460972093164 0.12061830574301012 
0.6257623002914441 -0.24090261885166192 
3.410291822654389E-7 1.0029670263478012 
0.4439427788807755 -0.09606100838940805 
0.8316590554861655 -0.6062413375013096 
0.6244663772189877 -0.2213873164305984 
0.8248435548840329 -0.4863044172142027 
0.22300426037099313 0.38271174070566916 
0.0043573864339191415 0.9356822599607251 
0.8520788590989518 -0.7716284317441146 
0.012395537293431506 0.8881090763449859 
0.20018360231128346 0.5549778383131373 
0.6280102429131904 -0.27419318676334703 
0.8371534218312942 -0.6832578539773364 
0.4373689316454267 -0.06303553888692248 
0.4164530107699701 0.15124365410434917 
0.439938521169845 -0.07791036709340311 
0.4360649847427499 -0.052129861417002654 
0.4308161928816775 0.008211157805644582 
0.6382811742934014 -0.3921944846549067 
0.6312499862831513 -0.31703760879334164 
0.22563487442556318 0.3652801849099991 
0.054454440445372176 0.7152277439525317 
0.19784537796885443 0.5708256843805279 
0.6342742159162775 -0.35296212278341277 
0.42584890692089467 0.04108696950335279 
0.8281580785871343 -0.5491630670608484 
0.2375541994275857 0.29633926619258166 
0.4270981342227039 0.026737233637083205 
0.830431348780036 -0.5821809292288194 
0.4337501048764438 -0.034678867274088254 
0.8392744197243525 -0.7065597353191265 
0.18923249749436094 0.6304154930529033 
0.6184894461682867 -0.12335244945180696 
0.0019368451273963916 0.9600363227328501 
0.20292391950132005 0.533806183584154 
0.8444995512306043 -0.7488473714444024 
0.18230981940599728 0.6714299440689377 
0.6232669598843819 -0.20307966357845228 
0.03352680779183581 0.7906827220318791 
0.084837417622535 0.6724787852934692 
0.6214716686141104 -0.16924920128805798 
0.8486535061270757 -0.760494724063398 
0.0470305729914246 0.7401385059804808 
0.042190646284975764 0.7570920977325384 
0.009004385649164712 0.9063009643757445 
0.6444958425224556 -0.43561568034254766 
0.6221051054147089 -0.18461126018195478 
0.21328222920116502 0.46546517966224926 
0.4126778449081616 0.20095855543326635 
0.21456675486771196 0.44514589264305343 
0.6361900437476424 -0.36918908167986086 
3.5683891105508077E-4 0.9843633520671722 
0.8234230233385256 -0.45781758831122943 
0.4242601495308256 0.058260785796500146 
0.0257215075522073 0.8235828838325463 
0.4173897034750631 0.13987584613460233 
0.6294663138368125 -0.2943015081492503 
0.02965211875039242 0.8073697309163744 
0.2050207759814898 0.5182040634619651 
0.6267992242930396 -0.257040043007055 
0.037971058372403776 0.7728755972914378 
0.4542825616055019 -0.12197576725171759 
0.4112997702743057 0.21945283954432554 
0.6199916151691144 -0.14530855749638025 
0.8291911723118931 -0.5669456941488697 
0.2590149967648778 0.24453772765326173 
0.8325605344365836 -0.6209243618802344 
0.827187135552036 -0.5314050323314997 
0.42101947089251274 0.09523433257391208 
0.1861650873643262 0.6491164381138718 
0.4145798951101187 0.17534935369588156 
0.40950784081368213 0.24345849385097632 
0.003162724825078178 0.9469424431891559 
0.06186027388366683 0.6978850008354324 
0.2310796840076198 0.33017664591887946 
0.21773883128809723 0.42326143707715425 
0.23433385849602903 0.312356547117501 
0.22043394261159166 0.4022539107776488 
0.6413054421673993 -0.414381682021101 
0.8341292847074078 -0.6443791732913358 
0.20975633962896184 0.48201565841794797 
0.20726767852099653 0.49973902505046086 
0.19519623215158938 0.5904463294313401 
0.42275080190184594 0.07583239803839412 
0.018399967302502013 0.8589793260371494 
0.8257356704183865 -0.5038573860380545 
0.4310440762459296 -0.011077472274635992 
0.006015012741642515 0.9247796143707993 
0.19165228003072196 0.6142566568247905 
0.652836690890353 -0.45632852399894736 
0.8355899441739607 -0.6633461596925795 
0.8419420536387354 -0.729960938062174 
0.22803917928102735 0.3492827229163403 
0.24131649964013957 0.2785643828097274 
