0.5925261657552797 2.821638724198798 
0.43369416937926697 7.144430727698235 
0.44458150562848175 6.745846268971808 
0.6242265867086968 2.213982065712289 
0.4672335593700999 5.982369275229518 
0.5250758254814244 4.3320375631812205 
0.6666860673486681 1.499956349735767 
0.6242265867086968 2.213982065712289 
0.4573546748144299 6.306432350198093 
0.8335925084691584 1.199626903841158 
0.40640439685335017 8.22715433945515 
0.4499241180017761 6.558624191221887 
0.616177928850994 2.3607043567498267 
0.5785392596985753 3.102039345267381 
0.5111893479229455 4.696036343265973 
0.616177928850994 2.3607043567498267 
0.46201227488963387 6.160419615911865 
0.43316076640882084 7.164985726366008 
0.46780371547871236 5.964281021058501 
0.6666860673486681 1.499956349735767 
0.5785392596985753 3.102039345267381 
0.6473969273260229 1.816757193520276 
0.41718629591370804 7.780333584880678 
0.6012128966660688 2.6438103459279136 
0.40755898050279604 8.175675906511099 
0.4938905065941649 5.174742191772295 
0.651616477192689 1.7426379095863267 
0.5495278453616329 3.7382283253370643 
0.5571868880890831 3.5637295984452884 
0.44027831892618186 6.9007798369789635 
0.39628504513218465 8.666092480759394 
0.5347274601564579 4.092760812873701 
0.6191674196348697 2.3068697459062766 
0.603989988635392 2.589812827907608 
0.39628504513218465 8.666092480759394 
0.5395480998924459 3.978975606385113 
0.467768064727576 5.964735586289484 
0.5395480998924459 3.978975606385113 
0.4768426648354742 5.67990768291061 
0.48949070401055533 5.301644483231954 
0.6631013107596102 1.556597571469484 
0.5919268489342 2.8269968060656807 
0.4768426648354742 5.67990768291061 
0.5846867606448889 2.974107466128694 
0.7652305406459462 1.3067957261035623 
0.41718629591370804 7.780333584880678 
0.5250758254814244 4.3320375631812205 
0.5626867822459506 3.4406178901449898 
0.5185517930799806 4.502907807561188 
0.651616477192689 1.7426379095863267 
0.39017890938158833 8.94427939506856 
0.6480529493328051 1.8031407649777569 
0.6382575388737166 1.9742700846139012 
0.41718629591370804 7.780333584880678 
0.5139897191223466 4.6205987809985585 
0.4838072636649826 5.468972557660626 
0.5111893479229455 4.696036343265973 
0.40640439685335017 8.22715433945515 
0.39375501176708416 8.778530514950056 
0.45980219866819094 6.224090876435424 
0.5626867822459506 3.4406178901449898 
0.5306194959164736 4.192749855045435 
0.42600189282120116 7.433120460143299 
0.4124718888981462 7.973409552637544 
0.5094786416988717 4.7450620190223445 
0.6012128966660688 2.6438103459279136 
0.4525362087525933 6.469913629372218 
0.6343495057934927 2.03544714702623 
0.5013359793535104 4.966097468452835 
0.6343495057934927 2.03544714702623 
0.42600189282120116 7.433120460143299 
0.48949070401055533 5.301644483231954 
0.5715852357506535 3.2469863409360578 
0.5579161855052281 3.5475049503887313 
0.5430217532969227 3.894494283426396 
0.4300223575095203 7.281552629606074 
0.4978280559499424 5.061216905418486 
0.5704773945399223 3.2713025229789183 
0.44539310519943626 6.719636511039519 
0.4780303438248808 5.647174220116128 
0.5306194959164736 4.192749855045435 
0.584710066196342 2.973988923249776 
0.5213558092370142 4.429172417893071 
0.5495278453616329 3.7382283253370643 
0.4573546748144299 6.306432350198093 
0.39017890938158833 8.94427939506856 
0.5013359793535104 4.966097468452835 
0.6242265867086968 2.213982065712289 
0.5801204184377622 3.0672015624028313 
0.6588781662397326 1.626827724234395 
0.440553777943557 6.890426400842961 
0.603989988635392 2.589812827907608 
0.4838072636649826 5.468972557660626 
0.5495278453616329 3.7382283253370643 
