0.5925261657552797 0.6718947743961329 
0.43369416937926697 2.0984979501367977 
0.44458150562848175 1.9990784909977626 
0.6242265867086968 0.38202646791385175 
0.4672335593700999 1.7951636899318126 
0.5250758254814244 1.2746481995039176 
0.6666860673486681 2.094784737749475E-15 
0.6242265867086968 0.38202646791385175 
0.4573546748144299 1.8842763167640495 
0.8335925084691584 4.0952590599629954E-14 
0.40640439685335017 2.3435516971456933 
0.4499241180017761 1.9508832045406197 
0.616177928850994 0.45461392117162625 
0.5785392596985753 0.7946515463668437 
0.5111893479229455 1.4005637561365865 
0.616177928850994 0.45461392117162625 
0.46201227488963387 1.8461894810221648 
0.43316076640882084 2.103590708540962 
0.46780371547871236 1.7901128218103353 
0.6666860673486681 2.094784737749475E-15 
0.5785392596985753 0.7946515463668437 
0.6473969273260229 0.17616302478247559 
0.41718629591370804 2.2458485492493914 
0.6012128966660688 0.5894928763110424 
0.40755898050279604 2.332070137378936 
0.4938905065941649 1.555756042588618 
0.651616477192689 0.13553157566707388 
0.5495278453616329 1.0542605570923023 
0.5571868880890831 0.985663404948688 
0.44027831892618186 2.038263745904789 
0.39628504513218465 2.4342428498574225 
0.5347274601564579 1.1885115944958342 
0.6191674196348697 0.4283385880065367 
0.603989988635392 0.5642210204957084 
0.39628504513218465 2.4342428498574225 
0.5395480998924459 1.1468487279434805 
0.467768064727576 1.7901128218103353 
0.5395480998924459 1.1468487279434805 
0.4768426648354742 1.708422315538579 
0.48949070401055533 1.5951056905108856 
0.6631013107596102 0.03218188996664095 
0.5919268489342 0.673375311361506 
0.4768426648354742 1.708422315538579 
0.5846867606448889 0.7389212601805646 
0.7652305406459462 4.0952590599629954E-14 
0.41718629591370804 2.2458485492493914 
0.5250758254814244 1.2746481995039176 
0.5626867822459506 0.9359902095435357 
0.5185517930799806 1.3349909176846981 
0.651616477192689 0.13553157566707388 
0.39017890938158833 2.489869179572064 
0.6480529493328051 0.16853069080604566 
0.6382575388737166 0.2600927652776728 
0.41718629591370804 2.2458485492493914 
0.5139897191223466 1.374940269622506 
0.4838072636649826 1.6459286481806685 
0.5111893479229455 1.4005637561365865 
0.40640439685335017 2.3435516971456933 
0.39375501176708416 2.4565903862118668 
0.45980219866819094 1.8618506696956354 
0.5626867822459506 0.9359902095435357 
0.5306194959164736 1.224754814588077 
0.42600189282120116 2.166523385589043 
0.4124718888981462 2.2888072991349304 
0.5094786416988717 1.4175077522284099 
0.6012128966660688 0.5894928763110424 
0.4525362087525933 1.927870184792835 
0.6343495057934927 0.29118489178486373 
0.5013359793535104 1.4896833379117909 
0.6343495057934927 0.29118489178486373 
0.42600189282120116 2.166523385589043 
0.48949070401055533 1.5951056905108856 
0.5715852357506535 0.8559294531630883 
0.5579161855052281 0.9792104299817945 
0.5430217532969227 1.1147951139910441 
0.4300223575095203 2.131230428112851 
0.4978280559499424 1.5196157727654687 
0.5704773945399223 0.8662041400608878 
0.44539310519943626 1.992879771463397 
0.4780303438248808 1.6995206340811158 
0.5306194959164736 1.224754814588077 
0.584710066196342 0.7389212601805646 
0.5213558092370142 1.3091747701809044 
0.5495278453616329 1.0542605570923023 
0.4573546748144299 1.8842763167640495 
0.39017890938158833 2.489869179572064 
0.5013359793535104 1.4896833379117909 
0.6242265867086968 0.38202646791385175 
0.5801204184377622 0.7793462538140885 
0.6588781662397326 0.07188126773151543 
0.440553777943557 2.0356033825333926 
0.603989988635392 0.5642210204957084 
0.4838072636649826 1.6459286481806685 
0.5495278453616329 1.0542605570923023 
