-3.1415919868914486 1.0020718369477328 
-3.1415919868914486 1.0020718369477328 
2.1587423475355907 0.32645778786929963 
-3.1415919868914486 1.0020718369477328 
2.1587423475355907 0.32645778786929963 
2.1587423475355907 0.32645778786929963 
-3.1415919868914486 1.0020718369477328 
-3.1415919868914486 1.0020718369477328 
-3.1415919868914486 1.0020718369477328 
2.1587423475355907 0.32645778786929963 
-3.1415919868914486 1.0020718369477328 
-3.1415919868914486 1.0020718369477328 
-3.1415919868914486 1.0020718369477328 
-3.1415919868914486 1.0020718369477328 
-3.1415919868914486 1.0020718369477328 
-3.1415919868914486 1.0020718369477328 
-3.1415919868914486 1.0020718369477328 
-3.1415919868914486 1.0020718369477328 
-3.1415919868914486 1.0020718369477328 
-3.1415919868914486 1.0020718369477328 
-3.1415919868914486 1.0020718369477328 
-3.1415919868914486 1.0020718369477328 
-3.1415919868914486 1.0020718369477328 
-3.1415919868914486 1.0020718369477328 
-3.1415919868914486 1.0020718369477328 
-3.1415919868914486 1.0020718369477328 
-3.1415919868914486 1.0020718369477328 
-3.1415919868914486 1.0020718369477328 
-3.1415919868914486 1.0020718369477328 
-3.1415919868914486 1.0020718369477328 
-3.1415919868914486 1.0020718369477328 
-3.1415919868914486 1.0020718369477328 
-3.1415919868914486 1.0020718369477328 
-3.1415919868914486 1.0020718369477328 
-3.1415919868914486 1.0020718369477328 
-3.1415919868914486 1.0020718369477328 
-3.1415919868914486 1.0020718369477328 
-3.1415919868914486 1.0020718369477328 
-3.1415919868914486 1.0020718369477328 
-3.1415919868914486 1.0020718369477328 
-3.1415919868914486 1.0020718369477328 
-3.1415919868914486 1.0020718369477328 
-3.1415919868914486 1.0020718369477328 
-3.1415919868914486 1.0020718369477328 
-3.1415919868914486 1.0020718369477328 
-3.1415919868914486 1.0020718369477328 
-3.1415919868914486 1.0020718369477328 
-3.1415919868914486 1.0020718369477328 
-3.1415919868914486 1.0020718369477328 
-3.1415919868914486 1.0020718369477328 
-3.1415919868914486 1.0020718369477328 
-3.1415919868914486 1.0020718369477328 
-3.1415919868914486 1.0020718369477328 
-3.1415919868914486 1.0020718369477328 
-3.1415919868914486 1.0020718369477328 
-3.1415919868914486 1.0020718369477328 
-3.1415919868914486 1.0020718369477328 
-3.1415919868914486 1.0020718369477328 
-3.1415919868914486 1.0020718369477328 
