-3.1415919868914486 -4.999999999998944 -3.341904116914386E-6 
-3.1415919868914486 -4.999999999998944 -3.341904116914386E-6 
2.1587423475355907 -2.7732654253073847 4.160373331930139 
-3.1415919868914486 -4.999999999998944 -3.341904116914386E-6 
2.1587423475355907 -2.7732654253073847 4.160373331930139 
2.1587423475355907 -2.7732654253073847 4.160373331930139 
-3.1415919868914486 -4.999999999998944 -3.341904116914386E-6 
-3.1415919868914486 -4.999999999998944 -3.341904116914386E-6 
-3.1415919868914486 -4.999999999998944 -3.341904116914386E-6 
2.1587423475355907 -2.7732654253073847 4.160373331930139 
-3.1415919868914486 -4.999999999998944 -3.341904116914386E-6 
-3.1415919868914486 -4.999999999998944 -3.341904116914386E-6 
-3.1415919868914486 -4.999999999998944 -3.341904116914386E-6 
-3.1415919868914486 -4.999999999998944 -3.341904116914386E-6 
-3.1415919868914486 -4.999999999998944 -3.341904116914386E-6 
-3.1415919868914486 -4.999999999998944 -3.341904116914386E-6 
-3.1415919868914486 -4.999999999998944 -3.341904116914386E-6 
-3.1415919868914486 -4.999999999998944 -3.341904116914386E-6 
-3.1415919868914486 -4.999999999998944 -3.341904116914386E-6 
-3.1415919868914486 -4.999999999998944 -3.341904116914386E-6 
-3.1415919868914486 -4.999999999998944 -3.341904116914386E-6 
-3.1415919868914486 -4.999999999998944 -3.341904116914386E-6 
-3.1415919868914486 -4.999999999998944 -3.341904116914386E-6 
-3.1415919868914486 -4.999999999998944 -3.341904116914386E-6 
-3.1415919868914486 -4.999999999998944 -3.341904116914386E-6 
-3.1415919868914486 -4.999999999998944 -3.341904116914386E-6 
-3.1415919868914486 -4.999999999998944 -3.341904116914386E-6 
-3.1415919868914486 -4.999999999998944 -3.341904116914386E-6 
-3.1415919868914486 -4.999999999998944 -3.341904116914386E-6 
-3.1415919868914486 -4.999999999998944 -3.341904116914386E-6 
-3.1415919868914486 -4.999999999998944 -3.341904116914386E-6 
-3.1415919868914486 -4.999999999998944 -3.341904116914386E-6 
-3.1415919868914486 -4.999999999998944 -3.341904116914386E-6 
-3.1415919868914486 -4.999999999998944 -3.341904116914386E-6 
-3.1415919868914486 -4.999999999998944 -3.341904116914386E-6 
-3.1415919868914486 -4.999999999998944 -3.341904116914386E-6 
-3.1415919868914486 -4.999999999998944 -3.341904116914386E-6 
-3.1415919868914486 -4.999999999998944 -3.341904116914386E-6 
-3.1415919868914486 -4.999999999998944 -3.341904116914386E-6 
-3.1415919868914486 -4.999999999998944 -3.341904116914386E-6 
-3.1415919868914486 -4.999999999998944 -3.341904116914386E-6 
-3.1415919868914486 -4.999999999998944 -3.341904116914386E-6 
-3.1415919868914486 -4.999999999998944 -3.341904116914386E-6 
-3.1415919868914486 -4.999999999998944 -3.341904116914386E-6 
-3.1415919868914486 -4.999999999998944 -3.341904116914386E-6 
-3.1415919868914486 -4.999999999998944 -3.341904116914386E-6 
-3.1415919868914486 -4.999999999998944 -3.341904116914386E-6 
-3.1415919868914486 -4.999999999998944 -3.341904116914386E-6 
-3.1415919868914486 -4.999999999998944 -3.341904116914386E-6 
-3.1415919868914486 -4.999999999998944 -3.341904116914386E-6 
-3.1415919868914486 -4.999999999998944 -3.341904116914386E-6 
-3.1415919868914486 -4.999999999998944 -3.341904116914386E-6 
-3.1415919868914486 -4.999999999998944 -3.341904116914386E-6 
-3.1415919868914486 -4.999999999998944 -3.341904116914386E-6 
-3.1415919868914486 -4.999999999998944 -3.341904116914386E-6 
-3.1415919868914486 -4.999999999998944 -3.341904116914386E-6 
-3.1415919868914486 -4.999999999998944 -3.341904116914386E-6 
-3.1415919868914486 -4.999999999998944 -3.341904116914386E-6 
-3.1415919868914486 -4.999999999998944 -3.341904116914386E-6 
