3.136310372980738 0.02118840498077476 
2.1891901465016534 0.5733698766906815 
2.354932738709963 0.4433801803086707 
2.353586298070174 0.47233646795614126 
2.355273444703382 0.42500404359085064 
3.0773892904647537 0.15957663130642727 
2.1897576080343186 0.5076247550944576 
2.151611470703339 0.9137865034368802 
2.3534079930452196 0.5022683539337933 
3.136316981972702 0.014708262253328117 
3.0774031320648954 0.1564206953612976 
3.13631021085469 0.02419101118117348 
3.0773892904647537 0.15957663130642727 
2.3534079930452196 0.5022683539337933 
3.0773892904647537 0.15957663130642727 
3.1349785415991347 0.037970724476308185 
2.3534079930452196 0.5022683539337933 
2.163304201985426 0.7113957352845457 
3.0730053210223067 0.26326718002610583 
3.0773892904647537 0.15957663130642727 
2.3535906344436097 0.471464388891703 
3.076419564333998 0.20459835416361005 
3.1349531652850424 0.05718053089608105 
3.0774031320648954 0.1564206953612976 
3.1363103666168715 0.022651080385639868 
2.188032490524652 0.6707629443760175 
3.13631021085469 0.02419101118117348 
3.136310366629721 0.02183935134182911 
2.3534079930452196 0.5022683539337933 
3.0765456914914933 0.17008295359755368 
3.0773892904647537 0.15957663130642727 
3.1363102505067495 0.023798680973218224 
3.13631021085469 0.02419101118117348 
2.355273907090258 0.4246862495590036 
3.1363101302981695 0.025034550279518283 
3.0778705121638326 0.13428109329581422 
2.155183572292612 0.7801935609275923 
3.1349531652850424 0.05718053089608105 
3.0774031320648954 0.1564206953612976 
3.0774031320648954 0.1564206953612976 
3.0773892904647537 0.15957663130642727 
2.689085790321509 0.3723494240557075 
3.1363101302981695 0.025034550279518283 
3.0798864583722807 0.07968564613806235 
3.0750900299527855 0.25786717270982784 
3.136316981972702 0.014708262253328117 
3.1349634871334375 0.045746694307724226 
3.0765456914914933 0.17008295359755368 
3.0765456914914933 0.17008295359755368 
3.0765456914914933 0.17008295359755368 
3.136316981972702 0.014708262253328117 
3.136316981972702 0.014708262253328117 
3.136316981972702 0.014708262253328117 
3.136316981972702 0.014708262253328117 
2.353586298070174 0.47233646795614126 
3.136310372980738 0.02118840498077476 
2.3534079930452196 0.5022683539337933 
3.0773892904647537 0.15957663130642727 
-3.141592653589793 1.028182390684491 
2.3534298284602118 0.49906506672981044 
2.689376628921258 0.2833348953409862 
3.136316981972702 0.014708262253328117 
3.136316981972702 0.014708262253328117 
3.136316981972702 0.014708262253328117 
2.188032490524652 0.6707629443760175 
3.136316981972702 0.014708262253328117 
3.1349785415991347 0.037970724476308185 
3.136316981972702 0.014708262253328117 
3.136316981972702 0.014708262253328117 
3.0774031320648954 0.1564206953612976 
2.3534079930452196 0.5022683539337933 
3.0779314755240788 0.09807344572089374 
2.188032490524652 0.6707629443760175 
3.080666695512948 0.07124226512295145 
2.163304201985426 0.7113957352845457 
3.136316981972702 0.014708262253328117 
3.136316981972702 0.014708262253328117 
2.3534298284602118 0.49906506672981044 
3.0765456914914933 0.17008295359755368 
2.3534298284602118 0.49906506672981044 
2.3534298284602118 0.49906506672981044 
3.0773892904647537 0.15957663130642727 
3.136316981972702 0.014708262253328117 
3.136316981972702 0.014708262253328117 
2.3534298284602118 0.49906506672981044 
3.136316981972702 0.014708262253328117 
3.136316981972702 0.014708262253328117 
3.0773892904647537 0.15957663130642727 
3.0750900299527855 0.25786717270982784 
3.136316981972702 0.014708262253328117 
3.136316981972702 0.014708262253328117 
3.136316981972702 0.014708262253328117 
3.1349634871334375 0.045746694307724226 
2.3534298284602118 0.49906506672981044 
3.136316981972702 0.014708262253328117 
3.0773892904647537 0.15957663130642727 
2.3534298284602118 0.49906506672981044 
3.136316981972702 0.014708262253328117 
2.3534298284602118 0.49906506672981044 
3.136316981972702 0.014708262253328117 
