3.136310372980738 -4.999929568798093 0.026410043104900482 
2.1891901465016534 -2.9026796395437398 4.071654147428391 
2.354932738709963 -3.5318345189719538 3.5416027333638733 
2.353586298070174 -3.5270332674879583 3.541561377500953 
2.355273444703382 -3.5318345189719538 3.5402792107595897 
3.0773892904647537 -4.98971201216984 0.3223308916850482 
2.1897576080343186 -2.9026796395437398 4.071165643204884 
2.151611470703339 -2.77855416755854 4.154064278758746 
2.3534079930452196 -3.5270332674879583 3.541561377500953 
3.136316981972702 -4.999929568798093 0.02637828078406692 
3.0774031320648954 -4.989696648354229 0.3223607051464824 
3.13631021085469 -4.999929568798093 0.026409487725674103 
3.0773892904647537 -4.98971201216984 0.3223308916850482 
2.3534079930452196 -3.5270332674879583 3.541561377500953 
3.0773892904647537 -4.98971201216984 0.3223308916850482 
3.1349785415991347 -4.999889883320816 0.03308951884419639 
2.3534079930452196 -3.5270332674879583 3.541561377500953 
2.163304201985426 -2.77855416755854 4.154064278758746 
3.0730053210223067 -4.989667890116878 0.3448172423511808 
3.0773892904647537 -4.98971201216984 0.3223308916850482 
2.3535906344436097 -3.5270332674879583 3.541561377500953 
3.076419564333998 -4.990119968949553 0.32481181274931636 
3.1349531652850424 -4.999928758148028 0.03320668042965407 
3.0774031320648954 -4.989696648354229 0.3223607051464824 
3.1363103666168715 -4.999929568798093 0.026409496889588168 
2.188032490524652 -2.9026796395437398 4.07116560593991 
3.13631021085469 -4.999929568798093 0.026409487725674103 
3.136310366629721 -4.999929568798093 0.026409835608427308 
2.3534079930452196 -3.5270332674879583 3.541561377500953 
3.0765456914914933 -4.99019518376051 0.32481181274931636 
3.0773892904647537 -4.98971201216984 0.3223308916850482 
3.1363102505067495 -4.999929569768297 0.02640950607401547 
3.13631021085469 -4.999929568798093 0.026409487725674103 
2.355273907090258 -3.5318345189719538 3.5402615232417523 
3.1363101302981695 -4.999929520308448 0.02640950607401547 
3.0778705121638326 -4.989692133349201 0.3181811800766625 
2.155183572292612 -2.790403109356083 4.175474652076838 
3.1349531652850424 -4.999928758148028 0.03320668042965407 
3.0774031320648954 -4.989696648354229 0.3223607051464824 
3.0774031320648954 -4.989696648354229 0.3223607051464824 
3.0773892904647537 -4.98971201216984 0.3223308916850482 
2.689085790321509 -4.497675345384002 2.183550755290825 
3.1363101302981695 -4.999929520308448 0.02640950607401547 
3.0798864583722807 -4.990593303531717 0.3083333511172309 
3.0750900299527855 -4.989026515755861 0.3249764638435712 
3.136316981972702 -4.999929568798093 0.02637828078406692 
3.1349634871334375 -4.999893621396788 0.03312249988107655 
3.0765456914914933 -4.99019518376051 0.32481181274931636 
3.0765456914914933 -4.99019518376051 0.32481181274931636 
3.0765456914914933 -4.99019518376051 0.32481181274931636 
3.136316981972702 -4.999929568798093 0.02637828078406692 
3.136316981972702 -4.999929568798093 0.02637828078406692 
3.136316981972702 -4.999929568798093 0.02637828078406692 
3.136316981972702 -4.999929568798093 0.02637828078406692 
2.353586298070174 -3.5270332674879583 3.541561377500953 
3.136310372980738 -4.999929568798093 0.026410043104900482 
2.3534079930452196 -3.5270332674879583 3.541561377500953 
3.0773892904647537 -4.98971201216984 0.3223308916850482 
-3.141592653589793 -4.999999953667192 1.4870099251353824E-5 
2.3534298284602118 -3.5270332674879583 3.541561377500953 
2.689376628921258 -4.497378611840489 2.183286335340469 
3.136316981972702 -4.999929568798093 0.02637828078406692 
3.136316981972702 -4.999929568798093 0.02637828078406692 
3.136316981972702 -4.999929568798093 0.02637828078406692 
2.188032490524652 -2.9026796395437398 4.07116560593991 
3.136316981972702 -4.999929568798093 0.02637828078406692 
3.1349785415991347 -4.999889883320816 0.03308951884419639 
3.136316981972702 -4.999929568798093 0.02637828078406692 
3.136316981972702 -4.999929568798093 0.02637828078406692 
3.0774031320648954 -4.989696648354229 0.3223607051464824 
2.3534079930452196 -3.5270332674879583 3.541561377500953 
3.0779314755240788 -4.989907680577555 0.3181811800766625 
2.188032490524652 -2.9026796395437398 4.07116560593991 
3.080666695512948 -4.990728621577451 0.30448100844320614 
2.163304201985426 -2.77855416755854 4.154064278758746 
3.136316981972702 -4.999929568798093 0.02637828078406692 
3.136316981972702 -4.999929568798093 0.02637828078406692 
2.3534298284602118 -3.5270332674879583 3.541561377500953 
3.0765456914914933 -4.99019518376051 0.32481181274931636 
2.3534298284602118 -3.5270332674879583 3.541561377500953 
2.3534298284602118 -3.5270332674879583 3.541561377500953 
3.0773892904647537 -4.98971201216984 0.3223308916850482 
3.136316981972702 -4.999929568798093 0.02637828078406692 
3.136316981972702 -4.999929568798093 0.02637828078406692 
2.3534298284602118 -3.5270332674879583 3.541561377500953 
3.136316981972702 -4.999929568798093 0.02637828078406692 
3.136316981972702 -4.999929568798093 0.02637828078406692 
3.0773892904647537 -4.98971201216984 0.3223308916850482 
3.0750900299527855 -4.989026515755861 0.3249764638435712 
3.136316981972702 -4.999929568798093 0.02637828078406692 
3.136316981972702 -4.999929568798093 0.02637828078406692 
3.136316981972702 -4.999929568798093 0.02637828078406692 
3.1349634871334375 -4.999893621396788 0.03312249988107655 
2.3534298284602118 -3.5270332674879583 3.541561377500953 
3.136316981972702 -4.999929568798093 0.02637828078406692 
3.0773892904647537 -4.98971201216984 0.3223308916850482 
2.3534298284602118 -3.5270332674879583 3.541561377500953 
3.136316981972702 -4.999929568798093 0.02637828078406692 
2.3534298284602118 -3.5270332674879583 3.541561377500953 
3.136316981972702 -4.999929568798093 0.02637828078406692 
