-18.709847166470542 -0.8628887021274032 
-16.412421413841052 -6.241365020313706 
-18.90308566903115 -0.32031598837430836 
-15.317951532514822 -8.868030167955387 
-17.04329876272415 -3.874554768702475 
-16.571882833628802 -5.445761204336491 
-16.66293007704808 -5.026173907268907 
-14.966035249657665 -10.318995948849789 
-16.848021803190697 -4.289139805400032 
-15.497212030215255 -8.193155859803431 
-18.360068644039576 -2.3598414723269165 
-14.715975600395398 -11.165111853929407 
-16.37383466715165 -6.400179103700465 
-15.19313562952145 -9.305882250826704 
-18.256991197769533 -2.8675904890111115 
-18.031272926707395 -3.753433909814163 
-14.639599969493496 -11.385504454651354 
-15.462364959993373 -8.316812549681888 
-16.990211166497694 -3.9735530532975867 
-15.586750868342127 -7.90033385044708 
-14.512567328311635 -11.539587744314069 
-16.76875135528575 -4.544614309726725 
-16.348445367443162 -6.528369017201619 
-16.319014028734458 -6.653430831848977 
-15.098655146245584 -9.796868137263576 
-18.562134741783797 -1.4224330630148325 
-16.2507475491454 -6.870960067870691 
-16.630561341290594 -5.180690457147884 
-19.995823936491753 0.00837370448074106 
-15.409120373786097 -8.498596648892088 
-18.234663982159383 -2.9820232047586153 
-16.689176280955863 -4.903617922309159 
-16.877477842256518 -4.179233207789844 
-15.262657494945548 -9.089307419999969 
-16.099221401993773 -7.388650603355181 
-14.906968228709605 -10.573901587854577 
-18.752675254953996 -0.7280551899619447 
-15.343130482417049 -8.758825896241984 
-18.441817950698994 -1.953129900820641 
-18.4998826859797 -1.6936284895615155 
-18.820200777572975 -0.5236220135225044 
-18.85732441810366 -0.4247949611039562 
-15.437223841864306 -8.407624987720293 
-15.07866192885533 -9.886017608681932 
-16.91830041981271 -4.064753274844515 
-15.380610548132275 -8.62525502889194 
-16.504637363871574 -5.7982318332231495 
-15.239886675504714 -9.195449339278083 
-18.2069089029648 -3.110515923577062 
-18.17508561648663 -3.245541364524731 
-15.041689112258652 -10.037264306668838 
-17.93889153348286 -3.870536481688422 
-15.146447554094308 -9.56149056147584 
-18.949991526178884 -0.2153777449467778 
-16.448805067194748 -6.051902416242271 
-18.30927789295957 -2.611485787143145 
-16.064197245991213 -7.510895470194909 
-14.86529089470227 -10.727345066520538 
-14.831680746812534 -10.843233494905448 
-15.886814091320112 -7.750235991577254 
-18.145256456009378 -3.373614295434433 
-15.962751009549446 -7.677997075751525 
-16.739354524865814 -4.6675538239453065 
-14.443029056555737 -11.626056205181989 
-16.610325517558532 -5.289322926719427 
-16.47999485756281 -5.918201054953425 
-15.293523713212824 -8.97235325768516 
-15.177581408668235 -9.426747546838197 
-18.10905689127528 -3.5141626624455533 
-16.293917619796865 -6.760303595798564 
-18.28602979256626 -2.726928065938678 
-16.547918964958665 -5.563426960088433 
-16.210957869553177 -7.035651993424733 
-16.022266025341626 -7.607041999374662 
-19.01457068532946 -0.0889481705438682 
-14.580963583431775 -11.463748693491894 
-18.673614196460832 -0.9856354933452744 
-15.001843400105068 -10.203700203078354 
-14.80133346781093 -10.940741634532806 
-18.788623842357826 -0.6129603488288011 
-18.530972443825835 -1.556543969877973 
-18.33472084890758 -2.4857167960295565 
-18.387025023462463 -2.226996892912417 
-18.597222559485772 -1.2786325919203005 
-18.470142140254254 -1.8311965584309462 
-18.41330703782235 -2.099623777380125 
-15.121824464861913 -9.689649572384925 
-16.714183893498458 -4.782213286850394 
-19.081437929014356 0.007847513236792194 
-18.07193592079148 -3.6414068784756806 
-16.530785297830892 -5.678724421092383 
-16.188320550634245 -7.159329639417254 
-15.537178166257434 -8.034116294398238 
-14.767159265147068 -11.05623194768917 
-16.809873755807452 -4.42034999161738 
-14.941045036148472 -10.448241207074787 
-15.639044262536313 -7.750341392781013 
-18.632233502663368 -1.1390095746526003 
-16.151256913617278 -7.282110611827339 
-14.68739046220817 -11.283162852184578 
