-0.6896755927738635 -7.115960483365789E-4 -4.689605014713827E-4 
-0.9821662555159969 -2.96469615792485E-4 -0.9947798319335159 
-0.5803337311205461 -3.670279230165393E-4 -3.906753440621343E-4 
-1.0729568539835495 -0.7793574204934601 -1.0912072089444966 
-1.0997383288147722 1.7765870481513613E-4 -0.5169839706044436 
-0.8640410862479895 -3.318990561193668E-4 -1.0173826260877208 
-0.8277652790673777 3.3769449467247825E-4 -0.9991611226980311 
-1.0966609323479455 -0.9403860812319227 -1.1100765496047496 
-0.6910144190964724 -6.773793879128896E-5 -1.0297104702978988 
-1.0801677888766954 -0.6698574158166115 -1.0903929761561661 
-0.8943467929547211 1.6628328596608827E-4 -0.0010280959950608182 
-1.0866942008908644 -1.0815263895574179 -1.089021444001437 
-0.9709388262749046 -8.386518185463142E-5 -1.0297104702978988 
-1.0911231761986575 -0.8133879313423461 -1.1246788360393216 
-0.0010156060291515473 7.199896770401417E-5 -0.9563913605309655 
-1.0947625713051685 8.61881333015875E-5 0.0011597980475622984 
-1.1123248804937487 -1.0952658374812958 -1.1094083489650837 
-1.0687364249924607 -0.7120159876843262 -1.074544964297603 
-0.5352767742092901 7.101397293320523E-5 -1.1123115343268182 
-1.0970317272742993 -0.5814248392111206 -1.1082746971911681 
-1.107527062554565 -1.1468797418031897 -1.1339851143442905 
-0.7930732916858472 -2.96469615792485E-4 -0.9706548606620857 
-1.0059772312835498 -3.3465863365993317E-4 -1.0100181269660247 
-1.024419437979865 -3.3465863365993317E-4 -1.0096048330027585 
-1.074954847384153 -0.8968283130705687 -1.0897528951154398 
-0.7748272257136404 9.529064445160942E-5 0.0011526822847012198 
-1.0814390210981177 3.3769449467247825E-4 -0.9948692088836086 
-0.854996618744905 -4.636462531942211E-4 -0.9908278869443246 
-0.0017646904476791292 8.199631620009893E-5 -3.1113653735483613E-4 
-1.0847993314876352 -0.7120159876843262 -1.0997710153887703 
1.9787934818449315E-4 3.6835914082325796E-4 -0.9706548606620857 
-0.7931363273377101 1.6203183197047554E-4 -1.0191361328377204 
-0.6829129660602616 2.220805366282474E-5 -1.020299564513652 
-1.087004970198093 -0.8010500693285958 -1.090317208871396 
-1.0780515474121195 -0.01985714339534328 -1.0912072089444966 
-1.0806731195117096 -0.9973758357166063 -1.0777731201160576 
4.919639557960931E-4 -7.798546058524733E-5 -0.665559445030975 
-1.0516377827069952 -0.7800415108464116 -1.0912072089444966 
-0.8449130957245023 0.001259053794890554 0.0011547847060113898 
-0.8113562307494567 -3.153884574420383E-4 0.0010658289457784744 
-0.6265135650103973 -3.5777365482674397E-4 9.857089957812093E-4 
-0.605206989540648 5.3396140622389806E-5 0.0013232893810071755 
-1.0813122865583222 -0.7243527645208229 -1.0650229808041325 
-1.0776235899477318 -0.9203412569469169 -1.0647437088600271 
-0.6508290798234855 -1.0108957127337578E-4 -1.0297104702978988 
-1.0814023607773364 -0.748138848650467 -1.0769115191465248 
-0.963038364668521 0.003388932222534724 -0.9578598161238472 
-1.0817604770965144 -0.8406048241462758 -1.0540700152368938 
-0.9874026354686815 1.595846689788281E-4 -5.01400803447488E-4 
-1.0060902664975873 -3.3729459825450217E-4 0.0010761652921816391 
-1.0821401892387923 -0.9219697483733913 -1.089737482979691 
-1.152688626788276 1.8203824986322352E-4 0.0010713671502884756 
-1.1051372244384716 -0.8541661275663911 -1.087592059206108 
-0.5533701884604156 7.027336023300796E-5 0.0011547944305607316 
-0.9382322864260042 1.6455181193768514E-4 -1.016871279930915 
-0.0010156060291515473 7.199896770401417E-5 -0.9248368693187435 
-1.0817530054946451 6.112887351031882E-4 -1.109678157667948 
-1.0806716502933653 -1.0126301503549802 -1.087642792141888 
-1.080443916387227 -1.0223780762152073 -1.1006019275949093 
-1.1509960221814934 2.011861695855512E-4 -1.151432060385664 
-1.024419437979865 1.3068540693725192E-4 0.0010735196858902563 
-1.144969062906198 0.0013456965653372093 -1.109834326383459 
-0.7171197868902431 0.003388932222534724 -1.0687451676583388 
-1.1475107933320061 -1.1510252491805977 -1.1539891543966474 
-0.9617467241876202 2.220805366282474E-5 -0.8955498990152406 
-0.9465224514177121 -8.544410072680288E-4 -0.9894194122318363 
-1.0869593020237718 -0.7988021334010375 -1.0685544558909923 
-1.1051372244384716 -0.8371439724250294 -1.0879181794010002 
-1.0465827906439336 9.641735287060189E-5 0.0011597980475622984 
-1.0261438418147055 -1.0108957127337578E-4 -1.0232604393086864 
-0.9390421807529389 -7.115960483365789E-4 -4.689605014713827E-4 
-0.8788010498168379 1.6455181193768514E-4 -1.016871279930915 
-1.0261438418147055 -0.009602875716527015 -1.0743328915457573 
-1.1003846716893886 -3.262696907385718E-4 -1.1171582213389761 
-0.5168080971791209 0.0012710936933625508 0.0011551508515799795 
-1.1093512039777178 -1.1252075921749607 -1.1092538927821234 
-0.7099705076954159 6.622087106034774E-5 0.0013232893810071755 
-1.074954847384153 -0.9464419909874471 -1.0897528951154398 
-1.0817639921231381 -1.0317875600881221 -1.109678157667948 
-0.0010157742410825462 -3.1301364954372025E-4 -0.6444255495641996 
-0.7931363273377101 1.6203183197047554E-4 0.0010735196858902563 
-0.0010156060291515473 7.199896770401417E-5 -0.9095540320962839 
-0.878201856017017 1.6615180369043627E-4 0.0010729481704812383 
-0.7545528594163858 -3.935390291687776E-4 9.320405728410752E-4 
-0.8290482593480167 -3.9404433154382904E-4 8.823721312201132E-4 
-0.8626493078045011 -3.9527147001927187E-4 9.319420231690646E-4 
-1.0836205902890583 -0.8771241588706731 -1.0934942941658305 
-0.9475526380735538 -8.543940989626735E-4 -0.8476909519525602 
-0.48056512500723003 1.760821959191954E-4 0.0010734928435908449 
-1.0696143927599795 1.6018055727701043E-4 0.0010735196858902563 
-0.9465224514177121 -8.498091538944311E-4 -0.9585625928262769 
-1.0550896765158608 -3.6189298484234564E-4 -1.0593335500502103 
-1.0813122865583222 -0.6780551761958734 -1.0485463094253304 
-1.1132174550336782 -1.0317875600881221 -1.1099228152024938 
-1.0261438418147055 -1.0108957127337578E-4 -0.7163134831103484 
-1.0821401892387923 -0.9729979452815751 -1.0897977486812265 
-1.0970317272742993 -0.5774844987480504 -1.074544964297603 
-0.7338746275780428 6.622087106034774E-5 0.0013232893810071755 
-1.0731693878523025 8.380047796315192E-5 -1.064178641703218 
-1.1132174550336782 -1.0717536212390564 -1.1088515888216197 
