-18.50018024953661 -1.7070681258474945 
-16.354149792986554 -6.503241335695504 
-16.528848470735227 -5.690757750123092 
-18.07768065568839 -3.634438197790716 
-16.11404936267582 -7.393963892794439 
-16.687681642446194 -4.913086624512628 
-14.501948126497236 -11.600686544168923 
-18.689441219219596 -0.9433423083682444 
-18.09661967094966 -3.5712455958230405 
-14.667222549113095 -11.333068422340695 
-16.637689611142182 -5.154610767885467 
-18.29398480049389 -2.7003976636601372 
-18.200656840234217 -3.144965071916737 
-15.939263981833978 -7.726685274098071 
-17.994747262513563 -3.8333336908781885 
-16.010534650190397 -7.63325739882293 
-15.922167295180607 -7.738911689745548 
-14.46902131620732 -11.619994801675503 
-16.149079123865874 -7.289845294383806 
-15.106531544206256 -9.770384047612172 
-16.42291208946225 -6.194502339464491 
-17.94859933363255 -3.8742482442551833 
-18.344138240690718 -2.4520023930835917 
-18.010329040551394 -3.8071527084294887 
-16.497912340626584 -5.840878904265066 
-16.17419504184818 -7.207602763334608 
-15.023954908316076 -10.11624499714817 
-16.608873323394647 -5.298535193417676 
-14.910816327023804 -10.564058561339204 
-15.24126694818385 -9.198242959952083 
-17.971066594244668 -3.861741822130372 
-18.06182457436853 -3.68279713960923 
-18.158519763258646 -3.331226191720957 
-17.96514018506219 -3.8665072853227005 
-19.999777729221876 6.197215819608479E-4 
-18.394319789393002 -2.2058556414344554 
-16.04771844982326 -7.560679825393697 
-15.301362650567569 -8.947238893682073 
-16.606095491062806 -5.311937892146571 
-16.559220456250863 -5.54346060626907 
-16.010347363537534 -7.633589406456254 
-18.464258463356924 -1.8718536188466501 
-14.977011410964332 -10.305059397842825 
-14.542634266522931 -11.55982529286538 
-16.39108504433522 -6.33966590163622 
-14.967171876198883 -10.345933896722492 
-16.328110303497507 -6.617389767660322 
-14.791686527703668 -10.982613032984679 
-16.294775569929413 -6.756010650354254 
-18.50018024953661 -1.7070681258474945 
-15.359481738697752 -8.711145934673336 
-17.9800731517858 -3.8526915616184843 
-18.631952540871737 -1.1546744294208084 
-18.389167641198757 -2.231232449695905 
-15.97666566657701 -7.685962520331147 
-16.444910784884474 -6.092404934917745 
-16.26661644410595 -6.869239240002175 
-18.09661967094966 -3.5712455958230405 
-18.593324419631738 -1.307184792419728 
-18.12611760084716 -3.4624455454108993 
-18.210306329077426 -3.1014271056056852 
-18.029305270749497 -3.767698006907389 
-17.954249950658408 -3.8724260285218555 
-16.23224729223694 -7.0023304286372365 
-14.667222549113095 -11.333068422340695 
-15.203447582964685 -9.35827301993108 
-18.55187185237883 -1.479757178088613 
-14.755071807153461 -11.096151509242139 
-15.066284430681232 -9.94012263764177 
-14.719289945074603 -11.200519101910643 
-15.279460063828651 -9.038042385046879 
-14.598693655806041 -11.47336519744063 
-14.921132844945083 -10.525768172013823 
-16.12089182330934 -7.374493534236721 
-14.826023745661786 -10.870405106831225 
-15.13243375462427 -9.660411389363711 
-14.563148104323972 -11.532340939153379 
-14.823963926789736 -10.877143736646008 
-18.26367013429622 -2.848207642665622 
-14.620901211042899 -11.433616882457159 
-16.079744633110693 -7.485908382716177 
-15.359481738697752 -8.711145934673336 
-15.16570288908141 -9.519004862890538 
-16.21266383200426 -7.074363851346391 
-14.888556076513495 -10.647567234064404 
