-0.8124153383667863 -6.226712080632482E-5 1.6537561531171756E-6 
-0.9977770676586885 -5.318970826235783E-5 -1.0147433066502283 
-0.9435232386511315 -5.957352775245644E-5 -0.9627455037879943 
-1.0673288457910364 -5.8650361103668996E-5 -2.9499231955796593E-6 
-1.077060520272537 -6.405431389874464E-5 -1.0833489617812508 
-0.9584434200433966 7.092600494795615E-5 -0.8527298569647529 
-1.1423347413489184 -1.130338133045287 -1.1429019310019026 
-0.7023059209311131 -6.628945974674556E-5 -2.9696671591128965E-6 
-1.0556171930302205 -6.067016134118716E-5 -2.9496951269124876E-6 
-1.1131695880429435 -1.0772963632086459 -1.1172971332779436 
-0.8782792755871741 -6.124198000919949E-5 -0.9626939407322853 
-0.9352011665327391 -5.9403346195053134E-5 1.6943272366274902E-6 
-0.9916780361576688 -1.4442946363732158E-4 -2.9570447792926483E-6 
-1.1351444140636306 -5.464595054117029E-5 -1.134323372479693 
-1.1189038187638403 7.827293010887485E-5 -2.971679694191754E-6 
-1.111711929496992 -1.4218400927175725E-4 -1.1131416779167693 
-1.1391448436261913 -5.344761329171672E-5 -1.1410549940174874 
-1.1444819897964646 -1.1424177036149725 -1.1487991150506907 
-1.0683452912095854 7.127244133150922E-5 -1.0703473615053611 
-1.0695432294547258 -0.9074332284996675 -1.0705922874167308 
-0.9858610843441963 1.152948975934282E-4 -0.9846873220944317 
-1.147836070415451 8.802533246456136E-5 9.686649111730887E-7 
-2.4158482830777612E-5 9.28709457135305E-5 -0.905014031536767 
-1.1091783001792772 -7.045039426611233E-5 1.4920906203431861E-6 
-0.9622387599932125 -5.957352775245644E-5 -0.9627455037879943 
-1.0659175520133377 -1.2640869824669484E-4 -1.057238199280829 
-1.0786843738673013 -0.9412734779359258 -1.0755102166112642 
-0.9428604893553778 -1.3215617811528915E-4 -0.91512977593263 
-1.0860059805152174 -0.9838839026989086 -1.093589211623329 
-1.0696092106590502 -0.8369855163462634 -1.0707880688215883 
-1.1337569924028772 -6.124198000919949E-5 -2.9938093386544628E-6 
-1.0771463909454957 -6.405431389874464E-5 -3.1322971935401656E-6 
-2.4158482830777612E-5 -6.0664901504643404E-5 -1.0175316726339405 
-1.137479074690632 -5.8665285429531866E-5 1.3840095134560848E-6 
-2.4158482830777612E-5 -5.28979050517336E-5 -2.9943127463624388E-6 
-2.4158482830777612E-5 -6.364367550665708E-5 -0.8750680600294596 
-1.100305637376648 7.622381162855187E-5 -1.1013502793252805 
-1.0695432294547258 -0.8048826212006304 -1.0705092987080853 
-0.946483938025072 -1.3215617811528915E-4 -0.913195921040912 
-0.9431927241619035 -6.114446266202898E-5 -0.94469938140607 
-1.1118288912820082 -1.4218400927175725E-4 -1.1131416779167693 
-2.4158482830777612E-5 -5.5871518148818876E-5 -0.8335914917293027 
-1.074008711882493 -0.96539153904303 -1.0792789768261368 
-1.1358818847663241 -1.117236492576529 -1.135849302456268 
-0.9918928396780216 -1.5632922822333276E-4 -0.998055848720293 
-1.0814613297726754 -0.966153519987395 -1.079284951704824 
-1.015722815346432 -5.464595054117029E-5 -1.0127185588674579 
-1.0995016543167107 -1.0350637110131813 -1.0947776559612956 
-1.0294703039433504 -1.2831883586095018E-4 -1.0194120813758 
-0.8124153383667863 -6.226712080632482E-5 1.6537561531171756E-6 
-1.0695432299627357 -0.7727259598038734 -1.0708166610956509 
-1.1281035112197408 -6.70656497296365E-5 1.4661256623250925E-6 
-0.7354949411451783 -6.628945974674556E-5 -2.9696671591128965E-6 
-0.8781458397696849 -6.124198000919949E-5 -2.9941389239758354E-6 
-1.1228496617864328 -6.0169519742011825E-5 -1.1231804569355766 
-0.976555835211603 -5.344761329171672E-5 -0.9806071724150357 
-1.0264546693879295 -5.804435884406578E-5 -1.0397275039576532 
-1.0556171930302205 -6.067016134118716E-5 -2.9496951269124876E-6 
-0.7579199467968517 -6.628968199512886E-5 1.4189258491027196E-6 
-2.4158482830777612E-5 -6.360369820409767E-5 -1.0374253895459686 
-0.9858610843441963 9.289873112941179E-5 -2.9570447792926483E-6 
-1.0973528481267554 -6.628968199512886E-5 1.4189258491027196E-6 
-1.1442827970924712 8.813049233661409E-5 1.4920906203431861E-6 
-1.046313318077757 -1.242293820437055E-4 -1.0410124349746446 
-1.1131695880429435 -1.0772963632086459 -1.1172971332779436 
-1.0674036497440333 -0.8575470294859053 -1.0721203397899568 
-0.7820969255242942 -6.628945974674556E-5 -2.9696671591128965E-6 
-1.1065617053626355 -1.0402462394339143 -1.11199286051276 
-1.0774249015660893 -0.9188462350862496 -1.0783201368301942 
-1.1101916947041488 -1.057083148653747 -1.1099492325080287 
-1.0695432299627357 -0.8165403007517709 -1.0708166610956509 
-1.1233308329616043 -1.1034862271761388 -1.1214830985272277 
-1.0860059805152174 -0.9833522562246473 -1.085229466777527 
-1.0771551517127087 -1.292888966232017E-4 -1.0790071440680113 
-1.098484486437142 -1.0181193070046581 -1.0957509310823665 
-1.0673657350479993 -0.8946124169422253 -1.07196560527435 
-1.1347033474025228 -1.1104602477819379 -1.1305789429354542 
-1.100378671314877 -1.0181193070046581 -1.0957509310823665 
-0.9534792181138871 8.437670112548645E-5 -2.9938017450753346E-6 
-1.1233308329616043 -1.0931665434335152 -1.1204142281962488 
-1.090847513269387 -6.727578164890957E-5 -1.0908713921573712 
-1.0695432299627357 -0.7727259598038734 -1.0708166610956509 
-1.0683465977519668 -0.876300367853613 -1.0727843451516614 
-1.0474381239630963 -1.4103310838043607E-4 -1.051959065764838 
-1.0860059805152174 -0.9949968223535683 -1.093589211623329 
