0.8519821160119603 -0.7727253467882556 
5.654179301573924E-9 1.0021703088074996 
0.8233830867448485 -0.45844846465569816 
0.6185972888785075 -0.12667863518612887 
0.453698567238464 -0.12332813158985456 
0.6523078045581161 -0.4572928007801248 
0.4094157666622832 0.24212004716705146 
0.25865195534949464 0.24330674953522333 
0.08324112153089709 0.6704193959895404 
0.18238248127170625 0.6697876583351073 
0.07088052439636956 0.6791330945679663 
0.6439100020661757 -0.42837903507960523 
0.6268533202887111 -0.2593276524317898 
0.6289510380937243 -0.2875563763393308 
0.22871436546155524 0.34331035718300823 
0.6347378111454622 -0.35869149763778563 
0.22480976876375205 0.3695694870777378 
0.6377601076983984 -0.3881536112607262 
0.4420679986945174 -0.09163752782146647 
0.8248160290258065 -0.4834304990731961 
0.6248426601787916 -0.22812092026851102 
0.1893512719344802 0.6434831057562344 
0.23230002985876452 0.3224906883602683 
0.19738378495176254 0.5735914051661047 
0.21726563200210036 0.42566847345341224 
0.21413809145340323 0.4465522794018831 
0.43765614928668317 -0.06595489843769763 
0.030158058836348603 0.8066321245101636 
0.0338527494972795 0.7893926752731455 
0.21974070895827863 0.40565228807770176 
0.2356659392393612 0.303883538431886 
0.6215651064594628 -0.17542320978636114 
0.8305233314859602 -0.5737450187409955 
0.19959919773275764 0.5572496351194134 
0.20451396722871118 0.5202285450950825 
0.8466638537923442 -0.7608938491661038 
0.20254571246573094 0.5356946233260365 
0.43333892595289025 -0.03271223043312331 
0.8366733668172022 -0.677571590021758 
0.0033593539373191067 0.9437399140395039 
0.222241719463783 0.3867548822780107 
0.42955607736230633 0.0019194672178774758 
0.026481760828518164 0.8240145937775685 
0.18995061498197469 0.6251438347577574 
0.6517021557887819 -0.4572090178193565 
0.01973277218754077 0.8495424222825669 
0.41220014376609365 0.20532645489238524 
0.8382208048245097 -0.6960924921682832 
0.43332906159205886 -0.028082656424150514 
0.8451292923362763 -0.7395873592224411 
0.061262324764216114 0.6967866934504109 
0.18332921800517585 0.6652624588812097 
0.04247725763088234 0.7539662009528545 
0.8330063911938328 -0.6265406111139602 
0.8399233146110131 -0.713805235693517 
0.23892616422696433 0.28747385828008526 
0.19380962530377993 0.5985861490230108 
0.42394550747089377 0.06065769699327482 
0.4261101860614968 0.037541388864748115 
0.022475763601353005 0.8371158349553077 
0.25109743249812677 0.24907398116987134 
0.014622650029232492 0.8742319232857384 
0.8273140292545837 -0.5341197286687719 
0.055042298178623994 0.7132648523889302 
0.42299570649634355 0.07101595673999277 
0.006003765793527405 0.9228326607345373 
0.4149344755100484 0.169277429526087 
9.311456707969748E-5 0.9941820590267307 
0.634712177736517 -0.3367532565207242 
0.0011647414980802684 0.967561800294657 
0.8349479092887017 -0.6560372190985126 
0.8417354911241535 -0.7294207071089309 
0.4141274953715424 0.1803746411885195 
0.6311514199566328 -0.3145871776355471 
0.01564911852514289 0.8689463532581101 
0.43873922510783253 -0.07248486377506866 
0.007252866946676401 0.9146368912778987 
0.19318800264346192 0.6050411231866153 
0.052502625603842834 0.7196493343692614 
0.03770663121070102 0.7726908760778123 
0.4273515565746019 0.02793212414612197 
0.04824660028828015 0.7336199573817319 
0.8341887770133616 -0.6459615638865569 
0.21161378046649887 0.4660909808828789 
0.4468423264613589 -0.11182767100586995 
0.4191044340660407 0.11935990551700083 
0.047653506693350445 0.7431407259249201 
0.41659160477432083 0.14844695411809408 
0.8259426815921744 -0.5088468855783207 
0.6406112024776606 -0.41223608078844026 
0.828430944220171 -0.5521934701651958 
0.010286104691046294 0.8968101699421613 
0.830961776361048 -0.5956533150502764 
0.2074462439736789 0.49747536044664675 
0.4171617946415809 0.14156663438220882 
0.4211442426498826 0.09337808282537265 
0.42880173403489613 0.008981054245552702 
0.6198928296102119 -0.1488799828592248 
0.622826651222633 -0.19704818332925805 
0.6201760224102955 -0.1537977535610186 
