0.8521148339497477 -0.772424003288645 
0.8521148339497477 -0.772424003288645 
1.4595678730390527E-7 1.0021357156719752 
0.8239508141539588 -0.46948470746430637 
0.6527695878307747 -0.45692337692203416 
0.4540908236083339 -0.12300055892027971 
0.6185662572010544 -0.12542714919648068 
0.40956762679655645 0.24033831881376225 
0.2569494097683579 0.243721138415954 
0.08201114678874619 0.6717703972375302 
0.18222253860874496 0.6711303768040723 
0.44394187333209567 -0.1010190924277831 
0.015779359157863992 0.8798377190178397 
0.43648227124887595 -0.049976468822799575 
0.05878495388048177 0.7043601864447877 
0.42109796930846 0.10132776171635455 
0.20970885715890225 0.48140610870784667 
0.4248832966241759 0.05089952230933613 
0.008982689568780677 0.9153083511623147 
0.07323968939668782 0.6810046182819156 
0.03419724899273563 0.7888882046732276 
0.2020060983534014 0.5454367493824582 
0.2056449945873857 0.5125341779018757 
0.0445840001866126 0.7472156904505082 
0.8409395793471236 -0.7213971896826766 
0.6285883561913341 -0.28065670177620655 
0.8336709086584696 -0.6341393361926759 
0.19158491758576482 0.6149530233117125 
0.8273693700461655 -0.5354835550038567 
0.641181049317642 -0.4160517889422644 
0.8352056526970963 -0.6514231333295445 
0.6296338343210733 -0.29632454417097237 
0.8447816902619798 -0.7514132847671059 
0.19920506792813503 0.5758729699343469 
0.4160429466170521 0.15535459039169972 
0.21692764339998022 0.42606382147816735 
0.4121366757648963 0.2061652334525286 
0.826224304518378 -0.5116006493740132 
0.8291838262277123 -0.5587428397625077 
0.05124798855418467 0.7250267422900027 
0.24085714491322607 0.2800736102728945 
0.027185197128580245 0.8198328637334183 
0.41761346339664085 0.13593998465326976 
0.6320302508628246 -0.3244276979174126 
0.8250309867670239 -0.49103080358363443 
0.18721087528746017 0.6432719757643448 
0.6231217333706669 -0.20217710368871364 
0.228602023610713 0.3480198531459351 
0.006468214141879647 0.923649580188965 
0.24620148440239698 0.2611277144515086 
0.22717889687800955 0.3678485056098872 
0.6261634548617939 -0.24878071042846853 
0.8314293736026388 -0.6045251450834213 
0.8298984141158877 -0.579313659667669 
0.41954043847754446 0.1154332246694793 
0.6203680149524418 -0.15599900970167463 
0.19454166541113244 0.6042278101047385 
0.22338877719428699 0.38034293840333855 
0.20375301133145407 0.5269779507598894 
0.6385003986074584 -0.3947325988179609 
0.019714072008991945 0.8512356630972123 
0.4099453013553531 0.2361280620682204 
0.03679913057659884 0.7796153731254184 
0.21995056842267996 0.4084544733221002 
0.4300096195396014 0.0017615275764205694 
0.4274368046754625 0.024004624847301398 
0.196029909010031 0.5835869198659622 
0.18618143184809005 0.6503359363571074 
0.8398752070418941 -0.70497636639495 
0.646785780275932 -0.4455988233572991 
0.6243247878388604 -0.22045679532678206 
0.0036193402442935563 0.9491398423686521 
0.053734800496572116 0.7175856061427005 
0.434041438405515 -0.03630520818636386 
0.251334240816855 0.24920722139136406 
0.6359237624635603 -0.37070991924014995 
0.024357081913272106 0.8304065207943521 
0.22146393122147173 0.3965100133061757 
0.43284153065935843 -0.0216872887723474 
0.619368284827787 -0.13815735262024675 
0.4142453048437074 0.17951058304137263 
0.23114006582499314 0.33008806309610483 
0.8368349233803597 -0.6793555855026552 
0.21333790653189683 0.45956762932666045 
0.8466794768013354 -0.7602690096685918 
5.706031139489365E-4 0.9794630562375362 
0.21431316720995325 0.4466733217425289 
9.895733665301384E-4 0.9717058108474277 
0.6217475449381761 -0.17938133113111948 
0.8378239983059429 -0.691151836941478 
0.2423067855699813 0.27422539701999477 
0.6377741018249038 -0.3827098897488077 
0.43134372311892816 -0.006832838486273873 
0.23497871425248582 0.30760627776125155 
0.1823998103971254 0.6707492869488363 
0.8309747466954034 -0.597230005912082 
0.6446480978801217 -0.434266423324657 
0.002531413380629746 0.9519746324063507 
0.07559594201943581 0.6783597541883722 
0.42652937073809355 0.03342725927538751 
