0.48664147723734386 5.442719336519791 
0.8406008417020094 1.1931764757133296 
0.7789574191777728 1.2846315785407272 
0.4792723304180154 5.644843006156105 
0.40989081510976855 8.079416686485112 
0.5189733541827897 4.525501638179798 
0.7430380728967242 1.4344186431475996 
0.49626285163405365 5.173771858597889 
0.5368459208395873 4.043648902786583 
0.49031747908147566 5.294937815900635 
0.4741526483702974 5.777993655958927 
0.806052552884044 1.2418198872218942 
0.6961259108792435 1.4365644516655993 
0.669247722411509 1.498149741009479 
0.6353204518648375 2.048059572050747 
0.45340274242019263 6.500557595436761 
0.9999999999905933 1.0000000001287603 
0.3997813684720437 8.528855504801374 
0.3943804284960705 8.75304464495672 
0.4562480930556125 6.444074744024708 
0.6632143261909916 1.5550179600796596 
0.44136367080570194 6.934304330706249 
0.43536339288616893 7.08790143880576 
0.7432688656855329 1.3455457598816754 
0.4012196304365559 8.461862765617756 
0.6091653306130264 2.5227707463145985 
0.4262975693199867 7.47555813850169 
0.915719119419449 1.0921265525224972 
0.4926728524117677 5.237154567094645 
0.5030062125974593 4.924775484281761 
0.5484541243506478 3.7819865618021358 
0.6428486414796394 1.9075896377438197 
0.4459191394651955 6.790908915823044 
0.45003995415049836 6.600572327273537 
0.526935993232357 4.316024548489439 
0.6579078145742385 1.724135147395178 
0.6505694678947445 1.7850196115179713 
0.5900182284117722 2.8754578071411645 
0.5313634949721154 4.1745581771987075 
0.45773024971609827 6.364474410549304 
0.46511300592987515 6.051244138082061 
0.48073235466281294 5.562663597850031 
0.5214643372936106 4.436243509737709 
0.8791758476218251 1.1408242759360847 
0.4194405120240585 7.691501442823933 
0.6579311925665652 1.6429592707312914 
0.6337149704661713 2.1411425318176427 
0.9562196986862008 1.0459192264853405 
0.5796549112470614 3.080900503920316 
0.5691781482085578 3.3011137824592542 
0.6414539051391464 1.9672605023378198 
0.41383074380666446 7.947024571750885 
0.5443973884902267 3.864976825210548 
0.4336261356159315 7.1880869131988545 
0.611765306556142 2.442487992914354 
0.4723674196533616 5.8295548057435065 
0.4632117289660867 6.117428106304587 
0.6228393229386389 2.2738181563977227 
0.5655286952228086 3.3941562878985154 
0.4272279315644283 7.385175225715134 
0.5086000028754271 4.764935386177507 
0.4175178968078846 7.787062417110963 
0.6005487694050422 2.6620055666299307 
0.5174895531946568 4.615002935098325 
0.4051800097615966 8.305883006735137 
0.5139000374879024 4.693622724362463 
0.523842501905585 4.389316381954733 
0.6180937743717088 2.3354017815414907 
0.3914938879135513 8.89134274540196 
0.414910177144016 7.88303784851696 
0.4991474903657324 5.087571638216619 
0.47039784890301645 5.913776122957022 
0.5773217963030077 3.153637505551666 
0.540341769963398 3.9591261157072046 
0.4379011080917455 6.991582846601176 
0.4475305050874371 6.648396318730111 
0.5927183835442495 2.823491676308917 
0.4685760236598171 5.9990769551723835 
0.39609672967667064 8.676096652981014 
0.5587682287583333 3.5483607168962434 
0.402955652448336 8.383078651392852 
0.5943840393895153 2.778052585927898 
0.4303698812812991 7.265883055078365 
0.506755108796328 4.830755186493453 
0.45961764647198106 6.2686188758572 
0.5554978138988946 3.6189317788238466 
0.4066165038828403 8.21681316973218 
0.45035625102161836 6.544531433382854 
0.5518373260130242 3.712564299277181 
0.5979947112297818 2.715671836952237 
0.5843566578129399 2.981283212565632 
0.5007439594277832 4.9937827369245475 
0.441721849846651 6.8554368795240945 
0.47537912830890927 5.726159117828721 
0.5615239882450823 3.468016654143627 
0.42239317818587796 7.584414863619513 
0.3978924822672779 8.609582504430309 
0.6050290220134591 2.5765476105183263 
0.5734649407703841 3.208664853273603 
0.4124272924913954 7.99942678215762 
