0.48664147723734386 1.648652978112247 
0.8406008417020094 0.0029851497836621893 
0.7789574191777728 6.732990143531459E-4 
0.4792723304180154 1.7054170624042722 
0.40989081510976855 2.311678691234848 
0.5189733541827897 1.348614764525879 
0.7430380728967242 0.06582766433152643 
0.49626285163405365 1.5675507762518062 
0.5368459208395873 1.17081641876845 
0.49031747908147566 1.5962005617855741 
0.4741526483702974 1.7396509942397023 
0.806052552884044 9.720903173832118E-4 
0.6961259108792435 2.9737452456229767E-5 
0.669247722411509 0.002633302001986082 
0.6353204518648375 0.3011741327613865 
0.45340274242019263 1.9473706410314406 
0.9999999999905933 1.1935367462152097E-10 
0.3997813684720437 2.4096775252098164 
0.3943804284960705 2.4520294977232666 
0.4562480930556125 1.9400968134691072 
0.6632143261909916 0.031310188609121825 
0.44136367080570194 2.060550013884386 
0.43536339288616893 2.085812818841234 
0.7432688656855329 1.022706752312752E-4 
0.4012196304365559 2.395065451626009 
0.6091653306130264 0.5367844757396036 
0.4262975693199867 2.186812263753515 
0.915719119419449 8.116497049973418E-5 
0.4926728524117677 1.5802038790918354 
0.5030062125974593 1.4771926642413868 
0.5484541243506478 1.0742461280591074 
0.6428486414796394 0.22629140712425178 
0.4459191394651955 2.028196259930336 
0.45003995415049836 1.9705212675332309 
0.526935993232357 1.2742686822735179 
0.6579078145742385 0.13432198685339425 
0.6505694678947445 0.16127925884693006 
0.5900182284117722 0.6965725212422293 
0.5313634949721154 1.218207823000729 
0.45773024971609827 1.9132124612524506 
0.46511300592987515 1.8145123506788838 
0.48073235466281294 1.67415236959156 
0.5214643372936106 1.3133427818784558 
0.8791758476218251 0.0029851497836621893 
0.4194405120240585 2.226127303411855 
0.6579311925665652 0.08095415233053294 
0.6337149704661713 0.3568740763146808 
0.9562196986862008 1.285675999164493E-4 
0.5796549112470614 0.7858591081609573 
0.5691781482085578 0.8789218297259062 
0.6414539051391464 0.2619069316505933 
0.41383074380666446 2.2887230895775077 
0.5443973884902267 1.1040832902198694 
0.4336261356159315 2.1169423506418688 
0.611765306556142 0.4942294157449457 
0.4723674196533616 1.7536917613169138 
0.4632117289660867 1.8336644499470809 
0.6228393229386389 0.4162233610163415 
0.5655286952228086 0.9194927768775387 
0.4272279315644283 2.1551531359231366 
0.5086000028754271 1.423446151111104 
0.4175178968078846 2.2512379227038917 
0.6005487694050422 0.598664167188977 
0.5174895531946568 1.3882158068760617 
0.4051800097615966 2.3653777577476225 
0.5139000374879024 1.4120528940039405 
0.523842501905585 1.2993104751783375 
0.6180937743717088 0.4434973018273929 
0.3914938879135513 2.4809063401693625 
0.414910177144016 2.2707526301611547 
0.4991474903657324 1.539448615271703 
0.47039784890301645 1.7818275671330033 
0.5773217963030077 0.8206636695936245 
0.540341769963398 1.139281212869544 
0.4379011080917455 2.061621875841895 
0.4475305050874371 1.9753601625427442 
0.5927183835442495 0.6735354223324647 
0.4685760236598171 1.8110236252839182 
0.39609672967667064 2.436573510604488 
0.5587682287583333 0.9827112327757636 
0.402955652448336 2.3780089274977234 
0.5943840393895153 0.6512301176603127 
0.4303698812812991 2.1270172278178787 
0.506755108796328 1.4480098700999156 
0.45961764647198106 1.8811678543513217 
0.5554978138988946 1.0103086917858846 
0.4066165038828403 2.3410918441349784 
0.45035625102161836 1.9473706410314406 
0.5518373260130242 1.0487315555645362 
0.5979947112297818 0.6239573959331037 
0.5843566578129399 0.7421326940886772 
0.5007439594277832 1.5006065402097097 
0.441721849846651 2.028196259930336 
0.47537912830890927 1.7220965299915303 
0.5615239882450823 0.9473745429350956 
0.42239317818587796 2.203605098924458 
0.3978924822672779 2.425688153972703 
0.6050290220134591 0.5588860809630177 
0.5734649407703841 0.8400568000345601 
0.4124272924913954 2.299181929248423 
