-3.1412176679470067 1.000229952788057 
-3.1412176679470067 1.000229952788057 
-3.1412176679470067 1.000229952788057 
-3.141591265162018 1.0035729214940008 
-3.141591265162018 1.0035729214940008 
-3.141591265162018 1.0035729214940008 
-3.141591265162018 1.0035729214940008 
-3.141591265162018 1.0035729214940008 
-3.141591265162018 1.0035729214940008 
-3.141591265162018 1.0035729214940008 
-3.141591265162018 1.0035729214940008 
-3.141591265162018 1.0035729214940008 
-3.1412176679470067 1.000229952788057 
-3.1412176679470067 1.000229952788057 
-3.1412176679470067 1.000229952788057 
-3.1412176679470067 1.000229952788057 
-3.1412176679470067 1.000229952788057 
-3.1412176679470067 1.000229952788057 
-3.1412176679470067 1.000229952788057 
-3.1412176679470067 1.000229952788057 
-3.1412176679470067 1.000229952788057 
-3.1412176679470067 1.000229952788057 
-3.1412176679470067 1.000229952788057 
-3.1412176679470067 1.000229952788057 
-3.1412176679470067 1.000229952788057 
-3.1412176679470067 1.000229952788057 
-3.1412176679470067 1.000229952788057 
-3.1412176679470067 1.000229952788057 
-3.1412176679470067 1.000229952788057 
-3.1412176679470067 1.000229952788057 
-3.1412176679470067 1.000229952788057 
-3.1412176679470067 1.000229952788057 
-3.1412176679470067 1.000229952788057 
-3.1412176679470067 1.000229952788057 
-3.1412176679470067 1.000229952788057 
-3.1412176679470067 1.000229952788057 
-3.1412176679470067 1.000229952788057 
-3.1412176679470067 1.000229952788057 
-3.1412176679470067 1.000229952788057 
-3.1412176679470067 1.000229952788057 
-3.1412176679470067 1.000229952788057 
-3.1412176679470067 1.000229952788057 
-3.1412176679470067 1.000229952788057 
-3.1412176679470067 1.000229952788057 
-3.1412176679470067 1.000229952788057 
-3.1412176679470067 1.000229952788057 
-3.1412176679470067 1.000229952788057 
-3.1412176679470067 1.000229952788057 
-3.1412176679470067 1.000229952788057 
-3.141591265162018 1.0035729214940008 
-3.1412176679470067 1.000229952788057 
-3.141591265162018 1.0035729214940008 
-3.1412176679470067 1.000229952788057 
-3.141591265162018 1.0035729214940008 
-3.141591265162018 1.0035729214940008 
-3.141591265162018 1.0035729214940008 
-3.1412176679470067 1.000229952788057 
-3.1412176679470067 1.000229952788057 
-3.1412176679470067 1.000229952788057 
-3.141591265162018 1.0035729214940008 
-3.1412176679470067 1.000229952788057 
-3.1412176679470067 1.000229952788057 
-3.1412176679470067 1.000229952788057 
-3.1412176679470067 1.000229952788057 
-3.1412176679470067 1.000229952788057 
-3.141591265162018 1.0035729214940008 
-3.1412176679470067 1.000229952788057 
-3.1412176679470067 1.000229952788057 
-3.1412176679470067 1.000229952788057 
-3.1412176679470067 1.000229952788057 
-3.1412176679470067 1.000229952788057 
-3.1412176679470067 1.000229952788057 
-3.1412176679470067 1.000229952788057 
-3.1412176679470067 1.000229952788057 
-3.1412176679470067 1.000229952788057 
-3.1412176679470067 1.000229952788057 
-3.1412176679470067 1.000229952788057 
-3.1412176679470067 1.000229952788057 
-3.1412176679470067 1.000229952788057 
-3.1412176679470067 1.000229952788057 
-3.1412176679470067 1.000229952788057 
-3.1412176679470067 1.000229952788057 
-3.1412176679470067 1.000229952788057 
-3.1412176679470067 1.000229952788057 
-3.1412176679470067 1.000229952788057 
-3.1412176679470067 1.000229952788057 
-3.1412176679470067 1.000229952788057 
-3.1412176679470067 1.000229952788057 
-3.1412176679470067 1.000229952788057 
-3.1412176679470067 1.000229952788057 
-3.141591265162018 1.0035729214940008 
-3.141591265162018 1.0035729214940008 
-3.141591265162018 1.0035729214940008 
-3.141591265162018 1.0035729214940008 
-3.141591265162018 1.0035729214940008 
-3.141591265162018 1.0035729214940008 
-3.141591265162018 1.0035729214940008 
-3.141591265162018 1.0035729214940008 
-3.141591265162018 1.0035729214940008 
-3.141591265162018 1.0035729214940008 
