-3.1412176679470067 -4.999999648456017 -0.001874928169973346 
-3.1412176679470067 -4.999999648456017 -0.001874928169973346 
-3.1412176679470067 -4.999999648456017 -0.001874928169973346 
-3.141591265162018 -4.999999999997084 -6.983166523405427E-6 
-3.141591265162018 -4.999999999997084 -6.983166523405427E-6 
-3.141591265162018 -4.999999999997084 -6.983166523405427E-6 
-3.141591265162018 -4.999999999997084 -6.983166523405427E-6 
-3.141591265162018 -4.999999999997084 -6.983166523405427E-6 
-3.141591265162018 -4.999999999997084 -6.983166523405427E-6 
-3.141591265162018 -4.999999999997084 -6.983166523405427E-6 
-3.141591265162018 -4.999999999997084 -6.983166523405427E-6 
-3.141591265162018 -4.999999999997084 -6.983166523405427E-6 
-3.1412176679470067 -4.999999648456017 -0.001874928169973346 
-3.1412176679470067 -4.999999648456017 -0.001874928169973346 
-3.1412176679470067 -4.999999648456017 -0.001874928169973346 
-3.1412176679470067 -4.999999648456017 -0.001874928169973346 
-3.1412176679470067 -4.999999648456017 -0.001874928169973346 
-3.1412176679470067 -4.999999648456017 -0.001874928169973346 
-3.1412176679470067 -4.999999648456017 -0.001874928169973346 
-3.1412176679470067 -4.999999648456017 -0.001874928169973346 
-3.1412176679470067 -4.999999648456017 -0.001874928169973346 
-3.1412176679470067 -4.999999648456017 -0.001874928169973346 
-3.1412176679470067 -4.999999648456017 -0.001874928169973346 
-3.1412176679470067 -4.999999648456017 -0.001874928169973346 
-3.1412176679470067 -4.999999648456017 -0.001874928169973346 
-3.1412176679470067 -4.999999648456017 -0.001874928169973346 
-3.1412176679470067 -4.999999648456017 -0.001874928169973346 
-3.1412176679470067 -4.999999648456017 -0.001874928169973346 
-3.1412176679470067 -4.999999648456017 -0.001874928169973346 
-3.1412176679470067 -4.999999648456017 -0.001874928169973346 
-3.1412176679470067 -4.999999648456017 -0.001874928169973346 
-3.1412176679470067 -4.999999648456017 -0.001874928169973346 
-3.1412176679470067 -4.999999648456017 -0.001874928169973346 
-3.1412176679470067 -4.999999648456017 -0.001874928169973346 
-3.1412176679470067 -4.999999648456017 -0.001874928169973346 
-3.1412176679470067 -4.999999648456017 -0.001874928169973346 
-3.1412176679470067 -4.999999648456017 -0.001874928169973346 
-3.1412176679470067 -4.999999648456017 -0.001874928169973346 
-3.1412176679470067 -4.999999648456017 -0.001874928169973346 
-3.1412176679470067 -4.999999648456017 -0.001874928169973346 
-3.1412176679470067 -4.999999648456017 -0.001874928169973346 
-3.1412176679470067 -4.999999648456017 -0.001874928169973346 
-3.1412176679470067 -4.999999648456017 -0.001874928169973346 
-3.1412176679470067 -4.999999648456017 -0.001874928169973346 
-3.1412176679470067 -4.999999648456017 -0.001874928169973346 
-3.1412176679470067 -4.999999648456017 -0.001874928169973346 
-3.1412176679470067 -4.999999648456017 -0.001874928169973346 
-3.1412176679470067 -4.999999648456017 -0.001874928169973346 
-3.1412176679470067 -4.999999648456017 -0.001874928169973346 
-3.141591265162018 -4.999999999997084 -6.983166523405427E-6 
-3.1412176679470067 -4.999999648456017 -0.001874928169973346 
-3.141591265162018 -4.999999999997084 -6.983166523405427E-6 
-3.1412176679470067 -4.999999648456017 -0.001874928169973346 
-3.141591265162018 -4.999999999997084 -6.983166523405427E-6 
-3.141591265162018 -4.999999999997084 -6.983166523405427E-6 
-3.141591265162018 -4.999999999997084 -6.983166523405427E-6 
-3.1412176679470067 -4.999999648456017 -0.001874928169973346 
-3.1412176679470067 -4.999999648456017 -0.001874928169973346 
-3.1412176679470067 -4.999999648456017 -0.001874928169973346 
-3.141591265162018 -4.999999999997084 -6.983166523405427E-6 
-3.1412176679470067 -4.999999648456017 -0.001874928169973346 
-3.1412176679470067 -4.999999648456017 -0.001874928169973346 
-3.1412176679470067 -4.999999648456017 -0.001874928169973346 
-3.1412176679470067 -4.999999648456017 -0.001874928169973346 
-3.1412176679470067 -4.999999648456017 -0.001874928169973346 
-3.141591265162018 -4.999999999997084 -6.983166523405427E-6 
-3.1412176679470067 -4.999999648456017 -0.001874928169973346 
-3.1412176679470067 -4.999999648456017 -0.001874928169973346 
-3.1412176679470067 -4.999999648456017 -0.001874928169973346 
-3.1412176679470067 -4.999999648456017 -0.001874928169973346 
-3.1412176679470067 -4.999999648456017 -0.001874928169973346 
-3.1412176679470067 -4.999999648456017 -0.001874928169973346 
-3.1412176679470067 -4.999999648456017 -0.001874928169973346 
-3.1412176679470067 -4.999999648456017 -0.001874928169973346 
-3.1412176679470067 -4.999999648456017 -0.001874928169973346 
-3.1412176679470067 -4.999999648456017 -0.001874928169973346 
-3.1412176679470067 -4.999999648456017 -0.001874928169973346 
-3.1412176679470067 -4.999999648456017 -0.001874928169973346 
-3.1412176679470067 -4.999999648456017 -0.001874928169973346 
-3.1412176679470067 -4.999999648456017 -0.001874928169973346 
-3.1412176679470067 -4.999999648456017 -0.001874928169973346 
-3.1412176679470067 -4.999999648456017 -0.001874928169973346 
-3.1412176679470067 -4.999999648456017 -0.001874928169973346 
-3.1412176679470067 -4.999999648456017 -0.001874928169973346 
-3.1412176679470067 -4.999999648456017 -0.001874928169973346 
-3.1412176679470067 -4.999999648456017 -0.001874928169973346 
-3.1412176679470067 -4.999999648456017 -0.001874928169973346 
-3.1412176679470067 -4.999999648456017 -0.001874928169973346 
-3.1412176679470067 -4.999999648456017 -0.001874928169973346 
-3.1412176679470067 -4.999999648456017 -0.001874928169973346 
-3.141591265162018 -4.999999999997084 -6.983166523405427E-6 
-3.141591265162018 -4.999999999997084 -6.983166523405427E-6 
-3.141591265162018 -4.999999999997084 -6.983166523405427E-6 
-3.141591265162018 -4.999999999997084 -6.983166523405427E-6 
-3.141591265162018 -4.999999999997084 -6.983166523405427E-6 
-3.141591265162018 -4.999999999997084 -6.983166523405427E-6 
-3.141591265162018 -4.999999999997084 -6.983166523405427E-6 
-3.141591265162018 -4.999999999997084 -6.983166523405427E-6 
-3.141591265162018 -4.999999999997084 -6.983166523405427E-6 
-3.141591265162018 -4.999999999997084 -6.983166523405427E-6 
