0.7260592988142579 1.387376643180639 
0.6650137874057497 1.5730127908691163 
0.5767120902405841 3.1440594241422306 
0.4823368071972461 5.531474900628899 
0.8244441820600387 1.2129388064530477 
0.5941874708124246 2.7955187846846177 
0.9999999947778555 1.000000005222363 
0.40496190275183797 8.318469452259336 
0.5090607179902747 4.776790376019784 
0.40726620115411694 8.279927206447823 
0.4372044675929102 7.020249109235447 
0.9005196875607574 1.1277155525791118 
0.6653889296833795 1.5239884441375329 
0.5394452074911994 3.991161576042756 
0.47086068852748786 5.8730251470144585 
0.39593590005428797 8.683657694906845 
0.7023459666214956 1.464019504714455 
0.4863671350489167 5.407799071136572 
0.4892763334195612 5.324161572908956 
0.5337226586029976 4.151985379498994 
0.6374681842470575 2.0605743209529264 
0.6081557549444135 2.5201623536038533 
0.5078211137392694 4.869562287132144 
0.9256158579069353 1.080439004906201 
0.564818011635039 3.4100068728530877 
0.5107151058258453 4.706567437911723 
0.7639624494957109 1.3089648706694261 
0.7880613145973832 1.2689375149442623 
0.5479998683286901 3.8563629668510537 
0.42419144878092907 7.502348106039897 
0.4930770073988601 5.250987994969435 
0.45941778496036806 6.239587834178906 
0.595621627774879 2.7529908927954168 
0.42951452236041765 7.377991174938722 
0.40354275845665205 8.356325144079756 
0.5513143590197824 3.720391741516704 
0.5853280772994893 3.0151712112719777 
0.8651658460007233 1.1558487759209295 
0.9560812098033091 1.046244983302489 
0.6397478390094458 1.9418575411702654 
0.44998850006146907 6.570622875296171 
0.40135439532026734 8.44187067021574 
0.5905701443399494 2.8853390624157313 
0.6004735153545785 2.6744882392396687 
0.45390542151004326 6.455070436892538 
0.4800706928692279 5.601169630867733 
0.41544265967019567 7.8943123694124555 
0.6478177947722948 1.8437572498782766 
0.43923956820585613 6.9593945337590535 
0.6067042346803121 2.593759603352074 
0.44616281939519686 6.765088936686296 
0.5369862652828195 4.036038712545065 
0.6209858439458901 2.2957796014604073 
0.5536085503491475 3.6675965005363587 
0.39244541456341503 8.844386383928235 
0.397068930683598 8.638414149103939 
0.5215336726788856 4.432908439925139 
0.4188329194449748 7.727113574099417 
0.49697850065886007 5.087226646813853 
0.4212087659128022 7.6319778846768305 
0.5002483516623392 5.006762939243608 
0.6127672134067939 2.440990632212159 
0.4442762902467309 6.817842106426563 
0.5179587279124175 4.541566773709323 
0.40781197425002 8.167636258327944 
0.6625619715712654 1.6305658846254092 
0.39915200994152583 8.538633239994216 
0.5613462250918435 3.4744760871200104 
0.43516354671411683 7.094978467746513 
0.49579630258891066 5.166721610310607 
0.4101675374560483 8.108770015603323 
0.5154427950957879 4.6050087747036414 
0.44108144121648896 6.874648776404299 
0.4677140990053066 5.9680006729297785 
0.6294590563027377 2.1558929365243835 
0.46148875343634277 6.172353252892672 
0.45632442484648744 6.354067433549865 
0.5577966857657696 3.563975930902882 
0.5739549159089506 3.203124459826981 
0.5710207108567819 3.2589277899181974 
0.4160408997477696 7.833958556309148 
0.5286183363956336 4.249596412965097 
0.4114838321726987 8.060576297061942 
0.5034412371007785 4.931264750253748 
0.6237760525722316 2.2264956268645864 
0.4842355573333895 5.472611196895346 
0.46728383558862613 6.109211503340797 
0.47717162232996935 5.684727772923405 
0.6163100688040701 2.3661507170578155 
0.5129054019249569 4.655625934894926 
0.43377289712009104 7.175600976692933 
0.5256273159389945 4.319178548972782 
0.569335340482609 3.335849593753864 
0.651933415504742 1.7504689153665223 
0.4741316059367728 5.768575709871208 
0.4471622529767053 6.662769554971858 
0.4128959640454156 7.953559301387205 
0.6558409742332342 1.6827110701972072 
0.540423379792253 3.954452744296567 
0.43034572911777286 7.269628121832789 
