0.7260592988142579 0.007317712739013667 
0.6650137874057497 0.04607519369355939 
0.5767120902405841 0.813217082337673 
0.4823368071972461 1.668033942661047 
0.8244441820600387 3.421750624008459E-7 
0.5941874708124246 0.6610622362803761 
0.9999999947778555 2.184918912462308E-13 
0.40496190275183797 2.36866321736998 
0.5090607179902747 1.431676338505666 
0.40726620115411694 2.372134499202625 
0.4372044675929102 2.069284274172886 
0.9005196875607574 0.015530057065948732 
0.6653889296833795 0.014045039694511763 
0.5394452074911994 1.1530129845192871 
0.47086068852748786 1.7653766644624789 
0.39593590005428797 2.4381718251962856 
0.7023459666214956 0.028248194191397298 
0.4863671350489167 1.6301757411488877 
0.4892763334195612 1.604986252926218 
0.5337226586029976 1.2160086752269792 
0.6374681842470575 0.3135505708839754 
0.6081557549444135 0.5326512387384414 
0.5078211137392694 1.4728665440741895 
0.9256158579069353 7.147644236865647E-5 
0.564818011635039 0.9260333015866982 
0.5107151058258453 1.4037150871295632 
0.7639624494957109 8.900451159182983E-9 
0.7880613145973832 5.6616891207406E-7 
0.5479998683286901 1.113286398062014 
0.42419144878092907 2.1824319123599234 
0.4930770073988601 1.5891414464468698 
0.45941778496036806 1.8665776218441328 
0.595621627774879 0.6397409168162236 
0.42951452236041765 2.168954355483182 
0.40354275845665205 2.372134499202625 
0.5513143590197824 1.0511053882767736 
0.5853280772994893 0.764864367822599 
0.8651658460007233 8.840685314258009E-7 
0.9560812098033091 2.951693864866045E-4 
0.6397478390094458 0.24229916562787324 
0.44998850006146907 1.9567047321241013 
0.40135439532026734 2.3881818982163385 
0.5905701443399494 0.7039951065605529 
0.6004735153545785 0.6059593547907208 
0.45390542151004326 1.929991467534727 
0.4800706928692279 1.6889573855687496 
0.41544265967019567 2.2796341270160347 
0.6478177947722948 0.1944187557115763 
0.43923956820585613 2.0568414499825223 
0.6067042346803121 0.5736449350964299 
0.44616281939519686 2.0183311534512125 
0.5369862652828195 1.1672973547864536 
0.6209858439458901 0.42564663332665015 
0.5536085503491475 1.03041278192754 
0.39244541456341503 2.4709388809997392 
0.397068930683598 2.430045868986764 
0.5215336726788856 1.3119110193233872 
0.4188329194449748 2.2363695371229526 
0.49697850065886007 1.528242271445349 
0.4212087659128022 2.2146559862785264 
0.5002483516623392 1.5046249075207034 
0.6127672134067939 0.4957590276527326 
0.4442762902467309 2.029005598531151 
0.5179587279124175 1.352344148839783 
0.40781197425002 2.3308598674647656 
0.6625619715712654 0.08035094729425551 
0.39915200994152583 2.408212619897214 
0.5613462250918435 0.950384035676697 
0.43516354671411683 2.087475993884863 
0.49579630258891066 1.5616414708982216 
0.4101675374560483 2.325954229097457 
0.5154427950957879 1.3736185942738746 
0.44108144121648896 2.0322799901535804 
0.4677140990053066 1.7913180576024148 
0.6294590563027377 0.3570463333143764 
0.46148875343634277 1.8484716084461947 
0.45632442484648744 1.8995161670504386 
0.5577966857657696 0.9879739624066007 
0.5739549159089506 0.8384490299858978 
0.5710207108567819 0.8609152632300102 
0.4160408997477696 2.259247166353596 
0.5286183363956336 1.2464145861744613 
0.4114838321726987 2.3167968242354693 
0.5034412371007785 1.4826020263392083 
0.6237760525722316 0.3888346531949278 
0.4842355573333895 1.6500329329975658 
0.46728383558862613 1.8547357837032445 
0.47717162232996935 1.7125907739100945 
0.6163100688040701 0.4582825112307023 
0.5129054019249569 1.3878956913495353 
0.43377289712009104 2.1125812242378483 
0.5256273159389945 1.2702782277578442 
0.569335340482609 0.8992170642586291 
0.651933415504742 0.1411891787297781 
0.4741316059367728 1.735064065289095 
0.4471622529767053 1.979339045265816 
0.4128959640454156 2.2839925353386525 
0.6558409742332342 0.10359086763118452 
0.540423379792253 1.1370787173015005 
0.43034572911777286 2.128453414505197 
