0.42176127098199656 0.08426371416143774 
0.0722528539476387 0.6759990880547924 
0.05020046652846756 0.7258740822139613 
0.054051037317054906 0.7140049670871698 
0.03957535539520457 0.7637103347233767 
0.4247309319166467 0.050584930591799346 
0.03392318577047693 0.7862931127015355 
0.4416762200251964 -0.09115924724382059 
0.6342750127596224 -0.35475091924588514 
0.6292039745734631 -0.2927903080712489 
0.6522245799515192 -0.4581401534498215 
0.06112029680168529 0.6954637516512435 
0.4352476761529388 -0.04899039458894935 
0.06460426594871205 0.6880398874019035 
0.4440742635042999 -0.1027495311789348 
0.22401115917895556 0.37339161149690187 
0.6511288151003971 -0.45758310854832646 
0.6471030674332696 -0.44879090696630386 
0.0697041937550339 0.6793471594059589 
0.6512655054159648 -0.45769375514615374 
0.002468549836263323 0.950272183505893 
0.8343125328912693 -0.6483537891321912 
0.6503934995833959 -0.45673677827219455 
0.43743681714519633 -0.06510625522101238 
0.45171621645554216 -0.12310070774152665 
0.21827000871709343 0.41439290941744666 
0.6464792936887309 -0.4464793001227235 
0.06921245166830463 0.6800600188087984 
0.4461554202860665 -0.1107939053128703 
0.6497783586860373 -0.4557614434980418 
0.43318987408877696 -0.032275010035883345 
0.8438829938647688 -0.7468757221622504 
0.630872842231965 -0.31455240642664006 
0.6445329333042176 -0.4378158961426827 
0.8462425006469371 -0.7601880220480944 
0.01826023160463307 0.8550452504116263 
0.012356961378957379 0.8842888023631431 
0.4314092580452843 -0.016623022245087084 
0.4503770300260374 -0.12136273662126872 
0.8396491485025475 -0.7119129391754104 
0.8498524335653944 -0.7716427416207975 
0.07898061748124235 0.6706281221046034 
0.8360174498529029 -0.6709153121193379 
0.6391288078811936 -0.4015834378721592 
0.08045027182304759 0.6701175257886897 
0.4533368243316453 -0.1240915404336311 
0.0019903487366737943 0.9553677169234008 
0.2018050753139812 0.5394329829303774 
0.2498126493163907 0.25048063173245605 
0.029119594295312523 0.8064144722689474 
0.6371235463413589 -0.38384182763408176 
0.021338825973126502 0.8407505512529502 
0.04384908857215514 0.7476874233651285 
0.8507657175257433 -0.7728043559675636 
0.8436818441877068 -0.7455715111777176 
0.07472977168903615 0.6734436331484376 
0.4490183318191592 -0.11879392551755154 
0.640906460522802 -0.4154321267834809 
0.44786424293679744 -0.11601512222521135 
0.25449995057848207 0.24364775755257168 
0.05725937492491845 0.7050692236839762 
0.6480069952207265 -0.45163925786666453 
0.2268535115874603 0.3543194948525359 
0.077703941718211 0.6712744340495637 
0.2510872780184129 0.24806650267270414 
0.8501817530874458 -0.7721629810072548 
0.008824910129706182 0.9037649909405253 
0.23038447721438976 0.332090464856793 
0.21364376961364387 0.44906898965577746 
0.23935329128557933 0.28474204572475237 
0.025845413978369647 0.820557748405574 
0.8418282946116286 -0.7317003013603339 
0.451529020019028 -0.1228989787181627 
0.04593035522716035 0.7402154727778585 
0.24774961028360437 0.25521667058095177 
0.24601378727123685 0.26006113697416217 
0.427957089893217 0.016524919098294184 
0.25709999135974415 0.2423198943087823 
0.8490026458298857 -0.769926936624924 
0.23645663022474078 0.2984767388196175 
0.8385703161865978 -0.700732886742537 
0.20537334541095237 0.5124113871207642 
0.23231803383899075 0.32070808168343545 
0.848570517178476 -0.7688422743646854 
0.2567339050822807 0.2423723581437188 
0.24101328967295385 0.27770497810839817 
0.24377031359559742 0.2672789657306002 
0.005375312531817084 0.9259022586149755 
0.4523828887796025 -0.12364123106147133 
0.21025643277223866 0.4749700094998134 
0.2527790836174399 0.2455378410482444 
0.08179679511357302 0.6698043765680352 
0.22013803451276998 0.4007279834660472 
0.2558309811130994 0.24274768273607575 
0.25513872059406745 0.24314385135472055 
0.6429448782072612 -0.4289490578999893 
0.4401050792835657 -0.08233315473428286 
0.8512572421421314 -0.7731745280014669 
0.8472692014394737 -0.7645283372357209 
