2.896889867288681 0.2059111423743885 
2.8967137064430815 0.2657544123872239 
2.9000437769397793 0.16824316900235364 
2.9000449691524626 0.15356279791726588 
2.90004431307588 0.15548667047958936 
2.8964236193994766 0.2870349613861316 
2.233351723893105 0.5820501759412198 
2.900051268467644 0.14564930500596546 
2.896625962373947 0.2755605208386078 
2.8963788010168035 0.3627332408275008 
2.900045042945924 0.15318395097231963 
-3.1412727024511997 1.0463492440094422 
-3.1414632983216566 1.052564790746933 
2.90004431307588 0.15548667047958936 
2.8965487082316455 0.2811559400664161 
2.199961893774094 0.8449078534546166 
2.23348214399252 0.4864552256775425 
2.9000514520930256 0.14145371162723266 
2.900045042945924 0.15318395097231963 
2.900044245005606 0.1557203427379178 
2.896889867288681 0.2059111423743885 
2.90004431307588 0.15548667047958936 
2.8997868866705305 0.1757711900651369 
2.9000437769397793 0.16824316900235364 
2.8963788010168035 0.3627332408275008 
2.2334058672901835 0.5740488661475635 
2.199961893774094 0.8449078534546166 
2.899763236100933 0.1788028452919908 
-3.1412727024511997 1.0463492440094422 
2.89684292725158 0.21974346136110087 
2.8965487082316455 0.2811559400664161 
2.2334058672901835 0.5740488661475635 
2.896889867288681 0.2059111423743885 
2.89684292725158 0.21974346136110087 
2.2334058672901835 0.5740488661475635 
2.900044245005606 0.1557203427379178 
2.896889867288681 0.2059111423743885 
2.9000437769397793 0.16824316900235364 
2.896889867288681 0.2059111423743885 
2.23348214399252 0.4864552256775425 
2.8965487082316455 0.2811559400664161 
2.8965487082316455 0.2811559400664161 
2.2334058672901835 0.5740488661475635 
2.2333521302503443 0.5819703465872447 
2.201464986277542 0.7647510128065571 
2.8997873334352438 0.1695807486976954 
2.8997873334352438 0.1695807486976954 
2.9000514520930256 0.14145371162723266 
2.23348214399252 0.4864552256775425 
2.900044245005606 0.1557203427379178 
2.8997873334352438 0.1695807486976954 
-3.141592653589793 1.0908203970431258 
2.8997873334352438 0.1695807486976954 
2.8997873334352438 0.1695807486976954 
2.9000514520930256 0.14145371162723266 
2.8965487082316455 0.2811559400664161 
2.8997873334352438 0.1695807486976954 
2.8965487082316455 0.2811559400664161 
-3.1412727024511997 1.0463492440094422 
2.896714803794283 0.26560235189125925 
2.8965487082316455 0.2811559400664161 
2.900045149661484 0.1511495833739191 
2.8997873334352438 0.1695807486976954 
2.896889867288681 0.2059111423743885 
2.8997873334352438 0.1695807486976954 
2.9000449691524626 0.15356279791726588 
2.900045042945924 0.15318395097231963 
2.9000514520930256 0.14145371162723266 
2.896714803794283 0.26560235189125925 
2.900044245005606 0.1557203427379178 
2.9000512618398018 0.14675253898449753 
2.8997873334352438 0.1695807486976954 
-3.1414632983216566 1.052564790746933 
2.277799483258197 0.42475437879602734 
2.277799483258197 0.42475437879602734 
2.90004431307588 0.15548667047958936 
2.277799483258197 0.42475437879602734 
2.277799483258197 0.42475437879602734 
2.2333521302503443 0.5819703465872447 
2.8997873334352438 0.1695807486976954 
2.8965487082316455 0.2811559400664161 
2.277799483258197 0.42475437879602734 
2.896800004510804 0.2621502655957041 
2.277799483258197 0.42475437879602734 
-3.1412727024511997 1.0463492440094422 
2.202442990074069 0.6734386231374125 
2.277799483258197 0.42475437879602734 
2.23348214399252 0.4864552256775425 
2.2334058672901835 0.5740488661475635 
2.277799483258197 0.42475437879602734 
2.277799483258197 0.42475437879602734 
2.8997873334352438 0.1695807486976954 
2.277799483258197 0.42475437879602734 
2.277799483258197 0.42475437879602734 
2.277799483258197 0.42475437879602734 
2.8997873334352438 0.1695807486976954 
2.277799483258197 0.42475437879602734 
2.8997873334352438 0.1695807486976954 
2.8997873334352438 0.1695807486976954 
2.277799483258197 0.42475437879602734 
