2.896889867288681 -4.8499705416301575 1.2113596824519521 
2.8967137064430815 -4.849970991793632 1.2113601133741245 
2.9000437769397793 -4.854633610163795 1.1959967426807236 
2.9000449691524626 -4.854625758752497 1.1960226029426133 
2.90004431307588 -4.854633013343892 1.1960228217255795 
2.8964236193994766 -4.849970984653971 1.2113743684745528 
2.233351723893105 -3.088659745874062 3.941625940512555 
2.900051268467644 -4.854623032842985 1.1959970052406883 
2.896625962373947 -4.849970991793632 1.2113601133741245 
2.8963788010168035 -4.854625758752497 1.2118715441731196 
2.900045042945924 -4.854625758752497 1.1960226082327254 
-3.1412727024511997 -4.999999957137492 -0.0015339309146222835 
-3.1414632983216566 -4.999999961909452 -5.140288606021448E-4 
2.90004431307588 -4.854633013343892 1.1960228217255795 
2.8965487082316455 -4.849969793216977 1.2113743684745528 
2.199961893774094 -3.020704561065454 4.039866132139922 
2.23348214399252 -3.080900584615515 3.9415840969952103 
2.9000514520930256 -4.854622957884601 1.1959967426807236 
2.900045042945924 -4.854625758752497 1.1960226082327254 
2.900044245005606 -4.854633183463791 1.1960228217255795 
2.896889867288681 -4.8499705416301575 1.2113596824519521 
2.90004431307588 -4.854633013343892 1.1960228217255795 
2.8997868866705305 -4.854536322995303 1.1964994548345944 
2.9000437769397793 -4.854633610163795 1.1959967426807236 
2.8963788010168035 -4.854625758752497 1.2118715441731196 
2.2334058672901835 -3.0887709503417695 3.9415840969952103 
2.199961893774094 -3.020704561065454 4.039866132139922 
2.899763236100933 -4.854507781574168 1.1964983078640041 
-3.1412727024511997 -4.999999957137492 -0.0015339309146222835 
2.89684292725158 -4.850032931974436 1.2116575419461095 
2.8965487082316455 -4.849969793216977 1.2113743684745528 
2.2334058672901835 -3.0887709503417695 3.9415840969952103 
2.896889867288681 -4.8499705416301575 1.2113596824519521 
2.89684292725158 -4.850032931974436 1.2116575419461095 
2.2334058672901835 -3.0887709503417695 3.9415840969952103 
2.900044245005606 -4.854633183463791 1.1960228217255795 
2.896889867288681 -4.8499705416301575 1.2113596824519521 
2.9000437769397793 -4.854633610163795 1.1959967426807236 
2.896889867288681 -4.8499705416301575 1.2113596824519521 
2.23348214399252 -3.080900584615515 3.9415840969952103 
2.8965487082316455 -4.849969793216977 1.2113743684745528 
2.8965487082316455 -4.849969793216977 1.2113743684745528 
2.2334058672901835 -3.0887709503417695 3.9415840969952103 
2.2333521302503443 -3.088659745874062 3.9416259932110105 
2.201464986277542 -2.9954999445254735 4.036127667899469 
2.8997873334352438 -4.854536322995303 1.1964994548345944 
2.8997873334352438 -4.854536322995303 1.1964994548345944 
2.9000514520930256 -4.854622957884601 1.1959967426807236 
2.23348214399252 -3.080900584615515 3.9415840969952103 
2.900044245005606 -4.854633183463791 1.1960228217255795 
2.8997873334352438 -4.854536322995303 1.1964994548345944 
-3.141592653589793 -4.999999999779851 7.342755568695131E-4 
2.8997873334352438 -4.854536322995303 1.1964994548345944 
2.8997873334352438 -4.854536322995303 1.1964994548345944 
2.9000514520930256 -4.854622957884601 1.1959967426807236 
2.8965487082316455 -4.849969793216977 1.2113743684745528 
2.8997873334352438 -4.854536322995303 1.1964994548345944 
2.8965487082316455 -4.849969793216977 1.2113743684745528 
-3.1412727024511997 -4.999999957137492 -0.0015339309146222835 
2.896714803794283 -4.849970991793632 1.2113601133741245 
2.8965487082316455 -4.849969793216977 1.2113743684745528 
2.900045149661484 -4.854639159868813 1.196022784698838 
2.8997873334352438 -4.854536322995303 1.1964994548345944 
2.896889867288681 -4.8499705416301575 1.2113596824519521 
2.8997873334352438 -4.854536322995303 1.1964994548345944 
2.9000449691524626 -4.854625758752497 1.1960226029426133 
2.900045042945924 -4.854625758752497 1.1960226082327254 
2.9000514520930256 -4.854622957884601 1.1959967426807236 
2.896714803794283 -4.849970991793632 1.2113601133741245 
2.900044245005606 -4.854633183463791 1.1960228217255795 
2.9000512618398018 -4.854622630657101 1.1959967426807236 
2.8997873334352438 -4.854536322995303 1.1964994548345944 
-3.1414632983216566 -4.999999961909452 -5.140288606021448E-4 
2.277799483258197 -3.2475118856424205 3.8026639581622073 
2.277799483258197 -3.2475118856424205 3.8026639581622073 
2.90004431307588 -4.854633013343892 1.1960228217255795 
2.277799483258197 -3.2475118856424205 3.8026639581622073 
2.277799483258197 -3.2475118856424205 3.8026639581622073 
2.2333521302503443 -3.088659745874062 3.9416259932110105 
2.8997873334352438 -4.854536322995303 1.1964994548345944 
2.8965487082316455 -4.849969793216977 1.2113743684745528 
2.277799483258197 -3.2475118856424205 3.8026639581622073 
2.896800004510804 -4.84989795959676 1.211173924275291 
2.277799483258197 -3.2475118856424205 3.8026639581622073 
-3.1412727024511997 -4.999999957137492 -0.0015339309146222835 
2.202442990074069 -2.9430587174019998 4.028800729195736 
2.277799483258197 -3.2475118856424205 3.8026639581622073 
2.23348214399252 -3.080900584615515 3.9415840969952103 
2.2334058672901835 -3.0887709503417695 3.9415840969952103 
2.277799483258197 -3.2475118856424205 3.8026639581622073 
2.277799483258197 -3.2475118856424205 3.8026639581622073 
2.8997873334352438 -4.854536322995303 1.1964994548345944 
2.277799483258197 -3.2475118856424205 3.8026639581622073 
2.277799483258197 -3.2475118856424205 3.8026639581622073 
2.277799483258197 -3.2475118856424205 3.8026639581622073 
2.8997873334352438 -4.854536322995303 1.1964994548345944 
2.277799483258197 -3.2475118856424205 3.8026639581622073 
2.8997873334352438 -4.854536322995303 1.1964994548345944 
2.8997873334352438 -4.854536322995303 1.1964994548345944 
2.277799483258197 -3.2475118856424205 3.8026639581622073 
