0.48769761164712166 5.355915081230738 
0.4310065370684538 7.241723721012447 
0.6611786340114204 1.5899577671515412 
0.6094479815259085 2.4862658200627172 
0.666898939333441 1.4994775690665332 
0.6658199205988726 1.5137744554599852 
0.6085281010776448 2.5036323235907028 
0.6330072401451587 2.0586893391258374 
0.42269443465290174 7.58026148789184 
0.5433202426286646 3.885638345423724 
0.3914071396231473 8.884595646850643 
0.4071660814093252 8.192371379103662 
0.5773027207528266 3.125973825186749 
0.4141686726320781 7.901532265695832 
0.4792741831577647 5.606602390167801 
0.43127918694433776 7.236936392777773 
0.49254459089012825 5.224758196490932 
0.6171505625107441 2.34268212738085 
0.642054868200489 1.9036721256206126 
0.5167731308504134 4.546578271394201 
0.5998612449048386 2.6706194489907085 
0.3947736007986801 8.73233419494071 
0.6283660809633361 2.140475503890868 
0.45326700592246516 6.443498375330159 
0.5716650770188092 3.2524587711837714 
0.47228904198401295 5.821539012090628 
0.5433202426286646 3.885638345423724 
0.481276368924844 5.548478676709681 
0.44349744123043094 6.784769671631134 
0.6171505625107441 2.34268212738085 
0.3996334339762478 8.517508872101148 
0.4393099688946506 6.935591944885314 
0.4599614373855736 6.223019115047072 
0.5081061382143508 4.778533626423654 
0.6523288023077601 1.731464903569224 
0.44349744123043094 6.784769671631134 
0.4965518037418273 5.097358929776576 
0.5887152773714277 2.8904423275793505 
0.5887152773714277 2.8904423275793505 
0.5221496470009309 4.406935470177457 
0.43556214453038816 7.074668038813566 
0.4071660814093252 8.192371379103662 
0.5237040536787432 4.3669679922408315 
0.6446986153152272 1.860419832003643 
0.3996334339762478 8.517508872101148 
0.4599614373855736 6.223019115047072 
0.5037329081604667 4.896771496335759 
0.4990872852459274 5.0262657399031765 
0.5635588901573192 3.4212205595374265 
0.6590122544013477 1.6224438076225125 
0.3903278940319219 8.934204784287342 
0.42269443465290174 7.58026148789184 
0.6283660809633361 2.140475503890868 
0.5895631648530167 2.8739624697587343 
0.5186282576377683 4.497711901580808 
0.5339763659688838 4.1097221262950105 
0.5618348109593295 3.4627299031026166 
0.5635588901573192 3.4212205595374265 
0.5339763659688838 4.1097221262950105 
0.4393099688946506 6.935591944885314 
0.4207116924070623 7.639817771241211 
0.4081305399013617 8.157038842542466 
0.48769761164712166 5.355915081230738 
0.45326700592246516 6.443498375330159 
0.4990872852459274 5.0262657399031765 
0.5167731308504134 4.546578271394201 
0.5773027207528266 3.125973825186749 
0.4207116924070623 7.639817771241211 
0.5050996704673506 4.858961674326999 
0.5573241361551198 3.561152069566359 
0.5489976130860243 3.7510955207915115 
0.6330072401451587 2.0586893391258374 
0.3947736007986801 8.73233419494071 
0.47228904198401295 5.821539012090628 
0.5453976685280519 3.8357931076878775 
0.5489976130860243 3.7510955207915115 
0.3903278940319219 8.934204784287342 
0.4676606692670595 5.968521184296659 
0.4141686726320781 7.901532265695832 
0.45326700592246516 6.443498375330159 
0.4676606692670595 5.968521184296659 
0.6130256079156945 2.4198410529931205 
0.5365285496498094 4.053993937940729 
0.5960431430019725 2.753712255271702 
0.4141686726320781 7.901532265695832 
0.572872189266139 3.221001057425535 
0.46353006365745864 6.110820178413522 
0.4792741831577647 5.606602390167801 
0.48769761164712166 5.355915081230738 
0.642054868200489 1.9036721256206126 
0.5998612449048386 2.6706194489907085 
0.5791306767670403 3.0977803167878246 
0.5557257446895449 3.596704112102021 
0.5099659620805079 4.727845370634964 
0.45067971428280923 6.540428101683903 
0.5237040536787432 4.3669679922408315 
0.5339763659688838 4.1097221262950105 
