0.48769761164712166 1.6120669933010308 
0.4310065370684538 2.1212302634000526 
0.6611786340114204 0.05124610462110424 
0.6094479815259085 0.5152496855740807 
0.666898939333441 3.6475766851395974E-10 
0.6658199205988726 0.007901187738968973 
0.6085281010776448 0.5235306236712619 
0.6330072401451587 0.30316525687630713 
0.42269443465290174 2.204134344145605 
0.5433202426286646 1.1111459686028606 
0.3914071396231473 2.4774941688420764 
0.4071660814093252 2.3356557518795475 
0.5773027207528266 0.8046331942824309 
0.4141686726320781 2.2725671302427797 
0.4792741831577647 1.687099780838044 
0.43127918694433776 2.1211400434450867 
0.49254459089012825 1.5734263883904707 
0.6171505625107441 0.4457875926969581 
0.642054868200489 0.22226195571228713 
0.5167731308504134 1.349549487964842 
0.5998612449048386 0.6020011073386404 
0.3947736007986801 2.447295013514188 
0.6283660809633361 0.34500220377792706 
0.45326700592246516 1.9206252162521698 
0.5716650770188092 0.8593170939292721 
0.47228904198401295 1.7494490828928395 
0.5433202426286646 1.1111459686028606 
0.481276368924844 1.6703516705837589 
0.44349744123043094 2.0090279887062388 
0.6171505625107441 0.4457875926969581 
0.3996334339762478 2.403881319480939 
0.4393099688946506 2.0468746815735566 
0.4599614373855736 1.8623488170349516 
0.5081061382143508 1.4280022672495398 
0.6523288023077601 0.12948442678323335 
0.44349744123043094 2.0090279887062388 
0.4965518037418273 1.5311027709000686 
0.5887152773714277 0.7016475566069925 
0.5887152773714277 0.7016475566069925 
0.5221496470009309 1.3010798001090405 
0.43556214453038816 2.081457582826232 
0.4071660814093252 2.3356557518795475 
0.5237040536787432 1.286998839821846 
0.6446986153152272 0.19941008959773632 
0.3996334339762478 2.403881319480939 
0.4599614373855736 1.8623488170349516 
0.5037329081604667 1.466664946446492 
0.4990872852459274 1.5085453230528887 
0.5635588901573192 0.9280592615163145 
0.6590122544013477 0.06921035130081843 
0.3903278940319219 2.4872693383007998 
0.42269443465290174 2.204134344145605 
0.6283660809633361 0.34500220377792706 
0.5895631648530167 0.6943824093397517 
0.5186282576377683 1.3326404868735082 
0.5339763659688838 1.1944944861409237 
0.5618348109593295 0.945482200512876 
0.5635588901573192 0.9280592615163145 
0.5339763659688838 1.1944944861409237 
0.4393099688946506 2.0468746815735566 
0.4207116924070623 2.2141606642204406 
0.4081305399013617 2.3291366668032354 
0.48769761164712166 1.6120669933010308 
0.45326700592246516 1.9206252162521698 
0.4990872852459274 1.5085453230528887 
0.5167731308504134 1.349549487964842 
0.5773027207528266 0.8046331942824309 
0.4207116924070623 2.2141606642204406 
0.5050996704673506 1.4542599405160535 
0.5573241361551198 0.9847160008880882 
0.5489976130860243 1.059342487372217 
0.6330072401451587 0.30316525687630713 
0.3947736007986801 2.447295013514188 
0.47228904198401295 1.7494490828928395 
0.5453976685280519 1.0920326178889392 
0.5489976130860243 1.059342487372217 
0.3903278940319219 2.4872693383007998 
0.4676606692670595 1.7912426115827982 
0.4141686726320781 2.2725671302427797 
0.45326700592246516 1.9206252162521698 
0.4676606692670595 1.7912426115827982 
0.6130256079156945 0.483424532570462 
0.5365285496498094 1.1750834878124587 
0.5960431430019725 0.6413313075551952 
0.4141686726320781 2.2725671302427797 
0.572872189266139 0.8452219273959152 
0.46353006365745864 1.8325488662993028 
0.4792741831577647 1.687099780838044 
0.48769761164712166 1.6120669933010308 
0.642054868200489 0.22226195571228713 
0.5998612449048386 0.6020011073386404 
0.5791306767670403 0.7940196113369494 
0.5557257446895449 0.998781071125844 
0.5099659620805079 1.411040213003735 
0.45067971428280923 1.947638268154158 
0.5237040536787432 1.286998839821846 
0.5339763659688838 1.1944944861409237 
