-15.289515112533554 -8.992480879727932 
-14.524263653075987 -11.550680271453063 
-14.926906125605642 -10.503482024158465 
-15.325957493463555 -8.76065373905845 
-15.386476156564143 -8.598202404933174 
-15.05724457433288 -9.97306141158273 
-17.040186221722703 -3.8761929768362013 
-16.71917828279357 -4.768766728784126 
-15.982128619084556 -7.675028144036052 
-14.897202820497963 -10.589792008659362 
-16.148390943414434 -7.270320356412636 
-16.289682263202046 -6.732974645273348 
-18.530306030083302 -1.5687514059456087 
-18.31333287617918 -2.5939770125917234 
-15.443469420356692 -8.363699597448871 
-16.08654101172265 -7.4639839089656626 
-16.559606140470773 -5.536278235627636 
-16.122031106122122 -7.360185611010768 
-14.805327584368689 -10.930639345497736 
-16.904098964203037 -4.116079374023316 
-16.206463674681586 -7.070863706713679 
-15.315422799604372 -8.879924671051203 
-14.873177088494202 -10.69207456438443 
-16.354451327511683 -6.492991429938561 
-15.256655191892117 -9.128385520307987 
-16.537372381456308 -5.646723816861805 
-18.472689073371924 -1.7164749870951173 
-18.208749127049593 -3.0996878884830683 
-16.504032809201043 -5.805591508721839 
-16.374366459825673 -6.373818253285755 
-16.330088741179406 -6.60744933979921 
-15.423613727622957 -8.46076014742902 
-18.11701616981621 -3.494991671318109 
-16.82539835608905 -4.38190580973291 
-17.942552459970706 -3.87313470256508 
-16.16455106873241 -7.194986059138088 
-18.28247163665356 -2.735783269506827 
-18.400985009062474 -2.1697650481616853 
-18.34345221993019 -2.4466125850591993 
-16.034544827196974 -7.58066809264427 
-18.72146041115247 -0.8289323476297519 
-16.422237573778716 -6.093292262507884 
-18.464481728420232 -1.856935022265248 
-14.953643216064695 -10.398089430355196 
-15.156700725066052 -9.549515030026015 
-15.204713398835395 -9.348233283889897 
-16.69516221825895 -4.879950741573337 
-16.576741802751446 -5.43504975126192 
-18.233822149439185 -2.9822814525628076 
-16.627867859132976 -5.193819148378896 
-14.720760445293756 -11.175300731411195 
-18.180423794816775 -3.2321510884010265 
-18.614169095461964 -1.2198204726682866 
-18.679965762343002 -0.9742373246911636 
-14.842994532038496 -10.78763386491196 
-15.014635353324156 -10.069002394631056 
-15.178592817702214 -9.460739286222273 
-16.400072895068934 -6.238270265423999 
-18.08994887202207 -3.589999404464954 
-15.64096167510613 -7.754319844342077 
-18.57900653185495 -1.3612575660839754 
-15.000512107257958 -10.181623772938128 
-16.86172735740204 -4.250637967745731 
-15.226365208251181 -9.223415528294918 
-18.257009580124098 -2.859906398772903 
-18.994117639327804 -0.13651788900945594 
-16.606354028502736 -5.300697857476827 
-18.550185893178686 -1.461700451523127 
-15.117553463456343 -9.683879735674797 
-16.47025437370835 -5.968716532814128 
-16.97862083099392 -3.993875075760436 
-15.602126547210055 -7.8623100236928645 
-18.366408180802118 -2.3265227014278733 
-14.679634032810537 -11.299788991781394 
-16.649821793981054 -5.088466695470287 
-18.813061881031434 -0.5505589151264911 
-16.772177193931437 -4.510843526732528 
-15.522944411659537 -8.107290703586479 
-16.238661098748064 -6.967773248060843 
-15.487830581458867 -8.226934750026713 
-16.751734225443023 -4.641824283782239 
-18.151340498043478 -3.3520169563147446 
-16.672426798363084 -4.984390558807382 
-14.602166139865108 -11.411075834733785 
-18.921088029037886 -0.2833347521642586 
-15.878094225439169 -7.750172503833008 
-14.977023400739863 -10.300550239166032 
-18.0091823062809 -3.8069273742001277 
-18.055280206476606 -3.6873197860334317 
-14.429060223856451 -11.626526518806624 
-16.271693952317573 -6.83530568457442 
-15.092241487753965 -9.82255497111854 
-18.634154254191834 -1.1179541017030803 
-18.43135825061767 -2.003933445337097 
-14.745538506795056 -11.059766892713302 
-19.996782316508295 0.007845456059001445 
-18.863103983064185 -0.4192140622986004 
-19.07923031962499 0.004706016025229914 
-15.5648479344015 -7.964085514106804 
-18.76839745956738 -0.6809671495977888 
