-1.0816620576362093 -0.801777957432019 -1.0727074184431464 
-1.1191971573785107 -1.1401804149789199 -1.124525644274684 
-1.087887311016817 -0.977610008341881 -1.0884982692108742 
-1.0528839866394022 -0.8427724728329984 -1.0071748198217203 
-1.0744698676714588 -0.7649539430405253 -1.0554308722398653 
-1.089037107237111 -0.9215625217311384 -1.0699408908567953 
-0.522406300245631 -1.7870259780438467E-4 -1.0955898742810286 
-0.7510659585017394 -2.501139487326519E-4 -1.0450116806714917 
-1.1278077220678342 2.1725500902336297E-4 -1.1148120490865099 
-1.1166887834936319 -0.9736348242719552 -1.0933978537456275 
-1.091772999446774 -1.5653417364624132E-4 -1.0474438393891636 
-1.0647979005434114 7.708948070432875E-4 -0.9875037967967939 
-1.8019624471830636E-4 2.7772252796808683E-4 -0.7944111572540342 
-6.919830454742981E-4 -3.1464499013923546E-4 -0.9227081958357952 
-1.042034401293598 -0.7437239363456254 -1.0726657098679397 
-1.0794887139273306 -1.3427004842037426E-4 -1.0980215746436177 
-0.9705411194596572 -2.8294004761304266E-4 -0.9172598264616234 
-1.0818115051557655 0.0035596065108328134 -1.0736355327301248 
-1.114791284367381 -1.0219953199587546 -1.0912692047191623 
-1.11673969071916 -0.013506403338396755 -0.5792180278862828 
-1.0778196929403063 -3.320137328503281E-4 -1.0255380562948953 
-1.0816105382419752 -0.7782740513913773 -1.0861572399729555 
-1.0820194885425198 -0.9956714240220456 -1.1102760296395933 
-1.0248870959036112 7.708948070432875E-4 -0.9875037967967939 
-1.0776736699016936 -0.8168738394128656 -1.0809385296938463 
-0.9705411194596572 -1.3440657417439233E-4 -0.9306331044124116 
-0.009900077278862496 -3.2059908444403843E-4 -0.8170200734363691 
-6.919830454742981E-4 -1.5653417364624132E-4 -0.986058546094569 
-0.982901183165997 -2.8327446804085534E-4 -0.9384725265295694 
-0.9555403300021195 -2.501139487326519E-4 -1.0450116806714917 
-1.0190201608273712 2.2966728996411906E-4 -1.008214948201488 
-1.0816620576362093 -0.7262882287671343 -1.0727074184431464 
-1.6917354477963276E-4 -1.2769538766358384E-4 -1.042851243324415 
-1.0778196929403063 -3.320137328503281E-4 -0.6593602508025525 
-1.657390156366649E-4 -3.2035971224364507E-4 -1.1512978689708449 
-1.0320253465244598 -3.3425330002881057E-4 -1.0973039574524166 
-0.9403686248930491 -3.296370024326127E-4 -0.0014965953827579118 
-1.6917354477963276E-4 2.3009405974844455E-4 -0.8708406950703884 
-6.683794724017744E-4 -1.4988947428456597E-4 -0.9047192668989612 
-1.1160489158111355 1.9533929252931858E-4 -1.0938439727771487 
-0.683497522830864 -3.237035859786799E-4 2.8485079051834936E-4 
-1.064581788312262 2.9223037875322235E-4 -0.9076091697080713 
-0.8322547859770035 -1.2639149257403452E-4 -0.001073523295451168 
-1.0840050081237613 -0.964791061245196 -1.0912748731896935 
-1.0783923958592947 -0.8864699395399844 -1.053621490383661 
-1.0776736699016936 -0.8448286035095072 -1.0809385296938463 
-0.808795873197623 -1.7518206338946514E-4 -0.9991485259073729 
-0.875469702356923 -2.732483153312529E-4 -1.0026555768708005 
-6.919830454742981E-4 -1.541815119419853E-4 -0.9708129461936464 
-0.8765205304436859 0.002304163550856636 -0.9704366995080853 
-1.1191971573785107 -1.0642562497107035 -1.085722890888875 
-1.6747554751700124E-4 -3.19255528257373E-4 -1.0037649534641717 
-1.8019624471830636E-4 2.7772252796808683E-4 -0.7454990371185674 
-0.707560809878716 -1.269122512700074E-4 -2.0394241204867324E-4 
-1.0817828676328722 -1.030865307446406 -1.072705208803826 
-1.086275260671204 -0.9729337069218736 -1.0190269112633792 
-1.0818115051557655 -0.861295869945156 -1.0726657098679397 
-1.0240416730593198 -0.018429803870846917 -0.960283783163642 
-1.6652400268005893E-4 -3.2035971224364507E-4 -1.0593670962934467 
-1.0862925175382399 -0.5689712688739503 -1.0928747139993487 
-1.6917354477963276E-4 -3.19255528257373E-4 -0.7659136873854937 
-1.081648567255152 -0.930602421724906 -1.1114829814271399 
-1.1157401225716177 -1.7892005092522725E-4 -0.6041966997830979 
-1.089463103446866 -0.8563399370061636 -1.032498018706546 
-0.955757654939269 -3.296114881819883E-4 -0.0014965953827579118 
-0.5297084660010765 -1.7870259780438467E-4 -2.734028675984712E-4 
-0.875699914556824 -3.2592208308258506E-4 -0.9843590862146343 
-0.0020363395070027712 -3.3749020986475917E-4 -0.7807472303808403 
-1.1088205598510663 -0.8864699395399844 -1.0566098226599046 
-0.9552415691602055 -3.2695587691749953E-4 -0.9865702430532511 
-0.5549280274434014 -1.8881955954484683E-4 -1.0975603890798056 
-1.0862925175382399 -0.5953489773556218 -1.0928747139993487 
-0.8904124023915516 -3.1465868689586006E-4 -0.0011195963335192602 
-1.1191971573785107 -1.0642562497107035 -1.124525644274684 
-0.875469702356923 0.0023218035664722154 -0.9581941691382848 
-1.8019624471830636E-4 2.7772252796808683E-4 -0.6313751555880639 
-1.106538671549599 -0.002244529038330767 -0.6633802393095072 
-1.086859362967937 -0.6582237816203029 -1.078499211999956 
-1.024521136020702 -3.1139203766306973E-4 -1.0589117753295003 
-1.0776680481113377 -0.6913605687353273 -1.072956855366213 
-0.7321853131922842 -2.501139487326519E-4 -1.0450116806714917 
-6.949495325823002E-4 2.479221012043732E-4 -1.0211084369535834 
-0.8762142117424008 -4.3274921154936793E-4 -0.9437738818507767 
-1.0911601039588 -1.1198721288673998 -1.1175161797974464 
-0.5705837010096513 -1.2754368549670937E-4 -1.853286363024026E-4 
-1.1522053141206727 -1.766624283867705E-4 -1.1557136335427443 
-1.0922529149178635 -0.9606224600706628 -1.069507019881161 
-1.109644619191189 -1.77403607888252E-4 -2.0394241204867324E-4 
-1.0794887139273306 3.191742917657695E-4 -0.0014129594770846692 
-1.1569637014596414 -1.1531848916777683 -1.1539016372930495 
-1.0538830166294497 -1.082117835412631E-4 -1.0092689192143924 
-1.0744698676714588 -0.9209328115242623 -1.0549790474602545 
-0.7316262474884496 0.0018209638298929145 -0.0014129594770846692 
-0.001710930461068294 -3.3749020986475917E-4 -0.8510684372464914 
-1.0615101970186387 -1.0654339259993086 -1.1175161797974464 
-6.919830454742981E-4 -3.237035859786799E-4 -7.805586887441041E-4 
-0.6031715291503306 -1.2718571849235652E-4 -2.0138344605180603E-4 
-0.4818438835588902 -2.5048361205240975E-4 -9.992584482328467E-4 
-1.0769401940480903 -0.6481419867366697 -1.0691157592397356 
-0.656791623676348 -1.7742526052571942E-4 2.648278309269611E-4 
