0.43322376427221737 -0.03003771076108491 
0.014940156490951373 0.8748266763784563 
0.825689767004345 -0.5026277521898483 
0.4107005948508294 0.22639991952979338 
0.6285321371482495 -0.27557039606379147 
0.21425619943153096 0.44634671522604263 
0.061102975455117114 0.6991616073511047 
0.4382812030664791 -0.06810288384913595 
0.8411153450191167 -0.724103773105964 
0.6300066708942105 -0.3020533087116224 
0.8429352849734935 -0.7386637602924044 
0.845372108879968 -0.7542919430763072 
4.0393313944806636E-4 0.9832358220061226 
0.05053687958472963 0.7274144485899192 
0.22252755295669113 0.3864705866760201 
0.21616222142771052 0.43236879693273356 
0.625766292946025 -0.24180990801344007 
0.6328718516306668 -0.33734732887211677 
0.04552559080512769 0.7436981023894791 
0.4120657979189689 0.20757329732410612 
0.007366496137164225 0.9259896856813492 
0.6203188736790874 -0.15489335975486068 
0.20751392411937777 0.4978954664364046 
0.8302426358732496 -0.5849654747045157 
0.011146938379235527 0.8966006479286213 
0.4276346515430712 0.02213150240260942 
0.6253688918365781 -0.22572125743879692 
0.8329996328671991 -0.6281220963393253 
0.8365599460318326 -0.6766431336169366 
0.21202359750023703 0.46425418476388125 
0.8248258902134137 -0.48628071737317063 
0.8379715679764994 -0.6906915218322707 
0.19073909216627016 0.6301819406322273 
0.4144413341027237 0.17773363745197251 
0.023484952586703856 0.8345905905409614 
0.22010519249503355 0.4043133621869129 
0.4132611312805385 0.19188699917346455 
0.8283231318577766 -0.5495533938047205 
0.031603855720215956 0.7982083137044194 
0.43530532991342613 -0.047573967782274684 
0.23484397761397457 0.30913129672018586 
0.826615547370314 -0.5206706026990863 
0.4259234717486346 0.039875461585170476 
0.20181889872430148 0.5413147615271955 
0.02723169936120967 0.8187060125783924 
0.4299106309748494 -0.001339152481063764 
0.831721839970597 -0.6072869588380176 
0.6234918189789577 -0.20771461556767065 
0.22809430217218063 0.34947612934262046 
0.6528665776876597 -0.45629317046784956 
0.22504410889445936 0.3681565634976889 
0.24234879378993918 0.2746124150255599 
0.25794417736998304 0.24449236471617997 
0.4199737053069914 0.10725680855411371 
0.007779407106106528 0.9120767306932026 
0.631397550738139 -0.31965399018081436 
0.20001231930030283 0.5547164484766057 
0.19232985875292466 0.6099737023797398 
0.41796618700239424 0.13222432052441663 
0.8396165216660078 -0.7092964520361466 
0.2177722229678227 0.4200787535584028 
0.44119772459314605 -0.08435349815426116 
0.8290544143785835 -0.5647554636806685 
0.19717415199663574 0.5762995575880869 
0.644769050489866 -0.43661924194934776 
0.851882309772781 -0.7717807414150747 
0.41610817533861233 0.15589714853851663 
0.4232417184380754 0.0687577235166923 
0.1859732363364615 0.6504065800985671 
0.23758669855187525 0.2964055224688412 
0.03684197285257784 0.7777737471940265 
0.00173454442538995 0.9619115593136951 
0.06964482722922877 0.6816882191019934 
0.40935903296454573 0.24393816144918495 
0.6267730240377428 -0.2566933910865621 
9.895578909989552E-8 1.0024033018849827 
0.6388679732407381 -0.39770509752297756 
0.6192581285949659 -0.13731766470122792 
0.6417830697323967 -0.4201918200959606 
0.8235731153058292 -0.46140222444946255 
0.04020685912209829 0.7656855713897598 
0.8346388602878876 -0.6515941387612473 
0.003977226777330936 0.940549085954258 
0.0198477163171058 0.8504815731154455 
0.20990888603870206 0.47944722339291845 
0.6345276135351001 -0.3553517476420421 
0.6212518798395718 -0.17031444807112797 
0.19471298070798893 0.5929587112291781 
0.4218950278376813 0.08726554881792935 
0.8273797862760626 -0.5346641260730712 
0.20434713302386956 0.5226004203871822 
0.45466850576996154 -0.12236369468246111 
0.622409281963326 -0.19006941973215707 
0.23139942290330395 0.3284304713619162 
0.44474183540144796 -0.10376369104358191 
0.6365395302521305 -0.3765142481798732 
0.08478482909726859 0.6717957971125368 
0.6186505418582767 -0.12454788053511656 
0.18251973647547182 0.6709512763250389 
0.24667671274869069 0.26050331787799286 
