-16.556732164011017 -5.553250954786133 
-18.14068426666833 -3.395176484113457 
-18.508935328766967 -1.658687014379395 
-18.091621205505035 -3.5043323852335906 
-15.628689193978929 -7.770758593693037 
-16.0217515061396 -7.565996313914507 
-16.970977738970483 -4.004013889836077 
-16.44096555457638 -5.9786104269606515 
-18.766982021589296 -0.6832732485829234 
-15.243789956495782 -9.185241927907033 
-16.186589595480413 -7.163772314003175 
-15.403367990408832 -8.530379159765351 
-16.39570791889441 -6.168833791253325 
-16.21146746269086 -7.028247373063459 
-14.63140448866212 -11.364657581230798 
-17.94237358561822 -3.8702293358476187 
-18.34754512059874 -2.3277459856530895 
-18.22205774418991 -3.040775714956837 
-18.02065949585721 -3.767481852479036 
-16.133400818886457 -7.282743845584933 
-15.033892167901428 -10.072836411621559 
-16.606393366098203 -5.309050983610371 
-18.07436355770208 -3.637116920022851 
-17.00995237294194 -3.927118162861086 
-18.633152906990293 -1.1409867873323358 
-18.929773022032343 -0.2592554374696887 
-18.4750474826453 -1.8066994532846476 
-16.52290205328855 -5.706940264406743 
-15.004667542967924 -10.189536137060019 
-14.531331657714764 -11.55745103264465 
-16.579686514824708 -5.439215207010866 
-16.438108918304504 -6.097120376735431 
-18.728780305460166 -0.8014018177015956 
-14.911881073377119 -10.558528824134129 
-16.093560066568955 -7.440179462008836 
-18.297016293144303 -2.671790704502962 
-16.659383384260785 -5.0472006519106625 
-18.438892628633845 -1.9760626552963672 
-14.868915031646203 -10.666881995871591 
-15.28679635920208 -8.996999670804534 
-16.779535560489187 -4.533454084640049 
-15.342869534869585 -8.77652794455102 
-15.3711773029123 -8.657254667693707 
-16.63213397977729 -5.182149964677247 
-14.970432403394238 -10.328336128323652 
-16.394880868478182 -6.257022676828601 
-16.83496604787687 -4.330081130866047 
-15.170966199389119 -9.38857145722352 
-19.000168632729498 -0.12071844303461261 
-15.983972555663808 -7.660786412445322 
-14.694222933302171 -11.249425170561066 
-16.492097415580083 -5.862585139731079 
-16.7535683187601 -4.624709525884363 
-16.704810523431636 -4.827842244701632 
-18.321229502417633 -2.5532219778098706 
-16.728947399948915 -4.723337430845808 
-15.053089740478772 -9.954233111155176 
-18.248150467194314 -2.9101663034467493 
-16.808764237220142 -4.421595681490438 
-16.254609591817793 -6.8945369495553415 
-15.469515741429575 -8.288193584746253 
-18.17133112277758 -3.267358809379111 
-18.541486778217518 -1.5168943812346156 
-18.41793369173429 -2.0818832091816124 
-15.506652707648016 -8.160853216692228 
-18.275042382115707 -2.7841470394839978 
-14.758965928073673 -11.042227936048214 
-18.393556132208218 -2.1921754519573633 
-14.801384628764218 -10.931801847516326 
-15.220403888353202 -9.271627299108932 
-16.68361620325851 -4.929087392266878 
-18.660090505714464 -1.0279645683949392 
-15.130830821792376 -9.639434932018014 
-15.308345018564152 -8.91747785677261 
-19.087037992094878 0.014615042239724029 
-16.30707431333433 -6.70465736876832 
-15.883791672788469 -7.750053642757278 
-18.346230713077077 -2.4237334025998276 
-16.37673350209662 -6.392243792815606 
-15.10451105708011 -9.755076872014373 
-16.346211422613123 -6.529131403809442 
-14.937213187865215 -10.447943481357239 
-15.433321954182976 -8.41632924793147 
-15.577773363993288 -7.919941236023602 
-14.721229961464223 -11.143179850516702 
-15.541580971179368 -8.045801240657656 
-16.91213812017348 -4.139516661310583 
-18.815252254795205 -0.539770807007309 
-18.195796003567715 -3.159126595230909 
-16.87721128561804 -4.229810318837982 
-15.081689624396617 -9.873874540739463 
-19.99246237974849 0.015108574462409683 
-18.871260379809655 -0.39273169086677023 
-18.598715420408972 -1.2578215731771045 
-18.56702395619384 -1.388373565180838 
-15.162835858338326 -9.516977051240215 
-14.440493726872456 -11.626754167171093 
-14.844877365618924 -10.79805535913803 
-14.60362455823033 -11.462602778065195 
-18.692391707808298 -0.9239291344237723 
