-0.9428172427569153 6.392279660592765E-4 -0.9465778034067465 
-1.0275865545684053 7.453649736274895E-4 2.5477747318970625E-4 
-0.8065772278493104 3.7109495367299104E-4 -5.338883988676376E-4 
-1.0481809750882427 -0.008550105842177247 -4.949999706196877E-4 
-1.0940665882983958 -0.538746998432498 -1.124345956393473 
-1.0889654576788605 0.009456988866638483 -1.1288835888398407 
-1.0873105831890124 2.4733985546569054E-4 -0.568421398412093 
-0.8888377028216881 2.612717216890079E-4 -1.0724085817925741 
-0.6574073023815383 3.8826501257870695E-4 2.9324894827401104E-4 
-1.0650190740081038 -0.8336039037375799 -1.0785450730101436 
-1.0529655622420893 5.731843093875808E-4 -1.062530470336105 
-1.0918575028875248 -0.7249926439619155 -1.0800662551442972 
-1.0652531538372 0.02393760974794172 -0.9223151277906468 
-1.0716704585456696 0.014247320824156584 -1.0283640425714542 
-1.1363342599640966 -1.0983494442205595 -1.0869967238391864 
-1.1507614580418888 6.974582288631543E-4 -5.303083918474691E-4 
-0.892806500669659 -0.008550105842177247 -4.949999706196877E-4 
-0.9782629409379425 3.776268772372813E-4 2.633646970698467E-4 
-1.100155201326185 0.0018338409796127002 -0.0011009167603885828 
-1.06822120341303 0.024514221505070655 -1.0796314357442722 
-1.0698291821714248 -0.9433337440384275 -1.0719541376800603 
-0.9371404767626216 6.701134526065951E-4 -0.9223151277906468 
-1.0685610309939193 6.926795604357256E-4 -2.0342834572456857E-4 
-1.0917703648387458 4.259317093058074E-4 -0.5426359120654972 
-0.7340484733185486 5.330616198280917E-4 -4.762833149137266E-4 
-0.5651249463942206 5.700813706125088E-4 -4.949999706196877E-4 
-0.8259879005702787 4.050329077901257E-4 -0.0010305267815749173 
-0.9207697478988209 9.33544079196088E-4 -0.9893127616053402 
-1.0650190740081038 -0.9570185800983602 -1.0784866178729184 
-1.1362401559061788 -1.1122757676526034 -1.1560267806362732 
-0.9217227885872741 7.393143387044727E-4 -0.9538686105203293 
-0.9854658604544757 0.01058560406347514 -0.9757238108137036 
-0.6789781964365853 5.330616198280917E-4 -4.762833149137266E-4 
-1.092631757743452 -0.9876186579840065 -1.0792231760893063 
-1.0732523713737065 3.776268772372813E-4 -1.0999138134312014 
-0.9322559351666662 9.652742842137301E-4 -2.0542052108574183E-4 
-0.8603044538494078 4.405596899878914E-4 -0.9678602264947721 
-0.8473612034459141 3.701257697848486E-4 -0.001040818115405795 
-1.1313201991523043 -0.9876186579840065 -1.0792231760893063 
-1.0874231680898143 -0.7944806238861822 -1.0799396677675686 
-1.0686488095644326 5.415911348499588E-4 -0.694086554197871 
-1.0666160983628825 -0.7796425930730352 -1.077078705655996 
-1.0717956789472025 -0.776828831095604 -1.0531790136866852 
-0.9216410814167113 6.710362409168985E-4 -0.9223151277906468 
-1.0701142901890275 -0.971305899538837 -1.0784322567586317 
-0.9358584342816086 6.613057540581993E-4 -1.0524521090155514 
-0.6997752234318058 7.449030829874772E-4 -1.0283640425714542 
-1.1313201991523043 -0.8287793440733636 -1.0797605782287087 
-0.52560832552356 9.683865793311504E-4 -2.0542052108574183E-4 
-1.1353954054366178 3.685996672274373E-4 -1.1061050558508518 
-1.09281750493564 -1.0704327559966273 -1.1252624538515403 
-0.9430349290513471 3.6810670693221935E-4 -0.9855648888324218 
-1.0682895719394447 5.253164884876884E-4 -0.709360271702675 
-0.943082144637136 3.678175382016745E-4 -0.8576381373378767 
-0.9177346377250604 9.444099645171164E-4 -9.339262291185868E-5 
-0.8115405488820349 3.779641217778674E-4 -0.9757238108137036 
-1.060910840129245 -0.9564028800478702 -1.040306283821796 
-0.9617818750326246 9.741604898465628E-4 -1.675709684185864E-4 
-1.0248595033438823 5.740821778673068E-4 -0.7181609899238153 
-1.0111144443241409 5.697641120388385E-4 -1.0625750295085523 
-1.066368178727947 -0.700883102009385 -1.08601631213755 
-1.0088469212778242 7.453649736274895E-4 -9.339262291185868E-5 
-0.7875725966644546 5.415911348499588E-4 -2.0342834572456857E-4 
-0.8603044538494078 4.405596899878914E-4 -5.082755064488493E-4 
-1.090985735306205 -0.6601689868886115 -1.0842964542603915 
-0.9459570362553675 3.7237901178410954E-4 -4.946822917974961E-4 
-1.0713934087130175 -1.0501648969788302 -1.1245371333271712 
-0.8741411180119537 5.415911348499588E-4 -0.001102233550691764 
-1.0941864665031849 -1.0172192728576581 -1.1242789856548323 
-1.092293843406387 -0.8294423454527468 -1.0770758707449513 
-0.9245679169672992 3.762203848679255E-4 -0.8885478127274804 
-0.717310539587628 0.001375710211814798 -0.0010357785786823115 
-1.060910840129245 -0.9177076377870554 -1.040306283821796 
-1.066655074221879 -0.7995675200563572 -1.0756585725685284 
-0.47775864225528947 7.501979318420962E-4 -3.717813958183917E-4 
-1.0184694791615918 3.7145762364347454E-4 -1.0228638806091725 
-1.1532098871505603 2.612717216890079E-4 -1.1511210308616102 
-0.9023563929551319 6.970827823133843E-4 -0.0010590483787088008 
-1.02309459440869 3.779641217778674E-4 -0.9757238108137036 
-1.0991538465298893 -0.9000407209319845 -1.0550647534474327 
-1.0277808115911768 5.537105527315647E-4 -0.9896527748425137 
-1.0730264114372328 -0.9707525235148856 -1.1062959694116477 
-1.0925759677664761 -0.7022050966166766 -1.08601631213755 
-1.066655074221879 -0.643203874883673 -1.0756585725685284 
-1.0713877662414983 -1.0686006961158618 -1.1245371333271712 
-1.09281750493564 -0.636826243778175 -1.084096358742401 
-1.0887229248459294 6.913934484189421E-4 -0.6002106906023025 
-0.6296071412884061 7.447069233690267E-4 2.7582203746764076E-4 
-0.9940252819615463 3.7138795752643335E-4 -5.338883988676376E-4 
-1.0807598385383623 6.414879408341679E-4 -0.627201914047939 
-1.0661244952436737 -0.9177076377870554 -1.0781163780466123 
-8.684033630038668E-4 9.734517667756681E-4 -0.002264735337153171 
-0.5978734512542263 3.7567345372759345E-4 -7.718771937671983E-4 
-0.752215167007595 6.805088977835795E-4 -0.002172131615061152 
-0.7708625859536665 0.0017961323254031547 -0.001102233550691764 
-1.0917431083790923 -0.8585709126468748 -1.0803337833866462 
-1.1535826020462538 -1.1515623595365634 -1.1493276321481962 
-1.0917431083790923 -1.0206684989293842 -1.0803337833866462 
-1.1363342599640966 -1.0942638808128269 -1.121750158187341 
-0.6997752234318058 7.449030829874772E-4 2.6446376555167017E-4 
