0.8302335020886509 -0.5837095938348952 
0.23004575195518367 0.33644999150864124 
0.6305535248505623 -0.3059261553221659 
0.8474568890224803 -0.7590575746736528 
0.6245087126153477 -0.22267189253396996 
0.20095102065184917 0.548854651079038 
0.4179604603196946 0.13458185929923383 
0.439351034710802 -0.07412044450087356 
0.824595677844898 -0.48146725284863995 
0.24280871594501754 0.2756584743875082 
0.0013783071638027444 0.9721273848822608 
0.42907053782974164 0.01187515979088681 
0.42322496935171305 0.06946682714660136 
0.4117641167653398 0.21409513455090426 
0.030562053321165572 0.8041056927678893 
0.8385898853536311 -0.6981662694966358 
0.4209940707547174 0.09565725652234773 
0.8371308907872066 -0.6806712761892574 
0.8430848649739817 -0.7393772461463018 
0.02499376593421984 0.8288760453160835 
0.623398808499608 -0.2047914370181062 
0.44575215861260237 -0.10582097092378633 
0.8341159669431928 -0.6415539304709987 
0.18324189551644235 0.6678046392479094 
0.18679076550204238 0.6478154165611351 
0.6212793746345112 -0.17060421245417434 
0.43032256069426567 -0.0036833388699876977 
0.047746217366772314 0.7386429252477279 
0.06432980550387357 0.6919986778496588 
0.012605094630170566 0.8873975699662493 
0.2278583741428109 0.3523706364488506 
0.6222785153035475 -0.18671846053161503 
0.1926792832908097 0.6086665130683739 
0.6294133560999017 -0.29140922939060454 
0.4275502497808841 0.024369252371178308 
0.43285842272322883 -0.026360485671865195 
0.2505546552346014 0.25619029494565027 
0.41615893382749425 0.15555545864222398 
2.892354844394756E-4 0.9881369772845581 
0.8256604074339017 -0.5011015812511264 
0.6353683787310653 -0.3554385392877025 
0.8354957926602445 -0.6613679723014904 
0.628160366227394 -0.2759633467944077 
0.6313912582605409 -0.318670616854478 
0.2587476209960528 0.24586154523954193 
4.7572870783906364E-8 1.005758473026033 
0.23693615435806786 0.29939034778929235 
0.4194361115987164 0.11510135070479292 
0.2115779453218112 0.46863752957396637 
0.4422585550625366 -0.09137688572771904 
0.22121807747144087 0.39754646936737725 
0.21678004224640152 0.4335760718836207 
0.019240705522075352 0.8539020536807755 
0.1949297948824073 0.593412019040466 
0.21437594231310206 0.44760341874593096 
0.05290902090682767 0.7215499391073852 
0.42483033012074545 0.052062098222107174 
0.1982512514561091 0.5687594181002077 
0.20355092810244202 0.5317415301521916 
0.2180037570833236 0.4203246057738759 
0.20591652666403754 0.5117130040405197 
0.4134157488739214 0.1921557964858567 
0.6359873356387509 -0.36878093963215297 
0.002719891700824234 0.9532851669809106 
0.03391521105452033 0.7909423549358287 
0.4150655928515783 0.17058851788757956 
0.08471492132123443 0.6736256148864853 
0.18982235746101297 0.6280172859692571 
0.4551669667962077 -0.1219021598692535 
0.016457994319611646 0.8680814391105728 
0.008351554603077585 0.9105546244075644 
0.6443118859845118 -0.42666309981500794 
0.07638179991515383 0.6853818983089944 
0.851122222512263 -0.7703349978750114 
0.6203002396089298 -0.15026758708607083 
0.8278833130202381 -0.543457861140355 
0.05889041541723575 0.7049943272393586 
0.037676974901793725 0.7758537199497276 
0.4095158577507028 0.2426632580926354 
0.23442334694551328 0.3147744740928509 
0.20774642506696261 0.49776562842539396 
0.8290799575667711 -0.5651382403268477 
0.43670059045446696 -0.05671456301146921 
0.2097144018297864 0.4833403638219386 
0.8328081710794022 -0.6237009690637079 
0.2245622413017383 0.37378676193933585 
0.8407997669971522 -0.7192771544225938 
0.8264880750175971 -0.5171326866241536 
0.6463865215213762 -0.4416209177676352 
0.6401651625101115 -0.40609605071458904 
0.6330958925689604 -0.339210232316313 
0.6526122362802809 -0.4549336281876705 
0.6258396467145959 -0.24284273742956908 
0.0057418448430072155 0.9298553445083777 
0.6378789161954612 -0.3880265687978985 
0.831411683266156 -0.6014162316609629 
0.627105636329756 -0.2592783165283371 
0.4271131528002909 0.03524419924992829 
0.042816544786975885 0.7563047330425351 
0.8235539727297426 -0.4598494767746165 
