3.1137460671836057 0.11834814126882812 
3.1137511143336525 0.10731244551690902 
3.1137443318526867 0.12370304166828636 
3.1137391796082188 0.1268858724962294 
2.5474986484945066 0.3730987756899045 
3.113754987538487 0.09866905562917126 
2.5474986484945066 0.3730987756899045 
3.1134643846053933 0.17558881605691576 
3.1137511346459488 0.10709911327674038 
3.113417843658681 0.20698963220185046 
3.1134184588747895 0.2069121509449619 
3.1137477475488295 0.11577076565811557 
3.1134178645648363 0.20695879858253569 
-3.141592653589776 1.0280375386837899 
3.1137552031417193 0.0953610906888525 
3.113416761201794 0.20706209971449524 
3.113739265429693 0.1268007783291483 
3.1137454931642288 0.1192484935404908 
3.1137438724775084 0.12418140008355436 
3.1137521617328683 0.102592639824272 
3.1137451778445584 0.12142269022449996 
3.113749375500881 0.11217924701468227 
3.1137273906480356 0.1362660273193554 
3.1137266440921647 0.13655156722537823 
3.1137338890164217 0.13157247669989577 
3.113458905247531 0.201555008385618 
3.1137447252616233 0.1220372447939447 
3.1134568253847417 0.2018654865705921 
3.113430419893537 0.20541510396037888 
3.1134027080027193 0.20890889012801056 
3.1137517672189876 0.10426565206538757 
3.1137550574836967 0.09719896976510285 
3.1137478435780217 0.11557311579082102 
3.113704774225707 0.14923911025692652 
3.1137501467915083 0.11008312382817724 
3.1134090959174365 0.2080952933140247 
3.113439360820495 0.20426496678923511 
3.113740500312917 0.1255770173126639 
3.113409629680082 0.20807518202076158 
3.113745442129769 0.1195627191006638 
3.113739911569561 0.12624101852377934 
3.113754798176067 0.09976864256885636 
3.1137499987132684 0.11057091035714726 
2.656395661632411 0.35741814833943203 
-3.141592653589793 1.0458870671904401 
3.113426426455266 0.20619231595477883 
3.113402248369021 0.21059274042514037 
3.1137403467129565 0.1256981777593576 
3.113701068707002 0.1521979005136631 
2.656395661632411 0.35741814833943203 
3.113456503938008 0.20193501576943057 
3.1134588929127647 0.2015566941582433 
3.1137512732764194 0.10653283823078936 
3.141071452458007 0.0474372389320982 
3.113732128583889 0.13290239947553165 
3.113415048384424 0.20761140901909533 
3.113706207015265 0.14766498031094732 
3.1137507499124095 0.10840379692446066 
3.113417843658681 0.20698963220185046 
3.1137546734726365 0.10216719907978851 
-3.141592653589776 1.0280375386837899 
3.113748255012825 0.11473265283884765 
3.113749052692816 0.11286876160739855 
3.113463867376098 0.2012593824447932 
3.1137368023881558 0.12912269574131954 
2.074341881389525 0.4428504069490711 
2.0526392019156674 0.7705284224885762 
3.1137460671836057 0.11834814126882812 
3.113745674487037 0.11864161554789654 
3.113456592533692 0.20193297337751562 
2.0641145486328716 0.6205857275990918 
3.1137507234644226 0.10853556349082458 
3.113736995437696 0.1289465955542831 
3.1137550035613164 0.09752685316407209 
3.113755346293298 0.09077666845692008 
3.1134578679963556 0.20178050373214157 
3.113755036334533 0.09739344079701515 
3.1137511346459488 0.10709911327674038 
2.659953827241757 0.24128132995645957 
2.074341881389525 0.4428504069490711 
3.1134184588747895 0.2069121509449619 
3.1137511143336525 0.10731244551690902 
2.0641145486328716 0.6205857275990918 
2.0635571476566636 0.6472808654070668 
2.659953827241757 0.24128132995645957 
2.053734437604751 0.6543980788283372 
3.1393369881430075 0.07174947074772695 
2.0635682812611122 0.6467880303451097 
2.5474986484945066 0.3730987756899045 
2.1424969935601057 0.4422119469656894 
2.1424969935601057 0.4422119469656894 
2.5474986484945066 0.3730987756899045 
