3.1137460671836057 -4.99851241417063 0.13917957449486065 
3.1137511143336525 -4.998514642273894 0.13917948968046917 
3.1137443318526867 -4.998513703735852 0.13916834327371919 
3.1137391796082188 -4.998514362965306 0.13917945536447632 
2.5474986484945066 -4.144442655605877 2.7994674517729212 
3.113754987538487 -4.998509865123769 0.139167967781153 
2.5474986484945066 -4.144442655605877 2.7994674517729212 
3.1134643846053933 -4.998514363586684 0.13994830872825897 
3.1137511346459488 -4.998512986308001 0.13917955593209302 
3.113417843658681 -4.998513476745108 0.1391794598477569 
3.1134184588747895 -4.998513476745108 0.1391794598477569 
3.1137477475488295 -4.998514390253287 0.13917913782748806 
3.1134178645648363 -4.998512986247413 0.1391795515462543 
-3.141592653589776 -4.9999999977082865 1.9075082979837427E-5 
3.1137552031417193 -4.998521767070837 0.1391684499845418 
3.113416761201794 -4.99851241417063 0.13917976655414474 
3.113739265429693 -4.998514363586684 0.13917945536447632 
3.1137454931642288 -4.998513949611701 0.1391797646755517 
3.1137438724775084 -4.998512989197966 0.13916836697078644 
3.1137521617328683 -4.9985129841023115 0.13917948968046917 
3.1137451778445584 -4.998543318105449 0.13917945953127817 
3.113749375500881 -4.998513360810088 0.13917952212182358 
3.1137273906480356 -4.99851396401481 0.1391794893943728 
3.1137266440921647 -4.998513109844289 0.13918069798052365 
3.1137338890164217 -4.998514307227591 0.1391794741559693 
3.113458905247531 -4.998512491975594 0.1391794598477569 
3.1137447252616233 -4.998544287514828 0.13917973235714765 
3.1134568253847417 -4.998512993839807 0.1391794598477569 
3.113430419893537 -4.998514401227749 0.1391803534690482 
3.1134027080027193 -4.99851437517974 0.1391797646755517 
3.1137517672189876 -4.998514250691941 0.13917992700188417 
3.1137550574836967 -4.998513950681513 0.13916841864329701 
3.1137478435780217 -4.998514375756546 0.139179188958976 
3.113704774225707 -4.998514907096283 0.13916844469745415 
3.1137501467915083 -4.998513344396041 0.13917977113254687 
3.1134090959174365 -4.998513338557429 0.13917856351478528 
3.113439360820495 -4.99851437517974 0.1391797646755517 
3.113740500312917 -4.998514398621136 0.13917926638069264 
3.113409629680082 -4.998514734949842 0.1391797646755517 
3.113745442129769 -4.998513059047795 0.1391787704162934 
3.113739911569561 -4.998514860824182 0.13917913782748806 
3.113754798176067 -4.998513951814963 0.13916841974392213 
3.1137499987132684 -4.9985147813386135 0.13917976699075177 
2.656395661632411 -4.422120271251592 2.3303403724052814 
-3.141592653589793 -4.999999999112809 9.067727965347957E-5 
3.113426426455266 -4.998514063994216 0.13916859392789332 
3.113402248369021 -4.998540713443141 0.13916841974392213 
3.1137403467129565 -4.998514398621136 0.1391794598477569 
3.113701068707002 -4.9985407326231055 0.13916841974392213 
2.656395661632411 -4.422120271251592 2.3303403724052814 
3.113456503938008 -4.998513474030711 0.13917945467920478 
3.1134588929127647 -4.998512491975594 0.1391794598477569 
3.1137512732764194 -4.998514732539647 0.1391797628203338 
3.141071452458007 -4.999992208800522 0.00258395819166346 
3.113732128583889 -4.99851437517974 0.1391797646755517 
3.113415048384424 -4.998513703735852 0.13916841974392213 
3.113706207015265 -4.998513338557429 0.13917856351478528 
3.1137507499124095 -4.998513303870184 0.13917957623826838 
3.113417843658681 -4.998513476745108 0.1391794598477569 
3.1137546734726365 -4.998540713443141 0.1391684540860323 
-3.141592653589776 -4.9999999977082865 1.9075082979837427E-5 
3.113748255012825 -4.998513456416321 0.13917919060867073 
3.113749052692816 -4.99851437517974 0.1391797646755517 
3.113463867376098 -4.998514363586684 0.13916846090994428 
3.1137368023881558 -4.998513150699636 0.13917904190240105 
2.074341881389525 -2.4126545839149074 4.378160975374836 
2.0526392019156674 -2.319397639175045 4.3975369229969665 
3.1137460671836057 -4.99851241417063 0.13917957449486065 
3.113745674487037 -4.998512989999812 0.13918069798052365 
3.113456592533692 -4.998513471096645 0.13917905834859584 
2.0641145486328716 -2.368571131220815 4.413574928760335 
3.1137507234644226 -4.998513360810088 0.13917950598971496 
3.113736995437696 -4.998513084746148 0.13917904190240105 
3.1137550035613164 -4.998509865123769 0.13916844870714945 
3.113755346293298 -4.998521665579239 0.13916844983205812 
3.1134578679963556 -4.998514285503789 0.13917992700188417 
3.113755036334533 -4.998514344218229 0.1391684531393984 
3.1137511346459488 -4.998512986308001 0.13917955593209302 
2.659953827241757 -4.4313874352266085 2.3161176503597147 
2.074341881389525 -2.4126545839149074 4.378160975374836 
3.1134184588747895 -4.998513476745108 0.1391794598477569 
3.1137511143336525 -4.998514642273894 0.13917948968046917 
2.0641145486328716 -2.368571131220815 4.413574928760335 
2.0635571476566636 -2.368571131220815 4.411495732200847 
2.659953827241757 -4.4313874352266085 2.3161176503597147 
2.053734437604751 -2.3229152695332838 4.4146675447553445 
3.1393369881430075 -4.999999970451156 0.011386892317821987 
2.0635682812611122 -2.368571131220815 4.411495732200847 
2.5474986484945066 -4.144442655605877 2.7994674517729212 
2.1424969935601057 -2.7037943725853837 4.2048691517112395 
2.1424969935601057 -2.7037943725853837 4.2048691517112395 
2.5474986484945066 -4.144442655605877 2.7994674517729212 
