2.2262976360626294 0.37290400026013176 
2.226297636062628 0.3729247373924053 
-3.1413078473041067 1.01073013750967 
-3.1413078473041067 1.01073013750967 
-3.1413078473041067 1.01073013750967 
-3.1413078473041067 1.01073013750967 
-3.1413078473041067 1.01073013750967 
-3.1413078473041067 1.01073013750967 
-3.1413078473041067 1.01073013750967 
-3.1413078473041067 1.01073013750967 
-3.1413078473041067 1.01073013750967 
-3.1413078473041067 1.01073013750967 
-3.1413078473041067 1.01073013750967 
-3.1413078473041067 1.01073013750967 
-3.1413078473041067 1.01073013750967 
-3.1413078473041067 1.01073013750967 
-3.1413078473041067 1.01073013750967 
-3.1413078473041067 1.01073013750967 
-3.1413078473041067 1.01073013750967 
-3.1413078473041067 1.01073013750967 
-3.1413078473041067 1.01073013750967 
-3.1413078473041067 1.01073013750967 
-3.1413078473041067 1.01073013750967 
-3.1413078473041067 1.01073013750967 
-3.1413078473041067 1.01073013750967 
-3.1413078473041067 1.01073013750967 
-3.1413078473041067 1.01073013750967 
-3.1413078473041067 1.01073013750967 
-3.1413078473041067 1.01073013750967 
-3.1413078473041067 1.01073013750967 
-3.1413078473041067 1.01073013750967 
-3.1413078473041067 1.01073013750967 
-3.1413078473041067 1.01073013750967 
-3.1413078473041067 1.01073013750967 
-3.1413078473041067 1.01073013750967 
-3.1413078473041067 1.01073013750967 
-3.1413078473041067 1.01073013750967 
-3.1413078473041067 1.01073013750967 
-3.1413078473041067 1.01073013750967 
-3.1413078473041067 1.01073013750967 
-3.1413078473041067 1.01073013750967 
-3.1413078473041067 1.01073013750967 
-3.1413078473041067 1.01073013750967 
-3.1413078473041067 1.01073013750967 
-3.1413078473041067 1.01073013750967 
-3.1413078473041067 1.01073013750967 
-3.1413078473041067 1.01073013750967 
-3.1413078473041067 1.01073013750967 
-3.1413078473041067 1.01073013750967 
-3.1413078473041067 1.01073013750967 
-3.1413078473041067 1.01073013750967 
-3.1413078473041067 1.01073013750967 
-3.1413078473041067 1.01073013750967 
-3.1413078473041067 1.01073013750967 
-3.1413078473041067 1.01073013750967 
-3.1413078473041067 1.01073013750967 
-3.1413078473041067 1.01073013750967 
