2.2262976360626294 -3.047776973051385 3.964303934013726 
2.226297636062628 -3.0477769730523345 3.9643043725977165 
-3.1413078473041067 -4.999999819077449 -0.0014245308199269681 
-3.1413078473041067 -4.999999819077449 -0.0014245308199269681 
-3.1413078473041067 -4.999999819077449 -0.0014245308199269681 
-3.1413078473041067 -4.999999819077449 -0.0014245308199269681 
-3.1413078473041067 -4.999999819077449 -0.0014245308199269681 
-3.1413078473041067 -4.999999819077449 -0.0014245308199269681 
-3.1413078473041067 -4.999999819077449 -0.0014245308199269681 
-3.1413078473041067 -4.999999819077449 -0.0014245308199269681 
-3.1413078473041067 -4.999999819077449 -0.0014245308199269681 
-3.1413078473041067 -4.999999819077449 -0.0014245308199269681 
-3.1413078473041067 -4.999999819077449 -0.0014245308199269681 
-3.1413078473041067 -4.999999819077449 -0.0014245308199269681 
-3.1413078473041067 -4.999999819077449 -0.0014245308199269681 
-3.1413078473041067 -4.999999819077449 -0.0014245308199269681 
-3.1413078473041067 -4.999999819077449 -0.0014245308199269681 
-3.1413078473041067 -4.999999819077449 -0.0014245308199269681 
-3.1413078473041067 -4.999999819077449 -0.0014245308199269681 
-3.1413078473041067 -4.999999819077449 -0.0014245308199269681 
-3.1413078473041067 -4.999999819077449 -0.0014245308199269681 
-3.1413078473041067 -4.999999819077449 -0.0014245308199269681 
-3.1413078473041067 -4.999999819077449 -0.0014245308199269681 
-3.1413078473041067 -4.999999819077449 -0.0014245308199269681 
-3.1413078473041067 -4.999999819077449 -0.0014245308199269681 
-3.1413078473041067 -4.999999819077449 -0.0014245308199269681 
-3.1413078473041067 -4.999999819077449 -0.0014245308199269681 
-3.1413078473041067 -4.999999819077449 -0.0014245308199269681 
-3.1413078473041067 -4.999999819077449 -0.0014245308199269681 
-3.1413078473041067 -4.999999819077449 -0.0014245308199269681 
-3.1413078473041067 -4.999999819077449 -0.0014245308199269681 
-3.1413078473041067 -4.999999819077449 -0.0014245308199269681 
-3.1413078473041067 -4.999999819077449 -0.0014245308199269681 
-3.1413078473041067 -4.999999819077449 -0.0014245308199269681 
-3.1413078473041067 -4.999999819077449 -0.0014245308199269681 
-3.1413078473041067 -4.999999819077449 -0.0014245308199269681 
-3.1413078473041067 -4.999999819077449 -0.0014245308199269681 
-3.1413078473041067 -4.999999819077449 -0.0014245308199269681 
-3.1413078473041067 -4.999999819077449 -0.0014245308199269681 
-3.1413078473041067 -4.999999819077449 -0.0014245308199269681 
-3.1413078473041067 -4.999999819077449 -0.0014245308199269681 
-3.1413078473041067 -4.999999819077449 -0.0014245308199269681 
-3.1413078473041067 -4.999999819077449 -0.0014245308199269681 
-3.1413078473041067 -4.999999819077449 -0.0014245308199269681 
-3.1413078473041067 -4.999999819077449 -0.0014245308199269681 
-3.1413078473041067 -4.999999819077449 -0.0014245308199269681 
-3.1413078473041067 -4.999999819077449 -0.0014245308199269681 
-3.1413078473041067 -4.999999819077449 -0.0014245308199269681 
-3.1413078473041067 -4.999999819077449 -0.0014245308199269681 
-3.1413078473041067 -4.999999819077449 -0.0014245308199269681 
-3.1413078473041067 -4.999999819077449 -0.0014245308199269681 
-3.1413078473041067 -4.999999819077449 -0.0014245308199269681 
-3.1413078473041067 -4.999999819077449 -0.0014245308199269681 
-3.1413078473041067 -4.999999819077449 -0.0014245308199269681 
-3.1413078473041067 -4.999999819077449 -0.0014245308199269681 
-3.1413078473041067 -4.999999819077449 -0.0014245308199269681 
-3.1413078473041067 -4.999999819077449 -0.0014245308199269681 
