0.006217793528592974 0.7013444269193028 0.12686205650411364 0.34952142473465575 0.0453481201080409 0.24797231273032738 0.08051930236886062 0.24267850688981252 0.4562953553833051 0.18559796489651348 0.9424920052514214 0.15476933964487483 0.8244013841338639 0.6447709266432905 0.6051013083372266 0.1735056677678154 0.796463820027003 0.346332137057489 0.015879944498762955 0.39932454249626825 0.8651990640164551 0.7432541309285731 0.06062041893714487 0.8229109216912767 0.3480166389063102 0.41134825769067807 0.5528074092434623 0.9160850426312914 0.8988795424549046 0.9160389851016804 
0.8578830544055638 0.026145055823609376 0.43166481186191785 0.8275766267680735 0.2307517293880732 0.095028983838219 0.5334908496687829 0.374371385548147 0.3426146255368582 0.7918675253237825 0.6662331983915372 0.2118111847535974 0.3405425501309366 0.4054879254527518 0.7615885035788911 0.22642096230820474 0.24925820497492857 0.5370810020394045 0.34799361084977454 0.2540875484213736 0.610968726248468 0.09060279006716077 0.4217655503860709 0.7506799419935436 0.8348174927783457 0.8232382492136534 0.25252315654083346 0.6901080892741279 0.6195860707634598 0.7211520595426895 
0.17319250201269487 0.03064995348133004 0.1465251310116229 0.1988205998895577 0.5100535826009138 0.7548298651435795 0.4500412363747527 0.07808949496474671 0.42880264695257664 0.18839779262952183 0.6146425287841801 0.7504976555204379 0.24397269955262524 0.2573536223375352 0.7297730312988313 0.6918560928285303 0.6433460848165258 0.18707389171387956 0.27789032655935253 0.5189244288168695 0.06571258354981324 0.053030262180838283 0.2822763590328976 0.9346351030125143 0.045614894493359204 0.8379403080114992 0.32065528139702004 0.1607725065394181 0.47115360347505597 0.4848541424693448 
0.48838038495965286 0.5071742478569938 0.23386476221686237 0.40813378242598963 0.08046508923461482 0.30631039244227254 0.2572824651236937 0.5353600990369872 0.4308122180092214 0.5590152797587271 0.09663919563525014 0.5075457077491925 0.20116223144878598 0.7179078269179175 0.71410299469709 0.25980234910303257 0.2990408445294255 0.8183445004547247 0.21528935095170787 0.3416721632892892 0.010051340211806536 0.2545254226874295 0.060360253202420444 0.9964737575096919 0.6227219361095085 0.9664596477228163 0.24212320386342323 0.8077515694697294 0.2974961063066527 0.08675404974725032 
0.4263007523781126 0.14010302909853145 0.6359226049769872 0.6836248145682821 0.026631731800372815 0.24302503162937938 0.268782407511014 0.007890528603457958 0.03915846418657731 0.8337999685403777 0.7283623887265509 0.3947220264695046 0.8614387441588587 0.4593444386096628 0.34155824864091666 0.5387024903903762 0.9228752613010517 0.11981684504809764 0.42057438193668395 0.863865895818835 0.2541449408587868 0.5028523717154841 0.6087509775453359 0.3240393005253852 0.062079632581540256 0.3670712187584624 0.5979421572398752 0.7245089678577076 0.053833357434242 0.06328536081289315 
0.01021901920275925 0.6353457825472846 0.31805860547392095 0.45763438531200396 0.029834733319923812 0.5304902509110061 0.5100152890259858 0.3718172161791604 0.8343592801445943 0.8929280452482826 0.18655430862401645 0.18542272011994598 0.16492366458563779 0.49534840533589386 0.7365307048530711 0.7489341596799968 0.3745402320515764 0.22578530839081457 0.16324845063695692 0.618621943482575 0.6872348634812374 0.40916096019812476 0.14002530691355708 0.15998381647344107 0.9782810384099204 0.8921237878862447 0.07359514834872316 0.2675809259063454 0.3384420735887754 0.5823334303686818 
0.8297081982639415 0.8867461721290943 0.5381854659115791 0.8281718134643737 0.18961127460435734 0.5131049352866811 0.856075049796979 0.3509965175774312 0.7582648088163256 0.2712342130905172 0.5105356442862207 0.7711456742911947 0.6370287738684711 0.6812826270017037 0.1084532758075909 0.6138929051219303 0.07422692902031847 0.11997295372465022 0.006707394058338645 0.6748541269271642 0.6431263678522924 0.9769059340708074 0.33147462015200313 0.0735933460755106 0.1234728470736649 0.09716031663570546 0.4898867920095472 0.2680231107076466 0.5167297980332427 0.8311821399381454 
0.8346339334041064 0.17689164696143145 0.9518791793652067 0.32969903619769014 0.3124768444088699 0.8406475922777696 0.9447971337708189 0.8526220459674226 0.40053994297535145 0.2770613676120427 0.22822735704008723 0.18856508335735456 0.5972608177899558 0.15989414919814426 0.30029954563623706 0.24512731475761373 0.4038103669802199 0.09138237074808508 0.5638369912687168 0.5680238634575869 0.009220077513301006 0.5557050592081022 0.2422972355488221 0.2991554613417551 0.8651176245013574 0.7710399091667443 0.293524518060569 0.6584440656503894 0.5640756973422867 0.6698074839417576 
0.6599928998454414 0.38206181493608504 0.09465152701951096 0.7198903141259525 0.06477673300409126 0.9883278700936124 0.4313583410817299 0.2921406444669571 0.7265342484327107 0.006366102784975958 0.023863694687168646 0.7571807557413771 0.3055112157763571 0.38058188569452756 0.7468512579552891 0.8583491552571089 0.36611630051398114 0.39610283306163696 0.08342934103975597 0.4657097509153648 0.4834085034409321 0.5810350039744713 0.6540899349761249 0.2521233225377877 0.6921416519065913 0.5994485938603568 0.4476764270810156 0.3804600999698837 0.3240324912590675 0.28571950478137986 
0.6203624742510466 0.26228785094514684 0.6411954056805358 0.2605645751747313 0.3588498893630193 0.45499796912653934 0.1332356540375207 0.09731775961695122 0.7842605047545722 0.11216239669781902 0.1988406787150956 0.9341902988765901 0.9788287299532915 0.16406344895681624 0.8058315734536908 0.1513039771131398 0.2122731648405114 0.44020942959802156 0.6424216820548705 0.5838980147863634 0.03221801568791216 0.5198055104319452 0.13148083816965206 0.3288152530149393 0.9819768881639919 0.6470281552623712 0.42860440249339427 0.2908131802733258 0.20087682434786613 0.5365742965400518 
0.24778288020193528 0.373555325146702 0.2846036501611413 0.529878483328732 0.3038365792888652 0.019264683339746735 0.6026703267561598 0.01338973184607306 0.9827888631659438 0.2372428362864123 0.2803817622030017 0.0034598721302883106 0.6460428450593948 0.6370843272471443 0.1983392960026662 0.5665139411726344 0.07835190204804432 0.3674178264681215 0.1126606962104616 0.956575456113128 0.11739283983863058 0.9372196433809424 0.9909538999967039 0.4072805981148043 0.046009327756142526 0.5416958271651842 0.4878536428995107 0.2939620681028574 0.5792805021958177 0.08590516816130456 
0.07848732036221262 0.4617326908626609 0.5725552500340164 0.6338766985631475 0.22698916144612924 0.07661105180385852 0.12546835216419394 0.041510079851527215 0.5721304575817872 0.17409779447193718 0.4781545399068644 0.3447846414402441 0.9044828251411838 0.3168314222989007 0.7006442546253364 0.07852396844339582 0.3687043995900027 0.47017333920998206 0.23217281124070022 0.5516315446125385 0.5233687278256612 0.11799597050405242 0.020904120211829524 0.27386093801483047 0.2321883009349004 0.09798611776859878 0.7219841175744792 0.931516869691735 0.900881320243931 0.3842772495519 
