0.3954342134335597 8.703448401329315 
0.7424125475722949 1.3520256341738963 
0.39715641104974514 8.633416078597506 
0.661691484241824 1.5797248833362854 
0.6982263336386189 1.4357932121952774 
0.5069452492972158 4.80851506605444 
0.4340164174243477 7.130634955187764 
0.5658537365309426 3.3715842899374002 
0.42543937316745295 7.4536078846955 
0.5003859645063558 4.993638891482875 
0.6303736703550125 2.1049100620444037 
0.598647730242918 2.693225920366935 
0.598647730242918 2.693225920366935 
0.6982263336386189 1.4357932121952774 
0.3954342134335597 8.703448401329315 
0.661691484241824 1.5797248833362854 
0.4819684929233969 5.52678159545983 
0.5203936819945907 4.452954296902024 
0.44858211084685057 6.605092730192971 
0.5844888822141998 2.9815746972686403 
0.6488875300299235 1.788021469615718 
0.46760490547492367 5.977035823868952 
0.4095956630601412 8.090522430214952 
0.3897405785342745 8.960709897825438 
0.4818201575184076 5.5284830962655915 
0.5624497592211984 3.448682523541081 
0.5301849306861752 4.202969911341619 
0.5378459553788524 4.01670674656282 
0.4818201575184076 5.5284830962655915 
0.5819581632111516 3.0292499298115882 
0.45697148870024634 6.3195293210230075 
0.6079372161382827 2.5147182841005895 
0.6488875300299235 1.788021469615718 
0.5040231663543452 4.888612106813666 
0.40967246997902756 8.087229750304186 
0.46320160467474136 6.1341092777540425 
0.6669012193544032 1.4994724423846468 
0.5149347713278208 4.5999883381598075 
0.5464384089613823 3.810313924377633 
0.4072941280943365 8.187647196416245 
0.439817675839918 6.923320734840602 
0.5464384089613823 3.810313924377633 
0.6155437751714836 2.37206093006543 
0.4908073189300761 5.263079786574831 
0.6218301029487928 2.257933734260595 
0.4726019204507598 5.812083457561273 
0.4340164174243477 7.130634955187764 
0.6155437751714836 2.37206093006543 
0.5218713746775675 4.413855087344298 
0.4774662798496977 5.669807389561471 
0.3954342134335597 8.703448401329315 
0.439817675839918 6.923320734840602 
0.5301849306861752 4.202969911341619 
0.5160976960753583 4.565580492058724 
0.4159089587914731 7.831220698235233 
0.45500657546138845 6.38460362231166 
0.5795187058094321 3.079667780213128 
0.42543937316745295 7.4536078846955 
0.5338248094365295 4.11327946286712 
0.5553660078542136 3.6055133608601015 
0.6661218133412083 1.5088180820546018 
0.4372435422796197 7.010929068780071 
0.661691484241824 1.5797248833362854 
0.46760490547492367 5.977035823868952 
0.5003859645063558 4.993638891482875 
0.45059964248259743 6.53485729326029 
0.5844888822141998 2.9815746972686403 
0.4906865740130209 5.266177123418201 
0.5706974487609411 3.266016677917626 
0.5706974487609411 3.266016677917626 
0.3897405785342745 8.960709897825438 
0.5261309857559688 4.311564936050871 
0.4191865627236613 7.700565461823744 
0.4208036862450992 7.635744241144025 
0.6303736703550125 2.1049100620444037 
0.5573863151117782 3.5606984624560205 
0.5385713311735277 3.999365478979879 
0.6332641077766484 2.0544634026578885 
0.4906865740130209 5.266177123418201 
0.4295589834310592 7.295930552155132 
0.44858211084685057 6.605092730192971 
0.6532650418003467 1.717044246810323 
0.5553660078542136 3.6055133608601015 
0.5203936819945907 4.452954296902024 
0.5464384089613823 3.810313924377633 
0.5959254208576347 2.747526346436954 
0.5959254208576347 2.747526346436954 
0.6415666117435791 1.9110089057607142 
0.39994717672236385 8.50294665618125 
0.5795187058094321 3.079667780213128 
0.4726019204507598 5.812083457561273 
0.45697148870024634 6.3195293210230075 
0.6218301029487928 2.257933734260595 
0.5069452492972158 4.80851506605444 
0.6415666117435791 1.9110089057607142 
0.5658537365309426 3.3715842899374002 
0.40404362607524147 8.326696735984898 
