0.3954342134335597 2.44164127273923 
0.7424125475722949 0.0037607954500899488 
0.39715641104974514 2.42881654487495 
0.661691484241824 0.04529050274852889 
0.6982263336386189 0.0025086304143240104 
0.5069452492972158 1.4376538689103862 
0.4340164174243477 2.0948126372114175 
0.5658537365309426 0.9078235684901029 
0.42543937316745295 2.171058266300838 
0.5003859645063558 1.4987468131111075 
0.6303736703550125 0.32687988157812775 
0.598647730242918 0.6122935842590593 
0.598647730242918 0.6122935842590593 
0.6982263336386189 0.0025086304143240104 
0.3954342134335597 2.44164127273923 
0.661691484241824 0.04529050274852889 
0.4819684929233969 1.6637345962805412 
0.5203936819945907 1.317289282318478 
0.44858211084685057 1.9629264392491501 
0.5844888822141998 0.7426972620446888 
0.6488875300299235 0.16022483505941715 
0.46760490547492367 1.7948912714404734 
0.4095956630601412 2.3138428993068385 
0.3897405785342745 2.492352259656286 
0.4818201575184076 1.6637345962805412 
0.5624497592211984 0.9397106549960358 
0.5301849306861752 1.228351311120736 
0.5378459553788524 1.1603694775817615 
0.4818201575184076 1.6637345962805412 
0.5819581632111516 0.7628967250606616 
0.45697148870024634 1.8878447217127405 
0.6079372161382827 0.5287908330081514 
0.6488875300299235 0.16022483505941715 
0.5040231663543452 1.4639737531544101 
0.40967246997902756 2.31311538709499 
0.46320160467474136 1.841329260705891 
0.6669012193544032 2.146461342000805E-10 
0.5149347713278208 1.3686939430209628 
0.5464384089613823 1.0821018784803145 
0.4072941280943365 2.3347806260083934 
0.439817675839918 2.044998834691907 
0.5464384089613823 1.0821018784803145 
0.6155437751714836 0.4601073398292552 
0.4908073189300761 1.5831580793638702 
0.6218301029487928 0.404051166426818 
0.4726019204507598 1.7468018038635496 
0.4340164174243477 2.0948126372114175 
0.6155437751714836 0.4601073398292552 
0.5218713746775675 1.3034646220599435 
0.4774662798496977 1.707141841758241 
0.3954342134335597 2.44164127273923 
0.439817675839918 2.044998834691907 
0.5301849306861752 1.228351311120736 
0.5160976960753583 1.3562855731981083 
0.4159089587914731 2.2570748466692487 
0.45500657546138845 1.9050366298664043 
0.5795187058094321 0.7847250863121185 
0.42543937316745295 2.171058266300838 
0.5338248094365295 1.1957706254242313 
0.5553660078542136 1.0023795614859037 
0.6661218133412083 0.005056636820215388 
0.4372435422796197 2.065483460704554 
0.661691484241824 0.04529050274852889 
0.46760490547492367 1.7948912714404734 
0.5003859645063558 1.4987468131111075 
0.45059964248259743 1.9446043600178813 
0.5844888822141998 0.7426972620446888 
0.4906865740130209 1.5840424108358226 
0.5706974487609411 0.8639073856982734 
0.5706974487609411 0.8639073856982734 
0.3897405785342745 2.492352259656286 
0.5261309857559688 1.2684479099553156 
0.4191865627236613 2.2279735669704386 
0.4208036862450992 2.213149323898193 
0.6303736703550125 0.32687988157812775 
0.5573863151117782 0.9846845952125354 
0.5385713311735277 1.153943589863647 
0.6332641077766484 0.3010179336439249 
0.4906865740130209 1.5840424108358226 
0.4295589834310592 2.134032511167365 
0.44858211084685057 1.9629264392491501 
0.6532650418003467 0.12168498166559055 
0.5553660078542136 1.0023795614859037 
0.5203936819945907 1.317289282318478 
0.5464384089613823 1.0821018784803145 
0.5959254208576347 0.6373207943178811 
0.5959254208576347 0.6373207943178811 
0.6415666117435791 0.22603950868070607 
0.39994717672236385 2.4007295089605547 
0.5795187058094321 0.7847250863121185 
0.4726019204507598 1.7468018038635496 
0.45697148870024634 1.8878447217127405 
0.6218301029487928 0.404051166426818 
0.5069452492972158 1.4376538689103862 
0.6415666117435791 0.22603950868070607 
0.5658537365309426 0.9078235684901029 
0.40404362607524147 2.3643487424362157 
