0.8514474845811232 -0.7731718451344479 
0.06136677522169809 0.6949717926635111 
0.0584467921852892 0.7019818238943843 
0.22134252349631678 0.39213670284884156 
0.04604915541434966 0.7398697319116647 
0.6514404789964017 -0.4577731980557814 
0.8484996797434136 -0.7685829284562762 
0.44498552633072636 -0.10638973642536155 
0.4305722053121501 -0.008780901315330226 
0.08073831325302322 0.6701362189088738 
0.21112788406898614 0.4683916093422991 
0.06486113276234626 0.6876418035576451 
0.0730927167694789 0.6751102569464362 
0.2272769612389361 0.35163854227840696 
0.05194432527127833 0.7204256850826909 
0.2509524558354242 0.24835296707973278 
0.25297355620899 0.2453230289935358 
0.2041177006829382 0.5220398318846592 
0.2566659237534432 0.24242986398085173 
0.6328377993460502 -0.33840625690914555 
0.8444273219373106 -0.7503162626329946 
0.8371807141937663 -0.6850609000293444 
0.009656429588527249 0.8990961349662626 
0.840957673130506 -0.7241958541635823 
0.2311851634539657 0.32745797312079633 
0.07110967769341991 0.67747013405804 
0.07951732621202023 0.6704830873436607 
0.2234586885564499 0.37730338973064065 
0.024723312814877385 0.8256387957767158 
0.24567393217953976 0.261119809261001 
0.6495700048300024 -0.4553649875033969 
0.03205992788794142 0.7940506911006237 
0.6377386970983145 -0.3894810183976523 
0.24771184989899764 0.25533013292168116 
0.6418042022550561 -0.4216315184151935 
0.042632902589585187 0.7521981833595147 
0.4284567426170742 0.01160401342395518 
0.24949418410982713 0.2511981845420793 
0.23994488491693794 0.2822442782993617 
0.2555391418615553 0.24298327762453392 
0.06503626051267554 0.6873141808589475 
0.4532577882297044 -0.12397780643313157 
0.6475963561495719 -0.4503545088575244 
0.4330605183797578 -0.03105967167190703 
0.004889806146684744 0.9295839050640305 
0.8507324167898193 -0.7727336997668007 
0.4435718805268986 -0.1004249533788846 
0.20718506209478135 0.4985824789872918 
0.8503314473135748 -0.772330012504473 
0.6489049884680633 -0.45395397594492143 
0.6518715145727326 -0.4579939639466486 
0.6441011793058404 -0.43550540581823705 
0.45077605913958385 -0.12188447161637306 
0.635181283428952 -0.36445145856271577 
0.03722858050467065 0.7730283822621782 
0.8354073350995304 -0.6630188983040339 
0.25447349041887823 0.24373375210365203 
0.07744954955484923 0.6715052100703216 
0.21696767862524333 0.42412826136139775 
0.025805039046512573 0.8208978287374482 
0.05550240962090082 0.7099204148020196 
0.24330669107241354 0.2689664861204474 
0.8423419994019237 -0.7357402669816504 
0.23782722674973125 0.2918671617064517 
0.42157441658589695 0.08655873745403331 
0.8455273284232955 -0.7566115172820624 
0.0144202477450871 0.8738474270513286 
0.6470493158210551 -0.44852903342311495 
0.007448240257891453 0.9122422732465888 
0.8462701149953202 -0.7602461578978413 
0.6513117214267323 -0.457681979007295 
0.6397824847716181 -0.4068296671253971 
0.45047896775212853 -0.12144085238454742 
0.6295391474929346 -0.2971650959207292 
0.8480534578296275 -0.7672554751725578 
0.8388144095050012 -0.7032955160751945 
0.6522354135607086 -0.458116727950071 
0.8498132437793778 -0.7715310706259249 
0.001389224411652401 0.9629664996728058 
0.6504527882658494 -0.4567756472153592 
0.4496051889206855 -0.11993320749889638 
0.06996438937077477 0.6790263135116649 
0.018433623140138383 0.8543872060429173 
0.44072577606311003 -0.08580238190238934 
0.25273054500184844 0.2456470306539189 
0.2336136371728787 0.3134820602202169 
0.448069546205788 -0.11641672616165279 
0.44692239529047223 -0.1131694309751354 
0.07562763472007271 0.6727864316419281 
0.43675578783576796 -0.060152994240820636 
0.6456810382166209 -0.4431332043734041 
0.42592710596870115 0.03778343212662601 
0.452955632151007 -0.12380051563663982 
0.4520068154929363 -0.12314601304665541 
0.43849750524364417 -0.07222852641942912 
