0.29809564427720603 3.318125952103862 
0.876708515060315 2.218959504663286 
0.8392521864534087 2.3643259463940813 
0.00945947841462591 5.333285382869822 
0.6693303055265014 2.3868567340276026 
0.658782844179548 2.4345413544835988 
0.2633807478238126 3.6270957008594213 
0.11265406260998656 3.86875923231766 
0.2805905014185134 3.6256351802059066 
0.0488547285243639 4.23931523976647 
0.42411618627205805 2.7104101672861187 
5.620083347956939E-4 5.649320745577898 
0.031678867619729156 5.260035486499521 
