0.29809564427720603 0.025946121420595603 0.15012986870201284 0.8522268490603462 0.09434244143235238 0.21595644580484663 0.4058391595755757 0.6316695636750405 0.2559896185028302 0.7067113598241597 0.07360873243512289 0.9545001015957129 0.49013684069265184 0.8716178594293287 0.44889633843301413 0.4975782833656299 0.03457990792937138 0.3469302199107315 0.5605012964329072 0.5054876225675861 0.08546671087583124 0.7187352469645588 0.2751859837646655 0.2827084737099754 0.3886703509918843 0.1857881969197962 0.2853526600410926 0.4767290887900798 0.23458567342193792 0.20027474377943644 
0.876708515060315 0.4544033674173453 0.6233651510517821 0.4933477274865049 0.3094635314525367 0.0586877754271139 0.42436822490018034 0.6800614295757254 0.621975258082709 0.19520355483223462 0.27521318721640253 0.08588341564533564 0.3675110224435387 0.17131230342077586 0.7187142663589935 0.02820242891057667 0.4562032388113314 0.7499316243161235 0.7661761579595273 0.05720263644593815 0.8190474994578257 0.4999797352511093 0.3954862723831857 0.8785326579125471 0.5225072457170216 0.128113423773505 0.06503179973852014 0.17180605508991742 0.6454274167628303 0.8110493194718306 
0.8392521864534087 0.6284504216737105 0.4899201849992231 0.4523583946177494 0.32242513128512285 0.26750752388241383 0.1989690913916765 0.7002409371683209 0.5877927620673129 0.5246386359414462 0.5723710210494697 0.5147045217063679 0.2757021141291234 0.5969925743275597 0.4887107210482148 0.8279678942699441 0.68414452545673 0.5402981451368316 0.01158789109806957 0.42004169746258524 0.6647633660269108 0.20777429433695704 0.8467372705816405 0.07267461204166692 0.4943015788539977 0.8195411471816025 0.10325819216097276 0.6675202259577822 0.2681339366898713 0.46607645614934257 
0.00945947841462591 0.5224172153187369 0.7568290858456371 0.44794863493058223 0.506234165436709 0.6686713516913901 0.29002438921558815 0.10996293460284268 0.20331478885811205 0.6798054361537516 0.8983946909965557 0.45993948008209806 0.12680606766633862 0.38295090216721583 0.10780479265064213 0.3364218201002669 0.9541945125275638 0.6071006701384558 0.23987371335569008 0.08525137514894243 0.9436331972913108 0.3386647350569685 0.916276376581889 0.8176881487060678 0.7137290562719032 0.6188403540429169 0.8508795959864384 0.3058747245599662 0.14607593018110765 0.6754608501545346 
0.6693303055265014 0.23862250922187012 0.7780538172606711 0.004332942455252176 0.4419384179641316 0.11898728364593636 0.8209769548618748 0.04942892776173724 0.21207748820339467 0.5701325853529287 0.16318311680915842 0.8687965696906886 0.3974415061670842 0.3672962175357193 0.7378896362255657 0.6289838465797527 0.6818737003216341 0.2233933347938032 0.21501789697272844 0.4090085856105825 0.12195136456452227 0.07611342100626717 0.05622087601593695 0.4604417318767706 0.5248299567440653 0.027106619966349 0.7509096999729955 0.26262222951196856 0.9047286931055456 0.8502402926471717 
0.658782844179548 0.11466885073636246 0.34457683283437957 0.04156462132711847 0.9150211714738974 0.5934672928611201 0.11005014840727367 0.5550994562841505 0.2699802349257775 0.8130642546124249 0.6113406806474442 0.2027619176118981 0.9345718938046503 0.49200996948474685 0.3481891479822785 0.025095218964222066 0.7866565237901267 0.13813138950129056 0.2668987864771635 0.26994006052586694 0.5336984564971416 0.6612990352145179 0.23734044278736455 0.10660408684636813 0.24852496625639586 0.5614168711444393 0.44720510507072253 0.46325242279318746 0.948511949941405 0.3878736863036142 
0.2633807478238126 0.5162645315725688 0.039439067254644855 0.1996722713664495 0.8606000691797105 0.9008899898625302 0.7886592182094927 0.8704689450213849 0.2351821979193005 0.3488235333636899 0.41766689179686034 0.9989163930635616 0.0030771226828143483 0.13002686148600828 0.5898074536336365 0.3625719348663011 0.039363057134825574 0.4127753662161179 0.048497621362091015 0.9660693530135495 0.9990868097504323 0.7969499762813732 0.23071542524687738 0.05879946288381144 0.2817338178285531 0.5039124093760956 0.19435157366282552 0.6243403974560081 0.39519713642454724 0.13002472393440878 
0.11265406260998656 0.6940617119971707 0.6371691188066017 0.29600997211534186 0.11177403738150082 0.48852483130053037 0.6873930681273872 0.9336777289187496 0.015372438373174702 0.779394244217518 0.11485756608388831 0.005990703753026461 0.6214027765729769 0.47956825237585865 0.7486498351087024 0.05985424773945225 0.6304555044741135 0.18101126402105683 0.21615353458065123 0.09311493650680813 0.040624064292216544 0.5961793840534674 0.1990856872952862 0.430675538816661 0.49563551407896833 0.005343955801541567 0.8950241778523987 0.21162431620186017 0.6790036650964446 0.06009120933929413 
0.2805905014185134 0.6177849314690089 0.12462492332530528 0.7191799609675145 0.388851439599301 0.013247292166078561 0.9040823050876984 0.2000621823810549 0.040776061871365066 0.2594843497404379 0.7044585891113243 0.9695030470868434 0.49315641684319955 0.8776023620141551 0.9017252645941339 0.6448121747031536 0.048706708962963696 0.7495567682195767 0.04492025123159116 0.5265673631220588 0.9634764593033956 0.274983940992091 0.057463585181920296 0.002435129173527839 0.6954074854705611 0.17527089944744068 0.4176021082745238 0.2197930139209956 0.23068853828182534 0.5158588421419944 
0.0488547285243639 0.2485597355418312 0.6502389406637971 0.6414038345363491 0.056352771409792335 0.27337234554142564 0.5776763428630418 0.1713213876671993 0.44335410915172857 0.8143748899758768 0.522250392252672 0.17371408957461498 0.3705272923530508 0.4345872457540757 0.3982600134640998 0.6578745183177844 0.6038839065493615 0.593640565592569 0.38464564105264787 0.565049203296468 0.9905756184302172 0.26186965519600747 0.2489705702433922 0.5502991266009082 0.5534290921094356 0.11819801893189341 0.3235059390030576 0.1470011429337691 0.20654973315000902 0.16926973560869252 
0.42411618627205805 0.05923970601183404 0.4601035965688707 0.16206670161248327 0.21565798332693875 0.08631222908667646 0.5844054126596109 0.31951773397240557 0.4496944637900452 0.05552672142406467 0.5122938507876065 0.6501715289372623 0.7459364662067122 0.043376749966743566 0.49242904147529987 0.7317726622057498 0.13027718851950354 0.20695287671530105 0.9289953504118765 0.31389830073121483 0.27456515179753405 0.9024368872467551 0.1322524425937065 0.17097991387819567 0.6527795761477873 0.34245103641130337 0.7242224734400776 0.14049918446315546 6.635014441800369E-4 0.3436681531860396 
5.620083347956939E-4 0.9888104628403898 0.4578386279801503 0.5991316308958601 0.8081534152902377 0.5476870394260464 0.9935654049548127 0.26118188872974857 0.2260872025589823 0.692850083140048 0.8081436600479622 0.024640517051542132 0.15463797128112422 0.1394681613318407 0.9401066552877585 0.9157322357891756 0.356527216670397 0.5863949066562346 0.49729053815736235 0.4326349078109909 0.43101670481848464 0.6236918497750994 0.3382893739227527 0.5349370285894667 0.9448891596693773 0.5065210609206078 0.17659007908189006 0.42059279240068703 0.09130185704557048 0.6649340499492472 
0.031678867619729156 0.9303660597346927 0.6673574784380685 0.8268482758763757 0.9065647057663659 0.8443695887992226 0.22862472069956197 0.15034001331442026 0.33047081636581255 0.380116837475722 0.9944886815449718 0.9837209111995964 0.7229601690501487 0.4566620364042343 0.1368024633264493 0.6818371425894798 0.3774252876715196 0.2076544301309008 0.7942265078437065 0.055705653165362023 0.00857617138515454 0.46677131797576177 0.7517185068211917 0.2814243749941592 0.07019594860010303 0.3214529844023213 0.6309903521037746 0.6925669251294941 0.963783826491015 0.3190623187264844 
