0.022100278914763988 0.8424625345944573 
0.25741559613862053 0.24378040395067133 
0.21812691070297757 0.4184714596407143 
0.4106349940406596 0.22965138471719182 
0.637434330997348 -0.3834440518229412 
0.42787596966733094 0.020569573649734343 
0.8285147704171056 -0.5553646080555911 
0.025645899081557955 0.8263064281316159 
0.21270395117872304 0.45846758008071264 
0.20416400622441466 0.5236994136809296 
0.2465867798677292 0.2607017770758456 
0.1938122772827955 0.6023233907217677 
0.6259457876214003 -0.24102538817703517 
0.24127448487806 0.28057721763815385 
0.20183678707671276 0.5422588378858156 
0.00896972789693605 0.904991889030256 
0.41486102886893894 0.17085674699357256 
0.44104284174208563 -0.07681540983283291 
0.4136282963874684 0.18681794946019134 
0.8261302535166363 -0.5106222983263605 
0.6184976907231541 -0.12479999403065119 
0.8342995108989913 -0.6464829827143289 
0.829669127721712 -0.5746547402840311 
0.4525952469695892 -0.12226419163987808 
0.4347320849792705 -0.04209818719581882 
0.6411339796780035 -0.41429147840446673 
0.053258625173287805 0.7198100796020417 
0.4318776185875024 -0.01842344651621053 
0.8318132939939475 -0.6075900220069642 
3.369998371820365E-4 0.9846654492539759 
0.0194195006958406 0.8525696296561763 
0.006146353525856629 0.9233572314748573 
0.8303122306670755 -0.585826929371438 
0.22981495061369817 0.3490513937213328 
0.21544816352352486 0.43830712161256474 
0.19673504834212757 0.5782672129828136 
0.833172599399497 -0.629708999264358 
0.4301676951170633 -3.908201329835179E-4 
0.0637821512175648 0.6934195045425614 
0.6298609732571783 -0.2986219224077764 
0.645496632729729 -0.4404626641634423 
0.624020039290336 -0.21549516181079384 
0.4197101045924789 0.11177861269149213 
0.4450533551220303 -0.1049337379850871 
0.18741021078496056 0.6421522180542265 
0.8366293329515068 -0.6772597281158784 
0.4213479402677313 0.09147081020247579 
0.18366993369797852 0.6646814387396187 
0.41638066199317914 0.15185815760316282 
0.20668990884474173 0.5045551954142834 
0.6284253304563884 -0.2804059768095338 
0.6354205133433803 -0.3652852365531769 
0.43805634460689397 -0.06704457472243618 
0.03853627670414569 0.7709587723662404 
0.23322436383770345 0.3170872179086131 
0.030157276655695564 0.8083837241961345 
0.6195071341488307 -0.1412775509176593 
0.04994349162295436 0.7295882401321871 
0.21019384868899385 0.47918146039216974 
0.6273060306271012 -0.26459257929170343 
0.8383739205559828 -0.6947920054290464 
0.8402299478652786 -0.7154875689215602 
0.0452252483270843 0.7458542807629112 
0.23662840549985625 0.29916462400382016 
0.05703858631852349 0.708155796457173 
0.1906830927020327 0.6211615085370401 
0.00298071893871793 0.9485826811315956 
0.845424753902974 -0.7542580706410426 
0.426089169514108 0.03829562664389054 
0.08632957299856989 0.6724922319032968 
0.4242341063814092 0.05884599946223538 
0.824887214631819 -0.487411406340525 
0.8425085318854683 -0.7356916381773821 
0.2223437214861631 0.3871419442401595 
0.44144411347101997 -0.08762617677221518 
0.0013824888985287942 0.9664267768004449 
0.4180174733035932 0.1329995670402279 
0.4122995239885584 0.2047666771979886 
0.632167730719713 -0.3290678319616529 
0.2298993755343079 0.3376582392856566 
0.22581580137175794 0.36485708317240123 
0.6308056240934232 -0.31119378796870295 
0.06854847143456247 0.6844721081290596 
0.620408552930131 -0.15672561974017002 
0.6227194884562517 -0.19422289785427369 
0.8513119015090607 -0.7709787800236845 
0.011173126057212476 0.8943808065370825 
0.6517885519675152 -0.45635559063485803 
0.199117083019642 0.5615676982171597 
0.8237494440865348 -0.46389486062621044 
0.8354182229913034 -0.6616809495922148 
0.42245154971051935 0.07804780949865614 
0.013936312475823692 0.8796624764447258 
0.6214758345656246 -0.1739992157223513 
2.337934644495223E-9 1.0047533450312154 
0.21959469882226942 0.40758829115843725 
0.033337898851925896 0.7906798720615296 
0.8273456744127118 -0.5341299173996578 
0.6387267039000032 -0.3965647321854246 
0.6336053399105448 -0.34561377952832173 
