0.21857832509893477 0.41213058790542767 
0.6308404101496107 -0.31412932991543757 
0.04582566608673738 0.7406498558546233 
0.049687868735326324 0.7275544696432162 
0.038683524099286076 0.7671894167726839 
0.23424233286013935 0.3100179864397868 
0.014573005057370412 0.8729904927738368 
0.6456337987299602 -0.4429710801220964 
0.23742555456961728 0.2936921700029108 
0.6489959351962262 -0.45419444962044864 
0.02904246591333467 0.806747117277309 
0.6514395587683197 -0.45778938774429073 
0.20726342757036473 0.4980105929710553 
0.2256636849796978 0.36221887353169024 
0.6417662649247015 -0.42143388223044626 
0.005307785532249705 0.9264142000042227 
0.8342246020083613 -0.6471426987444993 
0.21353644838345137 0.44996982874054225 
0.6392913206285196 -0.40292636331358395 
0.03377786759482737 0.78688898773639 
0.009831624888389798 0.8980280713517157 
0.24841282494990116 0.25356131146272126 
0.25226756752875534 0.24620022613976064 
0.2506094031537689 0.24891797268424232 
0.0798440508072987 0.6702761173274787 
0.8510175945258358 -0.7730392413895306 
0.02593365092243273 0.8202044926957308 
0.24318120082850914 0.2693543091746104 
0.052858023950297074 0.7175809506767522 
0.2054927577788203 0.5115437062463742 
0.4285977971810279 0.0101055997411882 
0.45160566024692667 -0.12297633701981721 
0.43279690917405644 -0.02891518933709191 
0.6323296726086386 -0.3324412369496356 
0.8440621713504682 -0.7480669161521019 
0.018909379542340454 0.8520661990197067 
0.2557284506261443 0.24280847992207055 
0.4464559180510718 -0.11175776444220697 
0.836883491349411 -0.6815525824514577 
0.8401540036086168 -0.7168088294109156 
0.24078379143909112 0.27863979391812826 
0.8496040370776652 -0.7711889163007415 
0.8416685527182305 -0.7303512327439075 
0.42541891162216533 0.04309811092435121 
0.45261250343277026 -0.12370462440429485 
0.20122912982331898 0.5437730067355949 
0.8479919076226786 -0.7671114063827307 
0.6432671264863579 -0.4308558520175615 
0.8460175168562828 -0.7591286029630808 
0.2095029212682601 0.4807490356926931 
0.0729289831098365 0.6752485079093726 
0.6479694555145848 -0.45153523566743786 
0.0017614813541822465 0.9580659150767575 
0.6352854382174283 -0.36557471752587467 
0.6505756251565528 -0.45694135287855003 
0.85135567476974 -0.773191757887093 
0.8470213509527841 -0.7635972708947881 
0.6272339514939274 -0.2654325189644508 
0.8502247346083789 -0.7721764323020003 
0.4221499255110387 0.07974800100560372 
0.22237834695280834 0.38476800589823384 
0.4428050357291795 -0.09683529675358464 
0.4495882584826524 -0.11992594688242399 
0.07871829509573389 0.670711941929754 
0.6520387735594115 -0.4581192631676691 
0.2564450603141565 0.24246786392171094 
0.4507253596654224 -0.12187925941184942 
0.05647993762360276 0.7071988534073518 
0.22964940155343916 0.33658145968926595 
0.4520380887057587 -0.12336958466123508 
0.43431501026721636 -0.04154280531920284 
0.07091728956242233 0.6776805078750615 
0.2532698973310147 0.24489672953855543 
0.08168093293987921 0.6698901256520463 
0.8493761057520879 -0.7707401778842992 
0.2557284506261443 0.24280847992207055 
0.2552178586144146 0.24310013402651037 
0.257092137493687 0.24232603408956432 
0.4408786749120876 -0.08675637151380554 
0.4373790140449514 -0.06469157772236009 
0.07819520314904502 0.6710120177213748 
0.843254340204876 -0.7425912946649328 
0.07509466779294834 0.6731378569565537 
0.2325319866677884 0.31947756608493205 
0.8386047802640447 -0.701098510125683 
0.4474927373702544 -0.1149215749340059 
0.06602694115302765 0.6853275281346164 
0.45303910981559553 -0.12390608070004458 
0.4451778570305471 -0.10717701197442488 
0.06080911284698437 0.6962066244773111 
0.4537703101199101 -0.12414467929069009 
0.6371521116284344 -0.38402783885477415 
0.6469833563892355 -0.44832771891954665 
0.041583357424435835 0.7560670731564183 
0.24574922383540732 0.260800518893492 
0.4386790678618343 -0.07345636436868182 
0.649869593191005 -0.4559097467327074 
0.06380928616196029 0.6896272540929136 
0.06951305794162077 0.6796676238860596 
