-16.477728645763435 -5.937163778692662 
-18.0872549162615 -3.6029485253589364 
-17.976508338914282 -3.856322536747407 
-14.8574840172971 -10.761008665910019 
-16.65839892912978 -4.946611096727096 
-18.04635542295808 -3.7254720378617523 
-14.4369995960154 -11.621296551993918 
-18.741616690702614 -0.7679195382854759 
-14.612109707956332 -11.450667973534038 
-18.19168059051507 -3.1865119827167665 
-18.131569301508176 -3.4409108612439163 
-17.98261192226466 -3.8495354493233114 
-18.151984588122076 -3.3585342079722458 
-16.18898866503259 -7.15864490956359 
-18.62473015751375 -1.182377447801223 
-15.969246275287208 -7.695456683918517 
-14.479902665253569 -11.615206586310158 
-18.244848557729824 -2.9390366246233643 
-19.999714361020217 0.0011253939899857409 
-15.306490115481528 -8.925768125623694 
-15.211893479549422 -9.322526867069783 
-18.27973598688326 -2.770007431252117 
-18.32065611485544 -2.568513898511367 
-16.148785458882912 -7.290883654988185 
-15.037331630472375 -10.059498290889419 
-18.60051646177842 -1.2776337700623508 
-18.00527609291692 -3.8161282484937344 
-16.128663526888793 -7.352113115609606 
-18.229430293442412 -3.012291132216586 
-16.450560913438743 -6.0651800657885415 
-16.515175613609436 -5.755661843907642 
-17.947540575543975 -3.8743925494023155 
-16.022809241963806 -7.611435042570717 
-17.954632592798852 -3.8721890338199514 
-16.25117866342341 -6.930411308258851 
-15.139701535997506 -9.629938429897077 
-15.939398197901646 -7.726627190551008 
-14.650414103282891 -11.37197406068314 
-15.980746165714477 -7.680442432148039 
-18.400410638408026 -2.1759324226662695 
-15.069906664002824 -9.925151895540061 
-18.348703330968355 -2.42979009030592 
-14.967192579699585 -10.345941959234976 
-15.112318662056921 -9.746142490276771 
-18.498289463390464 -1.7153201230146187 
-15.344592636864348 -8.77066584240961 
-16.21918221560331 -7.051349779780901 
-14.742810703821416 -11.133880343866359 
-14.789499188423711 -10.990111337125946 
-14.764699131256021 -11.067925885396477 
-18.105442567031034 -3.539771244179667 
-17.991810990054866 -3.8375320659418786 
-16.40435431152641 -6.279962776010956 
-18.073165351551296 -3.648370383358513 
-16.55448740081725 -5.5666034920094525 
-16.043662622800472 -7.569279516452767 
-14.59692524831193 -11.478657096644888 
-16.584667743521372 -5.418631725275839 
-16.102876732441437 -7.425350813271574 
-16.477728645763435 -5.937163778692662 
-18.545719612539116 -1.5059060756411464 
-14.50315082370274 -11.599409966422563 
-14.878531276360945 -10.684914822644615 
-14.70606225287565 -11.234121830740516 
-15.26264984890148 -9.107750459418067 
-14.8574840172971 -10.761008665910019 
-15.18470787486541 -9.438202256632753 
-16.004298557108417 -7.644055997053566 
-16.31154483584219 -6.687333795925962 
-16.377354195067863 -6.400207502366708 
-16.07331070726991 -7.501888657401663 
-17.96308149915332 -3.8676509277549296 
-14.619794573479204 -11.435884833086147 
-17.979361633174843 -3.853261328182634 
-18.451149826511674 -1.9331946032431988 
-16.286197858465826 -6.791501770055976 
-15.00070618641967 -10.210172203618265 
-14.552733218866894 -11.545365941459849 
-14.47918962025927 -11.615632433866129 
-14.819768125829857 -10.890323816140999 
-16.345757108160804 -6.540119133017727 
-18.021291944648336 -3.7850538618499283 
-14.934653607957742 -10.473416454805028 
-14.541937383333643 -11.560125486107415 
