-0.9633070601333288 -4.413052371840341E-5 -0.9739244089035225 
-1.061400103199854 -4.166759002860849E-5 -4.798870989656257E-5 
-1.130339170153364 -4.512376192602845E-5 -4.787055577381661E-5 
-1.0930231075800492 -1.0064260550599142 -1.0939629163767033 
-0.7610231041218776 -0.017547508658087463 -1.071629628779739 
-1.0867425124672048 -5.077168540454493E-5 -4.78671892780515E-5 
-1.1455710971652866 -1.1593793378245887 -1.145042917645579 
-0.6723719790067861 -4.4191450593067454E-5 -5.1629639878933954E-5 
-1.1284457423237837 -1.0934074898529602 -1.1232204930334564 
-0.997250483504525 -4.422208131908364E-5 -4.791426655766503E-5 
6.856729234805403E-5 -4.422280928985112E-5 -1.0340554722474855 
-1.1265119985835073 -4.4191450593067454E-5 -5.1629639878933954E-5 
-1.0215385025679162 -4.419660399596135E-5 -4.788476557445716E-5 
-1.0566916830675097 -4.297558951196471E-5 -1.057318079400153 
-0.7396813761958263 -4.3865448699595E-5 -4.836602116731197E-5 
-1.1238764375807402 -4.332403671828746E-5 -1.1267990751262276 
-1.1455710971652866 -1.138778943065164 -1.1443483290481973 
-0.9649033297350738 -4.3865448699595E-5 -4.836602116731197E-5 
6.856729234805403E-5 -4.085357562652459E-5 -4.796497447196051E-5 
-1.067207816793308 -0.8060632043232697 -1.0668691623603621 
-1.068739161399191 -0.8525223676520015 -1.0717068710957807 
-0.9437909313978128 -4.418704548648008E-5 -4.836564150729658E-5 
-0.9191411381462706 -4.423015638067425E-5 -4.8365861708284956E-5 
-1.070399515592602 -5.060527934618643E-5 -1.0684749721822573 
-1.0700342552382756 -0.9401337534494206 -1.074327442408723 
-0.753712585630218 7.277628253745354E-5 -4.8367282932787956E-5 
-1.1123386282357945 -4.566572343621223E-5 -4.7885859131604454E-5 
-1.0773282651845086 -4.597759790389742E-5 -1.0740146939496105 
-0.9742589892195428 -4.414557803589251E-5 -5.1613819898394656E-5 
-0.9698643786494371 7.256045440457335E-5 -0.9838724156378839 
-0.9726084866747219 -5.057771587793189E-5 -0.9419642758177814 
-1.1485300279983017 -4.518555060350293E-5 -4.788476557445716E-5 
-1.1079507153322519 -4.427902323300905E-5 -1.1092392545414589 
-1.1440694471199127 -4.5707005570408394E-5 -4.835051604518984E-5 
-1.0337488204332814 -5.082904608853872E-5 -1.041922860572474 
-1.0701576666991677 -0.8895471649061863 -1.0713681139596976 
-1.1341820028091694 -4.4191450593067454E-5 -1.1352015985891644 
-1.1202395464449415 -1.0793150013614334 -1.1222640893029958 
-1.1207422527342021 -4.518479905550159E-5 -1.122734349684918 
6.856729234805403E-5 -4.422420898685226E-5 -0.871425386104518 
-1.0724206086990367 -0.922250299361373 -1.074333594541831 
-0.9023106620820929 -5.079762461850381E-5 -4.788502212497905E-5 
-1.0816500651747047 -0.9658157688085852 -1.0796816179502928 
-1.0701576666991677 -0.9034913877953727 -1.071629628779739 
-0.8135211057709302 -4.413940883192828E-5 -5.153147213024193E-5 
-1.0692731773649664 -0.7792612437110329 -1.0735913937017356 
-1.0479809129618733 -4.35746836648021E-5 -1.0473955464714941 
-1.1063103118252182 -1.048435391473605 -1.1082351737566045 
-1.1041111237469194 -1.032997545669578 -1.0960855351736571 
-1.1062255062725868 -1.037662156463862 -1.1082351737566045 
-1.0501678665993233 -4.172775752245273E-5 -4.8365648023843985E-5 
-1.1207561394214849 -4.518479905550159E-5 -4.7872022988890886E-5 
-0.9940363783737158 -4.5415556659957094E-5 -0.9878202232153298 
-1.0701147973695864 -4.574880939762699E-5 -4.835724215616498E-5 
-0.9493687042262271 -4.4187622943779814E-5 -0.9413851449683619 
-1.1038677151636296 -6.56188635980339E-5 -1.1003164526483695 
-1.12825856221921 -1.0978405565423617 -1.129291173339145 
-0.9310164850320924 -4.426909825945923E-5 -0.9415253838091169 
-1.0815282735693794 -4.367130173878003E-5 -1.085816028824326 
-0.9633070601333288 -4.413052371840341E-5 -0.9739244089035225 
-0.7856933517724327 -4.414557803589251E-5 -5.1613819898394656E-5 
-1.1446780941776264 -1.1290611981996117 -1.1419162686092341 
-1.0926948429926338 -0.9990608613203689 -1.088597198689821 
-1.1120496758998666 -1.0655218514160365 -1.1043811615038435 
-1.0694859379260966 -0.8233385113985529 -1.074327442408723 
-1.0930231075800492 -1.0064260550599142 -1.0939629163767033 
-1.0701576666991677 -0.8659222157549733 -1.0717157388409757 
-1.1168626194917965 -4.948472309487979E-5 -1.1118878914818744 
-1.0222457684229571 -4.693131857990872E-5 -1.016347412047017 
-1.0086555704345301 7.256045440457335E-5 -0.9896897566745149 
-1.0930818519329135 -4.946587416202289E-5 -1.0926391271001588 
-1.138761475900894 -4.5988978019140874E-5 -4.829740321578261E-5 
-1.12094434247931 -1.0934074898529602 -1.1233881745195275 
-1.1285482481615001 -4.4191450593067454E-5 -5.1614894688903344E-5 
-0.8413373396102521 -4.172775752245273E-5 -4.837538751462977E-5 
-1.0222457684229571 -4.693239144962631E-5 -1.0319017072088448 
-1.0804133354639958 -0.9535418468987333 -1.0728178939334356 
-1.1282507275692624 -1.1173935032610012 -1.1334206914766989 
-1.1455710971652866 -1.138778943065164 -1.145042917645579 
-1.0930231075800492 -1.0250994007107521 -1.0939629163767033 
-1.0011341317415532 -4.946587416202289E-5 -1.0165168369667965 
-1.1023379600876226 -5.041641779028288E-5 -5.168022392676441E-5 
-1.081553327876918 -0.978737600784098 -1.085816028824326 
-1.1389140146183727 -1.117270263706594 -1.1334206914766989 
