-3.141571587258387 -4.999999998890426 -1.0533455784769698E-4 
-3.1415715872583805 -4.999999998890426 -1.0533455784769698E-4 
-3.1415715872583805 -4.999999998890426 -1.0533455784769698E-4 
-3.1415715872583823 -4.999999998890426 -1.0533455784688574E-4 
-3.1415715872583805 -4.999999998890426 -1.0533455784769698E-4 
-3.1415715872583805 -4.999999998890426 -1.0533455784769698E-4 
-3.1415715872583805 -4.999999998890426 -1.0533455784769698E-4 
-3.141571587258387 -4.999999998890426 -1.0533455784769698E-4 
-3.1415715872583805 -4.999999998890426 -1.0533455784769698E-4 
-3.141571587258385 -4.999999998890426 -1.053345578568158E-4 
-3.141571587258384 -4.999999998890426 -1.0533455784739574E-4 
