0.1548744349780784 0.8842553496224569 
0.1548744349780784 0.8842553496224569 
2.198082526615399 0.3521914435541679 
2.170860748737711 0.3943417664707015 
2.198082526615399 0.3521914435541679 
2.165258218731865 0.4711626754236172 
2.1708610312727865 0.3853058458741111 
-3.1415926535892544 1.0221836596878797 
2.1629615314036745 0.6219943252726885 
2.198082526615399 0.3521914435541679 
0.1548744349780784 0.8842553496224569 
2.198082526615399 0.3521914435541679 
2.198082526615399 0.3521914435541679 
2.157180208563908 0.7009371410154219 
2.164239573752562 0.5512279781183272 
2.1571432452001167 0.8312763506037135 
0.1548744349780784 0.8842553496224569 
2.170657539694725 0.4072609198924928 
-3.141592653589705 1.0223919954522138 
0.1553285530141432 0.8774372221256211 
0.1548744349780784 0.8842553496224569 
2.198082526615399 0.3521914435541679 
0.15375889977017554 0.9712183464913435 
2.198082526615399 0.3521914435541679 
-3.1415926535897927 1.0229000885259647 
2.1886856718137904 0.3688012282271514 
2.198082526615399 0.3521914435541679 
-3.1415926535897905 1.0227473637283593 
2.1708829462131463 0.3829408579747281 
0.1553285530141432 0.8774372221256211 
-3.141592653589793 1.0229040626898023 
0.1541903935222797 0.9051933091562937 
2.198082526615399 0.3521914435541679 
2.1708610312727865 0.3853058458741111 
0.1553285530141432 0.8774372221256211 
2.198082526615399 0.3521914435541679 
2.198082526615399 0.3521914435541679 
2.198082526615399 0.3521914435541679 
0.15504231396704002 0.8796558572752912 
2.171122160677869 0.37974015689747614 
2.198082526615399 0.3521914435541679 
2.1571432452001167 0.8312763506037135 
0.1553285530141432 0.8774372221256211 
0.15375889977017554 0.9712183464913435 
0.1548744349780784 0.8842553496224569 
0.1548744349780784 0.8842553496224569 
2.198082526615399 0.3521914435541679 
2.198082526615399 0.3521914435541679 
2.198082526615399 0.3521914435541679 
2.198082526615399 0.3521914435541679 
