0.1548744349780784 4.940688007581163 0.7717622492460355 
0.1548744349780784 4.940688007581163 0.7717622492460355 
2.198082526615399 -2.9346902283744822 4.048161764393316 
2.170860748737711 -2.823678664234783 4.126365920525758 
2.198082526615399 -2.9346902283744822 4.048161764393316 
2.165258218731865 -2.7998053912440732 4.143395910010246 
2.1708610312727865 -2.823414766415482 4.126278795811138 
-3.1415926535892544 -4.999999999999986 1.088118289497982E-5 
2.1629615314036745 -2.7847469776985667 4.145119967253171 
2.198082526615399 -2.9346902283744822 4.048161764393316 
0.1548744349780784 4.940688007581163 0.7717622492460355 
2.198082526615399 -2.9346902283744822 4.048161764393316 
2.198082526615399 -2.9346902283744822 4.048161764393316 
2.157180208563908 -2.774681971758582 4.155097277673916 
2.164239573752562 -2.7847469776985667 4.145162482708361 
2.1571432452001167 -2.7762405484808013 4.128998219720975 
0.1548744349780784 4.940688007581163 0.7717622492460355 
2.170657539694725 -2.822614097170362 4.126274727680088 
-3.141592653589705 -4.999999999999986 1.1190983612463839E-5 
0.1553285530141432 4.940000542320138 0.7743702855179864 
0.1548744349780784 4.940688007581163 0.7717622492460355 
2.198082526615399 -2.9346902283744822 4.048161764393316 
0.15375889977017554 4.940730943432227 0.77167855545526 
2.198082526615399 -2.9346902283744822 4.048161764393316 
-3.1415926535897927 -4.9999999996062074 1.0892496669891863E-5 
2.1886856718137904 -2.896649233428025 4.075408063753892 
2.198082526615399 -2.9346902283744822 4.048161764393316 
-3.1415926535897905 -4.999999999804635 1.0892496669891863E-5 
2.1708829462131463 -2.823639217070807 4.126250981410045 
0.1553285530141432 4.940000542320138 0.7743702855179864 
-3.141592653589793 -4.999999999599767 1.0892496669891863E-5 
0.1541903935222797 4.940677738837162 0.7724380380406107 
2.198082526615399 -2.9346902283744822 4.048161764393316 
2.1708610312727865 -2.823414766415482 4.126278795811138 
0.1553285530141432 4.940000542320138 0.7743702855179864 
2.198082526615399 -2.9346902283744822 4.048161764393316 
2.198082526615399 -2.9346902283744822 4.048161764393316 
2.198082526615399 -2.9346902283744822 4.048161764393316 
0.15504231396704002 4.940659724266416 0.7724380380406107 
2.171122160677869 -2.824555819080241 4.12636462373582 
2.198082526615399 -2.9346902283744822 4.048161764393316 
2.1571432452001167 -2.7762405484808013 4.128998219720975 
0.1553285530141432 4.940000542320138 0.7743702855179864 
0.15375889977017554 4.940730943432227 0.77167855545526 
0.1548744349780784 4.940688007581163 0.7717622492460355 
0.1548744349780784 4.940688007581163 0.7717622492460355 
2.198082526615399 -2.9346902283744822 4.048161764393316 
2.198082526615399 -2.9346902283744822 4.048161764393316 
2.198082526615399 -2.9346902283744822 4.048161764393316 
2.198082526615399 -2.9346902283744822 4.048161764393316 
