-16.42767058994051 -6.160846056793342 
-16.55666118277094 -5.5106431885324465 
-14.614412368580467 -11.387729813949514 
-16.357857750140024 -6.478993146297004 
-16.725292236277163 -4.749406383151338 
-17.93967414468368 -3.8745936790145286 
-16.330687515312682 -6.596222603399256 
-16.399182897619333 -6.240885618966454 
-18.01126719095578 -3.8037359764805823 
-18.217242699497483 -3.0678752994079628 
-15.011944242615574 -10.164127941697206 
-14.85688558657787 -10.741494155648168 
-16.64287091843064 -5.050611348036998 
-15.130960913139027 -9.644572990104848 
-16.455401065135195 -6.023967711534148 
-16.29061344806695 -6.772133894488434 
-15.634563838028289 -7.753576707285508 
-18.11054796636192 -3.5184260072953246 
-15.519227033195241 -8.102052763383245 
-16.13627334177222 -7.243929515834246 
-16.009352324617282 -7.56573853418571 
-16.59182920869258 -5.3805810992689835 
-16.09991151168286 -7.433192339628968 
-18.05000116211801 -3.712648276152839 
-18.477677959535495 -1.805706014096838 
-16.899812844508286 -4.13360726207322 
-15.050268218944375 -10.002124327230847 
-18.660387129288683 -1.0463691819767704 
-16.990092385155165 -3.9621827536603753 
-18.141329802080815 -3.398879250410102 
-18.24200718751207 -2.947299340448059 
-15.602529232460242 -7.857840868678748 
-14.94201953713668 -10.261162250161652 
-14.804509923366274 -10.929717165484837 
-18.81144713301658 -0.5571132673823312 
-15.241854632640734 -9.193735309211357 
-16.83032459668871 -4.327379716778398 
-18.565290045128563 -1.421573198917898 
-16.540112942034078 -5.634835319015749 
-16.258057387528265 -6.879084443555762 
-16.23107687471591 -6.9612187997645485 
-16.694970752868485 -4.870691427971575 
-15.270380076690653 -9.073247436201296 
-14.940484547374645 -10.4261715893212 
-16.48539613387087 -5.897535841054439 
-16.868330120342023 -4.231887359157454 
-18.903514398252234 -0.3238393318585281 
-18.195233392724525 -3.1705061118147726 
-18.085399160399234 -3.607838388889635 
-16.06553674002256 -7.502440130871214 
-16.60303290645249 -5.215989574488256 
-18.92610464169618 -0.22097554332748426 
-15.444251594093185 -8.379423179940325 
-18.38186710861085 -2.2641527425499297 
-18.506012697586844 -1.679617517195219 
-15.407817627144734 -8.521184476814454 
-15.206918999728376 -9.311451860842817 
-16.751151654246257 -4.632710218347774 
-15.334130266925118 -8.8094100444908 
-16.18812259975533 -7.154832449084744 
-18.267395051241127 -2.827074760493414 
-16.198946459989276 -7.046449383691797 
-15.163087161575573 -9.433426241944503 
-17.031487512431408 -3.8791712661271998 
-18.446931354097106 -1.951455470186135 
-14.546721373166129 -11.552884620806534 
-16.90784433005304 -4.030618602765343 
-18.322121117985464 -2.5562891357353292 
-15.883432369677596 -7.750617582879808 
-14.441882488935278 -11.615766485968868 
-15.473547940613624 -8.250670277756589 
-19.011492454989973 -0.10521027351953256 
-16.51282160819561 -5.756207986042542 
-16.389528013067288 -6.343086484715496 
-18.69818678012814 -0.9117004223286813 
-15.556717578387465 -7.966156306223601 
-14.88319778184091 -10.603065226309162 
-19.076882206673048 -0.005241982007907953 
-19.999216176474768 0.0022093890455091346 
-14.659160646817986 -11.313434028581833 
-18.621845198191224 -1.1925855908456688 
-16.31399304132396 -6.673729315505494 
-14.719253561104473 -11.17621315927947 
-15.365691827826275 -8.667395502205105 
-18.170583276268317 -3.2794530127529677 
-15.9806768696112 -7.675796064049862 
-18.733608405141467 -0.7917729580308123 
-18.293825482903745 -2.6961094891612327 
-18.855782503696318 -0.43826912032820464 
-16.130132001003634 -7.345494799019084 
-18.35201363136715 -2.4097670994834814 
-15.092960832609574 -9.827967309853271 
-18.584978329195167 -1.3406271320542433 
-14.920631616678861 -10.503133635924145 
-15.300094405154287 -8.932131726255403 
-18.77064629590928 -0.6763808391177866 
-16.790763953922205 -4.481761587928339 
-18.412503755300108 -2.1141570784711603 
-18.540860368123766 -1.5155466113086726 
-14.765394214153392 -11.04180459425282 
