-0.957598108125405 -3.0145000337756557E-4 -1.0101913955451918 
-0.864147252674155 3.8513286990170346E-8 -1.0266100403718639 
-1.116981514265743 -1.1156411511945539 -1.088323720444697 
-0.9837208865352176 3.8513286990170346E-8 -1.0266100403718639 
-1.018000630505868 -1.2254732979865082E-4 -0.7730998197014146 
-1.4589692033279374E-4 -3.9383735950461744E-5 -1.153373963108572 
-0.9927745408532036 -3.512822158192462E-5 -1.0341738135878957 
-1.0507422990144866 -3.134459483795824E-4 -0.9349357769729418 
-2.2939571522376912E-4 -4.106966595002369E-5 -1.1083898367728575 
7.1697743572743E-5 -1.4875319424727853E-4 -0.9815509310766644 
-1.071573432776743 -0.9499634006269675 -1.0779917618781647 
-1.0729608748056685 -1.0248773501437536 -1.0800291444818764 
-1.071573432776743 -3.988897641400424E-4 -0.7704623180011891 
-1.099634710516997 -0.8715978732821685 -1.0785917391831392 
-1.010504212124563 -7.212464704718354E-4 -0.9405252843671452 
-1.0220041418495571 -4.236365524783039E-4 -1.0294303775811464 
-1.071573432776743 -0.6006629654652875 -1.0779917618781647 
7.053673305826904E-5 -2.683447627498392E-4 -1.046756190411558 
-1.053551193915338 -0.688766310199786 -1.0763093864505935 
-1.0643858903630439 0.039535977651947996 -1.0807959909292175 
-1.0906263866333459 0.017930222591691178 -1.1347740310543561 
-0.9277015180948853 -7.342109204678177E-4 -0.9405252843671452 
-1.0837294828572415 1.1585111852578135E-4 -1.085455631221923 
-1.4707593202135626E-4 -3.014509742452897E-4 -1.084147609417229 
-1.4668289710809238E-4 -2.698274269354187E-4 -0.8253802421671822 
-1.038288948645205 -3.7129443047823855E-5 -0.6534129579800279 
-1.0799100712805014 -0.9349663642636912 -1.0620486980894581 
-1.5003663573017698E-4 4.839706778591238E-5 -0.7189463110817923 
-1.1081007515212944 0.004097816627826101 -0.5390754078699761 
-1.4719611298980012E-4 -2.519638458150746E-4 -1.0277993631641744 
-2.2156896269549895E-4 -3.296013988744862E-4 -0.9662240627539299 
-1.0932806908834691 -0.6010776302623402 -1.0792904634943226 
-1.0735359880390858 -1.0235332931971786 -1.0020800533956669 
-1.116981514265743 -1.0227989425976123 -1.088323720444697 
-1.707610171211126E-4 -3.917415257608458E-5 -0.6324682088270901 
-1.069912358701874 -0.8434478452607579 -1.0598165407527604 
-1.0837294828572415 0.01647049099540232 -0.6508015706616304 
-1.476067268722691E-4 3.208786755887552E-5 -0.7741591378622901 
-0.9440990147429275 -4.4604943795343183E-4 -0.9553446546121669 
-1.0641693856911618 4.325851949598243E-5 -1.007428074788806 
-1.0808871664240614 4.325851949598243E-5 -1.007428074788806 
-1.038288948645205 -3.0298194616787074E-4 -0.7715164243427952 
-1.0748926435955497 -0.8129719300753732 -1.0783467504501534 
-1.0677317037553131 -0.9697992645021477 -1.1103109084358078 
-0.9502617714220872 1.4536392742094969E-4 -0.9823634059639851 
-1.1081007515212944 0.004097816627826101 -0.6073533668241066 
-1.3276417642520347E-4 -2.388977399534377E-5 -0.5805435846029502 
6.961609665552185E-5 -1.598502018196337E-5 -0.9950748501449257 
-1.8214785602895127E-4 -1.4433580485967503E-5 -1.0624001764585678 
-1.1135344018157438 -1.1404511554616433E-4 -1.0770907035471342 
-1.074522751383487 -4.5734767487265594E-5 -0.7909658307681151 
-0.0033004223841752167 0.0056522756146050734 -0.5606739233176782 
-1.0643858903630439 -0.7173297063406081 -1.0858885244751102 
-1.4707593202135626E-4 1.549639139500492E-4 -0.8823170961177687 
-1.3276417642520347E-4 -2.388977399534377E-5 -0.8089004317156098 
-1.0686584033571511 -0.7415016613726302 -1.0773473773523419 
-1.0992986731874481 -0.8512116214498686 -1.0472718368114082 
-0.9926827823963352 -3.0298194616787074E-4 -0.7821850355948975 
-1.0650383676794044 -0.7979353818261485 -1.0586952452819467 
-1.0471507264816968 -7.426704852568876E-4 -1.0674140125370055 
-1.734469195072432E-4 1.825646273045239E-4 -0.9510235110963543 
-1.0992986731874481 -1.2254732979865082E-4 -1.0089699386447821 
-1.0235794498979465 -0.928781306625152 -1.0294804516701928 
-1.1443601371146772 3.208786755887552E-5 -0.4841052310789592 
7.1697743572743E-5 -1.4875319424727853E-4 -0.8437138569549568 
-1.1284557604115069 -1.118310422349543 -1.13720827431797 
-0.6898985759936804 0.001006785181785075 -0.9942777701403367 
-1.961740452712308E-4 -3.134459483795824E-4 -0.9178952992756068 
-1.1529484993919126 1.4629967891892094E-4 -1.1516085408529428 
-1.160638850347113 -1.1533500913139132 -1.1372886623784577 
-1.0501854107196191 -0.7013796122029711 -1.098386434173967 
-2.2156896269549895E-4 -3.252622856075389E-4 -0.5199851589309686 
-0.9308430528583911 0.001832874594365918 -0.9852527295974429 
-1.0014835008407608 0.001006785181785075 -0.9894195424518144 
-1.4719611298980012E-4 -2.7060901725654623E-5 -0.6971804684727819 
-1.0740772507369745 -0.6120858766030557 -1.119879767587236 
-1.0431180700476064 -1.0223073410561965 -1.090146949356112 
-1.476067268722691E-4 3.208786755887552E-5 -0.4841052310789592 
-1.898747326021464E-4 1.4679471662336604E-4 -3.911838365200371E-5 
-1.1021622663693256 -1.0987223553030312 -1.0938799026848438 
9.133800220497429E-5 -9.309942003595335E-5 -0.7412785836835408 
-1.0304457020382376 -3.593762665865187E-5 -1.0066732054663718 
-1.0837294828572415 -1.0698139132555862 -1.1118588654461192 
-1.0808093334939306 -0.7415016613726302 -1.098386434173967 
-6.394688175647324E-5 -4.106966595002369E-5 -1.010130955888733 
-1.1294558132564065 -2.538577729295443E-4 -1.114075724799024 
-1.5119038068827642E-4 1.5113160399164895E-4 -0.676787595845856 
-1.7538975912011548E-4 -3.134459483795824E-4 -0.9349357769729418 
-8.333740075688425E-5 -1.7502781577553752E-4 -0.6073533668241066 
-1.073138522275145 5.673727931202596E-4 -1.0772940205305717 
-1.4744757639323418E-4 -2.5362999051999253E-4 -0.9000608729030487 
-1.0748926435955497 -0.9074671713169932 -1.0769557897117046 
7.733112603709237E-5 4.667013606700593E-5 -0.76275040492721 
-1.067316515731382 -0.9799960564960009 -1.1103109084358078 
-1.0503295150833079 -0.8333602961858178 -1.0467276407873611 
-1.5113866370298763E-4 -3.059731790740029E-5 -0.6556971628910859 
-0.7425427372891316 -3.516878150689133E-5 -1.0100683621673026 
-2.296372530040979E-4 1.5228053334851864E-4 -0.8640022274869527 
9.124767946724964E-4 1.5712661201705886E-4 -0.7875328347913267 
-1.0993107475963986 -1.0564741849789685 -1.0785917391831392 
