5.107396318095869E-4 0.5726236877310464 0.8000297310425446 0.04634658106689871 0.17058183104352498 0.9908638117587939 0.9321586732578341 0.1441866639366065 0.6227381064426536 0.0730544936752523 0.013308903936401606 0.42602508581687115 0.5520119260048675 0.5741350135631026 0.026683038758395727 0.9744910848051543 0.5299788535754538 0.48007621504984754 0.6740431781204093 0.3149872667328232 0.7453342805823227 0.7170192375782415 0.441132594473547 0.5334684650591465 0.9231928622275052 0.39592364133979474 0.293592769290398 0.6387273546924168 0.59355947296915 0.22929241032990966 
0.4088879798261251 0.07563177879716321 0.10903510206250944 0.6050150390890369 0.21347445795217357 0.042333237751431385 0.9960907923687219 0.21037582606948246 0.5296710051222984 0.6821380038104328 0.7730037418123864 0.5749172329923048 0.10869632046901945 0.7943136078265122 0.04638503656700954 0.14133873247534223 0.3685401409977377 0.011334929751185108 0.7692327808068083 0.33682563081189776 0.4213114531044113 0.21187410368221216 0.04782924228568042 0.9326639158324557 0.9041872436019993 0.14330340562881116 0.26938181276082274 0.22920970257154583 0.5799215920688152 0.4480476467719171 
0.8468803518458115 0.7611003070789799 0.06862878577271858 0.23560523674775047 0.31183834621604556 0.500087039996295 0.554399517085074 0.08994234877112106 0.6714313680251048 0.8809555890402081 0.09320866681095652 0.10670094607383662 0.7371161599102933 0.6653946205691773 0.23087785982322218 0.5676403432762243 0.06681071292807828 0.9259320484834587 0.3349658837975854 0.14034503824166533 0.13402291795929988 0.5447766672192721 0.9938628487095765 0.7723872250162848 0.16837657040403498 0.814824744685213 0.8677030149367351 0.6896016707471772 0.2801333499329407 0.11406446012829397 
0.8135117761637988 0.6185428401983962 0.1660094607544762 0.1289786839220327 0.6310379221587196 0.14095710583159438 0.058152348283807664 0.45696118822003795 0.24468992933756073 0.9462511989321106 0.16978294750959344 0.6681073258253972 0.06120199436916696 0.5856725772029261 0.5787847545910906 0.8572317527678541 0.9266793712362731 0.8048430473730858 0.6056002851075929 0.7511342199711182 0.008516557248963608 0.6295248454313005 0.06692369751689164 0.4152822001894917 0.06582439803881368 0.5797811815841416 0.8389288003041475 0.2474400951379463 0.6207235987414493 0.14592028174865157 
0.027182804003408445 0.055216433032299284 0.16593503002497256 0.8567288937497126 0.01796597256476007 0.040819827068056314 0.41481170562695147 0.5750518904390931 0.9497232719982106 0.11323821589188221 0.8731188615963617 0.12992255322366164 0.8061168494212357 0.4555918555163425 0.8476078673708629 0.4598955519081429 0.3099473842727929 0.9911325354634148 0.3796922271657034 0.5173036622227815 0.32991533677696905 0.6579049526217091 0.9513483237778559 0.2629741717415186 0.1253596454152287 0.7756028988829029 0.04924696039789134 0.7597974448922583 0.8907497111199851 0.2340560761981838 
0.05110566050766718 0.5562305437743187 0.23685910655724773 0.44544556064631247 0.5333903718186331 0.09253382050819525 0.05538322026941156 0.6696522023959242 0.12295841849907951 0.14985921824880832 0.3645666411999673 0.25628431400924745 0.36228170938092374 0.2391325998170689 0.22628099295580262 0.2170752167916864 0.7596057559048959 0.6027711205749426 0.022666300530785444 0.7179789902152833 0.8420554912606232 0.08653513532173873 0.28377381610119456 0.8803679024658547 0.5550720392453165 0.5313887722767927 0.3499083488287523 0.41749819103167163 0.7698259953379241 0.213344005448857 
0.30267690478483344 0.5019795918991854 0.08009516357735713 0.2116275065529939 0.1617588868098777 0.9758107284635874 0.017796721052554365 0.9796895146017632 0.4793528683115694 0.03084427483349539 0.2872086151041663 0.06439197947187192 0.19999455472750716 0.32919677376035983 0.7005461852360224 0.4345290141650042 0.7346609155585124 0.5484659416986458 0.13411528773668602 0.026196484952784926 0.962048384530888 0.23638991138802445 0.051936978964126634 0.9106671006640236 0.674070897237442 0.05517862868833112 0.5200393126802461 0.8958267095385705 0.37647136371139855 0.35684808308184346 
0.0025085064845448146 0.42079261462247997 0.16695375783234045 0.5792742484338168 0.3632774160020825 0.4854313379675722 0.5114380966609149 0.9666110422582213 0.5210852637423097 0.01891280439629417 0.23748499397995693 0.12723108159546048 0.7683371649163867 0.0410435103090232 0.4700151297715942 0.43175299545577583 0.6908960456721727 0.381006996762005 0.8604110475234259 0.987102445199201 0.9594349027189003 0.8724835976469104 0.48113966606596403 0.35433957659729864 0.3522241862603349 0.5213659843528289 0.4327447316544102 0.2877456805895656 0.6529844369506455 0.569040934157238 
0.07369907591167535 0.6889157733405312 0.3449117000453312 0.3023733479176859 0.28934075153080674 0.9095484421551124 0.8825269561842651 0.6316796038274478 0.17948113665401377 0.7291360247048906 0.12114250917039637 0.19181939153497451 0.2690688652766372 0.4324839648616242 0.13186936931477844 0.2781641452135398 0.5807734392331858 0.39930710131199365 0.5798041880462682 0.08687971342410428 0.5488561968888377 0.5746071162358858 0.5716851870027586 0.3360823993487052 0.15664398468228113 0.02041371389453661 0.786223989030163 0.13517139032260683 0.274961254385339 0.07106729254619559 
0.033880355707770815 0.6200653863127934 0.27375067548382304 0.06333128726477066 0.3624213975131011 0.06391780620841403 0.9076972823432469 0.33720568742562074 0.21547657032654532 0.7055047339796305 0.0798610673322 0.5304772373640885 0.8681549340769095 0.2617939804776652 0.026839306633226867 0.6250738742519666 0.14124866766239186 0.4418315042497267 0.14611486856969014 0.05981995535576046 0.3405376899244499 0.9187965975088898 0.6759655296099163 0.7022878797685635 0.33481382199657816 0.3368983162899387 0.12397316743173814 0.12968629722017244 0.6609773157388176 0.5301336572743258 
0.4220269913960176 0.06782264071524213 0.31357057787415377 0.6182704562079172 0.09582726847299528 0.3736496863399177 0.03653849499406925 0.902938457135833 0.32903277609840753 0.8997908818429191 0.782049735983419 0.6309195462792732 0.11918477343123812 0.3464153036627833 0.13232907354590218 0.056709945663409034 0.4392521219560864 0.1184485806752863 0.00402170194047069 0.8934041863415192 0.943654956646118 0.4858693203726644 0.9601176887488909 0.09110923324129994 0.8053254389961874 0.16109965549999006 0.5551610623146613 0.16439214105698174 0.2643895252377274 0.3078030042491895 
