-16.10546070096889 -7.379168224274007 
-16.646120874835866 -5.0380808628134215 
-18.056428535956876 -3.6949298959716717 
-16.81770695648819 -4.397496096850601 
-16.907144412706565 -4.091455421308668 
-18.354842248922672 -2.3954252212312674 
-18.68537842775759 -0.9539819561722087 
-16.683615762069373 -4.9317699671587665 
-14.977730725569156 -10.289534358766302 
-16.06439540385155 -7.519866412833153 
-16.591656012086887 -5.296104721727167 
-16.457598416564974 -6.010526970190048 
-16.341840718338933 -6.545236986666385 
-15.237546650176652 -9.203319692382557 
-18.259472779443556 -2.8638761440270706 
-14.909534773363351 -10.525688011640892 
-15.425114536484699 -8.396880061189826 
-16.974806291715595 -3.9786587228062515 
-18.086329270356586 -3.6026636481858763 
-16.707757208597886 -4.821506591305292 
-16.230036496838903 -7.000584339141493 
-15.511699599397573 -8.137336546566765 
-18.32499066451655 -2.542760508535378 
-15.271886434483736 -9.067819312009583 
-16.14333574763005 -7.268137135668859 
-14.827236381566447 -10.86356814617369 
-15.382120554621286 -8.557628712846745 
-16.890568211397785 -4.187865497748842 
-15.340389345333286 -8.77342883468305 
-14.500049517614947 -11.595805142460266 
-15.131477494978506 -9.664230001057252 
-16.24870617412246 -6.868447974437151 
-15.957102607919676 -7.7065349927974225 
-16.63023323495053 -5.19276988554679 
-18.416534000215606 -2.09388184227949 
-15.869659399370754 -7.748584991273276 
-18.837731904782828 -0.48369052933426687 
-16.832670653102078 -4.313307913752426 
-14.600723692192545 -11.452151763507242 
-18.200756130086862 -3.1446999492725345 
-18.55966382314834 -1.4418239694988435 
-16.44085007606181 -6.1065862162187585 
-16.290681917738738 -6.736404023026245 
-18.7968735193296 -0.596382156814613 
-14.722901362632701 -11.145084587867041 
-16.20739022896708 -7.079830614568862 
-19.012788308185243 -0.10375549940271067 
-19.997768478313674 0.005255148922131168 
-14.88169365875858 -10.655906883134143 
-15.60802759039558 -7.840770213385661 
-18.008928975339543 -3.807158063728384 
-18.137984334731705 -3.4111970053327365 
-16.740592325042485 -4.686008009956375 
-16.182065835074305 -7.174309644407166 
-18.72198376992581 -0.8257297592149705 
-15.008716057333316 -10.160646520705951 
-16.394436882255878 -6.315487735647668 
-18.94875021437752 -0.2238641480218519 
-14.948880416975651 -10.385922205755078 
-16.418259341597434 -6.214354968361406 
-16.021319453467804 -7.611858482686015 
-16.777268073187336 -4.534067775252803 
-17.04479036616418 -3.876317864155891 
-18.650966575670513 -1.0785517309017092 
-18.586753073402093 -1.3292086634100024 
-18.28855589921243 -2.721675808989166 
-16.583932353107244 -5.416539301668944 
-15.102494736692401 -9.78048506668207 
-18.53043437830889 -1.5689697438028338 
-16.366764841102764 -6.428775337411934 
-15.14565794079357 -9.538635214649144 
-18.17045713855849 -3.275550601086348 
-18.22990855595077 -3.0056483405959495 
-18.49932530517608 -1.7058891060241796 
-15.643791986491973 -7.750369591042869 
-18.38429562105732 -2.2497483382196335 
-19.082047824047425 0.003515126421752268 
-15.060587206282612 -9.906442235859647 
-18.883114884462444 -0.3689980011956767 
-14.394047925323267 -11.612802056062806 
-14.696136195496535 -11.252903314144666 
-16.49969203164427 -5.826353128706465 
-18.447397426748786 -1.9459020218883263 
-18.473203992840837 -1.8252677567589544 
-16.560978300077345 -5.529793149316413 
-15.474170720054648 -8.264615839177473 
-18.617027629764927 -1.2083888402050336 
-16.326567246468755 -6.621875576686652 
-14.77826380932379 -11.026083073952426 
-18.11139401366413 -3.5144926376397354 
-18.76156546225659 -0.7017022926274015 
-17.941868928224935 -3.8737400803874897 
-15.043913248040775 -10.030806354323525 
-16.529178069235172 -5.682708541149619 
-15.20958464448622 -9.328152774920277 
-15.179633364593432 -9.423017033241933 
-15.578898147046438 -7.928527711699836 
-14.65168329407452 -11.353410037497383 
-15.549754664811307 -8.015787026762156 
-15.306290633082114 -8.925389151937924 
