0.41808721918188874 7.746112296923699 
0.389216189596337 8.985403203138773 
0.40871098643274234 8.148453043707388 
0.389216189596337 8.985403203138773 
0.48498170981001504 5.434944956532124 
0.43048349923217794 7.260987497190057 
0.5652909080166842 3.3850964230843745 
0.3956284775739699 8.694283354796951 
0.6667994367146811 1.4997013268742363 
0.7609086586781099 1.3142181897854242 
0.5441656984801866 3.865870416165285 
0.4579445307035692 6.286862259197466 
0.5157211943982556 4.573354186460939 
0.42178560866730525 7.602469580998661 
0.5781664313359969 3.107647569166979 
0.6066331315388201 2.542168910098681 
0.6670448956532811 1.4991494673242867 
0.6543441427639494 1.6987770377737994 
0.5966960238588531 2.7321440987473116 
0.6442715642720473 1.8650654749716755 
0.665866905846811 1.5131888501056339 
0.42178560866730525 7.602469580998661 
0.5294246687324993 4.222575543564846 
0.5864553294157103 2.9370632773306573 
0.6087180681744362 2.4996084055665926 
0.6256243841888413 2.190580252453462 
0.7087755267132375 1.4108839291295188 
0.49400215942594083 5.171414777214616 
0.5176533931787194 4.527272894441706 
0.49400215942594083 5.171414777214616 
0.42615985130482603 7.428688278659963 
0.389216189596337 8.985403203138773 
0.44550761606286937 6.713236879940926 
0.6442715642720473 1.8650654749716755 
0.6301410767279714 2.117215932673574 
0.5613311786357592 3.4707557395221285 
0.5237401940249998 4.3675821047191965 
0.46370913164666033 6.099769601937037 
0.5864553294157103 2.9370632773306573 
0.3956284775739699 8.694283354796951 
0.4127481765282636 7.962829734453514 
0.5524801370403716 3.6717266975921046 
0.5554335041145858 3.603173521234158 
0.5905821300153722 2.854115097092056 
0.5315095459205511 4.170346178375359 
0.5056460568862134 4.8479121973333585 
0.43048349923217794 7.260987497190057 
0.4108163329818377 8.04245824580212 
0.6612219772544804 1.5883033991328397 
0.5315095459205511 4.170346178375359 
0.6362981412497595 2.0032472058317565 
0.6017912036548312 2.6393136264688746 
0.43954463472051225 6.926754123185386 
0.4974590592747021 5.07220750660415 
0.539523806823289 3.974713354349623 
0.5554335041145858 3.603173521234158 
0.389216189596337 8.985403203138773 
0.5463735176378076 3.812605081635197 
0.4032976867138657 8.37535312021534 
0.5781664313359969 3.107647569166979 
0.4579445307035692 6.286862259197466 
0.5030168819691854 4.917988469926024 
0.5252396924495418 4.328449082811599 
0.43954463472051225 6.926754123185386 
0.45910774656890074 6.248623472093812 
0.6667977428897405 1.4997051364724838 
0.5966960238588531 2.7321440987473116 
0.4579445307035692 6.286862259197466 
0.4720259572841222 5.831368516460914 
0.576263589060665 3.155317217547812 
0.5094019812480559 4.745609407702099 
0.48498170981001504 5.434944956532124 
0.48088132528090693 5.557587275260955 
0.46796691796965834 5.958638570954794 
0.6473247073705332 1.8151817859196555 
0.6087180681744362 2.4996084055665926 
0.6163555678059203 2.3602161582514443 
0.6163555678059203 2.3602161582514443 
0.5815640225029353 3.036550110774843 
0.4766173078452334 5.691865496497204 
0.539523806823289 3.974713354349623 
0.5652909080166842 3.3850964230843745 
0.42899690779833255 7.318602995267689 
0.40902924864509566 8.11768788682437 
0.44662261079640986 6.67346370689019 
0.48369281283079824 5.472381212269629 
0.5157211943982556 4.573354186460939 
0.6362981412497595 2.0032472058317565 
0.4974590592747021 5.07220750660415 
0.43632518993372943 7.043578549230044 
0.41808721918188874 7.746112296923699 
0.39746291936594896 8.612183172600483 
0.48498170981001504 5.434944956532124 
0.5116493157078379 4.6818635890716145 
0.6228678716885493 2.241490444051688 
0.5613311786357592 3.4707557395221285 
0.6568850663689171 1.656644386012739 
0.44662261079640986 6.67346370689019 
0.4720259572841222 5.831368516460914 
