0.41808721918188874 2.238550549691462 
0.389216189596337 2.4972643967123944 
0.40871098643274234 2.330362281394528 
0.389216189596337 2.4972643967123944 
0.48498170981001504 1.6358488977422672 
0.43048349923217794 2.1257353056714696 
0.5652909080166842 0.913564230729396 
0.3956284775739699 2.4397060872550256 
0.6667994367146811 6.036837696399289E-16 
0.7609086586781099 6.036837696399289E-16 
0.5441656984801866 1.103674075246472 
0.4579445307035692 1.8790341868861646 
0.5157211943982556 1.358575683447898 
0.42178560866730525 2.2066122595961932 
0.5781664313359969 0.7967375049152579 
0.6066331315388201 0.5421638868337924 
0.6670448956532811 6.036837696399289E-16 
0.6543441427639494 0.11158480452917818 
0.5966960238588531 0.6302595203319507 
0.6442715642720473 0.20160865102979042 
0.665866905846811 0.007582377581732401 
0.42178560866730525 2.2066122595961932 
0.5294246687324993 1.2355356583497716 
0.5864553294157103 0.7224564118217365 
0.6087180681744362 0.5215567998290788 
0.6256243841888413 0.37048042145743365 
0.7087755267132375 1.67019176267047E-14 
0.49400215942594083 1.554690067231241 
0.5176533931787194 1.3435581756537918 
0.49400215942594083 1.554690067231241 
0.42615985130482603 2.1658086922236337 
0.389216189596337 2.4972643967123944 
0.44550761606286937 1.990798158447817 
0.6442715642720473 0.20160865102979042 
0.6301410767279714 0.33414472748054214 
0.5613311786357592 0.9482434100227825 
0.5237401940249998 1.2874782989457494 
0.46370913164666033 1.8285188653589188 
0.5864553294157103 0.7224564118217365 
0.3956284775739699 2.4397060872550256 
0.4127481765282636 2.2866434529007256 
0.5524801370403716 1.028556069060477 
0.5554335041145858 1.0013232948319792 
0.5905821300153722 0.6855893733496571 
0.5315095459205511 1.2165788035997926 
0.5056460568862134 1.4513276867121916 
0.43048349923217794 2.1257353056714696 
0.4108163329818377 2.30397320469997 
0.6612219772544804 0.05022111405462848 
0.5315095459205511 1.2165788035997926 
0.6362981412497595 0.2746624735345209 
0.6017912036548312 0.5883157240953016 
0.43954463472051225 2.044617610874323 
0.4974590592747021 1.5232155746813827 
0.539523806823289 1.1444524799700733 
0.5554335041145858 1.0013232948319792 
0.389216189596337 2.4972643967123944 
0.5463735176378076 1.0831064498168033 
0.4032976867138657 2.377760538794604 
0.5781664313359969 0.7967375049152579 
0.4579445307035692 1.8790341868861646 
0.5030168819691854 1.473831225702593 
0.5252396924495418 1.273473265039466 
0.43954463472051225 2.044617610874323 
0.45910774656890074 1.8687914414305307 
0.6667977428897405 2.4805247543599027E-15 
0.5966960238588531 0.6302595203319507 
0.4579445307035692 1.8790341868861646 
0.4720259572841222 1.7525573062589548 
0.576263589060665 0.8182944244090132 
0.5094019812480559 1.417422834512862 
0.48498170981001504 1.6358488977422672 
0.48088132528090693 1.6725399342917928 
0.46796691796965834 1.788445727344844 
0.6473247073705332 0.17501201839476288 
0.6087180681744362 0.5215567998290788 
0.6163555678059203 0.4547323703637767 
0.6163555678059203 0.4547323703637767 
0.5815640225029353 0.7659482969539516 
0.4766173078452334 1.7128416095576702 
0.539523806823289 1.1444524799700733 
0.5652909080166842 0.913564230729396 
0.42899690779833255 2.139658054373453 
0.40902924864509566 2.320371777083167 
0.44662261079640986 1.980519783826384 
0.48369281283079824 1.6469514614451102 
0.5157211943982556 1.358575683447898 
0.6362981412497595 0.2746624735345209 
0.4974590592747021 1.5232155746813827 
0.43632518993372943 2.0732907483059413 
0.41808721918188874 2.238550549691462 
0.39746291936594896 2.423023465896088 
0.48498170981001504 1.6358488977422672 
0.5116493157078379 1.3954723015859334 
0.6228678716885493 0.3961523822966961 
0.5613311786357592 0.9482434100227825 
0.6568850663689171 0.08822495745567183 
0.44662261079640986 1.980519783826384 
0.4720259572841222 1.7525573062589548 
