-16.72458490399504 -4.745837246976271 
-14.598849236648507 -11.452219726423253 
-16.533301851756182 -5.611137488319582 
-18.86112948524471 -0.4247368659150236 
-16.18302194816848 -7.1535513922819725 
-16.554032191231094 -5.485698120370298 
-18.351165260699204 -2.4129775232357455 
-16.004186884648036 -7.590986545065121 
-14.453530202800431 -11.622156355739978 
-16.272440866727152 -6.80344999079815 
-18.378599122504653 -2.276249087369508 
-14.868282797391679 -10.689983607599718 
-19.998065825807238 0.004339153102198485 
-15.334061324266688 -8.81134281563294 
-14.7665031102438 -11.03227610909046 
-18.448831351298722 -1.9406108703804372 
-18.323306800401525 -2.552525281159081 
-15.599162855026375 -7.85890005282018 
-16.315647608095148 -6.669161039513753 
-15.148087172789959 -9.591977261159595 
-16.86793684666725 -4.251666000761591 
-16.197066225663725 -7.097909722312061 
-15.171746969271776 -9.482801369277617 
-16.222992347629436 -6.938236259872954 
-18.797334647772086 -0.5969233555256058 
-15.529006025112217 -8.081201866870483 
-15.114239758453323 -9.723061834236098 
-16.688574673344043 -4.892584438517602 
-16.12897766729412 -7.350140636890417 
-16.97153318183306 -4.004046710989422 
-16.914538944381185 -4.134299218131543 
-16.463830545481038 -6.001490645691167 
-19.078666013742712 -1.9176910111921505E-4 
-16.778010775822704 -4.533048114403034 
-18.16217975687311 -3.3098157100696572 
-14.68739949146546 -11.22176641860229 
-16.434047697028717 -6.140023317907615 
-16.8225395899038 -4.389586294833345 
-14.934018249159998 -10.434072486924414 
-18.067308916605214 -3.6654024613608254 
-18.602995828652034 -1.2682690601798023 
-16.078916290991856 -7.483800897625199 
-17.941053533330333 -3.8752837437627567 
-18.938300421550124 -0.24872556814654348 
-15.407768402528756 -8.516112123188375 
-16.167119664334322 -7.228234990179618 
-18.67423593055309 -0.9954480215755828 
-15.28402144666407 -9.015752941412195 
-18.7165978424677 -0.8500954399332021 
-18.263977845640305 -2.8468494408954355 
-14.792068655218877 -10.924574664921067 
-15.004331613013804 -10.186046497772445 
-18.541949694413205 -1.522222170184333 
-16.485042360662828 -5.864098008670542 
-15.21360261665826 -9.256911345735444 
-18.01723912729534 -3.7926382349804175 
-16.379049664429264 -6.39207119602022 
-14.733430143256198 -11.12344361595047 
-18.634863053497952 -1.1254806651995772 
-16.619666941018913 -5.238106788515853 
-16.347685761584813 -6.530704421933459 
-14.844460149630176 -10.792824129024622 
-18.104698506672044 -3.5400916570563536 
-14.632541590737354 -11.333473973023896 
-18.573127704652066 -1.3874761051824036 
-15.240668588447054 -9.164528732103307 
-15.882770873555902 -7.748572803397522 
-18.494147364402085 -1.7308874584360918 
-15.370214878803107 -8.648689270500462 
-15.056530411758988 -9.97314101992729 
-16.58943292747631 -5.356096538409197 
-16.52507557022207 -5.695444898068342 
-18.516649359352765 -1.633093222380384 
-17.0336310612401 -3.8982603354454897 
-16.64424549063998 -5.1147210259007645 
-18.139095032279954 -3.408872736906899 
-18.42567371481187 -2.0509190650570037 
-18.98887494268508 -0.14746975363280754 
-16.41114619646205 -6.23583065220328 
-15.03211807122581 -10.082722607658898 
-14.530058565679397 -11.532285942654948 
-15.308777510037224 -8.914393251412388 
-16.666729051192874 -5.012719253973671 
-15.46501861563757 -8.277532917111829 
-18.19087015516377 -3.177734337822802 
-18.759678146241647 -0.7084849166393714 
-15.563787477267038 -7.966367773591983 
-15.50029508906157 -8.184515749217324 
-18.215467117439474 -3.075074304674446 
-14.904046334135057 -10.589828646459859 
-15.08163096088375 -9.869817572326394 
-15.442029595829112 -8.388447281699744 
-14.975404351978014 -10.30947940933487 
-18.240700479381633 -2.949402649252271 
-15.196159880270027 -9.364889058919196 
-15.972055187648106 -7.686938623726785 
-18.295580444712094 -2.6922902738608356 
-18.40215383395352 -2.1645942680534147 
-18.466305398018125 -1.8399912747913207 
-15.642124928094628 -7.749926592197628 
