-0.7426186354600927 2.315770402127997E-5 -1.0506496361649873 
-1.1097992737405067 -1.0974112669799883 -1.1466494038260897 
-0.8692963337332491 3.895559028501729E-6 -1.0356434975997544 
-0.604314796243824 -3.934216294393489E-5 -2.08535422498609E-4 
-1.0749955662066382 -0.005446528480987811 -1.0427245689156164 
-0.8422183407690981 -5.4263865335780386E-5 -1.050986346538917 
-0.9004914529111754 -1.6363806084910003E-4 -3.183578437679154E-4 
-1.1047220992357585 -0.02210110524717762 -1.1236765266749722 
-1.1534161726770458 -1.1490294391135139 -1.1417890184690278 
-1.0627190896013936 0.005217292052215494 -1.000044304736977 
5.21493775016646E-4 3.550547604644294E-5 -0.8838980263709626 
-1.069430961250145 -1.0250569857402116 -1.0726178396836996 
7.805127797325673E-4 -2.658832426300691E-6 1.866152486021481E-4 
-1.0679900341554898 -0.7818019426669902 -1.0796630715302717 
-1.0883332973857247 -1.0602183236929974 -1.081257850696336 
-0.8424239552708872 -5.4263865335780386E-5 -3.000347634371679E-4 
-0.9172905447954173 -1.1265260520921345E-7 -2.8033040855854547E-4 
-1.069897163598997 -0.6218891034295251 -1.0816089767737609 
-1.0112012996148303 -4.229425056699852E-5 -1.0248845628773071 
-1.069897163598997 -0.8796536163382334 -1.0807580183176981 
-0.614343476648382 6.444096912639163E-6 -1.1006535564962159 
-1.072987806894876 0.007429784842494954 -1.0360494972835288 
-1.0507109296985908 -0.8796536163382334 -1.079701387664902 
-1.0695890746233438 0.037169674512522316 -1.0222292983769572 
-0.6404365555442999 1.3959661021038484E-5 -2.1503560418041667E-4 
-1.0663478451098813 -0.6705556383647693 -1.0792173207311233 
-1.0963485523868726 -0.886296161433297 -1.0723145933741642 
-0.7664158125915884 2.431938438313678E-5 -1.0476167600967607 
-1.0704266422838198 -3.9049379471987705E-5 -1.0807263029523675 
-0.5456480192687406 0.0015239203937514878 -1.1123460086060457 
-0.6048167293641156 -5.122644133071343E-5 -1.0821590151862184 
-0.9595627526228565 3.895559028501729E-6 -0.9861364247456413 
5.139552379064794E-4 3.772869935311302E-5 -0.48272155333450284 
-0.7486194203951232 6.634951678358078E-6 -1.0114658631961093 
5.21493775016646E-4 3.5584940585366026E-5 -1.0147288363879485 
-1.0925812903125687 -1.0951129274465732 -1.0834388778443629 
-0.9972365559810034 -7.657990545279045E-8 -0.9665805505871241 
-0.6555160869696163 -5.122644133071343E-5 -1.083777960415894 
-1.1051160830591429 -0.9860120647328389 -1.0493879879532042 
-1.073615113461639 6.297631140795208E-7 1.698673868599309E-4 
-0.7523134043937079 -3.832321381540973E-5 3.4046171144954144E-5 
-1.0886797841098717 -0.0011086407653214114 -1.0935543466368112 
-1.1526345305199976 -4.622342870714578E-5 -1.4926437777007528E-5 
-0.5611561220794414 2.41497100139607E-6 3.74943551839646E-5 
-1.0785431209995295 -0.7254138016248904 -1.0893825019889907 
-1.073615113461639 -3.934216294393489E-5 -1.0539316988805802 
-0.7108999625098457 -3.951129377057925E-5 -2.0376884783113598E-4 
-1.0623484532500456 -0.8132565972554373 -1.0792465536091917 
-0.6867128566221015 -4.9553973910129454E-5 3.184476472160001E-5 
-0.9533183919120645 -5.122644133071343E-5 3.74943551839646E-5 
-1.077454304460104 -1.0235172980192628 -1.1377888246255863 
-1.0619687962403557 -0.9518338250650871 -1.0910078973668116 
-0.7879034895073483 5.2534126760643996E-5 3.74943551839646E-5 
-1.018620543439021 0.002349865633468704 -0.9147019424184473 
-1.0894095447227203 -0.8120398624028546 -1.1116854130975702 
-1.1047220992357585 -3.3409597446532017E-6 1.866152486021481E-4 
-1.0095951975305335 6.87804439549193E-5 -0.9877208705894638 
-1.089514876234133 -1.0736741587892737 -1.0850727765285144 
0.0016782040198206616 -2.5601216767990935E-5 -0.7319431608624429 
-0.8692963337332491 3.895559028501729E-6 -0.9828030812787336 
-0.9972365559810034 -7.657990545279045E-8 -1.0192469655351735 
-1.08258711710711 -1.0260735225016155 -1.0796757317419305 
-1.0503589883348077 1.3213190179927203E-6 -2.8100146120753003E-4 
-1.1479624935510888 -1.0951129274465732 -1.0804997623646213 
-0.7694677060431412 -3.722999264780122E-5 -2.498447083876178E-4 
-1.0824972190014166 -0.8068094669571233 -1.1042272964377058 
-1.1532610023660277 6.729892614881223E-4 -1.1517121715598262 
-0.8156862004377803 -3.934216294393489E-5 -2.967213651807795E-4 
-1.0823445022040472 -0.7769169735930157 -1.0432277448730403 
-1.0619687962403557 -0.9270614001202928 -1.0881778045249182 
-0.8469788312920478 -4.3943670858900565E-5 -1.0242559585409963 
-0.9962141013172781 -7.657990545279045E-8 -0.9126680392685615 
-0.802735946514741 -5.122644133071343E-5 3.74943551839646E-5 
-1.1153639661386359 3.1821114533662955E-6 -0.5084668080559205 
-0.8383280428239344 1.3490156330779672E-6 -0.9996504775778565 
-1.0292287651858882 -3.9334424960591164E-5 -2.4240489130605754E-4 
-0.8561327454545933 1.2417827485786194E-6 -3.1642335600452775E-4 
-0.5327509126497731 -3.934216294393489E-5 -2.08535422498609E-4 
-1.0166796557602256 6.845038131510466E-5 -0.9611895309343683 
-1.0778762575073773 -0.9358591966231609 -1.078546608463749 
-1.1100567305263702 -1.1404083487814654 -1.1274885048453083 
-1.0685053609735429 -0.7953836535776282 -1.0796757317419305 
-0.8473250436005997 -1.3248522875113484E-4 -0.9766898131747657 
-1.089514876234133 -0.6640567168512619 -1.112477695147361 
-0.996537522936989 3.9785183976795684E-6 -0.0010546097465422778 
-0.6617812341571261 -2.151597115146453E-5 -3.0446147507056054E-4 
-1.089514876234133 -0.6032056592170486 -1.109095423062987 
-1.0778762575073773 -0.6786645939730441 -1.0793656531474007 
-0.9825249515934534 -3.722999264780122E-5 -2.498447083876178E-4 
-1.088317872563229 -0.9860120647328389 -1.0935543466368112 
-1.0617997096839995 -0.9270614001202928 -1.0663445903261286 
-1.0619134760102344 -0.7253296833041869 -1.0793417101515665 
-1.0881271056569137 -0.9515997513556802 -1.0910049864015803 
7.805127797325673E-4 -3.4266921512490257E-6 -0.9665517260033685 
-1.0883215646188655 -0.8341257038305536 -1.0939625827718966 
-1.1153639661386359 1.3213190179927203E-6 -1.1335688956660928 
-0.9342344572217043 -5.122644133071343E-5 3.74943551839646E-5 
-0.8701501292094465 -3.832321381540973E-5 -2.7880577968410387E-4 
-9.700576363490532E-4 0.0012624320583099662 -0.8305735837388334 
-1.1110916036898137 -0.5451831523252411 -1.091436365861977 
