0.49049455518755314 5.271801808989944 
0.4380536363313604 6.985981920904429 
0.4516823308171802 6.5007085261789985 
0.510136139672046 4.72287544743192 
0.6667090768246146 1.4999045832149427 
0.4832360014055803 5.487447401931257 
0.45870504697475584 6.261061280149676 
0.6202587141437785 2.2887830959085873 
0.5288314210849223 4.237126063399564 
0.39034084222032944 8.962916476369923 
0.47914840577792334 5.610540889263647 
0.3944408349259032 8.747336812037954 
0.5922614083808473 2.8192608576485823 
0.45868558376195534 6.261326953134323 
0.6245493421999524 2.210610472888443 
0.493998625666407 5.173612611338412 
0.5654991058526919 3.380781569677216 
0.46161695534773856 6.165129041417695 
0.49049455518755314 5.271801808989944 
0.63977268800377 1.942353828810069 
0.63977268800377 1.942353828810069 
0.6283042711709869 2.141799551699532 
0.6007579985591592 2.652071832359854 
0.4313021333918987 7.235830870025769 
0.41570850571841544 7.842410940444072 
0.40794149609233976 8.162783720230266 
0.43841211457180784 6.97159815969258 
0.45868558376195534 6.261326953134323 
0.493998625666407 5.173612611338412 
0.5170933878041388 4.537584967501513 
0.5464558827785564 3.812864582688842 
0.4444546630215565 6.750295661590801 
0.6552375918142868 1.6852133090637362 
0.60503557094007 2.571406284455841 
0.3991056237499607 8.539620543371855 
0.5080384682409109 4.77927486013542 
0.5464558827785564 3.812864582688842 
0.47914840577792334 5.610540889263647 
0.42529303172026744 7.460117850062936 
0.43841211457180784 6.97159815969258 
0.3902634828424971 8.96469313668445 
0.46907183271105035 5.923230841040285 
0.539697456637772 3.970440027281941 
0.5767943386017049 3.1382124664700557 
0.6007579985591592 2.652071832359854 
0.5654991058526919 3.380781569677216 
0.5011983786859666 4.968221746324723 
0.5011983786859666 4.968221746324723 
0.3902634828424971 8.96469313668445 
0.5289216969555083 4.236402874605536 
0.5217172177846762 4.420197085293793 
0.40794149609233976 8.162783720230266 
0.5767943386017049 3.1382124664700557 
0.45074998451176407 6.532325510061001 
0.4313021333918987 7.235830870025769 
0.5537753765659271 3.641715606638739 
0.5664589889965186 3.3608700785976513 
0.5293356288485767 4.2250947330566975 
0.5950582558117985 2.7651199488059848 
0.4832360014055803 5.487447401931257 
0.5791360756775211 3.0879839044394464 
0.5664589889965186 3.3608700785976513 
0.6421729041756721 1.9010770999494626 
0.4141125523769966 7.90620661170472 
0.41823337573274927 7.760019336541084 
0.3944408349259032 8.747336812037954 
0.6463827522571992 1.8299472848577707 
0.6154231617043295 2.376133039574006 
0.5840719252592562 2.9855054519115125 
0.5293356288485767 4.2250947330566975 
0.6606850293873656 1.5954557515286234 
0.5537753765659271 3.641715606638739 
0.4445824881391592 6.7454766533858015 
0.5537753765659271 3.641715606638739 
0.5217172177846762 4.420197085293793 
0.41570850571841544 7.842410940444072 
0.6154231617043295 2.376133039574006 
0.46907183271105035 5.923230841040285 
0.4648791413925475 6.059926735537975 
0.6502819798285184 1.7646656527855569 
0.6283042711709869 2.141799551699532 
0.49944036902688715 5.019183867205235 
0.3991056237499607 8.539620543371855 
0.4516823308171802 6.5007085261789985 
0.4380536363313604 6.985981920904429 
0.6052077508872802 2.570674726412071 
0.5397336837794833 3.9701735297520537 
0.48206653096684393 5.522801745084968 
0.42529303172026744 7.460117850062936 
0.6653655370123668 1.5208164427010245 
0.5841561604494424 2.983724255922653 
0.539964086588592 3.964192616256012 
0.42529303172026744 7.460117850062936 
0.47023661503470743 5.891678868089572 
0.5922614083808473 2.8192608576485823 
0.510136139672046 4.72287544743192 
0.510136139672046 4.72287544743192 
0.5170933878041388 4.537584967501513 
0.40557699734125996 8.260089310605816 
