0.49049455518755314 1.585790083337461 
0.4380536363313604 2.0602347837973274 
0.4516823308171802 1.936255179067646 
0.510136139672046 1.4093094489048066 
0.6667090768246146 2.427295972495141E-13 
0.4832360014055803 1.651732140432701 
0.45870504697475584 1.8719804086228817 
0.6202587141437785 0.4196376600222768 
0.5288314210849223 1.2407253974235541 
0.39034084222032944 2.4985923661367035 
0.47914840577792334 1.6882817226425288 
0.3944408349259032 2.4503068355183393 
0.5922614083808473 0.6697394061439448 
0.45868558376195534 1.8719804086228817 
0.6245493421999524 0.3806353167028027 
0.493998625666407 1.5557575197315667 
0.5654991058526919 0.911828954735726 
0.46161695534773856 1.8459280974251584 
0.49049455518755314 1.585790083337461 
0.63977268800377 0.2426649301122324 
0.63977268800377 0.2426649301122324 
0.6283042711709869 0.34570180632492087 
0.6007579985591592 0.593253366043628 
0.4313021333918987 2.1208292911050726 
0.41570850571841544 2.2601569332817584 
0.40794149609233976 2.3299382031089295 
0.43841211457180784 2.056433091135748 
0.45868558376195534 1.8719804086228817 
0.493998625666407 1.5557575197315667 
0.5170933878041388 1.3463551832944904 
0.5464558827785564 1.0835622814483228 
0.4444546630215565 2.0002003835682145 
0.6552375918142868 0.10421511032430775 
0.60503557094007 0.5557922694346237 
0.3991056237499607 2.408210583550403 
0.5080384682409109 1.4280554792454923 
0.5464558827785564 1.0835622814483228 
0.47914840577792334 1.6882817226425288 
0.42529303172026744 2.1727361374437497 
0.43841211457180784 2.056433091135748 
0.3902634828424971 2.4985923661367035 
0.46907183271105035 1.7784207461773829 
0.539697456637772 1.1428363844568699 
0.5767943386017049 0.8101031839892211 
0.6007579985591592 0.593253366043628 
0.5654991058526919 0.911828954735726 
0.5011983786859666 1.4900646842103127 
0.5011983786859666 1.4900646842103127 
0.3902634828424971 2.4985923661367035 
0.5289216969555083 1.2407253974235541 
0.5217172177846762 1.306092925399413 
0.40794149609233976 2.3299382031089295 
0.5767943386017049 0.8101031839892211 
0.45074998451176407 1.9444456224857976 
0.4313021333918987 2.1208292911050726 
0.5537753765659271 1.0166924314123815 
0.5664589889965186 0.9037950668710755 
0.5293356288485767 1.2364931774673762 
0.5950582558117985 0.6454074538468988 
0.4832360014055803 1.651732140432701 
0.5791360756775211 0.7883628801724103 
0.5664589889965186 0.9037950668710755 
0.6421729041756721 0.2208202023364107 
0.4141125523769966 2.274059399592928 
0.41823337573274927 2.245499082872987 
0.3944408349259032 2.4503068355183393 
0.6463827522571992 0.18284636247195468 
0.6154231617043295 0.4623273078447536 
0.5840719252592562 0.743749917169963 
0.5293356288485767 1.2364931774673762 
0.6606850293873656 0.054093730084930056 
0.5537753765659271 1.0166924314123815 
0.4445824881391592 1.9989207942468683 
0.5537753765659271 1.0166924314123815 
0.5217172177846762 1.306092925399413 
0.41570850571841544 2.2601569332817584 
0.6154231617043295 0.4623273078447536 
0.46907183271105035 1.7784207461773829 
0.4648791413925475 1.8171335377186373 
0.6502819798285184 0.1475302744287767 
0.6283042711709869 0.34570180632492087 
0.49944036902688715 1.5067830428507811 
0.3991056237499607 2.408210583550403 
0.4516823308171802 1.936255179067646 
0.4380536363313604 2.0602347837973274 
0.6052077508872802 0.5557922694346237 
0.5397336837794833 1.1428363844568699 
0.48206653096684393 1.6623578784707422 
0.42529303172026744 2.1727361374437497 
0.6653655370123668 0.011898849095004493 
0.5841561604494424 0.7429609051796465 
0.539964086588592 1.1405216450979183 
0.42529303172026744 2.1727361374437497 
0.47023661503470743 1.7704831278019568 
0.5922614083808473 0.6697394061439448 
0.510136139672046 1.4093094489048066 
0.510136139672046 1.4093094489048066 
0.5170933878041388 1.3463551832944904 
0.40557699734125996 2.3501022203661446 
