-19.999562024457276 0.0013663136893520072 
-14.438887302098745 -11.6271166256268 
-19.06741402220831 -0.016775963898866757 
-17.94229608939372 -3.874770580614568 
-17.042575124638994 -3.8787095947551284 
-15.879520208368213 -7.750457021670487 
-18.63918106176954 -1.0968833766664294 
-15.641364006408502 -7.753853237834782 
-15.093614145589793 -9.796683735059137 
-15.011978577975924 -10.038063625675974 
-16.67183502614836 -4.857544954859346 
-16.639940741523176 -5.14423377435431 
-14.670062228287048 -11.229520984889326 
-18.695648556916588 -0.8922120498989464 
-18.81572723373197 -0.5393856630707567 
-16.14112735504442 -7.280908039445653 
-18.898997118681077 -0.3138942077970248 
-15.40007634092127 -8.532382357319296 
-14.863893131788542 -10.721646475473054 
-14.488069273469536 -11.543432812980342 
-15.15663004124038 -9.54351999324629 
-18.468423582543018 -1.8491906412471453 
-16.08816253340816 -7.408101252844569 
-18.183610773417666 -3.196394574497134 
-16.763893443463235 -4.5897719217180875 
-16.91340263952614 -4.113972770572518 
-18.059385126172838 -3.5651117972832806 
-14.934694967095254 -10.468698948507999 
-18.457479114827592 -1.9002562109390109 
-18.853162953834136 -0.4354071350122873 
-18.131207499080233 -3.418463001592761 
-16.034486107448934 -7.484049763913745 
-15.943646116875914 -7.67090037806272 
-16.29503170183755 -6.6499218192617215 
-16.354171872310438 -6.485153787710554 
-16.504186024046533 -5.78541005875547 
-18.215544690576735 -3.0722833358936987 
-16.621456419238726 -5.234019671463466 
-15.288397871011924 -8.995140355152099 
-15.361686507936003 -8.668304175657008 
-16.205587698288653 -7.0982369609832645 
-15.536952990133909 -8.031335555912701 
-18.403478188714317 -2.120397668549674 
-18.520222355096898 -1.6021701961284198 
-18.361397403909614 -2.364175114534241 
-16.578311345690977 -5.381912042653755 
-16.40958191294928 -6.252990747396019 
-16.44438860747198 -6.01817273284912 
-16.527078094172147 -5.672337580794505 
-15.254616474282418 -9.104156409962032 
-16.289305091890476 -6.759071132564877 
-14.796043127858187 -10.944407147834339 
-15.316456829581714 -8.869607028316054 
-18.32014117472452 -2.5316776502474116 
-18.72067181946977 -0.8150245340046153 
-18.13366102868688 -3.3250122354699627 
-17.99883300573831 -3.8265169012000104 
-14.820642401360566 -10.884675452808153 
-15.445945065482992 -8.334466304978434 
-16.967855749938597 -4.003589639497569 
-14.741863065818588 -11.059588505555515 
-14.983504505731528 -10.265087462370385 
-16.1864245847121 -7.163623598607963 
-18.520222355096898 -1.6021701961284198 
-15.567140305311604 -7.961650266267126 
-18.403478188714317 -2.120397668549674 
-16.424644361204017 -6.184732251901462 
-16.726478159214594 -4.694260430386667 
-16.246994321335677 -6.9305765029511806 
-15.330586837285946 -8.748290955448544 
-15.44154559465893 -8.388050878804416 
-16.84675375139107 -4.316506599215992 
-16.348049510727215 -6.502626295837687 
-16.545618868209438 -5.526866452176584 
-15.582685158189665 -7.815258344348607 
-17.010949728293404 -3.9259189163828294 
-18.277085610410047 -2.754966289834579 
-14.571151397528515 -11.461328014291869 
-16.71227834985261 -4.7873981165680695 
-19.035343733960502 -0.0658698897496375 
-18.036936215558647 -3.7489748758973365 
-18.988819697295305 -0.1293748899932244 
-18.748809126838744 -0.6687365576886863 
-15.49462364477467 -8.17667335869016 
-14.937807163832463 -10.423561865427493 
-16.25469760621244 -6.90443608649677 
-15.197633360869844 -9.365127509578784 
-16.84675375139107 -4.316506599215992 
-14.58298275579032 -11.448839272072304 
-18.572145098710024 -1.3934167039458403 
-14.847325347534742 -10.728924403743648 
-15.067442432400645 -9.931486516589562 
-18.277085610410047 -2.754966289834579 
-16.804068566055648 -4.435355068282014 
-18.572145098710024 -1.3934167039458403 
-18.356562600723244 -2.3753683965004586 
-18.32315326781263 -2.516783391909018 
-18.05785017541346 -3.674377952039388 
-14.74228569991672 -11.058218216108589 
-18.249698126891275 -2.9100353853410037 
