-4.5828700313998993E-5 9.5654307407872E-5 6.001750376814839E-5 
-1.1533924775496163 -1.150751485968875 -1.1527118245619357 
-0.4890142756947556 -4.286438146689704E-4 4.6418512277213164E-5 
-4.5828700313998993E-5 9.736933335670862E-5 -1.1517779002705362 
-1.1302102634318891 -1.658073416805164E-4 -0.4904188149882271 
-1.1544342953960478 -1.6778132747246645E-4 -1.152586168680968 
-0.7282082065348299 -2.9312351398030656E-4 -0.002731676448334164 
-1.1114679571658856 -0.5342534282717807 -1.102287511267551 
-1.0482971036885174 -0.9359448123064612 -1.0536124560822933 
-1.1421434038885858 -0.917351145980362 -1.0629864534026723 
-1.0767559201236832 -0.030520760248726964 -0.7477103092167212 
-0.9108173038605658 -4.6122242632234175E-4 -0.9284620253394127 
-1.149996121587875 -1.0802628268151604 -1.0715735148853751 
0.002938579301677957 1.0339690761956843E-4 -0.6954324614120302 
-0.6294844542587685 -4.5323805090211365E-4 -4.866945577506757E-4 
-1.0493301493677025 -0.0038147140470981 -1.0943753664538356 
0.002639869123626865 2.0585733590640462E-4 -0.5802586801293922 
-1.0766909706696577 -0.7221524101494379 -1.101565629305837 
-1.1114256175566208 -0.9884727533683244 -1.102287511267551 
-1.1533989729266048 -1.150751485968875 -1.1042206489567459 
-1.0551373540611222 -0.900327875042707 -1.0536173027695537 
-0.8308876317303727 2.4601909146443915E-4 1.0517452208868173E-4 
-1.1212310097465081 -4.406016860293182E-4 -1.0554702178327688 
0.0021736249552831155 1.001553662233622E-4 -0.999600515614227 
-0.7515523942638667 -4.616400782853756E-4 -1.017019583671973 
-0.6301273463400454 -4.340770166215111E-4 -1.0551614988373375 
-1.0608102735968488 -2.9312351398030656E-4 0.01449349296143132 
-1.0735858719199578 -0.9792778909603612 -1.0927464434797953 
-0.8373533298689546 2.4601909146443915E-4 1.0517452208868173E-4 
-0.607770997047322 -4.7989028651721784E-4 -0.0010271939060243222 
0.0021818138019791605 9.589879193950246E-5 -1.0316937358197629 
-1.1116661704432822 0.05126406565966207 -1.095871391112559 
-1.1114241671770035 -0.006972172347676997 -1.155348251884067 
-0.9632006117724068 8.392386760163871E-5 -1.0862769086624786 
-0.9766775008937663 9.589879193950246E-5 -1.0359908764792094 
-0.9107998682169983 9.561944883192016E-5 -1.0108832116208406 
-0.9822646122119657 -4.2396803584772956E-4 5.6025460661982315E-5 
-0.9626372899801696 8.392386760163871E-5 -0.8880196637796263 
-1.0725291665533616 -0.8209869662309963 -1.0536147376400589 
-1.1044822000723682 -0.7590126868658388 -1.0535687848058681 
-1.048293883991139 -4.406016860293182E-4 -1.0554702178327688 
-1.0503746312510227 -0.6892699582545896 -1.0652299442764015 
-0.8659747152847368 -4.406016860293182E-4 0.003098909789418385 
-0.7993827813816521 -4.7989028651721784E-4 -0.0010271939060243222 
-0.8944940645454506 2.297700555813208E-4 1.0782937958312712E-4 
-1.0442951882869265 -2.8876067592906277E-4 -0.8342796645843283 
-0.9801958796892197 4.609046849496047E-4 -0.9984891011985148 
-0.9922647007851854 0.033136729918133545 -0.9641321267133987 
-0.8970856703850139 9.561944883192016E-5 -1.0108832116208406 
-1.0497793917823952 -0.821163565464265 -1.1038603638074127 
-1.0493301493677025 -0.001566757480124359 -1.003009839411406 
-1.1274481243755776 -1.016351350542136 -1.0975005189708988 
-1.0493301493677025 -0.8209869662309963 -1.0536147376400589 
-0.91597043128432 -4.251314845130792E-4 -0.0029322626655200468 
0.0021736249552831155 1.001553662233622E-4 -0.6819500885070461 
-4.5828700313998993E-5 0.010197326591959821 -1.0203099606118802 
-4.5828700313998993E-5 9.736933335670862E-5 -1.1163126414250941 
-1.1084809579059 -1.014506150903177 -1.0973656615451364 
-1.076397027703977 -0.6818221345397124 -1.1182857871049308 
-0.5335860416012196 -2.7481622573863616E-4 -1.12819713867587 
-1.1519248878356776 -1.0319485922066947 -1.094037980756151 
-1.0766909706696577 -0.9463512290994323 -1.1043639820802988 
-1.0503746312510227 -4.24929716575654E-4 -1.0652299442764015 
-0.7993827813816521 -4.7989028651721784E-4 -0.0010271939060243222 
-1.0766909706696577 -0.6235858965323734 -1.096571590673458 
-0.8659747152847368 -4.406016860293182E-4 0.003098909789418385 
-0.9801958796892197 4.609046849496047E-4 -0.9893016673863636 
-1.0923905604867221 1.001553662233622E-4 -0.7025973540977558 
-1.061538428637647 9.904772214087179E-5 -1.016805082468027 
-1.0493301493677025 -0.8398872527352739 -1.0115813441667978 
-1.0735858719199578 -0.7067550479184843 -1.0927464434797953 
-0.658771038902514 -2.7766643224523893E-4 -1.0652299442764015 
-1.0430969968076043 -3.6342609511620747E-4 -0.9733826674926243 
-1.0486000872255772 -8.249479145736069E-4 -0.8494905626799742 
-1.1531413596159 -0.5342534282717807 -1.102287511267551 
-0.5335860416012196 0.0023366191650424084 -1.1012606416608095 
0.0021736249552831155 1.001553662233622E-4 -0.9428432255195239 
-1.1519248878356776 -1.1156806542861912 -1.0950968761607014 
-0.9132608658860385 4.7701089929946426E-4 -0.8826716032170984 
-0.5067312647772516 -4.2595575310288506E-4 4.6418512277213164E-5 
-4.5828700313998993E-5 9.5654307407872E-5 -1.0925537763833768 
-0.5299629933495325 -2.9312351398030656E-4 -0.002731676448334164 
-0.6584959179712793 -2.7766643224523893E-4 -0.008621614245393427 
-1.0503746312510227 -0.6892699582545896 -1.097667001297712 
-1.0480263590975125 -0.9903788945841372 -1.095056473608326 
-1.0567780306378165 9.904772214087179E-5 -1.016805082468027 
-1.0771313303854306 -0.8398872527352739 -1.095056473608326 
-0.658771038902514 -2.7766643224523893E-4 -1.0652299442764015 
-1.149996121587875 -1.0802628268151604 -1.154336860034837 
-4.5828700313998993E-5 9.736933335670862E-5 -0.7702098984195958 
-1.1232423057878254 -0.9776223454770412 -1.1244689088708681 
-1.0726671686238376 -0.9299133068826156 -1.0629864534026723 
0.0021736249552831155 1.001553662233622E-4 -0.9428432255195239 
-0.7282082065348299 9.904772214087179E-5 -1.0170758259471582 
-4.5828700313998993E-5 9.736933335670862E-5 -0.7702098984195958 
-0.8963053611407891 2.297700555813208E-4 -0.0011339840898304113 
-0.9141619247374273 -4.251314845130792E-4 -0.0029322626655200468 
0.0021818138019791605 1.1249494378071464E-4 -1.0769815352604097 
-1.1519248878356776 -1.0317367694905133 -1.094037980756151 
-0.9615046873108656 -4.2396005819001756E-4 1.3046364448983041E-4 
