6.185043753544335E-7 1.000271773217228 
6.185043753544335E-7 1.000271773217228 
0.8514576928179685 -0.7726722888440276 
0.8234777959847681 -0.45999416771664725 
0.6523818665037247 -0.457381517249039 
0.6184432082787202 -0.12421487533455662 
0.45358715333828925 -0.12337877035813245 
0.25776705604873806 0.24337423548553525 
0.4093921839618223 0.24197380968716767 
0.08483196868742798 0.6706956876746334 
0.18242004850238275 0.6697675674650959 
0.2000007328174831 0.5539763684015255 
0.6412088620708261 -0.4091486776311795 
0.02001458792211798 0.8492006522090263 
0.013142888336802284 0.88174781297348 
0.07840135255480421 0.6719858954603927 
0.42328821496025837 0.07662981578733884 
0.6335934637659202 -0.3461079109701666 
0.8383403608100803 -0.6969269566128165 
0.41694897927927727 0.14388921800226248 
0.630837256754743 -0.3127854489200626 
0.1899549189387953 0.6239467510158422 
0.06394675771234759 0.6914799431616483 
0.23177944328968142 0.32466185236199996 
0.2047298925832634 0.5185546663364038 
0.44230126970020156 -0.09292913539214498 
0.43963012975055094 -0.07792949811077982 
0.8261149520137345 -0.5117600178931914 
0.42044403369861616 0.11149365781983382 
0.6222978480351031 -0.18915418883502003 
0.44819687434365063 -0.11552126835511874 
0.430921864967156 -0.011203942892179955 
0.022942894852654716 0.8347690583523948 
0.42548450810163 0.04348278668529118 
0.25014484608597354 0.2508118956821516 
0.1973102835340651 0.5736170330519827 
0.007222695496733739 0.9148863357951778 
0.4137279591175293 0.18480674997411803 
0.8313146019420466 -0.6033322351421009 
0.22815616335278116 0.34671102042160745 
0.635479575512479 -0.36660942540699926 
0.4161579677362843 0.16211172736269658 
0.834499742628291 -0.6480350535156922 
0.01041005481695903 0.895499792545109 
0.6255083221486529 -0.23898072682431704 
0.41262083308875397 0.2044170285721307 
0.23522368384925102 0.30571802504808654 
0.41164852231665205 0.2255652611925688 
0.209616991535381 0.48074898119224035 
0.8466857743115023 -0.7615544063738415 
0.6296761046869164 -0.29671857749780145 
0.06240294984861311 0.6947520014961474 
0.8437001211842947 -0.7448596944292931 
0.03248927898135272 0.7939439055593476 
0.22398696448060246 0.3743370338188409 
0.004610357113062236 0.9333731662987892 
0.6454871326148233 -0.4407900707044942 
0.6219331965831185 -0.16326309537075695 
0.43357823666524936 -0.034901091034276875 
0.8290829825743193 -0.5660466086411841 
0.6272994470970606 -0.2632373182789843 
0.4207523881304779 0.09728010106738653 
0.19340135675479198 0.6011441042852058 
0.42651539736396804 0.03277002536287325 
0.8302869720109923 -0.5846159992349569 
0.054240288116256474 0.7149652527131668 
0.03548313949478865 0.7818920033589268 
0.23930669136203203 0.28611337149623245 
0.6238453038681904 -0.21377641760224622 
0.21545143565855568 0.4363743139746228 
0.8413648053789894 -0.7269519566515127 
0.6279738746608111 -0.2748359733619504 
0.620058530337609 -0.15210615650402953 
0.8270682626889954 -0.5302940391638179 
0.20605752428547358 0.5098647646437079 
0.8245271482341292 -0.48104546472225895 
0.04053149042243892 0.7708954346101854 
0.43569755254119447 -0.051879468983429655 
0.2260211683744272 0.3607841110494152 
0.028447230117781885 0.8151632576034197 
0.04350624450780649 0.7499417423413964 
0.22317440367396282 0.3973524928377049 
0.8361508383056719 -0.6691754296973785 
0.8365140816730106 -0.6761863482582198 
0.21833401586055023 0.4150366929566812 
0.618872736199859 -0.13180916688364894 
0.6376218559644964 -0.38745296445792954 
0.18699069081711656 0.6438761864498548 
0.04878235476289172 0.7319486738304801 
0.24426476936001879 0.26645428773388746 
0.21045281726302556 0.47494758768314965 
0.1838302245954253 0.6616822740464274 
0.4287331495007935 0.00967407014341396 
2.3783870957347353E-4 0.9858174216150344 
0.6502015931666747 -0.4557981086656311 
0.028506756830446622 0.8103710943695437 
0.04773474712086173 0.735599778900113 
0.8331944221591543 -0.6271271688431859 
0.002430266017555409 0.952192780713127 
0.6244982882817045 -0.22372205460782954 
