-18.617244588232715 -1.2126269939817689 
-14.766159723891294 -11.06420676322751 
-15.980715902370779 -7.680866362706547 
-16.542939996861925 -5.622684446437524 
-16.726673224736913 -4.737428130795298 
-18.04318454136272 -3.7346356624071344 
-18.024698484364855 -3.778706773700275 
-17.951855431276144 -3.8738179759055527 
-16.432184148908817 -6.152213579627795 
-17.980662108008193 -3.852552984573865 
-15.27792981178799 -9.043730657983083 
-14.580624787675696 -11.505885871440379 
-16.40660369093407 -6.270039598307974 
-18.291360446938633 -2.7140638158013894 
-16.604361864639863 -5.321667155564462 
-16.073615879239213 -7.49929517367314 
-18.014591578927835 -3.7996868115219953 
-14.642912382451744 -11.388316670214607 
-18.185454724633193 -3.2154509475319335 
-17.99673372428778 -3.8309977500423695 
-15.065119591834254 -9.945396638415275 
-17.97266397761271 -3.860748144497953 
-14.510882833007567 -11.593196075679392 
-18.15428858853615 -3.3499753015408245 
-15.415708145835215 -8.491493137475748 
-15.314334182719985 -8.891811849080955 
-15.171654522247088 -9.493393646004524 
-18.40461331499715 -2.156958678135078 
-18.449789482906382 -1.9407148492510606 
-18.707052975656474 -0.8832382540429763 
-15.94263362666588 -7.723921184595083 
-14.536325814616726 -11.56716291614519 
-16.46886611355224 -5.978103378268861 
-17.960828793520463 -3.8697322617804075 
-17.94686304601351 -3.875126375632128 
-16.330001556437054 -6.608667727558268 
-14.76619544813259 -11.064097457186465 
-18.47115452662694 -1.8407000947675334 
-14.484255065620829 -11.612585841740284 
-15.980715902370779 -7.680866362706547 
-18.371043085919766 -2.3209121849089245 
-18.145365376575146 -3.3868721441638545 
-18.06388958220949 -3.6774636776574137 
-16.233063503994533 -6.9987082824201465 
-18.518905030069845 -1.6242247596012336 
-14.682405361221461 -11.296761434390778 
-16.152212545629645 -7.280328622236403 
-16.57587891357526 -5.462240679667877 
-15.240071190354712 -9.20157440276649 
-14.736687346070951 -11.150956893349662 
-14.482349927602405 -11.613577319414496 
-16.30166810677852 -6.7287927020055385 
-18.335238459873686 -2.4974842312034915 
-14.989714233548444 -10.255894023857362 
-15.089319355032035 -9.843151321779544 
-18.22041798509963 -3.0558006028109848 
-14.925652763030708 -10.506466658608332 
-18.651108819847025 -1.0829107590807134 
-15.13126053553322 -9.664853885988748 
-14.682405361221461 -11.296761434390778 
-14.861580130192497 -10.746290257658325 
-15.353808916433401 -8.733344206736486 
-16.362712687161775 -6.467507711532241 
-18.09373046994926 -3.581905430873166 
-17.95574652275942 -3.872361395971285 
-19.999980373316582 1.1837026171483887E-4 
-16.644218907698388 -5.123624346948649 
-16.122641874129783 -7.370139151352566 
-18.25899460424483 -2.87210434543851 
-18.119507430985472 -3.4887708288800763 
-16.270050733165654 -6.8559431619443805 
-15.20878973067657 -9.333824194915397 
-15.951109495426987 -7.7161245914566265 
-14.95438447009158 -10.395166192623531 
-16.198940137810222 -7.124265765203583 
-16.184834707703622 -7.172903829048931 
-16.09745991926651 -7.440384957274482 
-16.511623065627326 -5.775244768891172 
-15.032611764748905 -10.08041780352584 
-14.827547405536942 -10.86426742828382 
-16.03392921228916 -7.589937228827722 
-16.00632828102278 -7.641285891387735 
-18.57685858714588 -1.3755337228084727 
-16.059340747955517 -7.53510099452382 
-14.598982383211549 -11.474860392008036 
-14.895431373721266 -10.619674806835421 
-14.795539191509105 -10.970697396444493 
