-0.7440902783344148 -1.0666296708896338E-6 -7.059657510943331E-6 
-1.1046991801735018 -1.0399107711934295 -1.1041800145680138 
-1.1217281239006918 -1.015890342284213E-6 -1.1217672193878268 
-0.958705545746438 -1.0683127314969772E-6 -0.9390422768178154 
-0.9823657746857299 -1.079613835362129E-6 -0.8064576215553054 
-1.088790352275251 3.2312289169580086E-6 -7.059485264729077E-6 
-3.093862264406014E-6 -8.7571303517804E-7 -1.1003009767393035 
-1.1458832728857289 -9.885603963727248E-7 -1.2482736473538374E-5 
-0.9834906467228723 1.192975152978018E-7 -0.9814137060148788 
-1.1278098934438212 -9.893653841789522E-7 -6.8536173031682145E-6 
-1.0722838191871347 -0.8134095065424792 -1.0740959592684587 
-1.1273799211963194 -1.1060630036314263 -1.1297293848742043 
-0.9872974728238669 -6.481011060825334E-8 -0.9931878188840432 
-0.9368398404806679 -9.724852382500732E-7 -1.2657741402806331E-5 
-0.9421716792127344 -1.079613835362129E-6 -0.918524777333517 
-1.0992422487574003 -1.1103639278715587E-6 -1.0862972406290698 
-3.0697435355513973E-6 -8.794921754065797E-7 -1.1066023423116527 
-1.1225522910092118 -1.0840851765482968 -1.1178602558348603 
-7.069542737127656E-6 -1.080565190574635E-6 -1.0011229023146557 
-1.1177508112208154 -8.749743051555264E-7 -6.970056503031294E-6 
-1.0743523585455117 -0.9230028938506492 -1.0752973486660653 
-1.1328222804231824 3.2475085647094976E-6 -7.059485264729077E-6 
-1.1420186674089465 -1.127365876283088 -1.1404336823128476 
-1.0201958694171536 3.411685987174033E-6 -7.059485264729077E-6 
-1.078241676974152 -0.7335875738836821 -1.0724229981396358 
-1.0788981877822987 -0.7899332988198745 -1.07281554778147 
-1.0712803579655297 -0.8701983178027259 -1.0747333508305754 
-0.8690132832887613 -9.885603963727248E-7 -6.977930320389988E-6 
-0.8422093765115637 -1.0669232911757875E-6 -7.059485264729077E-6 
-0.6922505164222081 -4.2330255803334345E-7 -6.977295586066561E-6 
-1.135605847436392 -3.8618994681546393E-7 -1.1317488223271694 
-1.1376650485651163 -1.1182665721521292 -1.1381252758127511 
-0.9834906467228723 1.192975152978018E-7 -0.9591447623414874 
-1.1402510410020752 -9.885603963727248E-7 -6.977930320389988E-6 
-1.149029988423686 -2.043890324512489E-6 -6.977891858437732E-6 
-1.0069898886553428 -1.1259620127968904E-6 -1.0203016841367942 
-1.1046991801735018 -1.0399107711934295 -1.1041467819642894 
-0.8295764454934608 -9.467042748254675E-7 -1.2657741402806331E-5 
-1.1467114671528023 -1.1352472429029652 -1.1459839176213633 
-1.1217281239006918 -1.015890342284213E-6 -1.1217672193878268 
-7.070062369773922E-6 3.3414558950767267E-6 -0.8890236297994698 
-1.0256712949529925 -1.0690587165120638E-6 -6.980462669287389E-6 
-1.075936768200692 -1.0799723768540758E-6 -6.8536173031682145E-6 
-1.040782093658418 -2.5131528687647977E-4 -1.0460407705157995 
-3.093862264406014E-6 -8.7571303517804E-7 -0.8014826156092449 
-1.1136709871802644 -1.0694275875403232 -1.117581430161428 
-1.0664090945163838 -1.0870051743128616E-6 -1.0703440150578896 
-0.9372985069919864 -9.757221768428323E-9 -0.9405391423726068 
-1.0772009885461504 -0.831731095114319 -1.0723647878329048 
-1.1062423711742873 -1.0535766233910542 -1.1042644835606643 
-1.1473058201569408 -1.1355996100733088 -1.1465429055940235 
-1.0194773280969711 3.2957515840367633E-6 -1.0251726250953195 
-0.9104499624155965 -9.467042748254675E-7 -1.2363568533619485E-5 
-1.0789040974168345 -0.9546412739945365 -1.0821717941789522 
-1.078241194309243 -0.9100361572424759 -1.072423531198385 
-0.9798119018202607 -1.0871849117710922E-6 -6.715322405350409E-6 
-1.0791670322980766 -0.9860784228476737 -1.083018599818813 
-0.724473632042511 -9.449862473030756E-7 -1.2363568533619485E-5 
-1.078241676974152 -0.8884013637710901 -1.0724229981396358 
-1.1136709871802644 -1.0694275875403232 -1.117581430161428 
-1.0936481979691062 -1.003671256181337 -1.0946567494253976 
-1.0664355733533741 -0.7788291579753981 -1.06963075098247 
-1.0043565144033846 -1.086074875978758E-6 -1.0029150289995146 
-1.0574625335207033 -1.0686934660818389E-6 -1.1444845018084783E-5 
-1.1434441034739988 -9.885603963727248E-7 -6.977930320389988E-6 
-3.0697435355513973E-6 -3.456064015522886E-7 -6.715322405350409E-6 
-0.9586050359843883 1.0631607342367435E-7 -0.8784098258621089 
-1.0762210858319972 -1.0895617469593187E-6 -1.0788558805777047 
-0.9564025288968369 -9.73582326899203E-7 -7.059485264729077E-6 
-1.04156921002753 -1.09968904703548E-6 -7.059485264729077E-6 
-1.0388991370039453 -1.2644858097884447E-6 -1.0251726250953195 
-1.0781227448008597 -0.8478291789672795 -1.0723647878329048 
-1.132094728936386 -3.878464743599557E-7 -1.1299443612731666 
-1.0761855872511992 -0.973479745340443 -1.082887765967261 
-1.0548842652681203 -1.364322188587664E-6 -1.0529804864271135 
-1.0556165403177198 -2.738344581291997E-6 -1.0609608768947365 
-1.0839554973052419 3.231041879459557E-6 -1.0867527239096457 
-0.9589700133242539 -3.112120819324529E-6 -0.9577071906089105 
-1.0790825915824453 -0.9339883026324134 -1.0801480783423019 
-1.099011942349862 -1.01394728643947 -1.1015401081859222 
-1.1063545677420374 2.843278108576534E-6 -1.103897941934635 
-1.1134577378543393 7.769888676054384E-6 -1.1140233975573965 
-0.7675785685963279 -1.0666296708896338E-6 -7.059485264729077E-6 
-1.0955988577807754 3.2082393893040633E-6 -1.0988178122508292 
-1.1281803300038955 -1.0966444190761502 -1.1297293848742043 
-1.0790615590805102 -0.9969945362947212 -1.0906075638489154 
-1.1042395121551043 -1.025756600508336 -1.1039008909524783 
