0.6302528217860163 -0.3044423477614193 
0.21112227154489743 0.47489170300372646 
0.6265708154667017 -0.25414420420602535 
0.8313806379321033 -0.5998365681616669 
0.8413171023430891 -0.7255931953086967 
0.4273581581685324 0.02908557736242486 
0.19359635180128906 0.6011554371259495 
0.8447458013628242 -0.750233473701346 
0.20583401076079078 0.5112466863919929 
0.43078145791756906 0.003889267318185158 
0.6215354344551409 -0.1758021852986683 
0.4178219842137735 0.13508334695388913 
0.4314969630626496 -0.01473675126106008 
0.011006596759870833 0.8942657588816669 
9.846666780954222E-7 1.004285754852758 
0.18474623333455112 0.6593568439425617 
0.6281793632963015 -0.27703602270412575 
0.21333051674775544 0.4536313132226324 
0.6372352653388803 -0.38078571938480976 
0.20366743556459713 0.5273421718497052 
0.4196096177757978 0.11297676021941083 
0.42348473330682396 0.06809426133544266 
0.6441589877910602 -0.4335832313043472 
0.6292067682564109 -0.291238556392535 
0.19175330716356706 0.61481900359278 
0.19987096209106991 0.564432050043834 
0.2425727939596321 0.2745488043751693 
0.22838057433229714 0.3474738965706891 
0.23112243007706057 0.32981159203162275 
0.6195886369346855 -0.1424660803379985 
0.6227384500183619 -0.1948063055743134 
0.8244280719162952 -0.47794275221238564 
0.0585641814295159 0.7053215440409506 
0.017985522279763324 0.8594239395663905 
0.005966716837708108 0.9262598835492751 
0.07042342280017232 0.6853358190349659 
0.03240701787430989 0.7961744309149863 
0.18895727228878162 0.633203718904899 
0.6348738750666971 -0.3587476782456359 
0.1877900261109402 0.6453429781284991 
0.4113754573379042 0.2171496971419944 
0.6250739637511081 -0.23169374561550563 
0.8326863084176515 -0.6230744125895012 
0.8285932369986065 -0.5565920226975272 
0.03815365356142582 0.7750674234451294 
0.8340160145993372 -0.6387196387829882 
0.021774539530638792 0.8425779250207228 
0.43614026085294055 -0.05302026159963788 
0.20141744289714622 0.5461993025521755 
0.21543804186694468 0.43844853363557834 
0.04388887099337546 0.7509197014130017 
0.40942187619336906 0.24369092465055187 
0.8271255989241801 -0.5298636434622847 
0.4254097984852688 0.0500481045767336 
0.632812538500807 -0.3355539564433051 
0.8253253986270499 -0.4956798364530873 
0.4554333980035321 -0.12192560853838276 
0.21786788343470742 0.42059354687163186 
0.6205170148798456 -0.15858516202874146 
0.008767229059958553 0.9085282494047138 
0.8370736994801714 -0.6817344656797535 
0.028107634427606124 0.8169693340180667 
0.4161760054990598 0.154906437565418 
0.8351766548641795 -0.6572408542428361 
0.8394756693103242 -0.7073742142997685 
0.23687098695371883 0.29962260454134004 
0.0017670390047966403 0.9623636044941652 
0.6417036126063744 -0.4183045048841465 
0.1966038824817709 0.5801420065508998 
0.22297177357409673 0.38305138401511823 
0.6185894831103722 -0.12510738592896742 
6.3534966610615E-4 0.9788720810626234 
0.23962665854589565 0.2859445472005896 
0.05022001830902596 0.728634476345054 
0.8299578154574774 -0.5790610259893063 
0.8233380461553443 -0.4563021067851594 
0.4391058067752927 -0.0726783886863626 
0.8502033343375538 -0.7704383294605361 
0.207721447888048 0.4975606407586499 
0.8263062967956994 -0.5146962167008338 
0.08525623973615212 0.6723278056272252 
0.41507056233565987 0.16945931060309508 
0.014784052079807935 0.8764256267762657 
0.6393194135462759 -0.40051893168411107 
0.44230335052134323 -0.09122184687033251 
0.22550372663927876 0.3671538891968897 
0.22026269439485707 0.40289041588646535 
0.2343175897721081 0.31340937936376256 
0.651825169134814 -0.4556155881448901 
0.0038500528709188575 0.9417967033636743 
0.4458254631595644 -0.10688769727157252 
0.2567766598653553 0.2442970739806982 
0.24867198897523962 0.25506422181459876 
0.6315538537676253 -0.3213152593674756 
0.42224232108333865 0.08189124303962111 
0.4336286990675488 -0.032448125690295135 
0.41382351356169117 0.18423312185260962 
0.4208965898786855 0.09668265114546232 
0.6240647092784533 -0.214886416197679 
0.4126032912328946 0.20115650394434015 
