-14.539120914120744 -11.562123336779127 
-16.290655093862764 -6.772570731753808 
-17.953462978934574 -3.873145076431402 
-14.654678165564489 -11.362649882693827 
-16.676312932065276 -4.967980005648691 
-16.49940095082711 -5.833877415297832 
-14.656330972061816 -11.358902710662573 
-15.174646827591385 -9.480808733839595 
-15.469644455973471 -8.28778786405115 
-18.013820837522942 -3.8008013121084065 
-16.004933718281766 -7.643438920044634 
-16.383170930619563 -6.376192993938899 
-14.544538054667433 -11.556514000343977 
-16.236078905192137 -6.985317118742696 
-18.451537476468786 -1.9320231979431899 
-16.506511273241273 -5.799743260149487 
-15.25200496245009 -9.152371229242348 
-14.825240530689312 -10.873142731729885 
-15.109239448478395 -9.75801923663953 
-18.101507579852555 -3.5544149254713266 
-18.28914825310985 -2.724740311763698 
-19.99989833664589 3.832310571270347E-4 
-18.07663438691803 -3.6380602729319302 
-14.512847138157756 -11.591326639230653 
-16.56044929848651 -5.537675469108887 
-14.721618770226922 -11.194094393780961 
-15.962101779462984 -7.7024662394184675 
-15.211891327823777 -9.322110963379032 
-18.157536197123378 -3.3361234669206574 
-18.648002424535726 -1.0941987469503374 
-16.426274883691498 -6.179157206291325 
-16.20448133360285 -7.10439631082046 
-15.94350137736793 -7.723225896351831 
-17.996441188737318 -3.831126717573625 
-16.004933718281766 -7.643438920044634 
-18.471786938181175 -1.8375875959682557 
-14.752708535343391 -11.104161257197433 
-16.60921255372429 -5.29756589252172 
-15.149473055763403 -9.588180403043754 
-14.857243581291034 -10.761644950527701 
-19.999898411096247 3.8870998820585953E-4 
-15.937822278672702 -7.72806220906262 
-14.947253442525568 -10.420455836334218 
-18.131069968439157 -3.4438818224156944 
-18.58812045972371 -1.3287915542257538 
-15.352323158997544 -8.739605867613154 
-17.972113472065978 -3.861108099947999 
-18.725609978875596 -0.820593151439749 
-18.570561971296534 -1.4014558748536812 
-17.953462978934574 -3.873145076431402 
-16.634934622712493 -5.170553198267049 
-16.45443926288666 -6.047295614715609 
-18.023104305654094 -3.7817650590751017 
-16.138448506706652 -7.322596226317733 
-14.586048070401297 -11.496979950951946 
-14.604980547492753 -11.464274523576595 
-15.981359917766492 -7.6797608468296215 
-17.979877013544154 -3.8531307410384055 
-16.091535478787485 -7.455957243795046 
-16.12104470283134 -7.374648642290782 
-18.056436658612515 -3.6987377714414618 
-14.918259273704237 -10.536818914433788 
-15.341164807921867 -8.784502490334278 
-15.289742074765009 -8.994766323230275 
-16.173970205291038 -7.209151279585139 
-15.020039030596424 -10.131339171050444 
-18.512221867613096 -1.6534277216257063 
-18.212446816888722 -3.092416668019802 
-14.543363206355707 -11.558300172983664 
-18.191061798643638 -3.1899026182446226 
-14.979372810366808 -10.296803054458026 
-15.093140977843138 -9.826785077366871 
-18.3203955073511 -2.5704988232819392 
-14.792709648863193 -10.98044053325576 
-17.965330896417555 -3.866513833931242 
-16.066456134965367 -7.517936656942675 
-18.251104340342646 -2.909701768924986 
-14.473757273774746 -11.617621142104003 
-17.94763326228459 -3.87472615010725 
-16.269589828492673 -6.85842957002232 
-16.35750520745758 -6.490168390861383 
-18.368552471758623 -2.3327265916775173 
-16.313993374011822 -6.677118109928138 
-15.059917039998568 -9.966654035319264 
-18.39509705841816 -2.2029260958737447 
-14.68753974440661 -11.28346138662333 
-14.876374536938622 -10.691723647758206 
-16.03861210669859 -7.580299876561304 
