-1.142354073628093 -1.1174561500356137 -1.1323261558614268 
-1.0181794222772949 2.373307204191761E-5 -1.0332382883378615 
-1.1448599758800826 2.2282768585460237E-5 -3.426447822948609E-6 
-1.119722829237808 -1.07861727006894 -1.1200848959726688 
-0.8542137920113987 2.228276280450575E-5 -0.9638163140187398 
-0.9592332209244253 2.2216512859910487E-5 -0.9648503493391548 
-1.1181565217845544 -1.07861727006894 -1.1200848959726688 
-1.071688204957803 -0.8690683777704638 -1.0736191607092436 
-1.078839546649031 -0.6861972136726213 -1.0922985115449537 
1.7441358676602573E-5 2.2448940788330607E-5 -1.107051712260867 
-1.1128934343373469 2.221499123732653E-5 -1.115459308945032 
-0.9985424523515206 2.221503064694955E-5 -0.9962340971430069 
-1.1401722771468303 -1.1149682395404148 -1.134176640946306 
-1.0517429654476096 -1.2225665977789492E-4 -1.0332382883378615 
1.7557857496782885E-5 2.2282768096553444E-5 -0.8411500247294775 
-0.9592332209244253 2.2216512859910487E-5 -0.9605403426877489 
-1.0723777287778595 -0.8276774553683952 -1.0735613840686447 
-1.0962520879593183 -1.0186279939547451 -1.0977600970904893 
-1.074100814810902 -0.8977361510054188 -1.0799965571567043 
1.7557857496782885E-5 2.228276280450575E-5 -1.0526396213756626 
1.7553117221388937E-5 9.743090070112794E-6 -0.9381651457230569 
1.7557857496782885E-5 2.2282768585460237E-5 -2.838307086185949E-6 
1.741119124780078E-5 2.2276526994913204E-5 -1.06801421094345 
-1.138267025387467 -1.1283615062251813 -1.1403117011451098 
-0.944324503633336 2.356781538214555E-5 -0.9428255422603985 
-1.1101185914706524 -1.0561694412015836 -1.1095776843706997 
-1.1327421808781764 2.0740068296577786E-5 -1.1224131507846216 
-1.0649626722429844 -0.85676431508357 -1.0686991884654842 
-1.0181868940413925 2.2283113310257265E-5 -3.426447822948609E-6 
1.755781933033431E-5 2.2282768585460237E-5 -0.7262508572753379 
-0.9825068733809257 -6.554816856078481E-5 -0.9859946675480111 
-1.0503649895762206 2.29463702325565E-5 -1.0540801404246518 
-1.1328701691731098 1.9392608265044642E-5 -1.133939532710234 
1.7409738228696667E-5 2.2236622916915696E-5 -1.1179071912590497 
-1.1128934343373469 2.221499123732653E-5 -1.115459308945032 
-0.8291916430522923 2.2293390831242473E-5 -2.8333012341474334E-6 
-1.1101185914706524 -1.0435268641091069 -1.1044660971122089 
-0.9221227011823007 -7.72202568670999E-5 -0.9356340103307212 
-1.0725044606978607 -0.8817023201683636 -1.0736148201316082 
-1.0960206775031494 -1.0058204108853808 -1.0922985115449537 
1.7557857496782885E-5 2.2215612948132985E-5 -3.426447822948609E-6 
-1.135783646837694 2.2515491433373013E-5 -1.1345887184372372 
-1.071904559772047 -0.9779707535646122 -1.0854682294879383 
-1.0344330810802456 2.404152560872504E-5 -2.8333012341474334E-6 
1.7560211791256195E-5 2.228277576062731E-5 -0.760992898131815 
-1.0725044606978607 -0.7724881342865707 -1.0739452140689978 
-1.1331490046638693 2.2283117306245555E-5 -3.426447822948609E-6 
1.756008572782906E-5 2.221680049023773E-5 -0.6815811239128395 
1.7661888663121273E-5 9.171024917316261E-6 -0.7712357212949469 
-1.1448599758800826 2.2282768585460237E-5 -3.426447822948609E-6 
-0.9032665433976299 2.3683777165288192E-5 -0.9390704939572421 
-0.9825068733809257 2.1227930440339516E-5 -0.9688721089352199 
1.7409738228696667E-5 2.2236622916915696E-5 -1.1012631775233834 
-1.071689011861015 8.791118298906442E-5 -1.0735885868570716 
-1.1281101041304156 -1.1046890577419715 -1.1264854648200033 
-1.1281101041304156 -1.0954025382543 -1.1264854648200033 
-1.120679355132365 2.0740068296577786E-5 -1.1224131507846216 
1.7557857496782885E-5 2.2283117306245555E-5 -1.1282749164296146 
-1.088162694578788 2.2269436827455623E-5 -1.0862263571948851 
-1.0787813797391181 2.2571836408003375E-5 -1.077286038665507 
-1.0805406967553197 2.2283117306245555E-5 -3.426447822948609E-6 
-1.0879023445893408 -0.9827114252082734 -1.087089942074413 
-1.071689011861015 -0.7795017869259253 -1.0735885868570716 
-1.0716924649656074 -0.8075128175505721 -1.0739095717068612 
-1.0652494362837674 2.34466163316611E-5 -1.0580441691732612 
-1.071723022719713 -0.9449879275378237 -1.0794248320864346 
1.7409738228696667E-5 2.233423567853121E-5 -0.8053772095722452 
1.7560067488452243E-5 2.2215619675802635E-5 -0.9846364439657098 
-1.138267025387467 -1.1174561500356137 -1.1323261558614268 
2.15433027517453E-5 2.2283117306245555E-5 -0.9976699496905782 
-1.0787813797391181 -0.9626413246483589 -1.0773142526076576 
-1.07040639121604 -0.9142376740010675 -1.0697910878440118 
1.7653144088067983E-5 2.25734061459844E-5 -0.9193420704758022 
-1.0976930102832785 -1.0313042232234106 -1.1027074754004687 
1.7409979111105288E-5 2.0653149261562427E-5 -1.1373991212256773 
-1.0977269440943165 5.215766826865975E-5 -1.092260996093153 
1.755660594830631E-5 2.2477493110072647E-5 -0.9611556440008603 
-1.1479432832697585 -1.1414719077601894 -1.1426019516586254 
1.7441358676602573E-5 2.2448940788330607E-5 -1.1485187883028605 
-1.0311075535651983 -1.2217501212465775E-4 -1.0332382883378615 
-1.0027523088706034 1.989579266721481E-5 -1.0077033907900068 
1.756008572782906E-5 2.221680049023773E-5 -0.8904869900896031 
-1.0188259716406052 -7.625854017613437E-5 -1.0182644867050132 
-1.074100814810902 -0.9230618268214396 -1.0799965571567043 
-0.8746592267506769 2.247381771006407E-5 -2.8090430757475754E-6 
-1.116056045830305 -1.0695411281866194 -1.1101309541591784 
-1.0977675757005692 -0.9962641215983359 -1.0905937459767991 
-1.103906305977417 2.256463715431495E-5 -1.1034257238402467 
