1.4368429533127338 0.5879814748225917 
1.5340255936568643 0.500471631572407 
1.5340255936568643 0.500471631572407 
-3.141129115172676 1.012816505942257 
-3.1411291151826433 1.012816631219796 
-3.141129115174988 1.012816620036862 
-3.141129115172676 1.012816505942257 
-3.141129115174925 1.0128166193100456 
1.4368429533127338 0.5879814748225917 
1.5340255936568643 0.500471631572407 
-3.141129115174988 1.012816620036862 
-3.1411291151749823 1.0128166199703224 
-3.1411291151725886 1.0128165030429412 
1.4368429533127338 0.5879814748225917 
1.4368429533127338 0.5879814748225917 
-3.141129115174988 1.012816620036862 
1.4368429533127338 0.5879814748225917 
-3.141129115173977 1.012816550243228 
-3.1411291151749823 1.0128166199703224 
1.4368429533127338 0.5879814748225917 
