1.4368429533127338 0.6682417552182518 4.955276553852192 
1.5340255936568643 0.18391911598495572 4.9966198533945505 
1.5340255936568643 0.18391911598495572 4.9966198533945505 
-3.141129115172676 -4.999999462334752 -0.0023194308890124304 
-3.1411291151826433 -4.999999462334755 -0.0023194308890124304 
-3.141129115174988 -4.999999462334593 -0.0023194308890124304 
-3.141129115172676 -4.999999462334752 -0.0023194308890124304 
-3.141129115174925 -4.999999462334593 -0.0023194308890124304 
1.4368429533127338 0.6682417552182518 4.955276553852192 
1.5340255936568643 0.18391911598495572 4.9966198533945505 
-3.141129115174988 -4.999999462334593 -0.0023194308890124304 
-3.1411291151749823 -4.999999462334593 -0.0023194308890124304 
-3.1411291151725886 -4.999999462334755 -0.0023194308890124304 
1.4368429533127338 0.6682417552182518 4.955276553852192 
1.4368429533127338 0.6682417552182518 4.955276553852192 
-3.141129115174988 -4.999999462334593 -0.0023194308890124304 
1.4368429533127338 0.6682417552182518 4.955276553852192 
-3.141129115173977 -4.9999994623347 -0.0023194308890124304 
-3.1411291151749823 -4.999999462334593 -0.0023194308890124304 
1.4368429533127338 0.6682417552182518 4.955276553852192 
