-18.543522925492702 -1.5163319449756398 
-15.283168084110482 -9.022578090629722 
-19.99963136785618 0.0011141731396651633 
-15.339534640501014 -8.790491358306598 
-17.976334498320856 -3.857103578576148 
-14.515138031643154 -11.58921711855843 
-18.64372971473435 -1.1105309565524257 
-14.736206721930804 -11.15213044208828 
-18.592840079043565 -1.309648957023981 
-16.421760223611344 -6.200201794898412 
-18.03169158711617 -3.7626906584027395 
-18.263881384917504 -2.848205241712661 
-19.99963136785618 0.0011141731396651633 
-18.077275299259327 -3.636271283726319 
-18.30130117009769 -2.665055488354333 
-19.99963136785618 0.0011141731396651633 
-18.503043912005307 -1.694837000864098 
-19.999632084614674 0.0011253261874079046 
-16.112942181987307 -7.397144924605321 
-19.99963136785618 0.0011141731396651633 
-19.99963136785618 0.0011141731396651633 
-15.333581806207064 -8.8152282138239 
-16.479740922616983 -5.927839430953464 
-18.371053624289708 -2.320691710732831 
-16.580616378543485 -5.43821324497144 
-15.188032393863224 -9.423652697412372 
-17.96358665589316 -3.8678950208853227 
-17.95344277783716 -3.873215570011055 
-19.99963136785618 0.0011141731396651633 
-16.622446773266766 -5.230447606740478 
-16.1369201501019 -7.3276350654172955 
-19.99963136785618 0.0011141731396651633 
-17.973088689355166 -3.8602734668561123 
-18.33524574244636 -2.4973585781202408 
-16.457728443379132 -6.031989074168848 
-18.457387662192826 -1.90480741580635 
-15.283168084110482 -9.022578090629722 
-18.136777017282274 -3.42119644911787 
-14.620363738537641 -11.435175935784956 
-15.351401041830815 -8.743374177675776 
-16.500286968355482 -5.829360838220241 
-16.26050690140725 -6.894521051423215 
-15.086733494595956 -9.854352943148655 
-14.886721987835 -10.654944922567186 
-14.743590266033806 -11.131174817363144 
-14.487223285729211 -11.61097924676901 
-14.654069626566681 -11.363987251764538 
-14.982680979214546 -10.28434187750197 
-16.386874593017264 -6.357921464787444 
-15.17239297622482 -9.490503022885036 
-18.172007647323962 -3.2739800765274936 
-18.01315076366284 -3.8022442334660553 
-18.236534228513445 -2.9796438470017232 
-15.96964739961204 -7.695230715065968 
-16.538215486378 -5.646201489379246 
-15.023110965150071 -10.118672490098927 
-16.28450155561021 -6.796936161937374 
-16.192656845132603 -7.146027606841846 
-16.058893565448344 -7.53510025211822 
-17.94741149748232 -3.874886463960303 
-15.939419738952427 -7.726779260163921 
-15.937140935876908 -7.728805627721039 
-19.99963136785618 0.0011141731396651633 
-16.01098222164687 -7.633264597473957 
-18.657619279097304 -1.058669004477283 
-15.125462479248872 -9.690514703562338 
-19.99963136785618 0.0011141731396651633 
-14.515138031643154 -11.58921711855843 
-14.912259509780062 -10.558765708465064 
-19.99963136785618 0.0011141731396651633 
-16.081635283286325 -7.481451029051183 
-18.0892433172831 -3.5968630189595054 
-16.318462607561585 -6.657571006150363 
-16.35513101336566 -6.50011911855694 
-14.719781818965398 -11.198782911221686 
-18.002387678340547 -3.821567773822894 
-14.77868293517309 -11.02220806013409 
-18.055028055337704 -3.7028071139813727 
-16.41700252946344 -6.2219563419054325 
-14.854877641762705 -10.769231696677629 
-15.98865626523697 -7.6693422860742935 
-14.682862308000713 -11.295344068619642 
-18.408636683949716 -2.137283131245422 
-16.03422129626431 -7.589447547630234 
-14.46783166908611 -11.620710203486404 
-15.2429274978341 -9.190506665650998 
-17.993266096710926 -3.835902144320753 
-19.99964425214239 0.0012060155418006382 
-18.113530819439305 -3.510984856950018 
-16.155391718570556 -7.269600650538717 
-18.204038274133573 -3.131385065078648 
-19.99963136785618 0.0011141731396651633 
-14.953107379273405 -10.401453887439361 
-14.589749509255789 -11.490335654575471 
-15.052061892616281 -9.999402352235194 
-14.550531196544565 -11.549563965819477 
-16.225181353821043 -7.029391615177177 
-14.809492054936257 -10.923436191953805 
