1.795688991353799E-5 3.207667728074762E-7 -0.7870372271324141 
-1.070004978780567 -0.8162613710078448 -1.0677279263437707 
1.795688991353799E-5 3.207667728074762E-7 1.6635880778670398E-4 
-1.0765128162663355 -0.7786402093003719 -1.0713277743117713 
1.7765317677051416E-5 -1.3899056089278893E-6 -1.13050827504131 
-1.1400595797621234 -1.1254314437894197 -1.1420917588395096 
1.795688991353799E-5 3.207667728074762E-7 -0.7287338391915078 
-1.1042875581661777 -1.0508031949730339 -1.1119391972205448 
1.6610263317168422E-5 -1.831236760079158E-5 -0.7582501551280171 
-0.9825194683985576 -2.0946022269907648E-5 -0.9887322140554609 
1.8861366512628177E-5 -1.3786996183055923E-6 -1.095926097767648 
2.054844633529455E-5 -4.437660394515245E-7 -0.9534287014880495 
1.795688991353799E-5 3.207667728074762E-7 1.6635880778670398E-4 
1.7805064500977408E-5 -4.437660394515245E-7 -1.0676304136838284 
1.7541069019086335E-5 -8.847262828225423E-7 -0.9308429576986623 
1.795688991353799E-5 3.207667728074762E-7 1.6635880778670398E-4 
1.836819284407376E-5 3.253985095031654E-7 -0.8107828263347696 
1.7541847236035814E-5 -1.3790161881401582E-6 1.6635880778670398E-4 
-1.07677234532858 -2.049483948103318E-5 -1.0843251290348792 
1.795688991353799E-5 3.207667728074762E-7 1.6635880778670398E-4 
1.795688991353799E-5 3.207667728074762E-7 1.6635880778670398E-4 
-1.0700266509639675 -0.788821992501336 -1.0677279263437707 
-0.9644443257223354 -3.128458508089216E-5 -0.9715629060879394 
1.904389494331901E-5 -4.4354065850837823E-7 -0.8890039211108196 
-0.9489400222035733 -1.9860976932508295E-5 -0.9260656243556191 
-1.0731039554772113 -0.8616048368236234 -1.0729158162553138 
1.7541847236035814E-5 -1.3783109975161262E-6 -1.1385059531719686 
1.7800274074880588E-5 -8.841441707138361E-7 -1.1448786131717559 
1.795688991353799E-5 3.207667728074762E-7 1.6635880778670398E-4 
-0.9565190153499432 -3.20141203076906E-5 -0.8934625516455735 
-1.074172930084151 -1.8328257471134807E-5 -1.0720517931265627 
1.795688991353799E-5 3.207667728074762E-7 1.6635880778670398E-4 
1.7765317677051416E-5 -1.3787326768032475E-6 -1.1325433306060972 
1.7606741112176325E-5 -8.847262828225423E-7 -0.9104393203335437 
-0.9679534922801643 -1.1306863212818255E-6 -0.9814265086598917 
1.755845878061852E-5 -1.1360430688452099E-6 -0.8377029657559725 
-1.070004978780567 -0.8162613710078448 -1.0677279263437707 
1.760251332866176E-5 -1.774250158043652E-5 -1.0309239600978402 
-1.1250118120479584 -1.0912023009840177 -1.1230672388896084 
-1.0736895703690146 -0.7739953625629572 -1.0713277743117713 
-0.9565190153499432 -3.1646673579088375E-5 -0.967031517013759 
-1.0316499553848244 -1.858610493057675E-5 -1.0382821953311276 
-1.0732597012389822 -0.9149364002810414 -1.0713277743117713 
-1.088231766748245 -0.9957843646731379 -1.0915964245249783 
-1.1042875581661777 -1.0508031949730339 -1.1050348348655044 
-1.1436648180443831 -1.135514142774842 -1.1456161909745062 
-1.1188409758826539 -1.0805908573309724 -1.117735787991158 
-1.080865783778751 -0.9576144797994383 -1.0812163025859969 
-1.0024235484966029 -2.0117870523923527E-4 -0.9900998930260569 
-1.0732597012389822 -0.8706911497863847 -1.0713277743117713 
1.7606902094314887E-5 -3.0760212372963925E-5 -1.0093090300792602 
2.437365724365375E-5 -9.61752208657473E-7 -1.1074748368828298 
1.8399083519263823E-5 -6.650502839638745E-7 -0.9700048515564439 
-1.1246548653922117 -1.9705766848255484E-5 -1.1257691012691577 
-0.9458282497963559 3.2511040787896133E-6 -0.9547605451507958 
-1.0747398334887985 -0.9455125628686314 -1.0727651102990414 
-1.0183672796910737 -1.3982501528669901E-6 -1.036834200366434 
-1.058343267914183 -1.3787327563362779E-6 -1.0534021052710654 
-1.092673859537449 1.3053201597335974E-6 -1.102025124932208 
2.627493489406166E-5 -9.793149267173E-7 -1.1486609919790618 
-1.1345628253472155 -2.0171973930724575E-5 -1.1348072140863892 
-1.1358757834276374 -6.147079185218438E-7 -1.1349240658877948 
1.795688991353799E-5 3.207667728074762E-7 1.6635880778670398E-4 
-1.111210982299786 -3.220929342675635E-7 -1.1133632284920196 
1.760275052057479E-5 1.5476579162323147E-7 -0.7207062584467585 
-1.0731039554772113 -0.8941910863549478 -1.072934698402719 
1.795688991353799E-5 3.207667728074762E-7 1.6635880778670398E-4 
-1.1400595797621234 -1.1254314437894197 -1.1420917588395096 
-1.084505105492373 -0.9893844629226798 -1.0838011949571111 
1.795688991353799E-5 3.207667728074762E-7 1.6635880778670398E-4 
-1.0907083132722168 -1.8141168745214387E-5 -1.0898349070893008 
1.760275052057479E-5 -1.9860976932508295E-5 -1.0602166892718499 
-1.024104037852089 -1.3787327563362779E-6 -1.0102568635892142 
-1.0108843693610223 -3.105580407236363E-5 -1.0010265085061 
-1.1129846692041783 -1.0546626424976202 -1.1112954469712923 
1.760275052057479E-5 -2.0946022269907648E-5 -1.1141914899504126 
-1.1033513143836815 -1.0302791385514805 -1.111939679307192 
1.5579788986681748E-5 -6.449904445686567E-7 -1.0814236088024787 
-0.9825194683985576 -2.0946022269907648E-5 -0.9916320447663679 
-1.088231766748245 -1.0089757521200151 -1.0964342396849145 
-1.1188325025230939 -1.561547013681337E-5 -1.1196953963333438 
-1.112923724653836 -1.0722109327895595 -1.1125480807665376 
1.7606741112176325E-5 -8.847262828225423E-7 -0.8666077282631048 
-1.1047584073484702 -1.2549443310612359E-6 -1.1053116513594625 
-1.1476803788607015 -1.1429928845023267 -1.1456161909745062 
-1.066248333936889 -0.8422204289449489 -1.0645305706628225 
1.760275052057479E-5 -1.9860976932508295E-5 -1.119895016830772 
1.7860100227306247E-5 -2.0499304690396585E-5 1.4928709991087619E-4 
2.054844633529455E-5 -4.437660394515245E-7 -1.0452344353934893 
-1.0634978832829896 -2.1037873984260792E-5 -1.0712894222922233 
1.7765317677051416E-5 -1.3787327563362779E-6 -0.9897712180795549 
1.795688991353799E-5 3.207667728074762E-7 1.6635880778670398E-4 
-1.0867111156407396 -0.966496650612695 -1.086021087936963 
-1.127260063624868 -1.1043184859475994 -1.1245084243744803 
-1.0737080451339611 -0.9316644194334684 -1.072440118300866 
-1.1333347196681989 -1.114030670911706 -1.1370843277222245 
-1.0468644749686122 -2.1425487140121595E-5 -1.0448140707514797 
-1.090178952704149 -1.0272442282808414 -1.1022831887221276 
