2.7797674589126475 0.20359722009885034 
-3.141592653589793 1.0901869244298426 
2.7797674589126475 0.20359722009885034 
-3.141592653589793 1.0901869244298426 
0.2819547047248969 0.9963443804444058 
2.167073599695384 0.7866577200403357 
0.2862987043066903 0.7871044979105427 
2.7789821899828833 0.28698243913707777 
2.197718831070289 0.31453729194338004 
2.1699104927410575 0.5522129218182469 
2.168652158807182 0.6300317025946512 
2.1675385252381436 0.7183325355861085 
2.1977003893846256 0.31927518318711245 
2.197335354542328 0.38641808917287596 
2.1720396166928664 0.4825843210873934 
2.171920704073791 0.5367145840300444 
2.168652158807182 0.6300317025946512 
2.168633405084869 0.6810723594358622 
0.2843996026530855 0.9511541089120669 
0.2846701061916184 0.850702812501135 
0.284627791989852 0.887559793998521 
2.1967320820140084 0.4485661460944748 
2.196954656921366 0.4131330352266992 
2.1680728241662717 0.7132335485374122 
2.1685562617459806 0.6858715222557596 
2.197718831070289 0.31453729194338004 
2.7789821899828833 0.28698243913707777 
2.779030508761725 0.25750419305925276 
0.28459281669959824 0.90203480127925 
2.7796529863566932 0.23505314468317648 
0.2845705878067545 0.9215226084199458 
0.28441373682671023 0.9425909350628148 
0.2846748427108292 0.831300817581634 
0.28624400929276744 0.7937775589044928 
2.196994986238307 0.39371045958937223 
2.196954656921366 0.4131330352266992 
0.2846701114969348 0.8506876115722177 
0.28459260355156274 0.9177680397107113 
2.1966000775541303 0.4538708066495645 
2.196550718988438 0.47130523282628456 
2.7796612401480383 0.22082220867351895 
0.2862304873243483 0.8103429083905195 
0.2861602148653549 0.827209577570801 
2.7789827285915374 0.27144727967718907 
0.2846118031758426 0.8946122330508571 
2.779653762657705 0.2228858454264864 
0.28623741189459745 0.8075285941904471 
2.1706916780387417 0.5387618341089454 
2.778982346152374 0.27336155297205444 
2.1965257037390855 0.4781085716308473 
2.779052452602892 0.24649840038000598 
2.7790558294505585 0.2448782535050517 
0.2844090056128158 0.9433694776298304 
0.2843996026530855 0.9511541089120669 
0.284627791989852 0.887559793998521 
2.197335354542328 0.38641808917287596 
2.197334042038631 0.39224705050344477 
2.1967320820140084 0.4485661460944748 
2.1966000775541303 0.4538708066495645 
2.168633405084869 0.6810723594358622 
2.1977003893846256 0.31927518318711245 
2.1965503139335656 0.47343847349220075 
2.1720396166928664 0.4825843210873934 
0.2861197028353497 0.8301748463930525 
0.2845708484771206 0.9212121025638047 
0.2861596785446075 0.8272722945456444 
0.2862304873243483 0.8103429083905195 
0.28623741189459745 0.8075285941904471 
2.1706916780387417 0.5387618341089454 
2.196550718988438 0.47130523282628456 
2.1965503139335656 0.47343847349220075 
2.7796612401480383 0.22082220867351895 
2.171920704073791 0.5367145840300444 
2.778982346152374 0.27336155297205444 
2.196994986238307 0.39371045958937223 
2.197334042038631 0.39224705050344477 
2.7790558294505585 0.2448782535050517 
2.779054541733947 0.2459722406032545 
0.28441373682671023 0.9425909350628148 
2.7790526541859624 0.24640291087661012 
2.167073599695384 0.7866577200403357 
0.2862987043066903 0.7871044979105427 
2.779054541733947 0.2459722406032545 
0.2845708484771206 0.9212121025638047 
2.779052452602892 0.24649840038000598 
0.2861602148653549 0.827209577570801 
0.2846701114969348 0.8506876115722177 
2.7797674589126475 0.20359722009885034 
-3.141592653589793 1.0901869244298426 
2.197718831070289 0.31453729194338004 
2.196954656921366 0.4131330352266992 
0.2843996026530855 0.9511541089120669 
2.197335354542328 0.38641808917287596 
2.168633405084869 0.6810723594358622 
2.1965503139335656 0.47343847349220075 
2.171920704073791 0.5367145840300444 
2.778982346152374 0.27336155297205444 
-3.141592653589793 1.0901869244298426 
2.197718831070289 0.31453729194338004 
2.168633405084869 0.6810723594358622 
