2.7797674589126475 -4.675914953439346 1.769899256480306 
-3.141592653589793 -4.999999999999999 -7.333171757323059E-4 
2.7797674589126475 -4.675914953439346 1.769899256480306 
-3.141592653589793 -4.999999999999999 -7.333171757323059E-4 
0.2819547047248969 4.8023734614314675 1.4042101709306114 
2.167073599695384 -2.8248009226307524 4.1227156521490915 
0.2862987043066903 4.796851262125869 1.4120197395773317 
2.7789821899828833 -4.675915974134016 1.7731855385383841 
2.197718831070289 -2.9332740859759032 4.049196860686787 
2.1699104927410575 -2.8200788196190154 4.1227156521490915 
2.168652158807182 -2.8172488945261014 4.1244977793428514 
2.1675385252381436 -2.8151993441140784 4.119001909830234 
2.1977003893846256 -2.9331950332089978 4.049249470702813 
2.197335354542328 -2.9322458367048863 4.050286685818949 
2.1720396166928664 -2.831263143567432 4.123000172601264 
2.171920704073791 -2.8200788196190154 4.123345421046626 
2.168652158807182 -2.8172488945261014 4.1244977793428514 
2.168633405084869 -2.8200788196190154 4.122740205280287 
0.2843996026530855 4.7968646257112715 1.40449620567943 
0.2846701061916184 4.796851261715583 1.404217664709255 
0.284627791989852 4.796851261715583 1.4042101709306114 
2.1967320820140084 -2.9307702383234675 4.052253633051872 
2.196954656921366 -2.9302850334270776 4.0507415755006555 
2.1680728241662717 -2.8200788196190154 4.122747567229433 
2.1685562617459806 -2.8200788196190154 4.122740205280287 
2.197718831070289 -2.9332740859759032 4.049196860686787 
2.7789821899828833 -4.675915974134016 1.7731855385383841 
2.779030508761725 -4.675110127624215 1.7725813557497354 
0.28459281669959824 4.796851369273435 1.4042189305194948 
2.7796529863566932 -4.675915974177602 1.7700883126027598 
0.2845705878067545 4.796851257818691 1.4044957640689177 
0.28441373682671023 4.796806968788102 1.404214010471532 
0.2846748427108292 4.797518577617732 1.404217664709255 
0.28624400929276744 4.796851238637939 1.4117705662447892 
2.196994986238307 -2.930378644243468 4.050729503121419 
2.196954656921366 -2.9302850334270776 4.0507415755006555 
0.2846701114969348 4.796851261715583 1.404217664709255 
0.28459260355156274 4.796851261505172 1.4045256966641022 
2.1966000775541303 -2.930318253185249 4.052253633051872 
2.196550718988438 -2.930378644243468 4.052254053424492 
2.7796612401480383 -4.675915962867587 1.7702401480061567 
0.2862304873243483 4.796851251494186 1.411769024552887 
0.2861602148653549 4.796864519079769 1.4116580392781872 
2.7789827285915374 -4.675084203292187 1.7725893558595553 
0.2846118031758426 4.796851492620977 1.4042109746021059 
2.779653762657705 -4.675915962867587 1.7702401480061567 
0.28623741189459745 4.796851239132251 1.411784177505741 
2.1706916780387417 -2.821782516281483 4.123345421046626 
2.778982346152374 -4.675100681258814 1.7725806172071368 
2.1965257037390855 -2.930378644243468 4.052254053424492 
2.779052452602892 -4.675097627167953 1.7725806172071368 
2.7790558294505585 -4.675097627167953 1.7725806172071368 
0.2844090056128158 4.796806968788102 1.404214010471532 
0.2843996026530855 4.7968646257112715 1.40449620567943 
0.284627791989852 4.796851261715583 1.4042101709306114 
2.197335354542328 -2.9322458367048863 4.050286685818949 
2.197334042038631 -2.932328082067503 4.050286685818949 
2.1967320820140084 -2.9307702383234675 4.052253633051872 
2.1966000775541303 -2.930318253185249 4.052253633051872 
2.168633405084869 -2.8200788196190154 4.122740205280287 
2.1977003893846256 -2.9331950332089978 4.049249470702813 
2.1965503139335656 -2.930469599031472 4.052253633051872 
2.1720396166928664 -2.831263143567432 4.123000172601264 
0.2861197028353497 4.7968646257112715 1.4116100191149368 
0.2845708484771206 4.796864386704211 1.404496208713071 
0.2861596785446075 4.796864024916851 1.4116580392781872 
0.2862304873243483 4.796851251494186 1.411769024552887 
0.28623741189459745 4.796851239132251 1.411784177505741 
2.1706916780387417 -2.821782516281483 4.123345421046626 
2.196550718988438 -2.930378644243468 4.052254053424492 
2.1965503139335656 -2.930469599031472 4.052253633051872 
2.7796612401480383 -4.675915962867587 1.7702401480061567 
2.171920704073791 -2.8200788196190154 4.123345421046626 
2.778982346152374 -4.675100681258814 1.7725806172071368 
2.196994986238307 -2.930378644243468 4.050729503121419 
2.197334042038631 -2.932328082067503 4.050286685818949 
2.7790558294505585 -4.675097627167953 1.7725806172071368 
2.779054541733947 -4.675100681258814 1.7725806172071368 
0.28441373682671023 4.796806968788102 1.404214010471532 
2.7790526541859624 -4.675097627167953 1.7725806196346563 
2.167073599695384 -2.8248009226307524 4.1227156521490915 
0.2862987043066903 4.796851262125869 1.4120197395773317 
2.779054541733947 -4.675100681258814 1.7725806172071368 
0.2845708484771206 4.796864386704211 1.404496208713071 
2.779052452602892 -4.675097627167953 1.7725806172071368 
0.2861602148653549 4.796864519079769 1.4116580392781872 
0.2846701114969348 4.796851261715583 1.404217664709255 
2.7797674589126475 -4.675914953439346 1.769899256480306 
-3.141592653589793 -4.999999999999999 -7.333171757323059E-4 
2.197718831070289 -2.9332740859759032 4.049196860686787 
2.196954656921366 -2.9302850334270776 4.0507415755006555 
0.2843996026530855 4.7968646257112715 1.40449620567943 
2.197335354542328 -2.9322458367048863 4.050286685818949 
2.168633405084869 -2.8200788196190154 4.122740205280287 
2.1965503139335656 -2.930469599031472 4.052253633051872 
2.171920704073791 -2.8200788196190154 4.123345421046626 
2.778982346152374 -4.675100681258814 1.7725806172071368 
-3.141592653589793 -4.999999999999999 -7.333171757323059E-4 
2.197718831070289 -2.9332740859759032 4.049196860686787 
2.168633405084869 -2.8200788196190154 4.122740205280287 
