0.5084656155923459 4.78784454393486 
0.4068861034522479 8.3217532349542 
0.7980067327843455 1.2554663472598528 
0.5058654622427793 4.84100368993498 
0.4855602357380062 5.419770442555517 
0.4273062257242015 7.473421503891077 
0.5879920204534118 2.967860438396889 
0.7333142468395106 1.363882971511801 
0.5826965437233492 3.0159437170779966 
0.42061576087011815 7.6511717025840165 
0.41079283370550923 8.082856229619834 
0.4141651741726606 7.90726747633141 
0.8343323373812697 1.1985847768455171 
0.49086592819928443 5.2856325583330115 
0.4453232167347687 6.738028490257719 
0.6494186470880353 1.8074099232589478 
0.6263909099597506 2.2571888290915494 
0.8605769146008706 1.1620417114093136 
0.5822612386201579 3.062809943183298 
0.4439924992303086 6.7933370081666125 
0.5300791801432461 4.258043373786768 
0.48888208679627554 5.342095090926137 
0.7626034506328302 1.311302518821893 
0.39803584419692606 8.59249992532794 
0.9295716203914796 1.0824359090171243 
0.47600054942035974 5.7060643644376805 
0.6370102987568599 1.9954694951020886 
0.5760403480112454 3.2042318728501806 
0.5515620585862903 3.719444406417965 
0.9999999576941062 1.0000000423069055 
0.4591439522767199 6.270506302513456 
0.6076708863070226 2.570260951493547 
0.687991729172027 1.4535058454952927 
0.5327384273023017 4.182507034977399 
0.9683560120680916 1.0412226191008414 
0.5626179198743728 3.501122819682442 
0.46437353421191535 6.07957274976025 
0.6625775147359688 1.5686838131779883 
0.4961056378966552 5.145133341073759 
0.45349280330599656 6.478701624410258 
0.6275500096050328 2.1608380473621644 
0.5437900561249174 3.906024657105547 
0.5040030180959744 4.89943888119514 
0.47793563004096157 5.658120708963041 
0.8967150509707311 1.121108268116723 
0.651272089169 1.7490979726050961 
0.5370423406624094 4.113060972766949 
0.4119356187212268 8.026198459315344 
0.41983513264879013 7.706801536491558 
0.39058290117933697 8.945332992498614 
0.5978363570979277 2.743188189523775 
0.47058262465134826 5.902640834430284 
0.4477375124788322 6.686793271520651 
0.4641627019522983 6.162581421103874 
0.44952239735724336 6.578377596200119 
0.4819505607668479 5.590369081059612 
0.5208359659957952 4.482835234996632 
0.5783383156088322 3.1172611205928993 
0.47259179060440726 5.820420116502171 
0.5895388321513036 2.9133373167294048 
0.7106733279435621 1.4098682575857007 
0.643818302715753 1.9303096066837366 
0.6351176384194748 2.044809632271508 
0.5145327332397907 4.605443179922649 
0.3931063693896056 8.81173813960211 
0.4352165861440878 7.105599530660973 
0.43344529364907153 7.1865196166827205 
0.41818729056228787 7.751802009343159 
0.4163870796643707 7.812540168677911 
0.5227728791365325 4.393895099294195 
0.5004340150889197 5.003116605768393 
0.43922408207779584 6.954722228142718 
0.6556786262182578 1.676351237777537 
0.6481997850817686 1.8570264584917406 
0.40113168704985125 8.457079723385478 
0.4226114919121043 7.567678803825847 
0.4275160145551794 7.376088070127456 
0.4304079529978537 7.2890089079831215 
0.6110730191089744 2.494793928647423 
0.44175259275472345 6.863964950824611 
0.46582337072181657 6.027175892076026 
0.5470518883165486 3.818737989734295 
0.43734927780443006 7.040241458264436 
0.6663396193557057 1.5060350218635665 
0.6136530316391897 2.4073221724476803 
0.5711411659308206 3.2649119734692578 
0.6030964385552757 2.6157357915787642 
0.5257494306510597 4.323697800800759 
0.4679666100320523 5.959592985888188 
0.5112110772524585 4.703270085206903 
0.5171458143250919 4.5392372543223605 
0.5650807065243857 3.3889280947678 
0.49313545310927176 5.220550163928493 
0.49706001782830667 5.085030958835349 
0.45525023167602613 6.378474927933904 
0.4073976184414369 8.184303048677336 
0.5913065553548902 2.84171829243319 
0.48330039512826367 5.507767710057766 
0.5382434673744076 4.005316319080005 
0.5547718360585362 3.62477750902334 
