0.5084656155923459 1.4344543233922928 
0.4068861034522479 2.386005747661653 
0.7980067327843455 0.001870597897531745 
0.5058654622427793 1.448896569327959 
0.4855602357380062 1.6316250137331352 
0.4273062257242015 2.1934395360737824 
0.5879920204534118 0.7450782555967352 
0.7333142468395106 1.5481403141015537E-4 
0.5826965437233492 0.7573799800054993 
0.42061576087011815 2.2182034072302934 
0.41079283370550923 2.32037941499976 
0.4141651741726606 2.2749148115646127 
0.8343323373812697 1.8038415127868013E-5 
0.49086592819928443 1.5945369318664921 
0.4453232167347687 2.0006005217320846 
0.6494186470880353 0.17376570709631556 
0.6263909099597506 0.41388256460563944 
0.8605769146008706 2.6270642142383217E-5 
0.5822612386201579 0.7833555111760424 
0.4439924992303086 2.0161906763696416 
0.5300791801432461 1.2571001405912714 
0.48888208679627554 1.6116545959161095 
0.7626034506328302 3.825677097252017E-6 
0.39803584419692606 2.420122961539931 
0.9295716203914796 0.0062017019149722685 
0.47600054942035974 1.716089772500272 
0.6370102987568599 0.2711346192351819 
0.5760403480112454 0.8457668431453426 
0.5515620585862903 1.051504413601155 
0.9999999576941062 1.0099131798040686E-12 
0.4591439522767199 1.8790650465121097 
0.6076708863070226 0.5618727504344146 
0.687991729172027 3.955594442693242E-12 
0.5327384273023017 1.2281822199946724 
0.9683560120680916 0.00827418310758421 
0.5626179198743728 0.9697944380344343 
0.46437353421191535 1.82319268430462 
0.6625775147359688 0.039374622342014276 
0.4961056378966552 1.552529658236746 
0.45349280330599656 1.9380445614369217 
0.6275500096050328 0.35603393737704675 
0.5437900561249174 1.124057367512736 
0.5040030180959744 1.4693319830991147 
0.47793563004096157 1.7042174858860633 
0.8967150509707311 0.005314657787995521 
0.651272089169 0.13913869077978328 
0.5370423406624094 1.2088878921019686 
0.4119356187212268 2.3062770283174236 
0.41983513264879013 2.235586045370833 
0.39058290117933697 2.4938941122253486 
0.5978363570979277 0.6399776340589531 
0.47058262465134826 1.7776802162404275 
0.4477375124788322 1.9939281858508489 
0.4641627019522983 1.8604404434206085 
0.44952239735724336 1.9571280677650575 
0.4819505607668479 1.6942815135103282 
0.5208359659957952 1.334821820019458 
0.5783383156088322 0.802831545796598 
0.47259179060440726 1.7506827649276735 
0.5895388321513036 0.7175254793674659 
0.7106733279435621 0.00195576658042107 
0.643818302715753 0.2427686546910361 
0.6351176384194748 0.29869466466567474 
0.5145327332397907 1.3696512671461538 
0.3931063693896056 2.463950388070903 
0.4352165861440878 2.092474770241301 
0.43344529364907153 2.114963105567855 
0.41818729056228787 2.2417050792625144 
0.4163870796643707 2.2530407855963857 
0.5227728791365325 1.2970091916819264 
0.5004340150889197 1.5037297309827247 
0.43922408207779584 2.0546814867620284 
0.6556786262182578 0.09914767664525156 
0.6481997850817686 0.20372415128550414 
0.40113168704985125 2.392402656956706 
0.4226114919121043 2.1981880295964498 
0.4275160145551794 2.1533957747488945 
0.4304079529978537 2.1372474034681366 
0.6110730191089744 0.5245012580333198 
0.44175259275472345 2.0321743136043198 
0.46582337072181657 1.8075993899801261 
0.5470518883165486 1.0890478282702871 
0.43734927780443006 2.079044517340759 
0.6663396193557057 0.0035308032049308213 
0.6136530316391897 0.47726054925475925 
0.5711411659308206 0.8647256311887284 
0.6030964385552757 0.5775409401027176 
0.5257494306510597 1.2731816570782382 
0.4679666100320523 1.7888905267768918 
0.5112110772524585 1.4043637668678832 
0.5171458143250919 1.3474475463013311 
0.5650807065243857 0.9150178821517287 
0.49313545310927176 1.5744383705685607 
0.49706001782830667 1.52756557905619 
0.45525023167602613 1.9038021886816339 
0.4073976184414369 2.3342655706341384 
0.5913065553548902 0.6803266547876498 
0.48330039512826367 1.6619063105456102 
0.5382434673744076 1.155835343512921 
0.5547718360585362 1.0109244739845653 
