-14.431737069438249 -11.627150790790257 
-14.431737069438249 -11.627150790790257 
-19.999227951797984 0.00238348375421779 
-17.939156580701585 -3.8727813760066727 
-19.05274997451405 -0.03899474875551571 
-17.048487669521908 -3.873070608979094 
-15.639044783685446 -7.752163780117415 
-15.00658046480524 -10.170125395944355 
-18.693452123460307 -0.9253454400146246 
-18.208796402904248 -3.084566826951439 
-16.16075761846499 -7.2509660323989396 
-18.614184561875074 -1.2208824567199181 
-15.068691803338174 -9.90305454123921 
-16.922021833173986 -4.096991077815331 
-15.882044857123336 -7.750800200544722 
-18.268320461196815 -2.8181984210271867 
-14.518559087132541 -11.580644480856234 
-16.08939256313358 -7.452773582635433 
-15.360495216560324 -8.670262405929824 
-15.293342810059062 -8.977318784297028 
-17.994120026348995 -3.67581682686017 
-18.63345059166499 -1.0575677221955164 
-18.846225830105155 -0.41275137408363016 
-18.787435878808004 -0.6242233433217214 
-16.695413176067056 -4.878303750336047 
-15.316650946711063 -8.855535942665949 
-14.605611064588295 -11.441835564072122 
-14.871334516298482 -10.571730019041418 
-18.51118214002934 -1.649652483567623 
-15.479143613101229 -8.242466360736824 
-15.138061935153893 -9.604332307931834 
-16.451840395137378 -6.055700079682898 
-18.350632231432705 -2.412212231702444 
-18.550887151550608 -1.4799080002653449 
-18.177102001230494 -3.2469168134239608 
-15.55906047946638 -7.81263572853765 
-18.875273972194258 -0.3567006757634231 
-15.188373801827382 -9.409407919724044 
-18.05781576204226 -3.638824909469646 
-18.970603994966343 -0.17933027285631395 
-18.94907139126682 -0.22163760526048334 
-18.4123874088143 -2.1144557347749924 
-18.146728921187567 -3.3672395584249157 
-16.991520291599542 -3.9162029237733162 
-16.410769899769626 -6.247633461963666 
-18.445282245307926 -1.9467297615609043 
-16.322977539281148 -6.605658523827968 
-16.30043189161441 -6.73102035169767 
-16.3449099931015 -6.455560951842628 
-14.826630928951186 -10.86748127478359 
-15.389265999897745 -8.520267494263141 
-16.831153461553445 -4.311180484316777 
-16.475323238162368 -5.938826303806973 
-16.56514314588012 -5.514734502025816 
-16.786918473313357 -4.508584549920807 
-16.206349659331334 -7.091643518560986 
-16.523093571824106 -5.718947535638996 
-15.970456041659478 -7.693969872732594 
-16.004991407180835 -7.603767572036671 
-15.427798364586979 -8.425242940565226 
-16.568592466396765 -5.2886534494987325 
-16.049281245380218 -7.527172738976152 
-14.67870980514769 -11.274536408000632 
-18.29264479842635 -2.702083790600845 
-16.641164403099573 -5.139128161995717 
-16.49607793953465 -5.8085102694111646 
-16.728981498284607 -4.707051342365013 
-19.046150149094508 -0.04725642492130957 
-14.775878168187177 -11.015954146504484 
-18.445282245307926 -1.9467297615609043 
-16.607168167877038 -5.275050512890616 
-16.239348853263305 -6.891788974769325 
-14.924030904863475 -10.505581550811561 
-16.549843866903796 -5.588016908197805 
-18.37279430752767 -2.2979983855606494 
-14.952151479659511 -10.394489722196536 
-18.76419193139181 -0.6915224326442952 
-15.239492923006384 -9.180939248936575 
-15.548749365236077 -8.022598368716999 
-16.41430759311967 -6.231531678081361 
-15.239492923006384 -9.180939248936575 
-14.720307216092035 -11.163262469445762 
-16.21662232790476 -7.034059097789007 
-16.846832424465696 -4.2000034019220385 
-18.10594389249562 -3.5311882683063924 
-18.39180263155923 -2.210725406479046 
-14.739311647898852 -11.128628598692265 
-16.664253480031647 -5.024048045267104 
-14.801613528153757 -10.950408304740618 
-18.539937092950787 -1.4805608282084488 
-18.116434636027172 -3.494259000779948 
-15.118564282520286 -9.688710526054653 
-15.91027839333805 -7.738606576877254 
-16.728395664179278 -4.709910398285912 
-15.558464048215235 -7.990544667155534 
-16.800924363119357 -4.448902151333973 
-18.51127743215153 -1.6495411948959229 
-14.952151479659511 -10.394489722196536 
-18.31431422790053 -2.59168869401797 
-18.76419193139181 -0.6915224326442952 
