-1.1526238442970067 -1.1546022726319174 -1.1527846664261707 
-1.1526238442970067 -1.1546022726319174 -1.1527846664261707 
-2.793472511240054E-4 5.800672551843745E-5 -8.234771193507684E-5 
-5.873130622337387E-4 -5.1961429392961725E-5 -1.153147677911379 
3.136215306284754E-4 1.150985084443262E-4 -0.4972135653327218 
-1.1258380954294351 -3.908389856685523E-5 -0.49100666422576156 
-1.091700462294626 -0.580519058097191 -1.0766387496099559 
-1.0627138353610004 -0.9452060324822238 -1.0998887041211023 
3.346851356474554E-4 -1.2720462781872616E-4 -0.6996630668438655 
-0.9847199982925312 0.0016554930188893758 -6.650493158191217E-4 
-1.0724159489336458 5.397347563394165E-5 -1.0590563645471633 
-2.65560696220392E-4 5.7549500019315585E-5 -0.7455589813114548 
-1.0920613304177902 -0.895913234453074 -1.0998887041211023 
-1.0594260381139664 -5.1961429392961725E-5 -0.6213315573016248 
-1.152635407276749 1.1872179345790609E-4 -1.1527951486195893 
-5.947037989071343E-4 -5.445991379391957E-5 -0.95004629188237 
-1.1483442083915913 -1.1183360004671112 -1.1444250813798198 
-1.1005545118744 1.5601439324767629E-4 -1.0751982697536557 
-1.1019681404351955 -0.7667729390637104 -1.046009007007721 
-1.0660057208821783 -0.8194073788920383 -1.0585059464597801 
4.8948549806637764E-5 -0.025451767774605543 -1.0874394343987093 
-5.793872323230282E-4 -0.008811595319207218 -0.7244416424223248 
-5.873130622337387E-4 0.006311409183158085 -0.6057823074590494 
3.340335311375647E-4 5.6915059174005234E-5 -0.6459250844835861 
-0.975271531822744 -5.7666568119328416E-5 -0.8317409995196139 
-1.101626963815241 -0.7656191232427325 -1.0831020851912663 
-1.1342521076306475 -1.0819016193231747 -1.1456667844323634 
-1.0369211671347187 -1.047427214890619 -1.0584545794555398 
6.46120136730266E-4 -5.945937332684027E-5 -0.805258995963981 
-1.0642127488598974 -0.6859958455013153 -1.0998887041211023 
-1.1046460139583676 -0.8635769759742491 -1.0803379047292199 
-0.9588892802968985 -5.4477700061185264E-5 -0.9941220286285116 
-5.848878093046147E-4 -1.5471546604112007E-4 -0.9005147847021009 
2.756154801267751E-4 -1.6593772783240072E-4 -0.7823740503057256 
3.346851356474554E-4 -1.2720462781872616E-4 -1.0057985843168866 
-0.9894024274547697 -0.7251620402732043 -1.060061841554661 
-0.5919064164885501 7.422497223181304E-4 -0.004083778058240228 
-1.091282396342961 -0.8472435764625258 -1.0771933634678634 
-1.0724159489336458 0.001574777149921941 -0.0056719797063268795 
-5.222795492951707E-4 5.57960001915822E-5 -0.5425749578890162 
-5.222795492951707E-4 -1.1600675886303071E-4 -0.554578825601195 
2.768594606169981E-4 -1.1600675886303071E-4 -0.8640420928934692 
-1.02361970924991 7.422497223181304E-4 -6.650493158191217E-4 
-1.1545543206662225 1.150985084443262E-4 -0.4972135653327218 
-0.9847199982925312 7.527016334956971E-4 -0.9932275782864244 
-0.8437054619588513 7.422515541900903E-4 -6.650493158191217E-4 
-0.9933389225105894 -0.008019614875061143 -1.0382836631618666 
-1.0232065651225997 7.422497223181304E-4 -1.0221996436098353 
-1.0715391075181364 5.692880319753544E-5 -0.9473889336049188 
-1.1011807936287896 -1.0179109527141104 -1.09287839081018 
-1.124208981531255 -0.7251620402732043 -1.058374329801404 
-1.1258380954294351 -3.908389856685523E-5 -0.6123470807685594 
-0.9988082238510186 -1.4905885165834192E-5 -0.9400501349674886 
-0.944266717512283 -1.4905885165834192E-5 -0.9400501349674886 
-0.7132861836776708 9.462940117563112E-4 -1.0434869164140048 
-1.059817015335434 9.943034889883695E-4 -1.0434869164140048 
-0.9623548697063857 5.699766801987718E-5 -0.9473889336049188 
-1.1241999251103028 5.768117111835918E-5 -1.1257177430036756 
-1.09180722027489 -0.002817247830707914 -1.1366023528690437 
-1.0628051360810018 -0.7162979187491352 -1.1016091347023125 
-1.0925185324111115 -0.012137727183651692 -0.7940091570800898 
-1.123130298165763 4.043356466269521E-4 -1.0776550248529826 
-1.10263123452673 -1.0636415321176977 -1.1430139780137127 
3.334454346665022E-4 -1.2720462781872616E-4 -0.9356503616532932 
-0.8912970217744803 5.699766801987718E-5 -0.9473889336049188 
-1.0232065651225997 7.422497223181304E-4 -0.9036042938608009 
-0.9054251672243359 -1.715717838889774E-5 -0.8805022816457339 
6.432358774902473E-4 -5.945937332684027E-5 -0.5005151201554623 
-1.1247785846136404 -1.0303258941604043 -1.092953300990504 
-0.8437054619588513 7.422515541900903E-4 -6.650493158191217E-4 
-1.0213062613934651 6.89583400781728E-5 -0.8393279872262394 
-1.0919122345206982 -6.203402732272862E-5 -0.9915418130598055 
-1.1035149621739881 -0.9746271110580298 -1.080764810169292 
-0.9586658293523342 -1.2720462781872616E-4 -0.9349184085210099 
-5.796749924927202E-4 7.00839833217614E-4 -0.8869007586672605 
-1.0646582597372116 -0.9818582100830957 -1.0811943921119394 
-5.873130622337387E-4 -5.898303099661298E-5 -0.6588804411160114 
-1.0357317529713554 -0.8608847674345912 -1.0678534651775162 
-1.083824884269744 -0.6314495758171668 -1.0940156468465267 
-0.9847199982925312 7.527016334956971E-4 -0.991070493050822 
-1.0357317529713554 -0.8608847674345912 -1.0678534651775162 
-1.1046357295994174 -1.0747301728348317 -1.0803379047292199 
-1.0213062613934651 6.89583400781728E-5 -1.0757970731767732 
-0.7630366823698485 -5.827698372934398E-5 -0.9544921729642072 
-6.702567953870142E-4 -1.8083212945867817E-5 -1.0491103847547971 
-5.848186868379374E-4 -5.445991379391957E-5 -0.8759488845284409 
-1.1247785846136404 -1.048441022498161 -1.092953300990504 
-0.9839665403750412 -6.338077939066058E-5 -0.8417088680848737 
-1.101028895974684 -1.0303258941604043 -1.092953300990504 
2.756154801267751E-4 -0.004315922916963144 -0.7840860230869124 
2.756154801267751E-4 -3.246673457833955E-4 -1.0429458850248214 
-1.1046460139583676 -0.8739301241621926 -1.0803379047292199 
-1.1348901925944581 -1.572674467210624E-4 -1.1527951486195893 
-0.9054251672243359 -1.8083212945867817E-5 -0.8808516143437278 
-1.0929603530080083 -0.6314495758171668 -1.0776550248529826 
-1.0232065651225997 7.422497223181304E-4 -0.7242446968154227 
-5.892152879107947E-4 -1.1940621930853858E-4 -0.805258995963981 
-1.0646582597372116 -0.9818582100830957 -1.0811943921119394 
-0.9222325047889498 4.315773688727412E-6 -6.650493158191217E-4 
-5.873130622337387E-4 -5.898303099661298E-5 -0.6588804411160114 
