0.19546809839010082 0.5877584423100533 
0.0800220304057612 0.6722889341131884 
0.24334972349433415 0.27145653369267847 
0.0016560049751337957 0.9629343095306747 
0.6427334885894804 -0.42544104003918715 
0.6395358394675664 -0.403489036964578 
0.44146126532727825 -0.086862169542072 
0.8371056833470119 -0.6825009177072316 
0.4324540816288267 -0.022119918665666292 
0.41876387454809905 0.12211194050937617 
0.8401857097969613 -0.7156321443009325 
0.6198255078840454 -0.146356055354836 
8.671222416554818E-7 1.0030944422307813 
0.8245971250506071 -0.4817942722305494 
0.4177790502613954 0.13464510319150333 
0.22040060811760218 0.40074197668665823 
0.18241206081913452 0.6716991145964951 
0.4362143740439112 -0.05368140754295726 
0.43042670124233995 -0.00590119081331111 
0.6467188769088448 -0.4447697888307601 
0.19182809571735004 0.6142706888567102 
0.6185214637146805 -0.12348461228729564 
0.06363306665434448 0.6924318458938921 
0.018143657772591616 0.8595409650322358 
0.0336480600983868 0.7908828125597057 
0.4118332369816963 0.21025459264825383 
0.8264622959497433 -0.5171152180152276 
0.8323196327666094 -0.6172540232678386 
0.23453284533780178 0.3163506321704247 
0.413247049637457 0.19176722787905243 
0.19179283237276304 0.6233618531263315 
0.8469245987728002 -0.7620758235810344 
0.43771230648602377 -0.0639852492095181 
0.05400123159686415 0.7170567924235293 
0.2038623209319222 0.5442960801993321 
0.2240575750186731 0.37557110210837863 
0.6381125696433848 -0.38794877777915593 
0.8254440728318911 -0.498399700594684 
0.42670134475167265 0.030998388880983524 
0.24691607938201027 0.259846328926013 
0.6270166621464321 -0.2573772509632273 
0.021421383217034407 0.8439749237678332 
0.8273229059027849 -0.5337648809192179 
0.19965558701858888 0.5632702080458399 
0.007354364242003919 0.9151732516874412 
0.0035929531764506695 0.9425199452505132 
0.42438601360954725 0.056986020605755236 
0.6350287073569514 -0.36118852578241145 
0.8282213471662487 -0.5490126250694644 
0.41989812371751256 0.10842464236442512 
0.8524183311953957 -0.771688971255443 
0.629825816982586 -0.2990567090181723 
4.359464888384623E-4 0.9816042453028491 
0.4159316750258943 0.15913205358667187 
0.8385525610893401 -0.698892920706305 
0.40948129500630825 0.24203948371391393 
0.6230267593166029 -0.1957346221089402 
0.024952761262244914 0.8266215791972122 
0.029068308760156186 0.8093397869698926 
0.6259830110490329 -0.24449203641506717 
0.20591102522521182 0.5105302663044547 
0.22767041680512787 0.35842976845425073 
0.6206756310214846 -0.16021210830455837 
0.6241545625583849 -0.21734516763568734 
0.23837667815022917 0.29231624104548903 
0.4211383390030891 0.0931536016464128 
0.23076018891436684 0.33311855997534384 
0.4532959667119383 -0.12217521452399618 
0.8343440131882729 -0.6460949609819662 
0.43431409446760244 -0.036463501055430086 
0.2584434395635211 0.2449129564873007 
0.1877643507221289 0.6388973474070809 
0.6532782174850065 -0.45623441602796544 
0.631390875759134 -0.3192742973753238 
0.4289576559804197 0.009147660979625766 
0.8444412972682913 -0.7478998853869621 
0.4224688449015902 0.07798184425472832 
0.8233994926523086 -0.4581581888839101 
0.8291063607292483 -0.5654786118809499 
0.621788984167072 -0.17871816781388217 
0.8331297333854681 -0.6297607669186028 
0.4145473837883975 0.17514935245000446 
0.19721637763040276 0.575418505239532 
0.21706301207775347 0.4256534860381951 
0.1929982879475744 0.6053619713161915 
0.20923526830198164 0.48530287238410763 
0.8356364133029996 -0.6634987545677706 
0.21430894134962847 0.4460214124340872 
0.01099436089529085 0.8963683132159255 
0.6281790110241614 -0.2768927155877448 
0.8310274874922542 -0.5976800711971456 
0.8421352268527782 -0.7322268760108546 
0.014009202294832126 0.8798370068762643 
0.44520514093812324 -0.10528472280559781 
0.03780557612049862 0.7738651543254259 
0.21188557455114526 0.4653457841849267 
0.0475147735470427 0.7379423516335911 
0.04210463328910896 0.7573211507182487 
0.6329236457926777 -0.33816385093304324 
0.8301850293262888 -0.583427768582809 
