-18.246210976610087 -2.926749514365446 
-15.609333411692251 -7.842541414110717 
-18.631407364253967 -1.1439691137554373 
-16.577748958363706 -5.426648485922061 
-16.396223037608483 -6.311355082533071 
-18.07203407516314 -3.6473199994665864 
-16.514898418393898 -5.747210273135158 
-16.09155705528199 -7.432180168547211 
-15.577186015345227 -7.930564772246096 
-15.420468111009708 -8.452454947977728 
-14.865504074689389 -10.726840791097121 
-17.940496465661823 -3.8728204289506163 
-18.99397758002691 -0.12707082982279067 
-16.69790633214258 -4.864231215664834 
-18.572867307787686 -1.3819622310947517 
-16.188927424721204 -7.149905977480613 
-15.117499264477514 -9.716294029957655 
-14.929991020282593 -10.490972803434246 
-18.719264415082172 -0.8227586165897346 
-15.266799380938753 -9.084816781803333 
-14.78664373016427 -10.911355644105399 
-14.7760024977742 -11.030714713797886 
-18.143289987933827 -3.379659196397401 
-16.2712436053285 -6.850405225557893 
-15.195903620553665 -9.379881805552154 
-18.344471815356634 -2.4448596941364924 
-18.422141233785812 -2.0507206957332222 
-15.88056514296046 -7.750608472202566 
-16.429594696971037 -6.061522646152272 
-16.67292215497811 -4.9830155015907565 
-18.613383304223767 -1.2216898708170376 
-19.052200317762587 -0.014916206946184018 
-16.2139898470654 -7.044807499678216 
-16.13980567927196 -7.30839751897429 
-15.972878194210471 -7.690742587407536 
-15.537152302510727 -8.060086577966313 
-14.821760692330436 -10.819929335055615 
-18.654210063338233 -1.0626860883399734 
-16.479730919148068 -5.92065617791076 
-16.722852633661866 -4.733354232367976 
-18.918114272129273 -0.2786830740997355 
-18.683344547202626 -0.9541792538307815 
-16.372394369292742 -6.409498770037709 
-15.345880636323848 -8.74087620583513 
-15.042620898525707 -9.965169060683461 
-14.691413653652937 -11.26514706261571 
-14.727867246888126 -11.169848045258773 
-16.064286590408997 -7.506753324335384 
-15.22641445634548 -9.237813596431828 
-15.293121773678608 -8.869932641725857 
-15.007818428181361 -10.182445705846641 
-15.028935941075336 -10.063752791546946 
-15.144119362702321 -9.601675624876194 
-16.4183271562286 -6.194696834316714 
-16.64056932213722 -5.13337015977115 
-15.288011958331005 -8.989939674347161 
-16.92656218008591 -4.102571254322392 
-16.759815401506188 -4.607092595593418 
-18.27190536501986 -2.805233133759348 
-16.017375947809153 -7.601095942199137 
-16.296432348716266 -6.742503706660447 
-18.450516285997963 -1.932254288217355 
-18.317607533348742 -2.577179797342277 
-14.962814097144125 -10.343097525493786 
-16.880526816409578 -4.2217530578093365 
-18.77514526909787 -0.6590473877318829 
-16.324253702848985 -6.625677098516229 
-15.498740288272728 -8.185748956163776 
-15.38414941897809 -8.571026679964223 
-18.36932543035808 -2.3209128933628533 
-18.290695809607293 -2.697548002985075 
-18.025739339665627 -3.7564453271076106 
-15.636236105200297 -7.757507107655918 
-16.343417915623487 -6.518566539647299 
-18.105741195040807 -3.5272567895875384 
-16.836214810398573 -4.347481601855573 
-14.895933878252615 -10.614488911123898 
-16.97839205223207 -3.987464900072186 
-18.511528966411156 -1.6529742759866528 
-16.54696337227212 -5.5982094795165285 
-18.198880764006226 -3.1331729284882686 
-16.232891696153708 -6.957055858640617 
-14.64635640411122 -11.369057976207195 
-18.86878722027177 -0.40269682446604377 
-18.814477281973716 -0.5360204162090924 
-16.800659071131893 -4.461165665182753 
-18.540172652293883 -1.5206002656555546 
-18.398063304415295 -2.1724389087767126 
-15.077421248559824 -9.875162483193657 
-15.167620233390178 -9.490891707209876 
-18.22453984428057 -3.0142343035722687 
-15.457617449636356 -8.319504343102787 
-18.478658405941022 -1.790402795814057 
-16.6124814995493 -5.276875994619321 
-19.99777562419191 0.005699508280366491 
-15.09924077484901 -9.792587779623645 
-14.559407590816937 -11.508378853969866 
-17.046183075459847 -3.875646181501478 
-18.1731931606715 -3.258217873905576 
-14.449255304517441 -11.625316772169928 
