0.5280741343801769 1.2862516575082705 
0.6367554337723267 0.2740079719038611 
0.6415055613244206 0.2304606509667182 
0.5165385449378574 1.357338365811159 
0.4600834073012545 1.8801981803688772 
0.43574229929113406 2.0916821976176503 
0.4529769961886685 1.9278339585369986 
0.8411306521232331 0.027045180625347026 
0.672150275997652 0.001916711853124059 
0.9245382648521243 0.0011005675256880176 
0.5902943567021436 0.7063219646422082 
0.5821995411819395 0.7725644866153873 
0.6621784870710787 0.07995288198873163 
0.7708451508921538 6.343954564942828E-4 
0.4547381224181857 1.9139893205823961 
0.40344406612964273 2.3797649931235267 
0.8044052299845886 1.0109913277389637E-4 
0.5552209942900744 1.013003863870622 
0.5157431250274379 1.383452732551754 
0.5692356269814544 0.9333133455529405 
0.4624575856998572 1.8440837692521237 
0.7192954144343129 1.0820253998719885E-5 
0.4380697551091093 2.0575928680438262 
0.6178523108705555 0.5095246196382192 
0.42092651623175537 2.2435782077345587 
0.8441109730397248 3.0641504114845204E-4 
0.42270281208657323 2.20370290317525 
0.4840419317856641 1.646702176008257 
0.4735778530229224 1.7505707764443759 
0.4943529716033885 1.5703745255423107 
0.7424294585950999 7.900739772162779E-5 
0.6982781136128893 1.0109913277389637E-4 
0.4338124885627157 2.10064658568095 
0.9632501568862356 6.14127038610401E-9 
0.633481463279178 0.34853910695497103 
0.4051904006285046 2.3553478816531177 
0.3926359243325955 2.4835651630145144 
0.8869282775461063 3.0560083929354054E-4 
0.5431615638939497 1.140162415401971 
0.47692677324063265 1.7333374644836923 
0.4504031809712675 1.9545197063909825 
0.5404955576519558 1.1880844382329858 
0.4323321163549052 2.1291222298871744 
0.523346886735295 1.296425113069314 
0.9999999999997431 3.200857479566987E-8 
0.5352482031138703 1.2239655630347799 
0.5932411702501499 0.6690232783931699 
0.48699837625017445 1.6325147351615437 
0.46715156960722143 1.8030237721623097 
0.6073560593734308 0.5344812125147316 
0.528987306343124 1.2445312784171751 
0.4248132557392198 2.1817592188551753 
0.48959742926974825 1.5945669538732865 
0.39397030688921386 2.4618095978645704 
0.5062321812066773 1.4455827930886898 
0.43968692527977293 2.0504108904702 
0.39660946537880915 2.4618095978645704 
0.4006881079995563 2.396976593959726 
0.44738381081792533 2.0176175638458305 
0.5526551760310062 1.066215388941363 
0.571176469362699 0.8602036218498131 
0.4686404287306318 1.7868461717506445 
0.3969337100767191 2.4301133454331403 
0.5591388479545544 0.968720082432515 
0.6637823163920553 0.02890381767546818 
0.47993180739852376 1.6847872819729313 
0.6051253079962234 0.5808727828286548 
0.44880167326741965 1.9875780353058732 
0.6533362063198209 0.1212614682231653 
0.4308900480691915 2.1494136458793864 
0.42809947655132286 2.155579712453603 
0.4621252143075592 1.8720007515414205 
0.40687988461490165 2.3417222659548464 
0.5122366252289527 1.3910610256320703 
0.4705144765032818 1.7676687921149692 
0.5991609460358681 0.6115249671471408 
0.6195333710585257 0.4244015759219758 
0.39042265579362134 2.494435882558259 
0.44103551546007247 2.0360478806187188 
0.5043440403208241 1.4749892597051273 
0.3999022886984174 2.4167483185266216 
0.644453413825638 0.2104390108778179 
0.6227877878510958 0.39820197096627813 
0.6506124293099336 0.1542850179911348 
0.5001162188261266 1.4990793299601548 
0.5844867390106975 0.740794646208222 
0.4646189501586252 1.8211584524961788 
0.4424846726136727 2.019438889586766 
0.6467840742161721 0.18055006962849549 
0.4175475844823947 2.2435782077345587 
0.4114308552051924 2.3018702447492916 
0.41302579893312535 2.2836391676472076 
0.45719737519903186 1.8874266147817371 
0.4087035170406433 2.3225110825289152 
0.4965262169829769 1.5325081583722757 
0.5463036692628672 1.0832877390060909 
0.5212222217800202 1.3329702033374262 
0.5760938708920336 0.8153689577411465 
0.5081127915062481 1.4270563346075607 
0.42581383547349216 2.168276200773142 
