1.9780309825677305 0.4067805744692335 
-3.1412437944392018 1.0542983569915692 
-3.1319303613275977 1.0105401321966727 
-3.13193036132814 1.0105401685046873 
0.9408660193679557 0.6995686877138362 
0.9408660193679557 0.6995686877138362 
-3.131930361327609 1.0105401329330896 
0.9408660193679557 0.6995686877138362 
0.9408660193679557 0.6995686877138362 
0.9408660193679557 0.6995686877138362 
0.9408660193679557 0.6995686877138362 
0.9408660193679557 0.6995686877138362 
0.9408660193679557 0.6995686877138362 
0.9408660193679557 0.6995686877138362 
0.9408660193679557 0.6995686877138362 
-3.1319303613275977 1.0105401321966727 
0.9408660193679557 0.6995686877138362 
0.9408660193679557 0.6995686877138362 
0.9408660193679557 0.6995686877138362 
0.9408660193679557 0.6995686877138362 
-3.131930361328131 1.0105401677896402 
-3.131930361328177 1.0105402192691149 
-3.131930361327609 1.0105401329330896 
-3.1319303613278793 1.0105401565173593 
-3.131930361328139 1.010540168436087 
0.9408660193679557 0.6995686877138362 
0.9408660193679557 0.6995686877138362 
0.9408660193679557 0.6995686877138362 
0.9408660193679557 0.6995686877138362 
0.9408660193679557 0.6995686877138362 
-3.131930361328132 1.0105401678485602 
-3.13193036132814 1.0105401685046873 
-3.1319303613281733 1.0105401706752757 
-3.131930361328132 1.0105401678485602 
-3.13193036132814 1.0105401685046873 
-3.1412437944392018 1.0542983569915692 
0.9408660193679557 0.6995686877138362 
-3.1319303613283895 1.0105402264737329 
-3.1412437944392018 1.0542983569915692 
0.9408660193679557 0.6995686877138362 
0.9408660193679557 0.6995686877138362 
0.9408660193679557 0.6995686877138362 
0.9408660193679557 0.6995686877138362 
0.9408660193679557 0.6995686877138362 
0.9408660193679557 0.6995686877138362 
-3.131930361328177 1.0105402192691149 
-3.1412437944392018 1.0542983569915692 
-3.1412437944392018 1.0542983569915692 
-3.1412437944392018 1.0542983569915692 
-3.1412437944392018 1.0542983569915692 
