1.9780309825677305 -1.98037227337205 4.591199185025684 
-3.1412437944392018 -4.999999917296436 -0.0018566064077876025 
-3.1319303613275977 -4.99976643295954 -0.04831083551670922 
-3.13193036132814 -4.999766432959536 -0.04831083551670922 
0.9408660193679557 2.944634553838071 4.040319413264835 
0.9408660193679557 2.944634553838071 4.040319413264835 
-3.131930361327609 -4.99976643295954 -0.04831083551670922 
0.9408660193679557 2.944634553838071 4.040319413264835 
0.9408660193679557 2.944634553838071 4.040319413264835 
0.9408660193679557 2.944634553838071 4.040319413264835 
0.9408660193679557 2.944634553838071 4.040319413264835 
0.9408660193679557 2.944634553838071 4.040319413264835 
0.9408660193679557 2.944634553838071 4.040319413264835 
0.9408660193679557 2.944634553838071 4.040319413264835 
0.9408660193679557 2.944634553838071 4.040319413264835 
-3.1319303613275977 -4.99976643295954 -0.04831083551670922 
0.9408660193679557 2.944634553838071 4.040319413264835 
0.9408660193679557 2.944634553838071 4.040319413264835 
0.9408660193679557 2.944634553838071 4.040319413264835 
0.9408660193679557 2.944634553838071 4.040319413264835 
-3.131930361328131 -4.999766432959547 -0.04831083551670922 
-3.131930361328177 -4.99976643295516 -0.048310835516755475 
-3.131930361327609 -4.99976643295954 -0.04831083551670922 
-3.1319303613278793 -4.999766432959036 -0.04831083551670922 
-3.131930361328139 -4.999766432959536 -0.04831083551670922 
0.9408660193679557 2.944634553838071 4.040319413264835 
0.9408660193679557 2.944634553838071 4.040319413264835 
0.9408660193679557 2.944634553838071 4.040319413264835 
0.9408660193679557 2.944634553838071 4.040319413264835 
0.9408660193679557 2.944634553838071 4.040319413264835 
-3.131930361328132 -4.999766432959547 -0.04831083551670922 
-3.13193036132814 -4.999766432959536 -0.04831083551670922 
-3.1319303613281733 -4.99976643295954 -0.04831083551670922 
-3.131930361328132 -4.999766432959547 -0.04831083551670922 
-3.13193036132814 -4.999766432959536 -0.04831083551670922 
-3.1412437944392018 -4.999999917296436 -0.0018566064077876025 
0.9408660193679557 2.944634553838071 4.040319413264835 
-3.1319303613283895 -4.999766432955748 -0.04831083551670922 
-3.1412437944392018 -4.999999917296436 -0.0018566064077876025 
0.9408660193679557 2.944634553838071 4.040319413264835 
0.9408660193679557 2.944634553838071 4.040319413264835 
0.9408660193679557 2.944634553838071 4.040319413264835 
0.9408660193679557 2.944634553838071 4.040319413264835 
0.9408660193679557 2.944634553838071 4.040319413264835 
0.9408660193679557 2.944634553838071 4.040319413264835 
-3.131930361328177 -4.99976643295516 -0.048310835516755475 
-3.1412437944392018 -4.999999917296436 -0.0018566064077876025 
-3.1412437944392018 -4.999999917296436 -0.0018566064077876025 
-3.1412437944392018 -4.999999917296436 -0.0018566064077876025 
-3.1412437944392018 -4.999999917296436 -0.0018566064077876025 
