-19.997171316131865 0.006417143594208109 
-19.997171316131865 0.006417143594208109 
-14.434836896164297 -11.62727629735174 
-19.081042212513104 0.0011944664466279978 
-17.039607114571375 -3.873606356128198 
-17.940069202412573 -3.8729884282946228 
-18.91471069702547 -0.28893584232244796 
-15.633522590975518 -7.763044561534592 
-15.344631635558642 -8.724296877909483 
-15.88126888835998 -7.75018210451004 
-16.490057726706617 -5.874893025700027 
-16.4486949632621 -6.057880655981059 
-16.18339318600841 -7.119143534337353 
-18.99795342634894 -0.10659889332359228 
-18.261678422348396 -2.8366706259963097 
-15.119753606065998 -9.596195192783664 
-18.21784396948894 -3.034071852547106 
-15.030802475894468 -9.950050661988877 
-16.743356148170655 -4.522988582253632 
-15.280709049840455 -8.98660931931379 
-14.947147554289511 -10.37176667930973 
-16.70979910137484 -4.759480062756147 
-15.160480373591923 -9.49358590214229 
-18.016668913256023 -3.7900188394783423 
-18.822059989954276 -0.5227182008660225 
-15.391127392920554 -8.555187030283538 
-16.107976079514067 -7.352051042727829 
-18.294710858657332 -2.650390764739154 
-18.702413471228155 -0.8942678631835985 
-18.42717358317215 -2.0019588085199307 
-18.384199325972837 -2.240414836154274 
-18.50230366496232 -1.6951921621265402 
-14.659889685407009 -11.314027162635067 
-16.40144793667484 -6.2755248023278245 
-14.774858498745795 -11.012937405969378 
-18.72889565911636 -0.7127033686825067 
-15.004677981687742 -10.161853617160007 
-16.308676591711354 -6.689110094594286 
-16.53742990499874 -5.6488353549875825 
-18.514074073676788 -1.6404744177468225 
-18.771474648542412 -0.6418785983910811 
-15.591118866041317 -7.89269305104655 
-16.071185431366995 -7.451385278158474 
-18.446060370707816 -1.9125093010217735 
-16.667067720686834 -5.011296169031672 
-15.992910199839773 -7.6415634223188285 
-14.592892150748312 -11.432017907840784 
-15.558940518340252 -7.986341271694708 
-14.72722374662218 -11.13089140916293 
-18.564719959596836 -1.417301009054933 
-15.515450096669387 -8.089049975475893 
-18.33561987349775 -2.376827371894442 
-15.07548153113801 -9.819465871230904 
-16.697456992555114 -4.863271581897751 
-14.528659909357234 -11.55080631168395 
-16.025309531790864 -7.591659285656668 
-18.06842988147645 -3.6376320195969756 
-18.5610656963814 -1.432681834034435 
-14.69751322601213 -11.239095998862897 
-16.609438070654782 -5.274580786001009 
-15.203994776374948 -9.337959107027308 
-16.379747686661027 -6.322788514359001 
-14.839012776770804 -10.77546885175213 
-16.813916650671814 -4.419617391570489 
-18.187807906810278 -3.1620669403537787 
-16.543123692920474 -5.594181799502731 
-18.656479243409265 -1.0589596426207866 
-16.25575099248831 -6.8142032248575415 
-18.61811566564688 -1.2048732894453646 
-18.116275140397825 -3.4860384023571394 
-16.905245399083775 -4.132394030550681 
-16.64400441713078 -5.124175574991611 
-18.156753023882395 -3.2128937243331865 
-16.86408557640155 -4.267726296382759 
-19.0516646993187 -0.02580813459547751 
-14.902727334974792 -10.55575528163606 
-16.226441814655693 -6.949784919392959 
-15.211408697867553 -9.281944026509468 
-15.491624734245466 -8.189464600273446 
-16.33656949990936 -6.49159718817048 
-18.669696113264653 -1.0098372424301845 
-16.2225251966174 -7.02404684592603 
-18.61811566564688 -1.2048732894453646 
-16.85074727122575 -4.3004457766448745 
-16.342147609321586 -6.467057574442016 
-14.551080738382453 -11.447563661693527 
-18.08562074531242 -3.604181166286786 
-16.786563825379837 -4.4762274853358655 
-18.14769905797925 -3.3615291386372075 
-15.44570261916294 -8.310453313703961 
-15.88126888835998 -7.75018210451004 
-17.96131066652572 -3.8451304709218475 
-18.37285446608037 -2.3057108852750487 
-16.2870548037586 -6.780944312591811 
-16.577856359428534 -5.427253678287513 
-18.323731491849777 -2.5444182804113264 
-16.577856359428534 -5.427253678287513 
-18.82201808133498 -0.5256216251759724 
-15.066992714225321 -9.827163184378275 
-16.62490962688203 -5.206577730147982 
