-0.0010966180264864941 2.5581901070303363E-4 1.3319222956809096E-4 
-0.0010966180264864941 2.5581901070303363E-4 1.3319222956809096E-4 
-1.1532192119976978 -1.1527080638649885 -1.1529419173234354 
1.2400750034519473E-4 1.4465472996692537E-4 -0.48177080185139437 
-0.5259307898644745 1.5203758908158922E-4 -1.0920004621395563 
-1.1528383281923809 2.557992372228794E-4 -2.795154858749038E-4 
-0.0011825571044071339 2.5695337087607354E-4 -0.5730542812882788 
-1.093863124322525 -0.58649842518071 -1.0720450481056005 
-1.055422043972518 -0.7625461434461567 -1.1112211393161229 
-1.1528383281923809 2.557992372228794E-4 -1.1530807791808937 
-0.9811239290670974 2.2996720809713954E-4 -0.9486750253677418 
-1.0111913247779785 2.5901994113847453E-4 -0.9438963656590741 
-1.0564335003990921 0.026659642007046125 -1.0603625449089167 
-0.003828483847937953 2.5681236529476306E-4 -0.5236786815603054 
-0.9528497654678986 2.553601653996015E-4 0.0015802184635066996 
-1.0552786221900647 -0.9469951289055762 -1.0030854616745755 
0.0024961170080307626 4.1600424046250444E-4 -0.9783083537763955 
-1.1229261110063795 -0.9468695206247448 -1.0145846643580352 
-0.8258407606709433 -0.055961553694363904 -0.9486750253677418 
-1.1092290717482416 -0.7797329715205201 -1.08432080377641 
-1.0645695923121858 -1.0020728432408288 -1.048188040732562 
-0.8039296579936787 -0.02421351607775102 -0.9945968802660583 
-1.055422043972518 -0.8631487641570756 -1.1112211393161229 
-1.1046542159296795 2.57342941645755E-4 -4.5895409787771735E-4 
-0.6259475659762476 2.576140608439145E-4 -5.621474684714132E-4 
-1.0963612013231723 -0.7129571043613168 -1.1009277945354963 
-1.0915657628414805 0.025165638623493858 -1.0720450481056005 
-0.9305372376431158 2.57342941645755E-4 -0.0035584651644496867 
2.1489557082715214E-4 2.749143168771746E-4 -0.6945224848931106 
-0.8513879799060359 2.5658870569154505E-4 -0.0035584651644496867 
-0.0011087025854635282 1.5481989783879E-4 -0.8798460676972752 
1.2400750034519473E-4 1.4465472996692537E-4 -0.8110156346191333 
-1.0959001260940544 -1.0980295911386126 -1.1008279198108128 
-0.9611727165892834 2.55223367545476E-4 -1.0226426823034647 
-1.0779857744753931 -1.0424995081963315 -1.1177793660340782 
0.010813338286582153 2.5581901070303363E-4 -0.667368348100468 
-1.055422043972518 -0.9461749748081122 -1.1070891263291351 
-1.0010340171960603 2.148696907959477E-4 -1.0393895057854985 
-0.9528497654678986 2.553601653996015E-4 -0.9482110685117819 
-0.8039296579936787 3.1032977709325506E-4 1.2497675719867182E-4 
-0.6513317338467657 3.084446717006315E-4 -0.0035584651644496867 
-1.0958816190539828 -0.5862739345929344 -1.101108573592858 
-1.1258088250082003 2.552741101126495E-4 -1.0614415690364791 
-0.8402040240358197 2.57342941645755E-4 -0.0035584651644496867 
-0.9528497654678986 2.55358964536542E-4 -0.8704644643080106 
-1.1324582845947657 -0.002496875127966258 -1.1034458439530779 
-1.156900949012742 -1.0996132148192819 -1.1008279198108128 
-1.093863124322525 -0.6340769996659844 -1.0733284711386806 
-1.0963612013231723 -1.0423342154781623 -1.1439937730606593 
-0.7739463309042176 2.5765681050383173E-4 -5.621474684714132E-4 
-1.0401985384947041 -0.7129027048889194 -1.0605956394353029 
-0.8988813037333125 2.557992372228794E-4 -0.009481148106546988 
-1.0835504870036117 -0.9468695206247448 -1.0145846643580352 
-0.7758368531654392 2.557888364315931E-4 -1.0322074224318079 
-1.1535070780026935 -1.1064646094545143 -1.1525582204895204 
-1.1235646513874629 1.5203758908158922E-4 -1.092114337546863 
-1.0698198519008504 2.2996720809713954E-4 -0.0026632134080073477 
-0.7760798221804064 2.576140608439145E-4 -5.621474684714132E-4 
-1.0959001260940544 -1.0798266220793171 -1.1008279198108128 
-0.8521803166023537 2.557532830215961E-4 -1.0066240207814365 
-1.0529022089504212 -0.8537827471818988 -1.0920974957736085 
-1.053052576237181 0.003129078250001776 -0.9443938989464994 
-1.055422043972518 -1.0263114881219582 -1.1112211393161229 
-0.684980150466575 3.0944329629346975E-4 -1.057199060175941 
-0.0033770803674596523 4.1600424046250444E-4 -0.9955417815964178 
-0.8891495354383847 2.732893361291891E-4 -1.009188282255054 
-0.7210544332341121 2.5742912598990307E-4 1.2497675719867182E-4 
-0.9811239290670974 1.4970030368041735E-4 -1.0923497977673382 
1.445668741308179E-4 2.557888364315931E-4 -0.7432522123639456 
-0.0011879235472806113 2.5695337087607354E-4 -1.0420717475393235 
-1.1138639814658355 0.006010446727174157 -0.5813433675608639 
-0.8887875873175868 2.553601653996015E-4 -0.9482110685117819 
0.006620753463502327 0.00783505738453234 -1.0061168855441522 
-0.6370586787438819 2.548286160427595E-4 -1.0781253443111853 
1.2400750034519473E-4 -0.002762346734410606 -0.495121279735987 
-1.0537577361289303 -0.9981513416738 -1.1069324100526496 
-1.085036770129822 0.007865459725824586 -1.0061168855441522 
-1.0533936276976739 -0.8395399589126871 -1.107743929967837 
-1.0645695923121858 -0.7177753037847923 -1.048188040732562 
-1.072846007697042 2.148696907959477E-4 -0.9511558636630824 
2.1489557082715214E-4 2.554316000912139E-4 -0.7133717234984172 
-1.0267144600968754 -2.674697550382188E-4 -1.0666808655147646 
1.445668741308179E-4 2.557888364315931E-4 -0.7432522123639456 
-0.6644987188142765 3.0867953268979095E-4 -1.0565573882635222 
-1.0719321195785303 2.2996720809713954E-4 -0.9486750253677418 
-1.0840926060516143 -1.1303416172810201 -1.1529419173234354 
-1.0620205317670113 2.557992372228794E-4 -2.795154858749038E-4 
-0.6571030321176273 3.0867953268979095E-4 -1.1044335393454883 
-0.0011879235472806113 2.5695337087607354E-4 -1.0227563157555912 
-1.1134468247654419 -0.7163325702353132 -1.0368664307670619 
-1.1528383281923809 2.557992372228794E-4 -1.1530807791808937 
-1.1331660876397138 1.4871912804726147E-4 -0.005411207329264367 
-0.8874986280177073 2.557992372228794E-4 -2.795154858749038E-4 
-1.0111952964262434 2.148696907959477E-4 -1.0424702154550036 
-0.87193147086561 3.1117217882209913E-4 -1.005606073243467 
-0.9165970805182414 2.1546341531064066E-4 -6.082320157016485E-4 
-0.87193147086561 3.1117217882209913E-4 -1.005606073243467 
2.1166105117764278E-4 2.731743086386589E-4 -0.6262804551036959 
-1.0683891617482586 -0.963433624992968 -1.0071113531653348 
-0.8525768987158377 1.5203758908158922E-4 -0.9967637627144501 
