0.4829791432540003 5.493484762217969 
0.4389832496066737 6.946699086560511 
0.38980972129699987 8.961092907868906 
0.42323532911328693 7.544377023712833 
0.49796696984010225 5.059941469878326 
0.5652862258206516 3.3834337170097992 
0.6643694764916775 1.5365502115750738 
0.6281328899637808 2.170437963027816 
0.491791655387939 5.2358006369900005 
0.39086517858387615 8.909100389957631 
0.5441976588260483 3.863505608831069 
0.47706517500994855 5.6746577691316915 
0.611786916087875 2.444470893445444 
0.5346616329943394 4.093660478596613 
0.5240262260562806 4.35852926865741 
0.6667213760404181 1.4998769140112156 
0.3987999209349521 8.570090335691965 
0.4389832496066737 6.946699086560511 
0.5906351201837087 2.85203772037196 
0.4293392322014281 7.305935651777641 
0.5202368630789413 4.456623016908513 
0.5843865290900162 2.9787981331977496 
0.39086517858387615 8.909100389957631 
0.552732653774477 3.665792748072555 
0.49796696984010225 5.059941469878326 
0.5253145667244143 4.32753719959238 
0.46571113616363524 6.039178352220178 
0.6413514063525548 1.9176250573248983 
0.4699540782740441 5.896043082775009 
0.4293392322014281 7.305935651777641 
0.4442107355139757 6.7593189226413015 
0.41251314638324943 7.973374788322168 
0.38980972129699987 8.961092907868906 
0.42323532911328693 7.544377023712833 
0.41804431502981976 7.757000339675277 
0.6234650734091776 2.228421336020206 
0.6234650734091776 2.228421336020206 
0.5060127069430577 4.833934807850084 
0.6579562426111026 1.6407368082785379 
0.43346354433662804 7.155687939609771 
0.516322057189013 4.55798456580757 
0.4545428293924276 6.4004248013295 
0.41251314638324943 7.973374788322168 
0.4829791432540003 5.493484762217969 
0.4463872061874102 6.6818992994941375 
0.4442107355139757 6.7593189226413015 
0.5058025422268424 4.840055610939784 
0.5961970918205503 2.741908419797641 
0.49304081033195635 5.197980257358253 
0.41192065349226825 7.993570768150505 
0.5794918022499362 3.0829334909407597 
0.38980972129699987 8.961092907868906 
0.4293392322014281 7.305935651777641 
0.4699540782740441 5.896043082775009 
0.5961970918205503 2.741908419797641 
0.46148280899983607 6.1696048421425465 
0.5441976588260483 3.863505608831069 
0.552732653774477 3.665792748072555 
0.6579562426111026 1.6407368082785379 
0.45830177978628384 6.280036119539268 
0.5526550004295205 3.667523165818778 
0.41804431502981976 7.757000339675277 
0.6510782126540149 1.7531675746091178 
0.4778895645162429 5.6494386467969395 
0.5682823417334976 3.320824748049532 
0.5060127069430577 4.833934807850084 
0.573054902082312 3.217962552112824 
0.516322057189013 4.55798456580757 
0.4033204325787961 8.360158771256398 
0.6205393092703607 2.281940429040183 
0.4829791432540003 5.493484762217969 
0.46148280899983607 6.1696048421425465 
0.6399064348247832 1.941173687507756 
0.45005216749569255 6.556625365782984 
0.6399064348247832 1.941173687507756 
0.6020662503189328 2.6275543283577822 
0.5774084976329874 3.1240882243714427 
0.4545428293924276 6.4004248013295 
0.5906351201837087 2.85203772037196 
0.4033204325787961 8.360158771256398 
0.611786916087875 2.444470893445444 
0.6481774042015332 1.8014266501322174 
0.49179489997899917 5.235766094069892 
0.4223043768380144 7.578456574463568 
0.516322057189013 4.55798456580757 
0.5346616329943394 4.093660478596613 
0.6020662503189328 2.6275543283577822 
0.3981068506005749 8.585010137663824 
0.611786916087875 2.444470893445444 
0.4699540782740441 5.896043082775009 
0.5843865290900162 2.9787981331977496 
0.529285355293261 4.225763017051507 
0.529285355293261 4.225763017051507 
0.49796696984010225 5.059941469878326 
0.5441976588260483 3.863505608831069 
0.5652862258206516 3.3834337170097992 
0.5652862258206516 3.3834337170097992 
