0.4829791432540003 1.6532385639349403 
0.4389832496066737 2.049484539058045 
0.38980972129699987 2.4931211289329003 
0.42323532911328693 2.193046892585821 
0.49796696984010225 1.519683721323583 
0.5652862258206516 0.912608476202808 
0.6643694764916775 0.0208370596673082 
0.6281328899637808 0.3633234702037636 
0.491791655387939 1.5749230625465378 
0.39086517858387615 2.4822571149424704 
0.5441976588260483 1.1025107071871743 
0.47706517500994855 1.7071816017523742 
0.611786916087875 0.49549530936756103 
0.5346616329943394 1.188723196410854 
0.5240262260562806 1.2839836438103833 
0.6667213760404181 8.13586476740102E-13 
0.3987999209349521 2.417751348279353 
0.4389832496066737 2.049484539058045 
0.5906351201837087 0.6845136417403632 
0.4293392322014281 2.1367248032472523 
0.5202368630789413 1.3184995782418925 
0.5843865290900162 0.7407695019192526 
0.39086517858387615 2.4822571149424704 
0.552732653774477 1.0262033538293764 
0.49796696984010225 1.519683721323583 
0.5253145667244143 1.2733183289876568 
0.46571113616363524 1.8125126119072896 
0.6413514063525548 0.2298715273722221 
0.4699540782740441 1.7708694924295825 
0.4293392322014281 2.1367248032472523 
0.4442107355139757 2.0025620302000267 
0.41251314638324943 2.289121921223653 
0.38980972129699987 2.4931211289329003 
0.42323532911328693 2.193046892585821 
0.41804431502981976 2.2427698936856304 
0.6234650734091776 0.3893428718484152 
0.6234650734091776 0.3893428718484152 
0.5060127069430577 1.4460324373064903 
0.6579562426111026 0.07953302548867994 
0.43346354433662804 2.1017298564701146 
0.516322057189013 1.353387967653535 
0.4545428293924276 1.909267198509777 
0.41251314638324943 2.289121921223653 
0.4829791432540003 1.6532385639349403 
0.4463872061874102 1.9827143603268014 
0.4442107355139757 2.0025620302000267 
0.5058025422268424 1.4481124325326356 
0.5961970918205503 0.6347178259216341 
0.49304081033195635 1.5628163981774241 
0.41192065349226825 2.292716894553249 
0.5794918022499362 0.7865346848819483 
0.38980972129699987 2.4931211289329003 
0.4293392322014281 2.1367248032472523 
0.4699540782740441 1.7708694924295825 
0.5961970918205503 0.6347178259216341 
0.46148280899983607 1.8471665729709328 
0.5441976588260483 1.1025107071871743 
0.552732653774477 1.0262033538293764 
0.6579562426111026 0.07953302548867994 
0.45830177978628384 1.8781517307069944 
0.5526550004295205 1.0268750167808531 
0.41804431502981976 2.2427698936856304 
0.6510782126540149 0.1414492109594787 
0.4778895645162429 1.6998077746790223 
0.5682823417334976 0.8871660643081403 
0.5060127069430577 1.4460324373064903 
0.573054902082312 0.844069215205561 
0.516322057189013 1.353387967653535 
0.4033204325787961 2.3718228520505464 
0.6205393092703607 0.41603373763270557 
0.4829791432540003 1.6532385639349403 
0.46148280899983607 1.8471665729709328 
0.6399064348247832 0.2421695337487659 
0.45005216749569255 1.95082345732787 
0.6399064348247832 0.2421695337487659 
0.6020662503189328 0.5819617819836519 
0.5774084976329874 0.803875088107222 
0.4545428293924276 1.909267198509777 
0.5906351201837087 0.6845136417403632 
0.4033204325787961 2.3718228520505464 
0.611786916087875 0.49549530936756103 
0.6481774042015332 0.1676440499421642 
0.49179489997899917 1.5749230625465378 
0.4223043768380144 2.2004153810727907 
0.516322057189013 1.353387967653535 
0.5346616329943394 1.188723196410854 
0.6020662503189328 0.5819617819836519 
0.3981068506005749 2.417751348279353 
0.611786916087875 0.49549530936756103 
0.4699540782740441 1.7708694924295825 
0.5843865290900162 0.7407695019192526 
0.529285355293261 1.2366344798652293 
0.529285355293261 1.2366344798652293 
0.49796696984010225 1.519683721323583 
0.5441976588260483 1.1025107071871743 
0.5652862258206516 0.912608476202808 
0.5652862258206516 0.912608476202808 
