-3.141592653589793 1.0617960263939548 
2.7925602354797143 0.16665602993911177 
-3.141592653589793 1.0617960263939548 
0.01639462466204271 1.05701101149706 
2.115371584305672 0.603886963414207 
2.115371584305672 0.603886963414207 
2.2143032331471573 0.37526804528674385 
2.1175596789094087 0.526695124336432 
2.7916702971730967 0.3539275485007939 
2.7916997084032427 0.33030499450262046 
2.7922099698129386 0.23496685977225096 
0.02079368824525241 1.0226028753286982 
0.020963597737289532 0.951506385729202 
2.2034053341647906 0.48237248494139995 
2.214138677120315 0.42349215291189485 
2.2034216639083115 0.4810988706614636 
2.1163481641339232 0.5806744840263741 
0.02088663009303798 0.9725505479094757 
2.214138677120315 0.42349215291189485 
0.02390257049341458 0.9040975761358432 
0.024029753800613198 0.8708241309493467 
2.7922243367762025 0.22627921331676198 
0.02390257049341458 0.9040975761358432 
2.79225651902674 0.19937101819787872 
0.020772875034268716 1.0477429259869673 
2.1163481641339232 0.5806744840263741 
0.025622691698320745 0.8504021806046975 
2.792274323978228 0.18288657341725664 
2.2143032331471573 0.37526804528674385 
0.02088663009303798 0.9725505479094757 
2.79225651902674 0.19937101819787872 
0.025687617258388085 0.8192575801015967 
0.0256903512658882 0.8065050044577265 
0.02570936641805902 0.7926300177022204 
0.025595921212214632 0.8590008415484977 
0.025689940317380686 0.8173630853528966 
2.7916973438703154 0.3420411764096079 
2.7916778890952685 0.3533450069351061 
2.7916973438703154 0.3420411764096079 
2.792534268794298 0.17784698704716398 
0.0256903512658882 0.8065050044577265 
0.020772875034268716 1.0477429259869673 
2.7922099698129386 0.23496685977225096 
0.025601916807311942 0.8572409580964451 
0.02570936641805902 0.7926300177022204 
0.01639462466204271 1.05701101149706 
2.792534268794298 0.17784698704716398 
2.2034216639083115 0.4810988706614636 
0.025599078788772208 0.8580801518627831 
0.025599593748319344 0.857928478065856 
2.7916778890952685 0.3533450069351061 
0.02559942910989062 0.8579953659325514 
0.025599084218929976 0.8580785547483687 
0.02559948495170691 0.8579605586660588 
0.025599078788772208 0.8580801518627831 
-3.141592653589793 1.0617960263939548 
2.115371584305672 0.603886963414207 
2.1163481641339232 0.5806744840263741 
2.2143032331471573 0.37526804528674385 
0.02088663009303798 0.9725505479094757 
2.79225651902674 0.19937101819787872 
0.020772875034268716 1.0477429259869673 
0.02570936641805902 0.7926300177022204 
0.01639462466204271 1.05701101149706 
2.792534268794298 0.17784698704716398 
2.2034216639083115 0.4810988706614636 
2.7916778890952685 0.3533450069351061 
0.025599078788772208 0.8580801518627831 
-3.141592653589793 1.0617960263939548 
2.115371584305672 0.603886963414207 
2.1163481641339232 0.5806744840263741 
2.2143032331471573 0.37526804528674385 
0.020772875034268716 1.0477429259869673 
0.01639462466204271 1.05701101149706 
2.792534268794298 0.17784698704716398 
2.7916778890952685 0.3533450069351061 
0.025599078788772208 0.8580801518627831 
-3.141592653589793 1.0617960263939548 
2.1163481641339232 0.5806744840263741 
2.2143032331471573 0.37526804528674385 
0.01639462466204271 1.05701101149706 
2.7922243367762025 0.22627921331676198 
-3.141592653589793 1.0617960263939548 
0.0257096876066621 0.7774039841173087 
0.025678478693047808 0.8320893011167126 
0.02088663009303798 0.9725505479094757 
2.2034053341647906 0.48237248494139995 
2.115371584305672 0.603886963414207 
0.025706415998800254 0.7965333934283784 
