-3.141592653589793 -4.999999999999794 2.3530749106245863E-4 
2.7925602354797143 -4.698424508852308 1.7099414934935298 
-3.141592653589793 -4.999999999999794 2.3530749106245863E-4 
0.01639462466204271 4.999599350457769 0.09665594237868663 
2.115371584305672 -2.589568794144006 4.266813988241415 
2.115371584305672 -2.589568794144006 4.266813988241415 
2.2143032331471573 -3.0000844321748903 4.000226353756855 
2.1175596789094087 -2.598334133636459 4.272718425158017 
2.7916702971730967 -4.698131897999656 1.7113015851979008 
2.7916997084032427 -4.697626852842245 1.7113209880209235 
2.7922099698129386 -4.698148554364281 1.7113043681136322 
0.02079368824525241 4.999613346256785 0.09738215967951998 
0.020963597737289532 4.998960777419547 0.10937075280493051 
2.2034053341647906 -2.9576981970357514 4.0332430774413 
2.214138677120315 -3.0000251933893964 4.000226353756855 
2.2034216639083115 -2.9576989296334353 4.033206701158219 
2.1163481641339232 -2.5898074717360497 4.272718425158017 
0.02088663009303798 4.999125912389181 0.10898659415101454 
2.214138677120315 -3.0000251933893964 4.000226353756855 
0.02390257049341458 4.998690196891212 0.11821342491121238 
0.024029753800613198 4.99868858197274 0.11973630678193599 
2.7922243367762025 -4.698148383808904 1.7113119998459996 
0.02390257049341458 4.998690196891212 0.11821342491121238 
2.79225651902674 -4.698131897999656 1.7113043681136322 
0.020772875034268716 4.999963630611225 0.09589679514429636 
2.1163481641339232 -2.5898074717360497 4.272718425158017 
0.025622691698320745 4.9983350009554925 0.12853390946838456 
2.792274323978228 -4.6981477780132215 1.7113043681136322 
2.2143032331471573 -3.0000844321748903 4.000226353756855 
0.02088663009303798 4.999125912389181 0.10898659415101454 
2.79225651902674 -4.698131897999656 1.7113043681136322 
0.025687617258388085 4.998335000784195 0.1285377159937404 
0.0256903512658882 4.998353139102738 0.1285358171520972 
0.02570936641805902 4.998310890274817 0.12853512373185103 
0.025595921212214632 4.9983350009554925 0.12853769596697515 
0.025689940317380686 4.998334948642928 0.1285373688511831 
2.7916973438703154 -4.697654049651226 1.7106953134954548 
2.7916778890952685 -4.698148252843135 1.711306624734228 
2.7916973438703154 -4.697654049651226 1.7106953134954548 
2.792534268794298 -4.698419726931314 1.7100969945158597 
0.0256903512658882 4.998353139102738 0.1285358171520972 
0.020772875034268716 4.999963630611225 0.09589679514429636 
2.7922099698129386 -4.698148554364281 1.7113043681136322 
0.025601916807311942 4.998334948814225 0.12853734882441784 
0.02570936641805902 4.998310890274817 0.12853512373185103 
0.01639462466204271 4.999599350457769 0.09665594237868663 
2.792534268794298 -4.698419726931314 1.7100969945158597 
2.2034216639083115 -2.9576989296334353 4.033206701158219 
0.025599078788772208 4.9983350009554925 0.12853769596697515 
0.025599593748319344 4.9983350009554925 0.12853769596697515 
2.7916778890952685 -4.698148252843135 1.711306624734228 
0.02559942910989062 4.998334951675437 0.12853769596697515 
0.025599084218929976 4.9983350009554925 0.12853769596697515 
0.02559948495170691 4.9983350009554925 0.12853769596697515 
0.025599078788772208 4.9983350009554925 0.12853769596697515 
-3.141592653589793 -4.999999999999794 2.3530749106245863E-4 
2.115371584305672 -2.589568794144006 4.266813988241415 
2.1163481641339232 -2.5898074717360497 4.272718425158017 
2.2143032331471573 -3.0000844321748903 4.000226353756855 
0.02088663009303798 4.999125912389181 0.10898659415101454 
2.79225651902674 -4.698131897999656 1.7113043681136322 
0.020772875034268716 4.999963630611225 0.09589679514429636 
0.02570936641805902 4.998310890274817 0.12853512373185103 
0.01639462466204271 4.999599350457769 0.09665594237868663 
2.792534268794298 -4.698419726931314 1.7100969945158597 
2.2034216639083115 -2.9576989296334353 4.033206701158219 
2.7916778890952685 -4.698148252843135 1.711306624734228 
0.025599078788772208 4.9983350009554925 0.12853769596697515 
-3.141592653589793 -4.999999999999794 2.3530749106245863E-4 
2.115371584305672 -2.589568794144006 4.266813988241415 
2.1163481641339232 -2.5898074717360497 4.272718425158017 
2.2143032331471573 -3.0000844321748903 4.000226353756855 
0.020772875034268716 4.999963630611225 0.09589679514429636 
0.01639462466204271 4.999599350457769 0.09665594237868663 
2.792534268794298 -4.698419726931314 1.7100969945158597 
2.7916778890952685 -4.698148252843135 1.711306624734228 
0.025599078788772208 4.9983350009554925 0.12853769596697515 
-3.141592653589793 -4.999999999999794 2.3530749106245863E-4 
2.1163481641339232 -2.5898074717360497 4.272718425158017 
2.2143032331471573 -3.0000844321748903 4.000226353756855 
0.01639462466204271 4.999599350457769 0.09665594237868663 
2.7922243367762025 -4.698148383808904 1.7113119998459996 
-3.141592653589793 -4.999999999999794 2.3530749106245863E-4 
0.0257096876066621 4.998334857568748 0.1285337371045478 
0.025678478693047808 4.998318214260253 0.1285356028682211 
0.02088663009303798 4.999125912389181 0.10898659415101454 
2.2034053341647906 -2.9576981970357514 4.0332430774413 
2.115371584305672 -2.589568794144006 4.266813988241415 
0.025706415998800254 4.9983350009554925 0.1285378350800318 
