-17.946401901279106 -3.766231100742292 
-18.033485898694586 -3.722085324413545 
-16.665668676418893 -5.0189550078019 
-16.89499609477862 -4.181218096025399 
-18.490970968545902 -1.7401558267517077 
-15.008268524297861 -10.166110338004597 
-16.435393939162257 -6.0095627308313935 
-15.258120403928508 -9.12046263406635 
-14.984899746981142 -10.274845826147907 
-16.63838968908172 -5.1536788669525775 
-18.638562455889733 -1.1173472509255147 
-15.090145985979733 -9.837304624834886 
-15.981763434984906 -7.666335903755822 
-16.79457946668557 -4.402695220603644 
-15.228501362058115 -9.242683067616824 
-18.307125364499484 -2.6218550368682445 
-14.762923906249146 -11.047985970911279 
-14.905665667447302 -10.534357371720018 
-15.520424362753879 -8.114411123459881 
-15.036272967937943 -10.049513986591514 
-15.173711294525571 -9.478504442743798 
-16.610551084357482 -5.271773142892049 
-16.18975865315226 -7.148502906267646 
-16.743518462251032 -4.652562989221998 
-16.769061963816313 -4.5554802583375995 
-16.982346437613888 -3.9788462350256957 
-16.219896309397875 -6.9245825054491785 
-16.092290724103 -7.452175746930726 
-16.71542542296011 -4.781398232746264 
-18.235031742297252 -2.983020598116228 
-18.15214209109965 -3.3489514704323393 
-16.579424268737053 -5.428073120455007 
-16.012143054399054 -7.54184085093928 
-18.125559123092444 -3.4560873795763496 
-16.27071935294441 -6.798187803307326 
-18.607149222915105 -1.2446327254886975 
-16.43016860024814 -6.160287035513343 
-18.287635329968296 -2.7225817105812764 
-18.826099513020147 -0.5086936996204525 
-18.39652145354821 -2.192786663152271 
-18.54575816437753 -1.4930621398398036 
-18.577178790319103 -1.3678130283313203 
-15.579796389083036 -7.907123120002075 
-15.143698713828035 -9.575071603541552 
-14.43615108562597 -11.626684012641164 
-15.538353174643653 -8.001893524681027 
-14.598350502942946 -11.47094449216102 
-16.68857525795292 -4.908697285814187 
-16.546821451325428 -5.6036432951808886 
-15.129050851106083 -9.670117087806938 
-18.338962355722504 -2.4615007556094755 
-16.85082004351998 -4.283584070108526 
-18.096796707768856 -3.566382294101337 
-14.951641936650551 -10.397267438482004 
-19.997326538444263 0.005811257270057343 
-15.457036995369378 -8.333426260997076 
-16.5210168412845 -5.727213270068397 
-18.517141054505707 -1.6215055375985583 
-16.147535022704538 -7.280805974733641 
-18.369443350972585 -2.3249479741077783 
-14.685557077336743 -11.285194472370499 
-18.911170055841637 -0.29723696925101456 
-18.860099367484114 -0.4119861812027074 
-16.484547736594834 -5.862618554630506 
-14.879254482069706 -10.67280569478961 
-18.185266804866327 -3.213576639538818 
-16.93145435977496 -4.091890072480485 
-14.845709643606426 -10.79836548446908 
-15.422243859854579 -8.466019401726793 
-16.37824424954772 -6.39706713429592 
-18.957479096499775 -0.20303414935510544 
-18.79125565263957 -0.614716410488694 
-16.405848427935148 -6.2586980307936 
-17.94480652208472 -3.8755036457466048 
-15.193614401360229 -9.356585315723699 
-15.320909120409045 -8.858386057850286 
-16.344570403777585 -6.538842791026418 
-18.75144339836265 -0.7352130290900227 
-18.706436066648777 -0.8773621746467095 
-14.801333667160751 -10.932785154771942 
-19.017157941885493 -0.08982084329195189 
-18.464496122745402 -1.857624433768089 
-16.31398341521286 -6.677420498864665 
-14.718765133993575 -11.187776526377965 
-15.489434050731813 -8.20656238281747 
-19.073494657686695 -0.004092456287755258 
-18.668482077074582 -1.0064764977647789 
-16.206468525733634 -7.0521449497987305 
-15.289783899023337 -8.985953515135696 
-15.388374858834684 -8.593859402862515 
-14.648245582152967 -11.376429987207569 
-18.444240807948187 -1.960930271951364 
-15.63575514290127 -7.7564554489909305 
-17.04401368800009 -3.8756651149457784 
-18.25668463418716 -2.8623824069963684 
-15.887811545477987 -7.7508599678437795 
-15.351348036028828 -8.71488476465702 
-18.208037378624333 -3.0960597739668776 
-14.526493391969282 -11.550325238769716 
-18.423719768103147 -2.059342126131274 
