0.8328686801815546 -0.6258308749043308 
0.8290476483147229 -0.5650099778288097 
0.42164452575024525 0.08817315495549405 
0.42483503206632645 0.052454854492747956 
0.6291016708069331 -0.28949797869728 
0.8352877899072508 -0.6602837871570025 
0.021634291202691714 0.853747587407222 
0.014371206493406508 0.8773208441292935 
0.44188213800118725 -0.09032714291718877 
0.6194736815819732 -0.13551037471636226 
0.8280056073124468 -0.5460231442622452 
0.427610441264983 0.022247200349015447 
0.20127845149223694 0.5460699028938505 
0.21584453436191545 0.43526661562673624 
3.6882609812552425E-4 0.9840498656674757 
0.24760564288545497 0.25837793944911847 
0.05072188154702717 0.7278445511387134 
0.02993945956115765 0.8056459092583846 
0.23891704352824888 0.289457425727646 
0.0026442908533808596 0.9523924524635771 
0.8247950872459127 -0.4860785532112099 
0.4375284583082058 -0.0575089061049929 
0.0829946612542257 0.671953660088782 
0.8446189696039239 -0.7493734900667064 
0.0047443906525685975 0.9357242373682083 
0.022600342957177916 0.8378402237671376 
0.41255858788682426 0.2020852297705646 
0.8269376968318908 -0.5267245735070772 
0.8514774190560395 -0.7713372109266545 
0.4152938776628411 0.16589120314528946 
0.04603668801624167 0.7435875495267065 
0.6323065944817166 -0.330424878991768 
0.22267023676229453 0.3853638516000427 
0.64497930264093 -0.43806940971234004 
0.006574222570334548 0.9206949179133451 
0.21407876353793595 0.44919939111366464 
0.4393280326065898 -0.07496802273264774 
0.04124061602894871 0.7612505569933079 
0.6234219162485 -0.2061020411727838 
0.6184318806297904 -0.12238750233402397 
0.41679694790943556 0.14719916608746622 
0.834021993805993 -0.642569625359852 
0.42942956367654866 0.0042995126597684995 
0.4188282395354299 0.1247892936193201 
0.19539965383441282 0.5898433912737676 
0.41411821147121297 0.18070352274917587 
0.0573634549693058 0.7071488411166316 
0.1980683747959378 0.5692986737322256 
0.1876429379746461 0.6411173485239678 
0.010069689451732755 0.904556170841304 
0.06647181872124369 0.6880017285357932 
0.6395227354772999 -0.4020354334088048 
0.20963653969258336 0.4818629584424868 
0.6373896428438626 -0.383729266893413 
0.2116796836704818 0.4669505277208033 
0.8420958364062748 -0.7317987431108705 
0.25845963624282453 0.2452341324214392 
0.6219993161105248 -0.18316982786232747 
0.42633829531139633 0.03616589074046019 
0.6201952976166574 -0.15273449663176317 
0.2289946664611956 0.34378344958402884 
0.6212569124265874 -0.1710472057236807 
0.6343657124667454 -0.35357857900435335 
0.22576225093850727 0.3634422668762478 
0.8258602735877764 -0.5066321295622376 
0.8315240731210698 -0.6056893772386329 
0.6260393290538416 -0.245646223150922 
1.7515763850214916E-5 1.000015789603485 
0.18391738258319162 0.6633804258963352 
0.4335817453147097 -0.030460164968937213 
0.03717434904603399 0.7766255425231808 
0.6357145110437916 -0.36790815121659404 
0.001543955626570226 0.9656156441209843 
0.6417772032479729 -0.41946990541152906 
0.026083716470753873 0.8233625021123606 
0.8399478453832985 -0.7127743606918124 
0.6309758042970055 -0.3138661621338181 
0.838313092976441 -0.6967656925077769 
0.2356178147717055 0.30523722010811716 
0.6275692536928474 -0.2680234360280483 
0.21741367750083426 0.42305542619617525 
0.1906478104239052 0.6214938279079347 
0.03401983319435686 0.788464393866133 
0.8367319784953241 -0.6750342719170003 
0.21952695445584783 0.40776916297766397 
0.24245090330300634 0.2745983418264428 
0.4231699577177021 0.07052285556047504 
0.8236515524393376 -0.4620288530330901 
0.454407484200414 -0.12204820680593172 
0.23218913695288138 0.32533622622809943 
0.8301696938867069 -0.583656337846748 
0.6257224169288995 -0.2241572597467659 
0.2068965088241339 0.5037492019072208 
0.2043389007518987 0.5233257035798355 
0.43092479867429523 -0.009886186976667998 
0.4094674542763125 0.24282466983271878 
0.4461538508868558 -0.10837011629202523 
0.42015895477812526 0.10571240290417104 
0.4109520125404977 0.22293882881309643 
0.651614931330902 -0.455765852043212 
