-1.111480853106884 0.021955842827873606 -1.0916498014429477 
3.131396835491974E-4 0.0012414188082502883 -0.4786783705864778 
2.6989265737533124E-4 2.3928457201728264E-4 -0.905494866044763 
-1.1536707341589498 0.0012425116536338345 -1.1539354809263092 
-0.982133874292634 0.001237072539981232 -0.9699804208294955 
-1.0679084042058007 -0.6226336072108407 -1.091608617553781 
-1.08144250757936 -0.030233298389298113 -1.08721766073568 
8.196697210260973E-5 0.00123636253645206 -0.0026646247944757118 
-0.8791521772523445 9.474078551610633E-4 -0.9766554019770406 
-1.0388762108422016 0.001255209866476334 -1.1045259523728375 
-0.9857774290347174 9.596579612737904E-4 -0.9349974010883078 
-1.085998152420618 -0.9121516325815335 -1.085779439053116 
-1.0558696570751773 0.0023758205784252997 -0.9953197214079195 
1.3184884166607186E-4 0.0012517076538593474 -1.0373287866080747 
-0.5682537587609899 0.0036284421513470555 -1.0936202397053958 
-1.0388762108422016 0.001255209866476334 -1.0279218737362568 
-0.0011651691774268724 9.696942392566437E-4 -1.096431499255352 
3.0906343225732487E-4 0.0012370700333853208 -0.5611709104781277 
9.168214493448941E-5 -3.5206830715318714E-4 -0.7631129026327724 
-1.0560766657453498 0.0012370700333853208 -1.0351919489318355 
-1.1118463814346153 -0.762730386388558 -1.092231194553006 
-1.1362984756249275 -1.0057206730660695 -1.091587444875639 
8.441344455239933E-5 0.0012498636551235914 -1.153167809232599 
-1.1323983238848452 -0.8526898040115456 -1.085779439053116 
2.6802965944900824E-4 -3.5832593111368534E-4 -0.9192942782591367 
-1.0788583406888126 -0.6910694441497316 -1.049103139003895 
-1.1323349071486037 -0.9679091727263898 -1.1027607365844188 
-1.1057082545372108 -1.0387390084143722 -1.0957790131518923 
-1.0314509842536816 0.001345526283177237 -0.9993907846776815 
-1.0334940508601684 0.0011074144491189852 -0.7452137131504197 
2.6802965944900824E-4 0.0012538498096095552 -0.6471126558837816 
-1.09753547851513 0.006790482149421573 -1.1281162442492132 
-1.0855979356397056 -0.8408733886973934 -1.0864269331628684 
-1.0021380042967076 9.473287762467145E-4 -0.9359510340630421 
-1.0552378475007074 0.0012455991008444897 -0.6714880090437548 
-1.1113652970328913 -0.9139824106824553 -1.0917691225035246 
-1.0795425616535548 -0.762730386388558 -1.092231194553006 
-1.0561293836088432 0.00123636253645206 0.006169167560051814 
-1.0374357526162665 0.0013041421448064517 -1.0782301377646892 
-1.0552378475007074 0.0013342517528604635 -0.9651801068271653 
-1.0250070205512063 0.0019223404405577342 -0.9733107707504048 
-1.025375206591253 -0.8624912219621372 -1.0916498014429477 
-0.5228951852791781 9.663380476499931E-4 -1.0961864094333202 
-1.149011439481242 -1.0817341981762831 -1.1208920514002532 
-9.337522856542879E-4 0.0023557169641162537 -1.0189622925481125 
-0.9794509952742784 0.001653105164897464 -0.9261148165959451 
-1.074416533889916 -0.9134213344736546 -1.0709018891606257 
-1.047206838383323 -0.7707196051679155 -1.090064756909035 
-1.1251376316136763 -1.046626610027734 -1.1018632312323933 
-1.154093988257399 -1.1550441504145135 -1.154102551070961 
2.5837784466133486E-4 0.0013272530184390916 -0.8881386960769203 
-0.6956476503738298 0.0012687361348372248 -1.0190674514365383 
-1.001857490790761 0.0019675099644550116 0.0011913006966947082 
-1.0866391714233197 -1.0057206730660695 -1.091608316474139 
-0.011219155092266675 0.001973298968426189 -0.9698547851268848 
-1.1154531903560845 -0.9489372394731038 -1.091153137824039 
3.246420544298783E-4 0.0011200348387992603 -0.8207114204869514 
-1.08144250757936 -0.8888232625118939 -1.087954431503658 
2.595327983417427E-4 0.0011865160164461948 -0.7097122090142703 
-1.111480853106884 -0.543716840361949 -1.091638546648982 
-0.8264936348041592 0.001098448299365124 -1.0027280853378082 
-1.1114395346836334 -0.9658095673469691 -1.091946131163496 
-0.9295702426249939 0.0013342517528604635 -0.9597495183092198 
2.6819745495568935E-4 0.0013166352030986475 -0.6902831133071644 
-0.8264936348041592 0.0011194389081802235 -0.9869906367193142 
-0.5899388464396096 -3.37843582871715E-4 -1.0958863154436427 
-1.0901583110956914 -0.6226336072108407 -1.091608617553781 
-1.0843411815233124 0.0014186112242487092 -0.6803176226741792 
2.603205966814758E-4 0.0013271779258931925 -0.7452137131504197 
9.15623920951482E-5 9.684375822285919E-4 -0.8724782598094879 
-1.1341651178617416 -1.0568596878583514 -1.1200979456612017 
-1.149011439481242 -1.1151535180465344 -1.1204447348328488 
8.003187778068927E-5 0.0012912200081213452 -0.8331127103779292 
-0.8736121438038009 0.0012815356639549601 -0.9695437515523537 
3.201211509933884E-4 0.0012427158858201663 -0.67122815159711 
-0.980931338124246 0.002358079454174368 -0.9953197214079195 
-1.0670678493477925 -0.8463526044953602 -1.045193420944077 
-1.055507681967485 -0.7315194572031396 -1.0860797725193625 
3.1154637472372097E-4 0.0011430395626716517 -0.7838401747012713 
-1.1335491305687313 0.002057963420166285 -1.1198362617223434 
2.6945803088761607E-4 2.4274503003199707E-4 -1.0738726887619892 
-0.8791521772523445 9.474078551610633E-4 -0.9148053078411305 
-1.0638513904005742 -0.006564092167372415 -0.8250513459427228 
3.2026662938382304E-4 0.001255209866476334 -0.6214316198856095 
8.831923858639297E-5 0.0012498636551235914 -0.8443485505747501 
-1.1047084016834585 -0.7457675431348569 -1.0457832848099553 
-1.111480853106884 -0.6497551199998779 -1.0916498014429477 
-1.08144250757936 -0.6914970738221602 -1.0871564336835504 
1.5179883728448976E-4 9.649748139624403E-4 -0.5921423356591872 
-1.0856990198167544 -0.8526898040115456 -1.085779439053116 
1.568744668720883E-4 9.649748139624403E-4 -0.9834623174058619 
-1.09753547851513 -0.78557944133255 -1.0916044219146386 
2.6423562359123814E-4 0.001345526283177237 -0.7283397884953424 
-0.5242702581869898 9.586488060289381E-4 0.0011913006966947082 
3.199976759504793E-4 9.544944480236715E-4 -0.8030621327373435 
3.131396835491974E-4 0.0012399766251134266 -0.9509753347284707 
-0.706334801772083 -0.0039605067503568 -1.037962333285773 
-1.070843212138068 -0.9489372394731038 -1.091153137824039 
3.199372057201709E-4 0.0012370700333853208 -0.8570275053425853 
8.829181485989302E-5 9.675654981971891E-4 -0.935385982533818 
