0.14111889262965774 1.0779810818320774 
0.1454416092469467 0.8159525193756093 
-3.1390537861914622 1.124315302926645 
0.14533606511657088 0.8391952357201926 
0.14118526887488167 0.97790523751142 
0.14533606511657088 0.8391952357201926 
-3.141502635998129 1.1339842143378287 
-3.139040285578586 1.1220794640834153 
2.2935009429205073 0.4804568524156215 
0.14533606511657088 0.8391952357201926 
-3.13905430307446 1.1252130594265575 
0.14111889262965774 1.0779810818320774 
-3.1390537861914622 1.124315302926645 
2.3049084694638577 0.3208541933338664 
2.2934411579883602 0.49753313158782075 
2.29342972728341 0.49787281692432517 
2.3049084694638577 0.3208541933338664 
2.274996022498013 0.5076808585140854 
0.14111889262965774 1.0779810818320774 
0.14111889262965774 1.0779810818320774 
0.14118526887488167 0.97790523751142 
2.29342972728341 0.49787281692432517 
0.14533606511657088 0.8391952357201926 
2.3043490260194917 0.3856243027840397 
2.293758483530662 0.46904665650856014 
-3.141592653589793 1.1354226720628722 
-3.139006338284776 1.0921133383201402 
-3.139040285578586 1.1220794640834153 
0.1449218848389136 0.9077231111975135 
2.293758483530662 0.46904665650856014 
-3.1390541048241762 1.1243667294522313 
-3.1390394412091602 1.1219284636074833 
-3.139040285578586 1.1220794640834153 
2.3045130980827553 0.32104841685059077 
-3.1390537861914622 1.124315302926645 
-3.1390553395383995 1.1253845846591144 
0.1454416092469467 0.8159525193756093 
0.14533606511657088 0.8391952357201926 
2.3058029266677083 0.2835933166729117 
2.3058029266677083 0.2835933166729117 
2.3058029266677083 0.2835933166729117 
2.3058029266677083 0.2835933166729117 
2.274996022498013 0.5076808585140854 
2.3058029266677083 0.2835933166729117 
2.3058029266677083 0.2835933166729117 
2.3045130980827553 0.32104841685059077 
2.3058029266677083 0.2835933166729117 
0.14111889262965774 1.0779810818320774 
0.14111889262965774 1.0779810818320774 
2.3058029266677083 0.2835933166729117 
2.3058029266677083 0.2835933166729117 
2.3043490260194917 0.3856243027840397 
-3.1390527583141172 1.1241348413586119 
2.3049084694638577 0.3208541933338664 
2.2623787201629537 0.6305328370775576 
2.3058029266677083 0.2835933166729117 
2.3058029266677083 0.2835933166729117 
2.3058029266677083 0.2835933166729117 
2.3058029266677083 0.2835933166729117 
2.293758483530662 0.46904665650856014 
2.3058029266677083 0.2835933166729117 
2.3058029266677083 0.2835933166729117 
2.3058029266677083 0.2835933166729117 
2.3058029266677083 0.2835933166729117 
0.14533606511657088 0.8391952357201926 
0.1454416092469467 0.8159525193756093 
0.14533606511657088 0.8391952357201926 
2.3049084694638577 0.3208541933338664 
2.2958046596066852 0.42814763902393177 
-3.1390537861914622 1.124315302926645 
0.14118526887488167 0.97790523751142 
2.3058029266677083 0.2835933166729117 
2.3058029266677083 0.2835933166729117 
2.3058029266677083 0.2835933166729117 
2.3058029266677083 0.2835933166729117 
-3.1390537861914622 1.124315302926645 
2.3058029266677083 0.2835933166729117 
2.3058029266677083 0.2835933166729117 
2.3058029266677083 0.2835933166729117 
2.3058029266677083 0.2835933166729117 
2.3058029266677083 0.2835933166729117 
2.3058029266677083 0.2835933166729117 
2.3058029266677083 0.2835933166729117 
2.3058029266677083 0.2835933166729117 
2.3058029266677083 0.2835933166729117 
2.3058029266677083 0.2835933166729117 
2.3058029266677083 0.2835933166729117 
2.3045130980827553 0.32104841685059077 
0.1454416092469467 0.8159525193756093 
2.3049084694638577 0.3208541933338664 
2.3058029266677083 0.2835933166729117 
2.3058029266677083 0.2835933166729117 
2.3058029266677083 0.2835933166729117 
2.3058029266677083 0.2835933166729117 
2.3058029266677083 0.2835933166729117 
2.3058029266677083 0.2835933166729117 
2.3058029266677083 0.2835933166729117 
0.14111889262965774 1.0779810818320774 
2.3058029266677083 0.2835933166729117 
2.3058029266677083 0.2835933166729117 
