0.14111889262965774 4.950787256902705 0.7233900556258552 
0.1454416092469467 4.947147942902085 0.7247722892676776 
-3.1390537861914622 -4.99999922496613 -0.013678466763449786 
0.14533606511657088 4.947207788185467 0.7237816069928945 
0.14118526887488167 4.95082148942044 0.6988526572501228 
0.14533606511657088 4.947207788185467 0.7237816069928945 
-3.141502635998129 -4.99999998660475 0.0018542671960260736 
-3.139040285578586 -4.99999922496613 -0.013678466763449786 
2.2935009429205073 -3.307907968935632 3.7525443921004142 
0.14533606511657088 4.947207788185467 0.7237816069928945 
-3.13905430307446 -4.999999148595614 -0.013704127037339604 
0.14111889262965774 4.950787256902705 0.7233900556258552 
-3.1390537861914622 -4.99999922496613 -0.013678466763449786 
2.3049084694638577 -3.34986740004873 3.712130690325654 
2.2934411579883602 -3.308365507337971 3.7525443921004142 
2.29342972728341 -3.308365507337971 3.7525443921004142 
2.3049084694638577 -3.34986740004873 3.712130690325654 
2.274996022498013 -3.237091695318276 3.799972385712084 
0.14111889262965774 4.950787256902705 0.7233900556258552 
0.14111889262965774 4.950787256902705 0.7233900556258552 
0.14118526887488167 4.95082148942044 0.6988526572501228 
2.29342972728341 -3.308365507337971 3.7525443921004142 
0.14533606511657088 4.947207788185467 0.7237816069928945 
2.3043490260194917 -3.3482504164681437 3.7141178418924414 
2.293758483530662 -3.308365507337971 3.7525443921004142 
-3.141592653589793 -4.99999998660475 0.0023551715933817774 
-3.139006338284776 -4.999999979531107 -0.013226329174840193 
-3.139040285578586 -4.99999922496613 -0.013678466763449786 
0.1449218848389136 4.9465417987760665 0.7215661690231792 
2.293758483530662 -3.308365507337971 3.7525443921004142 
-3.1390541048241762 -4.99999922496613 -0.013678465729713783 
-3.1390394412091602 -4.99999922496613 -0.013678257650687616 
-3.139040285578586 -4.99999922496613 -0.013678466763449786 
2.3045130980827553 -3.3481822292725623 3.713590850375699 
-3.1390537861914622 -4.99999922496613 -0.013678466763449786 
-3.1390553395383995 -4.9999991567313655 -0.01370422427363674 
0.1454416092469467 4.947147942902085 0.7247722892676776 
0.14533606511657088 4.947207788185467 0.7237816069928945 
2.3058029266677083 -3.352959877354724 3.7091096862405726 
2.3058029266677083 -3.352959877354724 3.7091096862405726 
2.3058029266677083 -3.352959877354724 3.7091096862405726 
2.3058029266677083 -3.352959877354724 3.7091096862405726 
2.274996022498013 -3.237091695318276 3.799972385712084 
2.3058029266677083 -3.352959877354724 3.7091096862405726 
2.3058029266677083 -3.352959877354724 3.7091096862405726 
2.3045130980827553 -3.3481822292725623 3.713590850375699 
2.3058029266677083 -3.352959877354724 3.7091096862405726 
0.14111889262965774 4.950787256902705 0.7233900556258552 
0.14111889262965774 4.950787256902705 0.7233900556258552 
2.3058029266677083 -3.352959877354724 3.7091096862405726 
2.3058029266677083 -3.352959877354724 3.7091096862405726 
2.3043490260194917 -3.3482504164681437 3.7141178418924414 
-3.1390527583141172 -4.999999219570935 -0.013678137164349981 
2.3049084694638577 -3.34986740004873 3.712130690325654 
2.2623787201629537 -3.1853050185927927 3.8407248693851956 
2.3058029266677083 -3.352959877354724 3.7091096862405726 
2.3058029266677083 -3.352959877354724 3.7091096862405726 
2.3058029266677083 -3.352959877354724 3.7091096862405726 
2.3058029266677083 -3.352959877354724 3.7091096862405726 
2.293758483530662 -3.308365507337971 3.7525443921004142 
2.3058029266677083 -3.352959877354724 3.7091096862405726 
2.3058029266677083 -3.352959877354724 3.7091096862405726 
2.3058029266677083 -3.352959877354724 3.7091096862405726 
2.3058029266677083 -3.352959877354724 3.7091096862405726 
0.14533606511657088 4.947207788185467 0.7237816069928945 
0.1454416092469467 4.947147942902085 0.7247722892676776 
0.14533606511657088 4.947207788185467 0.7237816069928945 
2.3049084694638577 -3.34986740004873 3.712130690325654 
2.2958046596066852 -3.31523727822405 3.743446665536566 
-3.1390537861914622 -4.99999922496613 -0.013678466763449786 
0.14118526887488167 4.95082148942044 0.6988526572501228 
2.3058029266677083 -3.352959877354724 3.7091096862405726 
2.3058029266677083 -3.352959877354724 3.7091096862405726 
2.3058029266677083 -3.352959877354724 3.7091096862405726 
2.3058029266677083 -3.352959877354724 3.7091096862405726 
-3.1390537861914622 -4.99999922496613 -0.013678466763449786 
2.3058029266677083 -3.352959877354724 3.7091096862405726 
2.3058029266677083 -3.352959877354724 3.7091096862405726 
2.3058029266677083 -3.352959877354724 3.7091096862405726 
2.3058029266677083 -3.352959877354724 3.7091096862405726 
2.3058029266677083 -3.352959877354724 3.7091096862405726 
2.3058029266677083 -3.352959877354724 3.7091096862405726 
2.3058029266677083 -3.352959877354724 3.7091096862405726 
2.3058029266677083 -3.352959877354724 3.7091096862405726 
2.3058029266677083 -3.352959877354724 3.7091096862405726 
2.3058029266677083 -3.352959877354724 3.7091096862405726 
2.3058029266677083 -3.352959877354724 3.7091096862405726 
2.3045130980827553 -3.3481822292725623 3.713590850375699 
0.1454416092469467 4.947147942902085 0.7247722892676776 
2.3049084694638577 -3.34986740004873 3.712130690325654 
2.3058029266677083 -3.352959877354724 3.7091096862405726 
2.3058029266677083 -3.352959877354724 3.7091096862405726 
2.3058029266677083 -3.352959877354724 3.7091096862405726 
2.3058029266677083 -3.352959877354724 3.7091096862405726 
2.3058029266677083 -3.352959877354724 3.7091096862405726 
2.3058029266677083 -3.352959877354724 3.7091096862405726 
2.3058029266677083 -3.352959877354724 3.7091096862405726 
0.14111889262965774 4.950787256902705 0.7233900556258552 
2.3058029266677083 -3.352959877354724 3.7091096862405726 
2.3058029266677083 -3.352959877354724 3.7091096862405726 
