3.991248111894809E-8 1.0006215004890844 
0.851756661611324 -0.7728650196686674 
3.991248111894809E-8 1.0006215004890844 
0.851756661611324 -0.7728650196686674 
0.6184832576873363 -0.12501034446919743 
0.4536364280947405 -0.12333764121356292 
0.652989700714627 -0.45776477438046476 
0.8235187020520974 -0.46162317655312746 
0.40936086111350656 0.24235490749668595 
0.2576414283132933 0.2428188724879996 
0.08444956603384002 0.6707231252769741 
0.18251956044735615 0.668812362011482 
0.036642195633669605 0.7762054975907344 
0.05796760801659188 0.7040157152853574 
0.6282141189266162 -0.27844414142617474 
0.42196030203102874 0.08286118623488699 
0.42576845964416377 0.04560558792536249 
0.8292095756837295 -0.5650280638175299 
0.8271849749981702 -0.532395063407144 
0.43131132237618175 -0.011392701024567459 
0.6263843830021237 -0.25258383559221015 
0.6378006834641599 -0.3890800148806831 
0.4369379873415828 -0.057207076983993445 
0.6313283414124403 -0.31636164619244317 
0.028959254835677795 0.8134820756642245 
0.2225380816689636 0.3940437825391467 
0.4340088462924237 -0.038373007695229375 
0.41811894420092516 0.1298613071298203 
0.8454839448875858 -0.7558707844600321 
0.18931047259232017 0.6285579931503339 
0.4201904608468374 0.1038280710620918 
0.05153683709858983 0.7228342482780972 
0.2170922297977309 0.423795224681305 
0.015541897450447817 0.8690738892322346 
0.06927067262426628 0.6827529543584853 
0.6227045721822163 -0.1825779533929438 
0.8307146068611387 -0.5934161674546184 
0.8332078322201653 -0.6086182869013622 
0.8423906573876592 -0.7356586664949987 
0.012830807128389993 0.8827480783565388 
0.20155914623353782 0.5419857235682175 
0.006697359453665341 0.9178974920153583 
0.6443982899428031 -0.43634654814865337 
0.008897213817246175 0.9042852422338717 
0.4130708568908598 0.19346381650510905 
0.4151428520432354 0.16647600447849562 
0.0035384534263173117 0.9413052227524936 
0.6203725767324968 -0.156879025248039 
0.04125790491996944 0.758274959287647 
0.6245031099602651 -0.22383901177229415 
0.6412612163040202 -0.41748294576489503 
0.6237738885150669 -0.21259226879258758 
0.1934753438000114 0.6003908200798124 
0.8388000484986808 -0.7028625925254829 
0.4281970998903576 0.014999928711894811 
0.07084886203291146 0.6787411677759551 
0.4162413459709231 0.1526283507474597 
0.20435980371611084 0.5208167454754865 
0.8340601191566713 -0.6443949592661574 
0.24809641646942135 0.2623074987732723 
0.8240633396324993 -0.4652784043109451 
0.4404675573240477 -0.08383496138313107 
0.19668157222747282 0.5779553497670366 
0.8406642093591977 -0.7145019475673935 
0.41110044255783906 0.2279334690307367 
0.21584804684937292 0.43371380464807974 
0.8253994243597274 -0.49899576115007216 
0.2360107558733571 0.3020494272483305 
0.8364540291754998 -0.6758218787396747 
0.2233954789081366 0.3783985050816188 
0.04750814128477571 0.736158055987886 
0.25110878274306886 0.24936545539693356 
0.41239709001972513 0.2084123020888495 
0.2129482265620897 0.45503211119088927 
0.4486710466829477 -0.11670296281005625 
0.23785148049044952 0.2926640759369016 
0.0020780921481693415 0.9552399315145301 
0.6360611020198272 -0.3677365149340814 
0.20645731721287497 0.5093829384247812 
0.23129181854784658 0.32770935949115 
0.8340330226231154 -0.6383044539631967 
0.6504773300162852 -0.4560956542400597 
0.20969731282991147 0.49418516114734723 
0.2278352482629022 0.3489896797059161 
0.42722769974994906 0.0243793836420356 
0.232423709618519 0.32092022145833204 
0.04428555069817319 0.7466668722958124 
0.2098178336680899 0.47969737216051034 
0.0204270364754901 0.846157141602658 
0.8256975793226543 -0.5044277583286588 
0.8366752462114025 -0.6784793369323221 
0.6339844494554193 -0.35074403049715214 
0.21188935031424574 0.46379792703894246 
0.6211674814382283 -0.16608193915338468 
0.2278352482629022 0.3489896797059161 
0.18481703633196364 0.6557882450653395 
0.19436377574569041 0.5944770189764523 
0.24166428574541945 0.2757847608535254 
7.624191076674208E-4 0.9795503056948702 
7.685072681546667E-4 0.9734478373381333 
