0.050589023170206304 5.380956026807563 
0.0033435293230688057 5.579642975594697 
0.07309146371416886 4.772698461620976 
0.03528323929332089 5.469750811745732 
0.07087853782685749 5.090596467143468 
0.08043430684236264 4.457464320870554 
0.20128026866123638 3.954591634458304 
0.2063148766677103 3.881601046668524 
0.8586249534631925 1.8778772032226931 
0.054094325958715106 5.16619279688395 
0.6155180682643847 2.8944606544596914 
0.6427511519220995 2.4281645851362166 
0.23552342453771868 2.9225056176841746 
0.1599416039614182 4.165694357460804 
