0.050589023170206304 0.530249386966651 0.9204776920720593 0.7884431599341077 0.24285982769483638 0.1937205328306847 0.24804471633666936 0.9150314111677625 0.39351666415001507 0.8244356176256034 0.7206985562102807 0.19531042062659987 0.9344582011507947 0.2310020716025556 0.3119611314127627 0.6687731985660631 0.07880135561657253 0.9872331457045542 0.48732791109698126 0.6798232698488873 0.07657136626852878 0.6082377316234232 0.2943467421540146 0.9491069201501329 0.5578409991633894 0.5083108847739892 0.7947353153897252 0.9613187416567132 0.47872171018541465 0.4705658481025967 
0.0033435293230688057 0.22019817323303237 0.45693050913429556 0.44803832901965346 0.3138268794142628 0.15239386568023827 0.6684531412374896 0.9775308469855762 0.9596235290341781 0.7696312028957931 0.9722590253668307 0.9838488067856517 0.16503050202181202 0.08610792537312306 0.7205604273671672 0.6804271360015925 0.21752387631595993 0.8877616222526186 0.022945928886708322 0.7865939034921169 0.4034761602707403 0.01015678602438208 0.15221523549121874 0.6815821716277876 0.5681493243827812 0.8018791761914806 0.20195590828721277 0.19335840429652262 0.700896417551162 0.9999453429248846 
0.07309146371416886 0.6220556649123712 0.7668589713730644 0.14504169124433974 0.8769984158148855 0.08990088622017167 0.03538927742929199 0.6049691995115979 0.010282930954215952 0.9085703596990247 0.22675553458709663 0.6193562207678919 0.6364830028350543 0.533294933023233 0.3075115270041393 0.7415748186168687 0.5515771306952167 0.5951856284558765 0.09325327084419799 0.6468295156057794 0.28106708972161687 0.47802970546415013 0.10972170340587162 0.6430840957294455 0.9063918108721144 0.29828954127426677 0.3909999993243599 0.8557112143723955 0.6327512790488007 0.7601433410555072 
0.03528323929332089 0.4840505996556974 0.3859881231808556 0.6262565239786909 0.7733941328740268 0.6504031024627995 0.9495640141515297 0.22105361026688608 0.9995227067982777 0.007561995692259904 0.911187819477043 0.9422965386443681 0.9389758455877365 0.041135351448142954 0.8860965340968591 0.40500029711841357 0.15810812453743506 0.27561755094442975 0.5236485083449353 0.9732514158325264 0.8867612895405597 0.1805465584297361 0.36939372837414186 0.47182064314850003 0.4037597465666841 0.9472914009985146 0.6555921299772778 0.06203419011298261 0.05777868844008305 0.7938009876645636 
0.07087853782685749 0.19242493334932387 0.3150709263242151 0.3443220653975083 0.7967071285567587 0.8791443918474691 0.6929282592800103 0.3649584313260359 0.7018543179128465 0.15809450046192397 0.9353794912133099 0.4819728455627017 0.7367729488724888 0.7186370759805389 0.9500477596792535 0.5283573207370934 0.9418697999386789 0.8161430159272952 0.49128375333899643 0.8507497510422777 0.6022133664458351 0.501015673644917 0.32762126794627067 0.20569124126944194 0.7395173220101824 0.19398542719094058 0.008579903760341567 0.34530268353492033 0.13986084649757324 0.46500542367757736 
0.08043430684236264 0.4189074218266594 0.008180305475546379 0.5013459958621868 0.7573883363150405 0.6105424905834811 0.6461523133179682 0.9773318285151344 0.3904071285576909 0.2612379128985268 0.28136911043002366 0.8869855117846865 0.5431549429353938 0.14281725548572932 0.1583875226381548 0.8346500170103981 0.018231181269200314 0.14270075274334892 0.9932224281729817 0.4628822188423979 0.0868684334811507 0.6493029599836015 0.28422794624828096 0.8865841955955658 0.5291343346157148 0.5050033635169826 0.1951444092094664 0.824385552212317 0.12704146538196348 0.23991310209093575 
0.20128026866123638 0.7052048139100432 0.25466078566591044 0.25715273554513896 0.7549187421068321 0.6864335035819871 0.766026503536793 0.17823063446975485 0.26476599485363117 0.9713385424666902 0.8403560885533499 0.9642099653062796 0.46320606450031976 0.20547845955043176 0.3510725376401653 0.13218647655811655 0.3118042495576413 0.3542214821783939 0.19783727849768673 0.515486439678761 0.03357900780373879 0.7365514229476247 0.7628463331027637 0.02470304169828541 0.6715162930016083 0.4395955478883431 0.010684018060140743 0.12282000379633096 0.3768116690093837 0.4129653153998053 
0.2063148766677103 0.0685034220586559 0.387093647532182 0.09004392398897165 0.8105031086219804 0.7538277528822879 0.9220214263946713 0.24589473870800327 0.9216985039397324 0.7993852654461592 0.19031395997840062 0.3613928892921061 0.33254422864155764 0.10239071200558125 0.4788982045463991 0.05017354506481608 0.4806282288316367 0.4334842459534599 0.38859132046557 0.41814994737794164 0.0610575754755216 0.3679734689497014 0.3080320000653708 0.06262008178216383 0.3117582815836518 0.8486597683923657 0.2718915586226561 0.7478939439238471 0.7740791273820898 0.6766755707019632 
0.8586249534631925 0.30089067945217574 0.316447994455649 0.5815631238650303 0.21737906029810805 0.5204913617800956 0.6165025722275806 0.08368036293746262 0.06042156463546122 0.8630780657801769 0.570900214889559 0.2027117269538834 0.859487321440518 0.5892563853620656 0.36342242662681723 0.7505029124125169 0.16502579121121874 0.589063206743159 0.20879116525607633 0.149504276881246 0.2534850391776935 0.0833473361754038 0.5904477181805716 0.006760060349990105 0.7871833513485282 0.37313704594269526 0.25574992405427877 0.7170208314819245 0.05430116517877781 0.849187265351994 
0.054094325958715106 0.16350207076321632 0.7252153639670552 0.4473589529412063 0.891485969952797 0.9591923642781116 0.5420201109158025 0.8592575626292501 0.21306174559297597 0.7551353763222229 0.5770937055338632 0.9847095920203384 0.3909651678732977 0.054361294014593664 0.12321321826454212 0.38103455054965063 0.7777889732581205 0.6177738406692546 0.753555784679402 0.5529246058370614 0.4179029626148424 0.16284381342284315 0.4379460754341915 0.7950929393932789 0.3061366630192406 0.5420477488159943 0.048876601408808784 0.8522301924727969 0.7040096779609151 0.3621161611197068 
0.6155180682643847 0.18362003391102832 0.18591428282367684 0.14080239078157963 0.7669505931146281 0.9981298179667722 0.12606377632758048 0.3771212737627837 0.1557852107742339 0.11666784035808897 0.7602231677289482 0.5349242840077596 0.26197596682627 0.7815887671402363 0.43228619364820287 0.31267647332467685 0.183707146809312 0.44414929707417916 0.8497511388372946 0.3969032091951221 0.44014305577270985 0.6554488754364234 0.23326079241457065 0.7465980928553221 0.5195306497285871 0.5212022637575935 0.43926843356460343 0.07167481419047927 0.6965748349496513 0.3099264666824093 
0.6427511519220995 0.1321674471591766 0.5010336766086025 0.036008276975839304 0.186806659273955 0.3018258661835592 0.16729935816826014 0.45039598421612104 0.10211830011798673 0.6957699256410812 0.6760663110397546 0.6127363044836666 0.9145678784129421 0.6910271031388534 0.9030843243270902 0.15524239334970125 0.07243837355063554 0.9315182909147747 0.6344268707729969 0.20665023292898188 0.7961311879655781 0.3546441657661381 0.1501005070286856 0.44599235970142814 0.15768711440173777 0.1663488077962615 0.3703285753864627 0.46165686820671503 0.8631132854163319 0.1498296238622473 
0.23552342453771868 0.12443717744214278 0.4156500480329389 0.022656133085768193 0.6089696478437554 0.30565923003376305 0.04522209724463122 0.2878775073714167 0.20277005042030327 0.6834134280730982 0.6850880229616707 0.8775021081173714 0.23724787283504634 0.04938816745406538 0.26213812613616005 0.6935358783884964 0.8461672597178793 0.1834385070073723 0.012264907337062647 0.6816729961726077 0.027366201554434144 0.026121365568533728 0.03178307580369277 0.13371878382979963 0.6718569820890843 0.19518924321930053 0.6160317827301554 0.3752353599717614 0.46433512824311884 0.2835040957174685 
0.1599416039614182 0.33890770031189077 0.11635357214005793 0.6412415543427711 0.3801480585275955 0.43038177706555103 0.575196417008253 0.9433053117309822 0.023311141457494244 0.5299484197420217 0.6657328504239052 0.21911908948642678 0.6302962554198676 0.13534061789493224 0.037192693820134126 0.25381384064159773 0.551355486891585 0.13326254060509723 0.48666459728541456 0.9866044591741594 0.3636704513459613 0.282367036338945 0.18045099258273067 0.6040102141788504 0.1268957507134808 0.6624318684709966 0.0892608258031472 0.6578537917983258 0.659012835593155 0.8581674761677783 
