-16.21590140811948 -7.063540675861916 
-16.566830265024755 -5.5056351325174475 
-18.62732812919911 -1.1729026106138132 
-15.479715269397545 -8.253956222806243 
-18.67116358224622 -1.0092380156719893 
-16.411884820291878 -6.245888418024064 
-18.55606874911603 -1.4619683193118058 
-18.22652141947946 -3.0262987633790983 
-16.244413283418773 -6.957230355763221 
-18.007242862595668 -3.812894882742243 
-16.08461032338443 -7.473977942269737 
-18.02467285257466 -3.778114402193872 
-18.065865563766614 -3.671214026687083 
-19.999908830824666 4.1498119831850813E-4 
-17.994239721238415 -3.834456160300387 
-14.816672654110405 -10.901924149401419 
-14.608205193225569 -11.458460041461034 
-18.395147808809497 -2.2024590830738915 
-17.981986666941847 -3.8505406151689545 
-14.87660517277213 -10.691446364181365 
-18.266385253412746 -2.8353780785693323 
-18.04516858412127 -3.7288588411700077 
-18.358540953990623 -2.381559838106226 
-16.311351059025995 -6.6880745053351776 
-18.109574551589006 -3.525667815742187 
-16.627749264946353 -5.206642298788659 
-17.96836155571001 -3.864223516149689 
-15.09213156050681 -9.831400985455968 
-18.192502453801588 -3.1834405740820473 
-16.05221948566867 -7.551189664759619 
-14.496227220332893 -11.604885604417838 
-16.126492308228123 -7.358330089778559 
-16.185504025017877 -7.168862701787625 
-16.543806299730832 -5.618885147868198 
-18.078782987867285 -3.631502145209901 
-19.999908830824666 4.1498119831850813E-4 
-17.946499330725928 -3.874808665471817 
-15.166080302933706 -9.516822979373895 
-16.468590593182867 -5.980952906393521 
-15.012954465126295 -10.16115826358787 
-15.231386951643795 -9.238639469616883 
-15.984351398176308 -7.675205979016219 
-14.816672654110405 -10.901924149401419 
-16.383302423658677 -6.375559728302182 
-16.115643334902035 -7.39030915019503 
-18.312230034729293 -2.6112007366729486 
-16.506912526319624 -5.796488978185988 
-18.22652141947946 -3.0262987633790983 
-18.607725395529446 -1.249769286089172 
-18.48943276888445 -1.7558702588125454 
-14.608205193225569 -11.458460041461034 
-16.335922466544673 -6.584271520091452 
-15.929638533413234 -7.733660187278508 
-16.573551455454982 -5.473268755336617 
-15.270405780628023 -9.075603076561569 
-15.298766537070962 -8.957386725884012 
-14.64578912616427 -11.38121653227958 
-15.947283658653369 -7.71974717181441 
-14.613484163748025 -11.448526266022892 
-17.98242016285773 -3.850000039182421 
-14.569542986377328 -11.523198304568744 
-15.348732462823971 -8.753860091370548 
-16.03160268155755 -7.59459427281811 
-15.19672060108995 -9.38642781543461 
-16.0026681997808 -7.647198858039574 
-17.96066034979319 -3.869558251885577 
-16.411884820291878 -6.245888418024064 
-18.43671198612173 -2.001790229615242 
-15.131332957372802 -9.664623795328058 
-15.947283658653369 -7.71974717181441 
-14.912680881475161 -10.556398470786517 
-14.727872335561209 -11.175840012569912 
-16.16060909013642 -7.25356029020781 
-17.95395822813535 -3.872698820034085 
-14.535730373305297 -11.56759153030692 
-18.139310671625033 -3.410607865759004 
-14.733767878283043 -11.159486188739699 
-14.773659149693884 -11.04078747725352 
-18.168417526170998 -3.2892224738062663 
-16.281748470349395 -6.810447149732443 
-14.934926916773884 -10.471451661373727 
-14.45820151727452 -11.622374963105921 
-14.691737199049625 -11.271093833016396 
-15.052501922229045 -9.998017296159015 
-14.981349116598292 -10.288934390739577 
