-1.0472346119908418 1.8073169870499122E-6 -1.0501652608058878 
-0.9547653016787674 4.6439084587869754E-6 -0.9285665571286359 
-0.7382096359333827 3.3570020487250014E-6 3.569487697852259E-5 
-1.0681188929663823 -0.700047373257698 -1.0774953370527856 
9.047785114747835E-6 3.3763420657469177E-6 -0.7128993795113262 
-0.9898022891545746 8.831154533270829E-6 -0.987463154508852 
-0.7796504082463322 1.8987360703417802E-6 -6.0654845807291914E-5 
-0.9760351877315444 3.3438349529710604E-6 -6.078883483603381E-5 
-1.040886036590534 3.113393683754143E-6 -1.03894636985316 
-1.1111172262927596 1.976201033903144E-6 -6.065481654308968E-5 
-1.0904419307771422 3.461217040527223E-6 -1.0882517015054871 
-1.1002453262137477 1.983782307286585E-6 -6.065739282010153E-5 
-1.0746761571830803 1.8997225029626333E-6 3.5569544809356135E-5 
1.0852185210352694E-5 3.3434490505540323E-6 3.406548241249617E-5 
-1.1192745394249428 3.3295351741781026E-6 3.5569544809356135E-5 
-1.0961841580776246 -1.02328263030839 -1.097060518793693 
-1.1251664455618264 -1.095690857733445 -1.125788771049335 
-0.8746132735086536 3.3570020487250014E-6 3.569487697852259E-5 
-1.126912751903758 1.9703096594692342E-6 -6.065739282010153E-5 
-1.0905690792258396 -1.0022256494021013 -1.08666813229867 
-0.951865363868206 3.3783047198068435E-6 -6.065739282010153E-5 
-1.0874887604620007 3.283176648446292E-6 -6.26895429520621E-5 
-0.8964309494140383 3.1035388812467957E-6 -6.26895429520621E-5 
-1.0145573071549772 3.625316156829422E-6 -1.024157542204751 
1.0852185210352694E-5 3.3438349529710604E-6 -1.047684427105374 
-0.9195096738794732 3.366528490263301E-6 -0.9270865101702899 
-1.1354861292159895 1.9125774552685795E-6 3.569487697852259E-5 
-1.0766467634886632 -0.9073480617870623 -1.0761214822023235 
-0.9967846973312471 3.3570020487250014E-6 3.569487697852259E-5 
-1.1004065805971557 9.062152346135778E-6 -1.0984450899715217 
-1.144648035099604 -1.1317876658691333 -1.1432707671606313 
-1.0726990357979516 3.3052375204109515E-6 -1.0799923128620703 
-1.050881745699476 3.4046650483361713E-6 -1.065291087447776 
-0.9542354901090004 4.616053212806892E-6 -0.9429756838783195 
1.0852185210352694E-5 4.852016344783267E-6 -1.0667045461885833 
1.0852185210352694E-5 3.3434490505540323E-6 3.406548241249617E-5 
-1.149191528147532 3.4864659263031335E-6 -6.065739282010153E-5 
-1.0741509788731787 -0.8767695507187385 -1.0658871261390883 
-0.9754059410834703 8.52126775367601E-6 -0.9673703594752716 
-1.0765362736321045 -0.9477140580282631 -1.0761029020515 
-1.0769340818626645 -0.8392178341685388 -1.0681998522844482 
-1.1177717638188427 3.7821522919416713E-6 -1.1234505237746013 
-1.0961841580776246 -1.02328263030839 -1.097060518793693 
-0.9943934559408909 8.672039907715983E-6 -1.0003043137385494 
-1.0794260790368904 3.3052375204109515E-6 -1.0799923128620703 
1.0852185210352694E-5 4.62317295928103E-6 -0.9242716318104397 
-0.9720146276003738 8.455803716822866E-6 -0.9475457026063813 
-0.9760351877315444 3.3438349529710604E-6 -6.078883483603381E-5 
-0.7495833047100824 3.3570020487250014E-6 3.569487697852259E-5 
-0.8187430499703726 1.9464082000937113E-6 -6.065451848210813E-5 
-1.1251664455618264 -1.095690857733445 -1.125788771049335 
-1.0105483012113141 3.2420566685335196E-6 -1.013109609936451 
-1.14109988898893 3.461217040527223E-6 -1.1344107564649537 
-0.9316848934941161 8.586436343998892E-6 -0.9475690681436633 
-1.0691245977393287 -0.8248940349977919 -1.0658793691914235 
-1.0663421993947377 -0.811463321012699 -1.0658793691914235 
-1.1253973308288385 -1.0817053469921674 -1.1168791544698824 
-1.1307652547211513 3.0998239582204706E-6 -1.1336727915502252 
-1.1251664455618264 -1.0930995113062554 -1.125788771049335 
-1.1266386037630296 3.283176648446292E-6 -6.26895429520621E-5 
-1.130853097857245 -1.109387126781712 -1.1303860944610526 
-1.0740056025112326 -0.7774197882031992 -1.0681998522844482 
-1.105036874460879 8.672039907715983E-6 -1.1066665762236596 
-1.0664813381406908 -0.8655119636876119 -1.0658793691914235 
-1.1169705163452917 3.3048637710806167E-6 -1.1127983812927065 
-1.1403189068711765 3.484640012222449E-6 3.7079636503777645E-5 
-0.9898022891545746 8.831154533270829E-6 -0.987463154508852 
-0.8498901883979912 3.2828834682845867E-6 -6.064669865089522E-5 
-1.0741509788731787 -0.8947552146839997 -1.0658871261390883 
-1.1307652547211513 3.0998239582204706E-6 -1.1336727915502252 
-1.0949642413632465 -0.982072067876689 -1.086213402552608 
-1.113458225882614 -1.0509536580872045 -1.1102775880803077 
-1.0642516886967013 3.2586599189257696E-6 -1.0673040766471877 
-1.1445019503275784 3.343481158312728E-6 -5.959293493601272E-5 
-1.1398755233877929 -1.1182659761983047 -1.1364894552050615 
-1.0293233665427575 3.3515717960930034E-6 -6.065739282010153E-5 
-1.104827744877583 -1.0525968998620647 -1.1102775880803077 
-1.1045287491731095 -1.0355048279011445 -1.1056612248797983 
-1.011475108129608 3.3783047198068435E-6 -6.065739282010153E-5 
-1.029491035102473 3.648071728417811E-6 -1.0273843752647833 
-1.0838520393194229 -0.9810243543840305 -1.0791305856304263 
-1.1480895546040386 -1.148670883845781 -1.1432680376842357 
-1.12132767861341 -1.061668136085211 -1.1159454991123734 
-1.073894733502831 -0.9289684795499401 -1.0765362692740112 
-1.0784555448147584 -0.9617318563856452 -1.0774953370527856 
