-0.08098299068247156 0.9230165286909184 
1.7480818455314453 0.49234641397531476 
1.7481499879544007 0.4329265996207728 
-0.08098299068247156 0.9230165286909184 
1.748151377039878 0.41710631010081417 
1.7481508629106977 0.43188846134672615 
1.7481512145598443 0.4293511156339037 
1.7481499879544007 0.4329265996207728 
-0.08098299068247156 0.9230165286909184 
-0.08099896651446467 0.9326987671888427 
1.7480818455314453 0.49234641397531476 
1.7480942039005187 0.47254635479316504 
1.7481427290602274 0.44554502412119845 
-0.08098299068247156 0.9230165286909184 
1.748078043482823 0.49451158427525044 
-0.08100962858876583 0.9396096270011016 
1.7480818455314453 0.49234641397531476 
-0.08096789538677093 0.8951692895794088 
1.7481473596846155 0.4378200763399574 
-0.08484791065411999 1.017124113611996 
-0.08098299068247156 0.9230165286909184 
-0.08098299068247156 0.9230165286909184 
-0.08098299068247156 0.9230165286909184 
-0.08097150438109384 0.9060195843947978 
-0.08098299068247156 0.9230165286909184 
1.7480818455314453 0.49234641397531476 
-3.141592653589793 1.095620342997536 
1.7481057508476043 0.46495746938044835 
1.7480814229659851 0.49261534196232387 
-0.08098299068247156 0.9230165286909184 
1.7481499879544007 0.4329265996207728 
1.7480818455314453 0.49234641397531476 
-0.08098299068247156 0.9230165286909184 
1.7480818455314453 0.49234641397531476 
1.7481472566505238 0.44025505091849354 
1.7481472345025697 0.4403363125015992 
1.7480818455314453 0.49234641397531476 
-0.08098267943148525 0.9227161115482253 
1.7480818455314453 0.49234641397531476 
-0.08500823668520276 1.0496513059906214 
1.7474584090651604 0.516856797089424 
1.7480965900925693 0.4657949330678404 
1.7481499879544007 0.4329265996207728 
-0.08484791065411999 1.017124113611996 
-0.08500823668520276 1.0496513059906214 
-0.08098299068247156 0.9230165286909184 
1.7480814229659851 0.49261534196232387 
-0.08103739106086354 0.9511337625144068 
1.7481508766161096 0.43057817652673247 
-0.08098299068247156 0.9230165286909184 
1.7481499879544007 0.4329265996207728 
1.7480814229659851 0.49261534196232387 
-0.08461954458974745 0.9976600528947861 
-0.08098299068247156 0.9230165286909184 
1.730638119916159 0.5253411161071457 
1.7481499879544007 0.4329265996207728 
1.7481499879544007 0.4329265996207728 
1.7480818455314453 0.49234641397531476 
1.7481499879544007 0.4329265996207728 
1.7481499879544007 0.4329265996207728 
-0.08098299068247156 0.9230165286909184 
-0.08098299068247156 0.9230165286909184 
-0.08465671531337861 1.0051361815815083 
1.7480818455314453 0.49234641397531476 
1.6926943771297343 0.6104316782895941 
-0.08099896651446467 0.9326987671888427 
1.7480985907814321 0.4649918184347896 
-0.08098299068247156 0.9230165286909184 
-0.08102017683701185 0.9428070095624863 
1.7481499879544007 0.4329265996207728 
-0.08078828601580945 0.8838498260054503 
1.7481068319869755 0.4603129271454006 
-0.08636132656082496 1.0708165576323838 
-0.08102017683701185 0.9428070095624863 
-0.08461954458974745 0.9976600528947861 
-0.08098299068247156 0.9230165286909184 
-0.08096789538677093 0.8951692895794088 
