-0.08098299068247156 4.985231290990209 -0.4043935703039356 
1.7480818455314453 -0.88213889062267 4.921609023483932 
1.7481499879544007 -0.8821384062434543 4.921574151867167 
-0.08098299068247156 4.985231290990209 -0.4043935703039356 
1.748151377039878 -0.8821384147872756 4.921569084485238 
1.7481508629106977 -0.8821384051152493 4.921575311391412 
1.7481512145598443 -0.8821384469977301 4.921574151867167 
1.7481499879544007 -0.8821384062434543 4.921574151867167 
-0.08098299068247156 4.985231290990209 -0.4043935703039356 
-0.08099896651446467 4.985161689252353 -0.4043935703039356 
1.7480818455314453 -0.88213889062267 4.921609023483932 
1.7480942039005187 -0.882138405630756 4.9216174524432965 
1.7481427290602274 -0.8821388773056973 4.921579808527516 
-0.08098299068247156 4.985231290990209 -0.4043935703039356 
1.748078043482823 -0.8821384062337362 4.921610104859931 
-0.08100962858876583 4.985135359305417 -0.40437170830568553 
1.7480818455314453 -0.88213889062267 4.921609023483932 
-0.08096789538677093 4.985219730511179 -0.4043935703039356 
1.7481473596846155 -0.8821388754707722 4.921575296647288 
-0.08484791065411999 4.981404007754497 -0.4188999759368584 
-0.08098299068247156 4.985231290990209 -0.4043935703039356 
-0.08098299068247156 4.985231290990209 -0.4043935703039356 
-0.08098299068247156 4.985231290990209 -0.4043935703039356 
-0.08097150438109384 4.985231290990209 -0.404397660655866 
-0.08098299068247156 4.985231290990209 -0.4043935703039356 
1.7480818455314453 -0.88213889062267 4.921609023483932 
-3.141592653589793 -4.9999999951240355 8.285875733429482E-4 
1.7481057508476043 -0.8821387761518397 4.921608302958999 
1.7480814229659851 -0.8821384071130193 4.921609023483932 
-0.08098299068247156 4.985231290990209 -0.4043935703039356 
1.7481499879544007 -0.8821384062434543 4.921574151867167 
1.7480818455314453 -0.88213889062267 4.921609023483932 
-0.08098299068247156 4.985231290990209 -0.4043935703039356 
1.7480818455314453 -0.88213889062267 4.921609023483932 
1.7481472566505238 -0.8821388706105248 4.92157697261163 
1.7481472345025697 -0.8821388852548253 4.921577019639554 
1.7480818455314453 -0.88213889062267 4.921609023483932 
-0.08098267943148525 4.985230692142361 -0.4043935703039356 
1.7480818455314453 -0.88213889062267 4.921609023483932 
-0.08500823668520276 4.980670654097787 -0.4188999759368584 
1.7474584090651604 -0.8786612515111535 4.921611226209317 
1.7480965900925693 -0.8821388911205582 4.921617459609326 
1.7481499879544007 -0.8821384062434543 4.921574151867167 
-0.08484791065411999 4.981404007754497 -0.4188999759368584 
-0.08500823668520276 4.980670654097787 -0.4188999759368584 
-0.08098299068247156 4.985231290990209 -0.4043935703039356 
1.7480814229659851 -0.8821384071130193 4.921609023483932 
-0.08103739106086354 4.985231290990209 -0.4043935703039356 
1.7481508766161096 -0.8821384071919223 4.921574144899146 
-0.08098299068247156 4.985231290990209 -0.4043935703039356 
1.7481499879544007 -0.8821384062434543 4.921574151867167 
1.7480814229659851 -0.8821384071130193 4.921609023483932 
-0.08461954458974745 4.980677152781451 -0.4207927272583261 
-0.08098299068247156 4.985231290990209 -0.4043935703039356 
1.730638119916159 -0.7967294091573549 4.936287826949386 
1.7481499879544007 -0.8821384062434543 4.921574151867167 
1.7481499879544007 -0.8821384062434543 4.921574151867167 
1.7480818455314453 -0.88213889062267 4.921609023483932 
1.7481499879544007 -0.8821384062434543 4.921574151867167 
1.7481499879544007 -0.8821384062434543 4.921574151867167 
-0.08098299068247156 4.985231290990209 -0.4043935703039356 
-0.08098299068247156 4.985231290990209 -0.4043935703039356 
-0.08465671531337861 4.980526489567379 -0.4207927272583261 
1.7480818455314453 -0.88213889062267 4.921609023483932 
1.6926943771297343 -0.6093488980293029 4.963662386491461 
-0.08099896651446467 4.985161689252353 -0.4043935703039356 
1.7480985907814321 -0.8821388906123754 4.9216156932155375 
-0.08098299068247156 4.985231290990209 -0.4043935703039356 
-0.08102017683701185 4.985130594953822 -0.4043858408278769 
1.7481499879544007 -0.8821384062434543 4.921574151867167 
-0.08078828601580945 4.985214963651263 -0.4035019420036271 
1.7481068319869755 -0.882138918450335 4.921608302958999 
-0.08636132656082496 4.980674090808672 -0.4207927272583261 
-0.08102017683701185 4.985130594953822 -0.4043858408278769 
-0.08461954458974745 4.980677152781451 -0.4207927272583261 
-0.08098299068247156 4.985231290990209 -0.4043935703039356 
-0.08096789538677093 4.985219730511179 -0.4043935703039356 
