0.05422517845218344 4.17168912704688 
0.4428925513242603 3.084015124798399 
0.833579455158804 2.573723023029236 
0.8442939092979445 2.4242875404797983 
0.2883864925363523 3.930325701941935 
0.6183187988432771 2.9150673227157573 
0.011010551214632014 5.22732232827809 
0.4303489227973637 3.39152599137833 
0.13970660996057693 3.9956711985847124 
0.8482121234951486 2.2969379545869995 
0.44051179710082267 3.248714823502911 
0.6354642674384318 2.7572559586925345 
0.487815468778665 2.9283628159416124 
0.6275988635581119 2.7744807764162123 
0.03969523518225471 5.129482176615082 
0.2993531337147006 3.7081728673670833 
