0.05422517845218344 0.49332949533652204 0.3267829478050992 0.6475063428278047 0.6013472196977939 0.15300200628271332 0.6227334636755418 0.09579064154772676 0.3753736386323385 0.32648693800981143 0.42156245366988565 0.17206104118324483 0.5032221300674444 0.1552201146353187 0.47889620640497943 0.38551287683273283 0.7756229077773232 0.21986402978852293 0.9222431948894196 0.6689420136517654 0.14023791175046363 0.43141957438298295 0.864529013131898 0.23492892793578013 0.43371351894971155 0.07330678990029715 0.09684196790233823 0.8757915378244913 0.45035907508153583 0.07866427561765699 
0.4428925513242603 0.9888668831482189 0.5608605392430925 0.026865045256737607 0.8421961794338603 0.22690538989022702 0.03629420377290593 0.9252602595555514 0.4948574545106268 0.6488936761920813 0.6239724760279991 0.17982359396151992 0.017267255486257738 0.33409486821049916 0.12540453867114565 0.29375410585850026 0.6065867391907744 0.49228123564899007 0.42286227285254696 0.23452535594127344 0.8169290509510645 0.5847888217673258 0.7200592155528053 0.24643703107630277 0.4342713471381372 0.12375508911956601 0.7714872242600433 0.084917895767046 0.6255814794153208 0.4143065870949908 
0.833579455158804 0.8105933609302497 0.8708142419305055 0.9907780514610677 0.21843912847057867 0.6144007412010954 0.6389646485615044 0.07780776314470617 0.3201903379289984 0.8785785274644355 0.029034595769147797 0.7518174053732966 0.8070989214413306 0.555139508718338 0.30075493260286956 0.6654501796248713 0.7966282512280373 0.7121689778771982 0.3421984080288263 0.07235953787447857 0.15713611476739364 0.1108548180269513 0.9373955567719926 0.6313992980722534 0.9955967384316785 0.11285090545568743 0.4077258889637697 0.246473451307344 0.10905713121796379 0.09808540839198332 
0.8442939092979445 0.19564381747420834 0.21181315932881128 0.5089347991709898 0.42322935192280253 0.7895138950292624 0.5279570999518657 0.6074026181733431 0.5886025748679777 0.41648553000674726 0.13276175527568657 0.4644266648298785 0.8378563691502383 0.18283756944988883 0.8068796731847742 0.6744757118815221 0.3386192173182614 0.3261621900772822 0.3196220313760221 0.2777063592659633 0.8467054494043716 0.5626646076743114 0.7716960278683607 0.08152334889497947 0.381920713212493 0.9671033453348108 0.9341552642685509 0.003592633778295551 0.6954673549159964 0.2629646984789481 
0.2883864925363523 0.6143479570341717 0.5623945052759434 0.5647367300899354 0.2625903245058322 0.2322770508786659 0.733210512974284 0.827338720614609 0.04337179867693808 0.46614561218193995 0.8715215791046298 0.5284247607455352 0.07212978945720072 0.6987310279554064 0.1714692696545973 0.15725070667991736 0.6867242392778599 0.07600531645212838 0.35501044219337563 0.8850135275772493 0.7548874779717554 0.507150363785069 0.40282220434657434 0.14306293595073893 0.5592792927839512 0.5512800098652832 0.4832364838727805 0.661868030725182 0.840102117946859 0.03200007803421223 
0.6183187988432771 0.2546319889921016 0.17611035637256867 0.11618738278306007 0.9004617939781543 0.7955272500380886 0.9549187251655042 0.23012835417307642 0.02792201475888234 0.6039919564753224 0.3553613893646089 0.2813387529724073 0.23916542094081628 0.6876621873209012 0.7368024424028727 0.42581425594394906 0.1906501308786579 0.825516507313435 0.564272462890447 0.11380182344305556 0.016777997318239812 0.23246647115403163 0.6587152452986631 0.11025151323981608 0.7575946573408108 0.556682160299873 0.2545488636751474 0.35742873472787573 0.7904246433702261 0.7123714007635334 
0.011010551214632014 0.6707601448457816 0.5860758980952735 0.27471255100642933 0.888106598432541 0.16437083648295248 0.5478487264022506 0.8460794478664607 0.3088254269050511 0.12910723150582026 0.3744673191979414 0.6421114028306095 0.5366666597102844 0.872700517550204 0.19539772858374194 0.48035400240667003 0.47604026724656234 0.4846485611767134 0.8286746503626552 0.2564391807970797 0.7622063391401224 0.4915321156767126 0.803997808258873 0.4563103557171764 0.3054632156648106 0.18926070109946824 0.35616616629024067 0.22614019708306765 0.6595361011307689 0.6106552888812805 
0.4303489227973637 0.5528322843700565 0.9869996068951685 0.29865258234110637 0.8684683846723706 0.15303108370613128 0.498913858153453 0.4043600412789996 0.047269522531628194 0.215004961023744 0.45693501923029634 0.561805466536787 0.4972617490022784 0.8137603728420627 0.6473324787288509 0.37935754168324287 0.3818179967122084 0.2109398061474621 0.5274450906897403 0.5482006680358192 0.40590719791426744 0.9260527272674011 0.0915630385914884 0.6241934545856319 0.11627915069886607 0.4475917022274746 0.5423997723400342 0.5892054955747712 0.046867073238820445 0.8372416157847062 
0.13970660996057693 0.5021990913706306 0.16286381418011953 0.5794025216153059 0.054317960815887245 0.6284503060773113 0.03924037004507219 0.9276273708088005 0.04724874760813258 0.9504877587838995 0.39741276069211506 0.09102582219697819 0.4813111663835752 0.6423593794186326 0.06193895872279298 0.6001062096618058 0.6014504062828676 0.1567113332705412 0.04085653928103561 0.04863512686141602 0.5392106012558382 0.13499916747415064 0.551440064430963 0.7761843318839813 0.7219975023595452 0.39665931453676895 0.592899937511971 0.09012715552784689 0.8498105774998884 0.16188693480617355 
0.8482121234951486 0.4293178994793736 0.7596179047397053 0.2968378535423509 0.222312494415688 0.41047142274083037 0.6765677596352601 0.9929405373298082 0.10049140894596265 0.7887749935409973 0.992172538856043 0.3619025159244752 0.9739713485124015 0.12818692798573694 0.1992172627436014 0.7601189407137554 0.3333681119302857 0.5941720258742526 0.4803549371346708 0.38094859337042886 0.46785258042585154 0.37724942662031724 0.3440758794024871 0.5548620052911208 0.591368923028832 0.04991078839788066 0.24023340642215485 0.6267451421765318 0.5094355014374377 0.06730737131497433 
0.44051179710082267 0.3295535740159371 0.08512891196677586 0.890554125094066 0.8235396249851886 0.7913769368906487 0.4239207288925464 0.09268963693290933 0.03139412176319645 0.1290868192572181 0.8704701272376841 0.6801883143112335 0.07214568354313855 0.567026776084834 0.022714970856571037 0.19867622082631897 0.2982879566462793 0.6650853147397047 0.7028181122936701 0.4015074991603387 0.37363306860830214 0.04793819647225861 0.748783876106401 0.9516738340719487 0.5015665538794479 0.8875807255406439 0.562490335493321 0.5816691981058398 0.28162823316380736 0.4571952179140282 
0.6354642674384318 0.4217107189350895 0.7294841521383572 0.1870337451893317 0.4904073235476635 0.9134850791959835 0.38351244123813855 0.24462423679229595 0.7653192323910422 0.31538351664819164 0.22477901568432446 0.5314076656043276 0.3787519649059975 0.13043236861954932 0.9721658443144501 0.44106946805465164 0.7966046502645228 0.3523783038994477 0.1146852560320829 0.2815246316872748 0.660729248951612 0.9493214835786704 0.3747939246258736 0.1885482666460484 0.2997320572570312 0.43086008417247856 0.09154380915449734 0.7325306982680747 0.6637684384992943 0.2534458761695023 
0.487815468778665 0.19738646393699422 0.1615518888854125 0.4333897747116727 0.2359439182508135 0.09149636443408071 0.6368224788084424 0.20878149632569554 0.5578160370324015 0.1136281303697726 0.05127681982217269 0.006927325256722017 0.6359354032679851 0.2410842432898337 0.17284465416378425 0.4365755968406736 0.7818540411896927 0.9252970814088167 0.1721987698712626 0.3112975785683869 0.9466181124058736 0.1973431681403479 0.3310691735840965 0.1656955269659871 0.165499195445592 0.6422621957558786 0.9864403689564326 0.3663961100744825 0.5825774382282525 0.876889121398284 
0.6275988635581119 0.7950392487647112 0.15474588679976953 0.19713936913441676 0.7448003305075331 0.5731283118661098 0.8432460258720412 0.8793752000634031 0.7112712891570173 0.7912204344375553 0.3410863522446811 0.033417800089531546 0.05110873467553512 0.7967785474885516 0.1356413855143883 0.8776908915165899 0.8235558669030506 0.22278284544417915 0.22445438206672075 0.12337795338097457 0.9069375621941692 0.04586606053446285 0.5756450010553756 0.25199697651903696 0.07070417662042738 0.7373132523791119 0.14780858506884842 0.44477242568452213 0.05297139656547922 0.430580330866588 
0.03969523518225471 0.6366867496972045 0.7666039230184704 0.8557116270307795 0.5307371592817633 0.977553518898199 0.6378199143944722 0.7884531983876035 0.4352305131732649 0.23042997806051457 0.6120695805824388 0.7349097805641921 0.8880382685059196 0.20624729417505094 0.7991026757296846 0.4616733425880224 0.3924510172856942 0.06666555897533699 0.95445162444122 0.6249485064647485 0.335999170150847 0.20328052364252758 0.23973587886936776 0.4694176705750289 0.6780840839844252 0.6540634934995012 0.1637562781542098 0.1195241969591081 0.43702845157912473 0.05136606834165047 
0.2993531337147006 0.42286466887704965 0.5674380434200524 0.975508029261593 0.0945976538446387 0.8518957952278944 0.06467849011677662 0.24824496117138395 0.5469975779294307 0.15042042418857515 0.1680889052399711 0.8985174055247186 0.9228713061312126 0.21358709844879398 0.10512763531070224 0.7894113417554481 0.0975063033703476 0.9579832624919548 0.04083834277683751 0.8195049290289214 0.06528996375801766 0.010928931306110168 0.357406377078896 0.6949340675893361 0.7403421014675541 0.21382208082015486 0.19916587959841792 0.8802035977691866 0.43613950543712465 0.1256577236703046 
