0.05659526911348978 0.17888045814427367 0.7962536537096774 0.6138166733054914 0.3256906116838385 0.7291929840690222 0.10334565891099656 0.39772176373341084 0.31167538181706533 0.7088588091680884 0.8066879881081412 0.311625244078894 0.026608089308285066 0.7906508410578312 0.6586419919926109 0.6453243525274613 0.3991408405089839 0.1384514255002698 0.5047063386386164 0.10489990051329501 0.13022579521704392 0.19358260948612793 0.2852302556393207 0.7579142480171714 0.5877866536147089 0.9838175617262415 0.5740115965837645 0.16189371454533563 0.4550058942839229 0.08704015183709002 
0.03389092050206366 0.7528712811190164 0.17803784995136007 0.3754816815234694 0.6981031738428837 0.46127344015990646 0.16151631659609655 0.8477041949409917 0.7136646823960098 0.7849199386224458 0.396922586179968 0.5471397067492294 0.4111077687687915 0.2810934394306478 0.6808171138426787 0.3134663354780144 0.34759591153318004 0.928180801827278 0.30304546577088654 0.07388200988222626 0.403218711439715 0.5799901062371966 0.26138764578124496 0.5476736617021184 0.1554456525125546 0.8285555994383172 0.40690544069173773 0.8942734586222856 0.35836791704474225 0.2331084684161866 
0.6712353915394215 0.012914279765093517 0.8050134340282242 0.34818064659408676 0.6257657032595808 0.18130023309377474 0.2651452215548 0.34107229417775353 0.49399303594109056 0.30311035839772127 0.09904989617403082 0.5307048538053172 0.7686905425589337 0.24273192738725913 0.18477917745138017 0.29939909769419804 0.6977958266428964 0.5114797359188517 0.011869338074575464 0.07016000280440238 0.1017641336841365 0.8520740036759632 0.7292627979929098 0.30514670211216866 0.17030846317287573 0.877400326298991 0.18946225045687726 0.5247158963496721 0.7075165233175662 0.8876978216972765 
0.04068524693114128 0.3529092678064315 0.34406346867365833 0.01347798692791402 0.7212858042376101 0.5279705137434572 0.7934987136307566 0.17343579542802323 0.7867615910572656 0.9802371221700179 0.42581225100662623 0.8193215733346516 0.04427215736886958 0.6708737161984911 0.08683194717832488 0.3295913031004649 0.6997910874763681 0.34037204247817543 0.6874440720192652 0.6816128739250723 0.5124580468395132 0.07038830701873999 0.6070301176805049 0.55007201139964 0.3008421114400561 0.7523894849853737 0.6253757202001856 0.17112019030446046 0.1049711764621657 0.9000199994669883 
0.0137863897545909 0.2706501487889943 0.275937782493627 0.6768082479826614 0.3859968188482916 0.7889091522403694 0.4210052149988788 0.49783507734522825 0.48099561655154555 0.9837093105823064 0.8319616586400483 0.8174143202025628 0.2165634122286768 0.916850079848344 0.08162688705741139 0.13903801190311882 0.7415396803873228 0.013306375268339776 0.6772288274807207 0.7215799582834231 0.7291592743487857 0.45883052245039924 0.3289382340595075 0.10430431587101296 0.7042177195642259 0.5737592777805631 0.22160066178497506 0.6151108741662683 0.15308423541461613 0.3205374364420882 
0.4494292287512357 0.7343187173166184 0.319044603374001 0.3549901465337618 0.2002912986741634 0.4919128696554129 0.27186586770069765 0.2313012282715139 0.404571028517565 0.3188592699469993 3.0157828769927786E-4 0.774344603503194 0.29519451958636056 0.6646783317383471 0.9256867938294246 0.5455585771830904 0.8995337052699536 0.6926179123648231 0.6245978421346591 0.3748779290489552 0.26246731725573824 0.2294307022204115 0.361053328615619 0.7066008045219904 0.9609245530800784 0.7628803587417543 0.10944660122009808 0.7004474397905722 0.6404921987878663 0.29660455082740655 
0.18796893869464937 0.07562878946928453 0.18366560784915198 0.0013205345118502132 0.3628692273420485 0.9513364605646886 0.48739705357231844 0.33988905188755536 0.07925807588751477 0.5691985282469777 0.3148671524892508 0.6465103912579335 0.24417956107452898 0.13612262052655288 0.470686996354015 0.5318509906552937 0.5271454988471812 0.1566616234517354 0.7940693524863772 0.8493610835791234 0.36312804086915706 0.34013125319840054 0.5443815507239423 0.1532266445982704 0.4340090408653945 0.06665950558682676 0.7637820883931868 0.8238778553889543 0.25108344648489944 0.7343224031707576 
0.003364840424011639 0.6197877779401847 0.4648449472617904 0.5829183765617816 0.10935588853326395 0.48753409071592013 0.08813284397233911 0.9790705949808086 0.8253920278254685 0.4222473946611468 0.05973591722935734 0.7122210123625295 0.3294290375622969 0.1441440209457684 0.5503000607923879 0.925904373040897 0.6424484129869916 0.7187900590711271 0.08255726325641233 0.007016829963384041 0.26861930176514126 0.8937105585798838 0.42121750452096196 0.46795965692664165 0.7602745758157577 0.7043222606068096 0.825223369589834 0.6684881167885958 0.9061793853689466 0.003288825346691393 
0.1277093600423772 0.11955620703507253 0.2888331702450361 0.5857101524399507 0.09843751796376121 0.11665648027933395 0.17110069287688057 0.8594383089613733 0.5579695835444777 0.01627153226899769 0.8469222882605018 0.40031010956068436 0.04698469114713877 0.6185187978134473 0.8922352505205416 0.26257333392413795 0.35407639952583736 0.3896872506749245 0.010916887430938327 0.657860833801506 0.5333406606078516 0.29301028781992344 0.04839166500421843 0.7198795004458152 0.8675360489448506 0.6508506719082036 0.8069521701806431 0.2217943948122214 0.9318645846056147 0.37835489637132 
0.45148609108663207 0.1561968733249599 0.3436452714984993 0.700021509543245 0.7229607671413327 0.9898220045351414 0.3720353731145438 0.1060951328120594 0.5195322966581022 0.30885782739933787 0.33342443013423784 0.39212739748894365 0.1546864647241445 0.01728469294658208 0.23302369314715354 0.49774457053576415 0.18319568211813986 0.012899814640868978 0.31266310827501087 0.7990291209637035 0.4149144879182438 0.5086710892814905 0.9296550065739342 0.17115977643113078 0.17904068078583701 0.33793639341691606 0.04408190544905377 0.3844241086954935 0.8584142519032142 0.1965951691302228 
0.3951406120265878 0.35914934473912996 0.23182547349366178 0.40793944181032893 0.32646440604767546 0.21767607299790992 0.4069745476868628 0.12557738496312543 0.25770098356035454 0.45044899059679144 0.13540197534247922 0.5166334058288912 0.4561081864550838 0.3942973146310279 0.9213459261172534 0.8352544570067373 0.8445726960128808 0.9155956376514481 0.7691055708112718 0.030019209396076607 0.1535836875067167 0.18283143835283422 0.41217638645563137 0.06509504332374971 0.22571194323338895 0.8879030357537647 0.16445724126729455 0.7184260206906242 0.4004080160093938 0.1367674896318798 
