3.360229827134749E-7 1.0007670527729697 
0.852081038554521 -0.7729554599046007 
0.8247221465185217 -0.48522391509487683 
0.6532222169820346 -0.45741179393569675 
0.4536806482088746 -0.12322397646659726 
0.6185777185444152 -0.12641118366807433 
0.4095395105820123 0.24024435345820805 
0.2588015364112607 0.24338349413800067 
0.08271374829306316 0.6705367526308432 
0.18253869255472135 0.6687580481466044 
0.4114991535687126 0.21393305780768593 
0.8433946155088122 -0.7425748465058805 
0.215987365708615 0.4323849981875997 
0.4429692544619446 -0.09693046086691856 
0.4209516492373184 0.09464198352592884 
0.4238274417208733 0.061657316278074054 
0.4144940652993785 0.17500500063170574 
0.6278398158012267 -0.2733335183483212 
0.8303425566450822 -0.5669462557631022 
0.831385482879425 -0.6042300707960533 
0.06553079333313874 0.6871272440746049 
0.41744866681252246 0.13838334024924837 
0.22025385432796135 0.400926982480587 
0.6372700778608247 -0.3843623893180887 
0.8333206350789255 -0.6333790846310929 
0.6410364467132752 -0.4155846505677726 
0.0496432002916216 0.7301158632138388 
0.2143329010148769 0.4539168447183306 
0.07313216723777877 0.6764308107951225 
0.001723670422626463 0.9601477261964707 
0.6464211674062879 -0.44537551943652254 
0.41932645815664893 0.11409890949537688 
0.21035916616260386 0.4753268635789364 
0.03663240315932531 0.7765723138508983 
0.0037524780263803736 0.9398029266169592 
0.4310134207868306 -0.011754108672074397 
0.025164703763882412 0.8248067386044833 
0.2355691244586054 0.3037917474341898 
0.8259809282070489 -0.5096707671030557 
0.23895480045309847 0.28755657206698587 
0.447084811698757 -0.11287000854688498 
0.007305002185054331 0.921866810062074 
0.20051880100094605 0.5513018736021437 
0.04480309657682924 0.7516559838250751 
0.009250454750738324 0.9028445001967277 
0.6305634666568238 -0.3098281725389207 
0.8272748734789603 -0.53407877245207 
0.014592369850734047 0.8737747160752783 
0.032083247683894034 0.7950536847758509 
0.435245147980174 -0.04799750548619783 
0.053766224555327466 0.7156444086377788 
0.43327418292886477 -0.032089339266994414 
0.18662606910311103 0.6452366910494172 
0.8408932700148564 -0.7223516216682413 
0.837588109796912 -0.6890337016868554 
0.02931722412613802 0.8070742649054083 
0.23082183270667644 0.33055086933295336 
0.4154247257562409 0.16305857366555315 
0.1976710104123679 0.5713744277143411 
0.6295162656094287 -0.2956938880097072 
0.18983360407105143 0.6252954810957366 
0.22373866665843195 0.38096757993768404 
0.6259741390973548 -0.24411771937110613 
0.6231253443108924 -0.1912752978546174 
0.8359079315166634 -0.6688687554571099 
0.6428931628600861 -0.42756234241168245 
0.8392534949903128 -0.7066642083143868 
0.012419549387045592 0.8850066831625399 
0.021818433774008442 0.8410388464332418 
0.20455763347985959 0.5202080134863738 
0.8288976893152713 -0.5508263776376159 
0.42887805549567426 0.008590910132417256 
0.19348150371388811 0.6002310115061866 
0.23218377064669882 0.32252250029100304 
0.20278193798187602 0.5336639286011418 
0.42555846472169345 0.04274465421353561 
0.6200159569386186 -0.15135003588322193 
0.4379500703652808 -0.06783443248026799 
0.6219521681988609 -0.18334840494933716 
0.6358206456834339 -0.37036245760515135 
0.2269611847720111 0.3547973700460545 
0.24312051423761288 0.2707532211654731 
0.20821903496598448 0.4914819567794712 
0.8324143761381708 -0.6202412982302263 
0.6242655465684037 -0.22031402423069055 
0.22675918973471537 0.35592711493562235 
0.18317640356991688 0.6656191227792552 
0.2446051784151659 0.26557367789897235 
0.4379500703652808 -0.06783443248026799 
3.026942484136985E-4 0.9839070565699353 
0.24913306139229313 0.25293791795323767 
0.6200159569386186 -0.15135003588322193 
0.19752176219107176 0.587547829277512 
0.42780531624115614 0.01968077067919355 
0.42657224042347563 0.03201865374430394 
0.6332643847059445 -0.3351975271331686 
0.22202407616451897 0.3881122144479108 
0.05848653761546929 0.7031235347251217 
0.8249725166985471 -0.4900962311739785 
0.18870604869152965 0.6323406354053331 
