-15.014402487165142 -10.154023262835025 
-16.08537739167711 -7.434134154914995 
-15.464296387103634 -8.304888409279668 
-18.890496570177206 -0.3159399805002524 
-18.660788329687264 -1.0378813410445458 
-18.807359386868455 -0.5590112600806909 
-16.44088801186912 -6.0561805906759325 
-16.58408865291326 -5.412017394835485 
-15.069896976691473 -9.910615292479864 
-16.297964032878813 -6.712287511383444 
-16.25997173911022 -6.849897637194432 
-16.99239958297899 -3.968053040541105 
-15.52412208519252 -8.098500942900053 
-16.13278068452571 -7.308252804054439 
-16.025503005249973 -7.585664563608772 
-14.795298089388464 -10.970291138343065 
-18.277800717439085 -2.7709307595254384 
-14.693565300663252 -11.232278376557622 
-16.20315380407507 -7.098221502649406 
-18.177658446808245 -3.2335726815666854 
-14.977386838061165 -10.257812550802322 
-15.130724562926643 -9.65532083903203 
-18.35616177021126 -2.3778724706142933 
-14.906124291009846 -10.581328782427144 
-14.833207256094543 -10.820825948363186 
-16.820005332694894 -4.3338784347517425 
-15.49610187790594 -8.194215813660632 
-16.18162064905719 -7.179775282226407 
-16.33923767212366 -6.55615192717031 
-14.628628084884266 -11.337990389844887 
-18.140063804616116 -3.3973958317534616 
-16.617612643294066 -5.254838923919699 
-15.628806662120802 -7.759814679131076 
-18.853803531614446 -0.44090173228745855 
-16.716211906400083 -4.712041359016526 
-18.08012953645269 -3.611322620095497 
-15.043058501373084 -10.029329331137095 
-14.955023500469178 -10.388049796107563 
-18.200050654179194 -3.137468464033749 
-16.886159651597357 -4.205838937073131 
-16.70014652891038 -4.857284892751943 
-16.511207538810122 -5.7725512683198055 
-14.599055891404154 -11.425575078861847 
-15.254940669671516 -9.131429959155309 
-14.876314241309935 -10.69073039333518 
-14.912324257184215 -10.488593020770367 
-16.915916773521523 -4.078013171563151 
-15.165909827510694 -9.517032124119137 
-16.48523369072564 -5.898692762534717 
-18.248669603740716 -2.909629889279784 
-15.564382968840112 -7.966158445495628 
-18.512160905613626 -1.6439445783631539 
-16.672065123058392 -4.984444878165508 
-16.560177630966006 -5.532062249210329 
-18.047948771698874 -3.7072667234510237 
-19.997486740378072 0.006242595360120188 
-18.436067202307175 -1.9980718306479714 
-18.594935514492278 -1.2905156196128864 
-18.41221452914396 -2.1103344342516324 
-16.765370985948255 -4.573805834085477 
-16.36398096628134 -6.436622422703627 
-18.733689211273294 -0.7859484541865382 
-16.227658387837103 -7.014346628799043 
-15.323456290473167 -8.841368167621518 
-16.408664986248954 -6.250818698628136 
-15.356640594575907 -8.719630622394373 
-16.81034415941283 -4.427488976879249 
-15.972914474605233 -7.6849607261931565 
-18.32977539020318 -2.4881310206830927 
-16.645631181279242 -5.115103693175066 
-14.53256909321945 -11.563286139858779 
-18.485221707491974 -1.744896659438633 
-15.28249749279934 -9.024634556410202 
-15.192725777729489 -9.39535134468879 
-18.62838133078366 -1.1692547946607619 
-15.380161287483974 -8.618567012930214 
-15.429575594468732 -8.416067214665926 
-15.403410670698468 -8.538862388096133 
-18.539531905152618 -1.5211042575039357 
-14.428970862627196 -11.618405905969823 
-14.748982461449902 -11.102061066483682 
-18.387812566573707 -2.2320542171647166 
-15.215837198410679 -9.262671973891619 
-19.000452816318486 -0.12217830473881859 
-15.588225687230544 -7.883843660493274 
-18.312433802882552 -2.598330952949458 
-17.941015968459567 -3.872914703956041 
-18.006971494479394 -3.8066323723427025 
-15.8852636027623 -7.749413441785425 
-16.53530410311683 -5.655872230866251 
-18.114441058207632 -3.5019606394862097 
-19.071775491931145 -0.008934211095732864 
-18.69089421129568 -0.9069601727960959 
-18.46212002238929 -1.8733826660774322 
-18.223855188868725 -3.0275993093352342 
-15.103217552016313 -9.78261651132333 
-18.771247620320054 -0.6641373395113987 
-18.935057733332002 -0.23440067506372542 
-17.044545334168845 -3.8740948801904387 
-18.566961852502214 -1.406914852778916 
