-1.0754737983752574 -0.9497694408329532 -1.0722507510380552 
-1.06868328747755 0.005935348621757208 -1.1095845068443608 
-1.0872377462733487 -0.6826249213994515 -1.092484740711092 
-0.5822514038522691 -2.1291264211839632E-4 -0.005121631834542379 
-0.717958194260275 4.68217607594997E-6 8.129636547891441E-4 
-0.6335698628571316 5.012965436198121E-6 -0.0012485654428599632 
-0.9196567760959936 -1.0658485454063466E-4 -1.0406842778331176 
-0.8927418133853315 -1.8149859241944818E-4 -0.9805290033936089 
-1.0772416695915974 -0.9055695945778179 -1.097717327956437 
-0.9905688827502435 -5.072886433981206E-4 -1.0565694627757183 
-0.9972202391040897 -4.361149404016158E-4 -1.0733282706870777 
-0.5339567060295196 -3.9790143238218126E-4 -1.1124262245761076 
-1.0901408504128072 -0.6383004192864901 -1.0980683936683904 
-1.0997479754695592 -7.448331305854872E-4 -1.049169458401998 
-1.1236098615031593 0.00177696636847946 -1.091946241114629 
-1.0997479754695592 -1.034249422387192 -1.09270953659463 
-0.944272857828542 -1.7360326809597013E-4 6.099392514367704E-4 
-1.1225094705779588 -1.078032049112395 -1.0813756963616494 
-1.0685203804793402 -3.904466013638378E-4 -1.0367935142688345 
-1.0042993928514496 4.775112308789351E-6 0.0013061716689130277 
-1.08041388866261 -0.9835016767711943 -1.0393760635180644 
-1.0806476371427274 -0.9007196113528949 -1.0498326769984816 
-0.8966389700538595 -3.9084656609977354E-4 0.0010052183043441172 
-1.0823068746002247 -0.992711641869443 -1.0854907464129684 
-1.1226021348532438 -1.006961577449374 -1.0854907464129684 
-1.1283445544245352 -1.6915168114636344E-4 -0.6163876991784802 
-1.0901408504128072 -0.6607657482698979 -1.0923780122126099 
-1.0685203804793402 -1.8125785296331797E-4 -1.0500586623995216 
-0.9918001805960348 -0.0014786879954400188 -1.0298986228532088 
-1.093733322003313 -1.1179619269170324 -1.093048676268705 
-1.0279259787248038 -2.2314654863320182E-4 7.909075890559897E-4 
-0.933439965907422 -3.7183013344124966E-4 -0.9192613170219456 
-1.0774963207579906 -0.6125358245855408 -1.0628670312441504 
-3.649522717863317E-4 -1.9099394898278778E-4 -0.6082245206978782 
-0.7363055744478666 0.02595580935195313 -1.061742346357477 
-1.0641673260571445 -4.5656346001667384E-4 0.0013118389304204291 
-1.0877468653012796 -0.9341599523035746 -1.0619498456080576 
-1.0780255527573555 -0.9638023310772721 -1.097752473509714 
-0.9911919798620766 -2.741907244414026E-4 8.005790856955406E-4 
-1.078526174788339 -4.0183074086102936E-4 -0.6241714085635233 
-1.0028256657244554 -2.5100795120031614E-4 -0.8023318177883132 
-0.971450294408894 7.563917317878802E-4 -0.9455115340101771 
-1.1225094705779588 -1.1179619269170324 -1.093048676268705 
-1.0868252858928413 -0.8141858936787731 -1.0772482648934822 
-1.0993360514822212 -0.997888485649186 -1.0861094283649195 
-1.1232754909088096 -0.9867191507330666 -1.0494595229953485 
-0.635381818701504 -0.008166660116318836 -1.0478081256206366 
-1.0775084748482333 -0.8736706261945919 -1.0677367209035282 
-0.9627420901549917 7.563917317878802E-4 -0.9699321142911402 
-0.9616697215583323 -2.2314654863320182E-4 7.909075890559897E-4 
-1.0901408504128072 -0.6383004192864901 -1.0680217488707897 
-0.804518371022993 7.440776350368591E-7 7.899914607501341E-4 
-0.9188066867718221 7.687864453915227E-4 -0.9011852080558544 
-0.9094618774622947 -2.2577658550346387E-6 -0.9780875764803012 
-1.0840882368351787 -0.001268834962902421 6.12726795562013E-4 
-3.649522717863317E-4 -1.9099394898278778E-4 -8.229363035284765E-4 
-4.0385547432641663E-4 -2.572867740232987E-4 -0.849776721477443 
-0.7560823178379885 -1.6869535952284355E-4 8.231544550293401E-4 
-0.8637294262308124 -1.7323571509745964E-4 6.261789216406792E-4 
-0.9951921905730512 -3.2626065137765763E-4 -0.7714775429075044 
-0.9902386262431253 -0.0081331770734094 -1.0162255584277695 
-0.6760554220730687 4.68217607594997E-6 8.129636547891441E-4 
-1.0397590603176907 -0.001363353650899679 -1.0503966111194416 
-1.0619649114702716 -0.814604912640061 -1.0450986621193716 
-1.0093723019993703 7.794952175859135E-4 -0.9699321142911402 
-1.077714134865302 -0.774841382577119 -1.0618591453472987 
-0.6758542281193605 0.0014928770690805122 -1.0692579133273286 
-1.1236098615031593 0.00177696636847946 -1.1247657078367137 
-0.910579263415739 -4.2163003199440494E-4 -0.002602845564954587 
-0.9188066867718221 7.687864453915227E-4 -0.9170376565497784 
-1.1452798207563513 -1.1117933534271969 -1.1467640096904774 
-0.8186690950662923 -0.0019998836049711227 9.80754747432833E-4 
-1.06868328747755 -0.8202004909523397 -1.063562829010449 
-1.0675110782666708 -0.8761046473927424 -1.050872749094389 
-0.7376316833740736 2.5769218679663745E-6 7.471150534926101E-6 
-1.090884529455683 -0.7524567875133785 -1.0617439099017316 
-1.0422320321563876 -0.7551767059221813 -1.067259909965948 
-1.0756642014581346 -0.7426376678949582 -1.0722507510380552 
-0.78836233752095 -3.8903115372630075E-4 7.910098459437631E-4 
-1.1541077965276472 -1.1613856583994515 -1.1403454772939345 
-1.1096538043001878 -1.0347547849248755 -1.1247657078367137 
-3.649522717863317E-4 -1.9099394898278778E-4 -0.8785355716198908 
-1.0775084748482333 -0.8736706261945919 -1.0250201020370941 
-0.525605441396651 2.560203970718196E-6 8.512126336439737E-4 
-1.0774963207579906 -0.6383004192864901 -1.0628670312441504 
-0.9231727804909956 9.73334309405072E-5 8.176962338922455E-4 
-3.649522717863317E-4 -1.9099394898278778E-4 -1.152200672975275 
-1.1103141478123226 -1.7352030639687478E-4 8.214083307961569E-4 
-1.1525306044095953 -4.16090371043743E-4 -1.1508734978138395 
-0.9393268332353918 -8.845945759560535E-4 -0.9630458315619673 
-3.7408540225042364E-4 -1.880742549254192E-4 -1.0441828945605272 
-0.48639998261093675 -1.0658485454063466E-4 6.12726795562013E-4 
-0.6983798811495613 -0.0024032316811594357 -0.0013366211706996034 
-0.8341742928392204 -1.7358863646492584E-4 6.12726795562013E-4 
-0.9767081366904531 -1.6977610852554734E-4 8.231544550293401E-4 
-1.065564061334545 -0.9061667813579258 -1.0795782899801185 
-0.6540942554396718 5.8199254003482625E-6 -0.001259814229045318 
-0.560062860953713 -4.2163003199440494E-4 -0.002602845564954587 
-0.486981649905587 -1.0655376947453195E-4 -1.1328837488594679 
5.29832380027817E-4 -4.1701546290478543E-4 -0.7725726219479707 
