-15.93853893555535 -7.726893240709856 
-16.54352360872172 -5.619709072508373 
-18.198752703529607 -3.1521289987727745 
-18.369060293997816 -2.327740225418899 
-14.511748816897594 -11.592073284924398 
-18.282235235324862 -2.7561571974741383 
-17.967244595523752 -3.8637617622458076 
-18.040842489298907 -3.7382471749865074 
-16.40588436724154 -6.272710098194096 
-18.13243536955452 -3.4365544118551847 
-15.351718452774023 -8.742112354645965 
-16.591219794264703 -5.385998170275582 
-16.49653429013174 -5.846499806356867 
-18.22141550716618 -3.0474908223994026 
-14.709351441424529 -11.226778097010243 
-15.035321160826541 -10.06932438053925 
-18.681210673506826 -0.9706964672029647 
-14.635505095495564 -11.404107274847417 
-16.297157575844565 -6.746841544829941 
-19.999279047550672 0.0023056979020661707 
-15.230245940883936 -9.244354059100523 
-15.163109564658075 -9.530157350753893 
-16.54352360872172 -5.619709072508373 
-18.40678360194232 -2.1427724729564224 
-16.05256846932606 -7.549759600161805 
-15.942700678828201 -7.723357218596141 
-16.276972064830545 -6.829032810939996 
-18.443075720069796 -1.9697310538303894 
-17.97709384692583 -3.8547309365007476 
-15.315352982262182 -8.889551947800364 
-18.317366773021924 -2.5834464471800067 
-18.297342852337522 -2.681715491180519 
-18.114435959999753 -3.504617020724718 
-14.464420306370776 -11.62158704351107 
-18.640061242435372 -1.121958073380542 
-15.994356020893155 -7.659699104624222 
-18.037353355231588 -3.7472550411961003 
-16.218612009739957 -7.052596750736379 
-16.131771829678748 -7.341546797096365 
-18.02036747338522 -3.785801636296921 
-14.904419429998217 -10.587037134755732 
-14.870607975792566 -10.713853973710743 
-16.378075775154237 -6.397928810025008 
-18.13243536955452 -3.4365544118551847 
-15.084815238831961 -9.862646965809512 
-18.537071865351372 -1.540888203159758 
-16.6244691770097 -5.220879029450699 
-16.07246894658129 -7.50343072353689 
-17.954996076871616 -3.871295911239036 
-16.013860418787637 -7.627106181246518 
-18.582214356339414 -1.3508853745660288 
-14.83694159534744 -10.832466016946606 
-14.523277611297829 -11.581482645442858 
-14.673926881950376 -11.317519374984627 
-15.193947171430807 -9.398759001189237 
-15.11962705543657 -9.715278305353893 
-15.266926758569296 -9.090307836195725 
-16.240902612297845 -6.969895175853322 
-16.187478523919367 -7.163330212795629 
-18.084864108696763 -3.6094109360898483 
-16.099222924052228 -7.4352404540466654 
-14.988597005333629 -10.259678340617786 
-15.980283085392173 -7.680839552779184 
-16.46394720569645 -6.002321275545664 
-18.48933584260711 -1.7542351095797881 
-16.153512341582164 -7.275502388113374 
-14.970457926671902 -10.332578293597923 
-14.557366458297697 -11.540587228519168 
-14.523150190546158 -11.581617123161418 
-18.000640715421742 -3.822768600640214 
-17.991761028322358 -3.8365489510691284 
-18.181871724615583 -3.228803634268551 
-16.346326919962205 -6.538279515560593 
-14.769501685063798 -11.053072459264964 
-18.05367750208209 -3.704539256955798 
-14.593080347313268 -11.485355092600578 
-16.427117217485055 -6.174963677819003 
-14.933352767302162 -10.478111274091718 
-14.805686421916132 -10.937394276963367 
-14.734163699023494 -11.158539162236679 
