-1.134372511104578 1.2866470527049135E-4 -1.1355501901229763 
-0.9432414775700907 9.803641669755317E-5 -0.9541401618982835 
-0.9927523442896721 -1.2145008643987431E-4 1.781304439455742E-4 
-0.8900157267468319 -1.2131775716720928E-4 1.1737459993994716E-4 
-1.1381030234079417 -1.129652501100622 -1.1389820875887844 
-0.9421690312436319 1.021815741069297E-4 1.2183885514445292E-4 
-1.1360221511806268 -1.212506236550429E-4 1.1501189592543585E-4 
-1.0900254627613997 1.389773305403616E-4 1.2284100144905396E-4 
-0.987044863269624 8.738679753240393E-5 -0.9938794665863874 
-1.0334473877473116 8.170583876508284E-5 1.1743810924869835E-4 
-1.0685091605561017 -0.7772542213879343 -1.0715337663841986 
-0.9416693420150043 1.021815741069297E-4 -0.926927973997737 
-0.971694813720572 9.803641669755317E-5 -0.9541401618982835 
-0.9789483046187057 -1.2569894902962465E-4 1.781304439455742E-4 
-1.1071251736160566 -1.061982559790167 -1.1129976943653372 
-1.0784369782404652 -0.9360971355247194 -1.0747493492908249 
-0.706922503601045 -1.212562084669779E-4 1.2179387876408552E-4 
-1.121652380680652 -1.0845572708633309 -1.1248857521453488 
-1.0252788989519475 1.2856167307175156E-4 -1.0221372063901129 
2.216137026662639E-4 -5.1300026254453655E-5 1.2271838303585514E-4 
-1.067774776800186 -0.8421121574123237 -1.0737723871815203 
-1.07293855851821 -0.8759159106926575 -1.0710313104522384 
-0.9432414775700907 9.803641669755317E-5 -0.9541401618982835 
-0.8674743475094939 -1.2131751344581571E-4 1.781304439455742E-4 
-1.098992448736853 1.3358745434481845E-4 -1.0996416314994997 
-1.1338389697287852 1.2795394846654127E-4 -1.1334728901524318 
-1.0311986561668591 -1.0643217047872603E-4 -1.0286108814817374 
-0.8460043238783831 1.0143637222852849E-4 1.2189323258355689E-4 
-1.1298430203390677 -1.212646232020648E-4 1.1743810924869835E-4 
-1.0674471440931907 -0.7983363103256764 -1.0709962238376873 
-0.9210248712514594 7.495090933029542E-5 1.2189258588337998E-4 
-0.933040625401244 -1.2131492947100617E-4 1.2300114035537787E-4 
-1.0444364496423164 -1.2125727809143762E-4 1.781304439455742E-4 
-1.1497870293253905 -1.1410703854925635 -1.150659031584272 
-0.7306798325449713 -1.2089137391334372E-4 1.2015507839669337E-4 
-1.1144644176746428 8.845917947244682E-5 -1.1205010197394707 
-1.0922280142250522 1.0236610918666398E-4 1.2208940630451266E-4 
-1.0445499169244004 1.2964207483684708E-4 -1.0511802780604034 
-1.0698606874687466 1.1911191015166988E-4 -1.0795594085916436 
-1.102785090319457 1.2859527563270664E-4 1.198486740912281E-4 
-1.0804142226635283 -0.9939174550021244 -1.086722508584668 
-1.0921858201001164 -1.0023976726400692 -1.0902136812202587 
-1.004011368850716 1.3757541471169272E-4 -0.9938805046612333 
-1.0334473877473116 8.170583876508284E-5 1.1743810924869835E-4 
-1.0746898432101806 -0.9137827731418258 -1.0735340341326158 
-0.7905768694916977 1.2849985719694685E-4 1.7911532760112167E-4 
-0.8976897641494607 8.740294330998866E-5 -0.951018592342204 
-1.0924751220525777 1.4401771733402527E-4 -1.093769628821288 
-1.1437288599558777 9.659898700553434E-5 1.2215030916864418E-4 
-1.1144644176746428 8.845917947244682E-5 -1.1083139680922511 
-0.7642803131251241 1.021815741069297E-4 1.2189323258355689E-4 
-1.0921858201001164 -1.0172081324720694 -1.0936941680825136 
-1.1381030234079417 -1.1240078900605883 -1.1389820875887844 
-1.116673138371945 -1.0739375068548644 -1.1139241583231025 
-1.070247671851589 -0.8637856681794052 -1.067258002496773 
-1.0711269912507169 -0.8980235859461916 -1.0735361065182323 
-1.0685091605561017 -0.8234925742999712 -1.0715337663841986 
-1.0400369640081917 1.2404321032655712E-4 -1.0419568134016848 
-1.0551705522820922 9.957467277706201E-5 -1.0597731055443818 
-1.062749193612479 1.177893387802096E-4 1.198486740912281E-4 
-1.0829883264228888 -5.4891993883920964E-5 -1.0866250152269112 
-1.0788752257336722 -0.9529692624794246 -1.0861409357020533 
-1.122970838633972 -8.700427819952061E-5 -1.120795575127569 
-0.9775732826411182 9.79617720432334E-5 -0.9680242778529704 
-0.818666371500431 -1.2331529235478218E-4 1.2309826581042595E-4 
-1.0694681741638015 1.3464922079723806E-4 -1.0664799061499572 
-1.0789033658720302 -0.9620918258998762 -1.0861409357020533 
-1.1350650769580284 -1.1122658656617588 -1.1322379550863155 
-1.1382263243235848 -1.1240078900605883 -1.1389820875887844 
-1.1150915705139297 1.3292502831773156E-4 1.2228783541311366E-4 
-1.1206596974472982 1.1936394050353803E-4 1.1805636583090722E-4 
-1.0031337243263274 9.436126286479222E-5 1.2047354750910797E-4 
-1.0056860134970798 -1.479586584961208E-4 -1.011606263890346 
-1.0987118725604827 -1.0416270984806746 -1.1038144827130925 
-1.0820838730901627 1.021815741069297E-4 1.2189323258355689E-4 
-1.1298151749535643 -1.0992831579768838 -1.1286028267816266 
-0.9810491566166293 1.0440219368635308E-4 -0.9869407214377899 
-1.0804142226635283 -0.9795770768969857 -1.0866106553435173 
-1.0939743078323285 -1.026747310753679 -1.1029426575778811 
-1.1092062816145325 -1.0527102473886938 -1.105313946675711 
