0.22367399443285643 0.3757492340618689 
0.23805836236852523 0.29067708396704206 
0.2565188922020224 0.24247079392001533 
0.6410783916951974 -0.4166278822870896 
0.08053302164711479 0.6701060107829504 
0.4433497710135305 -0.09946394148855357 
0.85076471695463 -0.7727871232205716 
0.8316855762250801 -0.6096144617332183 
0.20646954753676458 0.5040390047615518 
0.23203207359015082 0.3224100988535114 
0.626571007308687 -0.2521512496145495 
0.2187502745227559 0.41095791831233086 
0.25020705603809645 0.24977815257755145 
0.42806346694092956 0.015511010499897868 
0.2406587463533284 0.2791866077155589 
0.8455396625014775 -0.7566842330790371 
0.016789421756362444 0.8621631932048194 
0.4514163693563394 -0.12274851373152285 
0.4529795502180535 -0.12390418157058818 
0.2537599228203943 0.24440944020451758 
0.2227043445459258 0.3825573704730799 
0.42447577268282444 0.053433945396819046 
0.2532602651386573 0.24493437526284073 
0.41926156751259364 0.11420717847400355 
0.4398341174476667 -0.0806795915578292 
0.44043917012940786 -0.0842512270033357 
0.8478603944385773 -0.766653377661833 
0.4496266613340249 -0.12005970229450184 
0.2559911153168424 0.24268476928762064 
0.4285583880308975 0.0105313428822542 
0.2152537865458616 0.4369364940190876 
0.23540898756958556 0.3038239759728956 
0.6318787615124651 -0.32699112529895125 
0.44490628737849136 -0.10614031217869707 
0.634882803834535 -0.36127961076649195 
0.008194113229304023 0.9075741485997513 
0.2442683317015967 0.26560985580558394 
0.0021882298938525335 0.9532735856394633 
0.8500485336693995 -0.7719498630350364 
0.43097240946685206 -0.012571593438701529 
0.8392284837608714 -0.7076368161839323 
0.0462980427106163 0.7390220442690829 
0.24785932051605153 0.25501205807651284 
0.8411069768055641 -0.7254930077573168 
0.4336543985386841 -0.03601920456664937 
0.251825047075034 0.24690805839408753 
0.0123384737811357 0.884408669900382 
0.6427296125086159 -0.42763472627429244 
0.6463102233111517 -0.44581237193201523 
0.6364350569464091 -0.37714314623436473 
0.6490803322529857 -0.4543550884439881 
0.05611373869447939 0.7082231067192769 
0.03934909082792895 0.7646131269120345 
0.8370577399580987 -0.6836326614362025 
0.06063015410385281 0.6967063335744207 
0.07795134861684305 0.6712090152782978 
0.0739875552600593 0.6741807362400888 
0.06992861481878972 0.679045729735198 
0.059289244169750926 0.6999157130203753 
0.0649677366610717 0.6873774833941068 
0.07880745832944194 0.6707357880352393 
0.8467866223620635 -0.7625490702648392 
0.6509370882885064 -0.4573411562041693 
0.6469750412657155 -0.4482814708771892 
0.6524779107432149 -0.45811070837454987 
0.4366880174009893 -0.05973816332673804 
0.21223269505670772 0.45987141180013946 
0.45288334638061056 -0.1238586143521053 
0.8445206450833662 -0.750916038576877 
0.20596231093701473 0.5079228458172412 
0.254522253415048 0.24369083676803877 
0.24618081318189028 0.25954751010527277 
0.2284593532265731 0.3440934925757967 
0.8356667708206166 -0.6664011275650167 
0.8513732733910664 -0.7731898584939259 
0.6484485909301363 -0.45285232550009963 
0.07246192050735514 0.6758277877419778 
0.05217483015790936 0.7196625162801739 
0.004977188278197722 0.9288607360890645 
0.024596817910549823 0.8262458485540298 
0.8428387757950351 -0.7395596294724314 
0.8489090060968506 -0.7696594373428906 
0.04517318748369248 0.7429515371951332 
0.028993793390406905 0.8070079679825711 
0.6385120671622303 -0.3963049875972405 
0.06749022683208883 0.6828412178838333 
0.45018738828380145 -0.12102642631284881 
0.4487030085940333 -0.11801791473856264 
0.03408905587667621 0.7856273568045984 
0.6503010724398766 -0.4565807891142336 
0.6516223383055438 -0.45785083893867795 
0.45362761572759236 -0.12407332064181344 
0.4467012056354103 -0.11253580401162387 
0.6446420937016317 -0.4383126440773992 
0.25692342012378977 0.24238637296792118 
