0.05401970126314835 0.7141502548544997 
0.029318867292422578 0.8055673519355825 
0.2486211880264808 0.2531211284455473 
0.6391559312870666 -0.4018176835077976 
0.0436462346832663 0.7485031512258671 
0.8464664217636612 -0.7612165697149269 
0.6482727203415641 -0.4524026154076355 
0.6507971304681973 -0.4572127325285419 
0.0011895643517488563 0.9656713654332859 
0.42983480950774694 -0.001917070841771951 
0.05862361346401712 0.701512139478856 
0.011128782018391847 0.8908151762561809 
0.8366212242465213 -0.6783734676707704 
0.23155037677438464 0.32516008736193613 
0.06758826955217356 0.6826315979256053 
0.0383736215739221 0.7684229354995964 
0.6303361804942542 -0.3076989055105714 
0.045509268637302466 0.7418056220171753 
0.8455983293775143 -0.7570194439723144 
0.6370202196296944 -0.3828246546258467 
0.25646268248668636 0.24248096137735778 
0.24125818249414316 0.27674803091831757 
0.004160378978058939 0.9351337728407026 
0.4494024455427394 -0.11958380038025959 
0.6319781647056918 -0.32825504128587046 
0.6426680943832118 -0.42727500469351026 
0.03461903338780753 0.7834223625656729 
0.015604362188807896 0.8678998238936033 
0.25365651408840567 0.24450737017047922 
0.20405762582178835 0.5224430906697312 
0.8437877415608366 -0.7462467892819961 
0.8419484965338663 -0.7326365633957003 
0.8402078354760687 -0.717327963935498 
0.8495164240145535 -0.7710047370442998 
0.2295001844289976 0.33754973179541115 
0.44333248111630574 -0.0993993682504746 
0.4258946764623797 0.03797946668139802 
0.6512717894453101 -0.4576390405564971 
0.43933935633609983 -0.07765515625988037 
0.07256346630983473 0.6756679710437832 
0.6441412424192401 -0.43574884914667356 
0.4312874573656754 -0.015531326414950477 
0.44555407889937393 -0.10862183212192474 
0.024335625485988777 0.8273433009552253 
0.447340893737413 -0.11454730841009424 
0.4499564551934875 -0.12063069357690438 
0.6348132523530785 -0.3605947396735873 
0.008317523012862482 0.9068173278557643 
0.21217246141579665 0.4603026322760827 
0.4481392015860232 -0.11672701699072505 
0.21999836039819196 0.40177700933579336 
0.21705905990581142 0.4233786252716515 
0.4362158453371693 -0.056302829714913516 
0.45295613609183005 -0.12394643166252649 
0.25574682055991255 0.2428142351386857 
0.25265357076731493 0.24565821831007467 
0.24381451231872622 0.2671516434805733 
0.45199333091654137 -0.12332435722442289 
0.02104959112189228 0.8421482604966734 
0.06939442824915718 0.6798405096336807 
0.4412716434996388 -0.08898498619415215 
0.42306069148179654 0.0693524964443995 
0.8386195437005315 -0.7012550851055109 
0.8500374364865595 -0.771944326514439 
0.06493162144908976 0.6874055135676567 
0.20788859605096155 0.4931700190269474 
0.8484176768342675 -0.7683831817105318 
0.43405528241213964 -0.03948547295924915 
0.4524990383636142 -0.1237067675587291 
0.6409945699731673 -0.41603561341534107 
0.226387266791234 0.35742768390144686 
0.2376493554363323 0.2926431310669507 
0.8340214425006033 -0.6442712532008881 
0.24960341860742907 0.25092987073332107 
0.08118440945307873 0.670008747659903 
0.25490158787546374 0.24336333990913514 
0.23431293488043708 0.30965431729600557 
0.6472111576199154 -0.4491133045844818 
0.4507773109041652 -0.12193935330737508 
0.22128809823979284 0.39251629182034736 
0.45310329635004604 -0.12399654278520378 
0.07474682868794726 0.673482123545643 
0.08085334934942169 0.6700867196623513 
0.060563510313006955 0.6967910908365962 
0.050473065451719396 0.7250471355735522 
0.2461448520601322 0.25967239086748845 
0.8514757931355544 -0.7732218155579376 
0.8504482520882386 -0.7724761111163341 
0.6516977557707063 -0.4579169535052905 
0.6457848901784715 -0.4435916368926286 
0.6496328564683462 -0.455459890080095 
0.25703283697654755 0.24233101528789694 
0.8510373410162939 -0.7729798495053121 
0.07833471023691191 0.6709871507083843 
0.6501302322749266 -0.45634383163186654 
0.07647279613554239 0.6721507299468674 
0.25127297868852494 0.24780443562666857 
