-16.477102264952272 -5.940234661877232 
-14.633155583980004 -11.408868728911601 
-18.162966274636254 -3.313193372621508 
-15.976604861107006 -7.685890280432152 
-16.198511162343433 -7.125398495492224 
-14.494524016762686 -11.604595016899173 
-16.67853909512316 -4.955309473259318 
-15.455390442024694 -8.311721632105545 
-16.600419869361062 -5.340512749906567 
-16.487702876771486 -5.889464240591277 
-18.531531202973795 -1.567345861227508 
-18.23685962333529 -2.976999036568668 
-14.914796769247731 -10.54744974271979 
-15.414795945180643 -8.494590615078486 
-17.995547567832475 -3.8319736993420124 
-15.287580244213224 -9.004248032978277 
-19.999640356520857 8.583317766001548E-4 
-19.999647282686723 8.802804376116563E-4 
-17.96326637633337 -3.867514650768935 
-14.68514762998933 -11.288896046362122 
-15.339390602249035 -8.79137674732062 
-18.597543925692754 -1.289797720314707 
-14.49966532495576 -11.601213786824106 
-16.386148063117744 -6.362743606453283 
-19.999640043710272 8.582011221878864E-4 
-16.350482055445724 -6.520592390909085 
-18.414961318204163 -2.1055868534747493 
-19.999640356520857 8.583317766001548E-4 
-17.974899343201862 -3.8579496965012137 
-17.98102978056436 -3.851408312452753 
-18.48568840785178 -1.7724841836527494 
-18.13443758517143 -3.429672437855592 
-16.00337463587987 -7.64503124291061 
-15.211735094957257 -9.32321855904393 
-18.27576953534026 -2.789151093573803 
-18.664380271784843 -1.0327923347451484 
-19.999640043710272 8.582011221878864E-4 
-19.999640356520857 8.583317766001548E-4 
-18.08598555271869 -3.607068600542635 
-15.92162718127361 -7.738308509471594 
-17.945945079062582 -3.87472292578848 
-15.164928322853774 -9.522244558402416 
-15.247972924465149 -9.169976450530019 
-16.009021807568512 -7.6357861857997325 
-18.054743629411522 -3.7026994533344215 
-18.462510887785747 -1.8796410059826947 
-15.941906501325377 -7.7241468941220255 
-17.954537987854145 -3.872260775811163 
-14.983982327805114 -10.278681779177369 
-18.023091705458057 -3.7812092523453447 
-16.167524962281043 -7.230849769906866 
-14.555592807970879 -11.542930974260642 
-18.327683856949797 -2.5336015166443198 
-19.999640356520857 8.583317766001548E-4 
-15.3543507855976 -8.731231464716409 
-16.291591331328988 -6.769946012058423 
-16.6542630290241 -5.075053612536681 
-18.380631649777165 -2.2725584363981244 
-14.939194055885796 -10.45581133356056 
-15.976107305462953 -7.68655322868136 
-18.039394713892058 -3.743292213966995 
-18.113937307956597 -3.509487939363868 
-14.799979009320465 -10.9572146383705 
-18.00635715524662 -3.8142139871055445 
-16.447937703838864 -6.077482247322964 
-16.52431629028268 -5.711997451677091 
-16.42309345703847 -6.193690860141848 
-17.961258941599645 -3.8688049782505876 
-14.680725530873989 -11.299664059917344 
-15.093999355569615 -9.822853323811106 
-15.015637365370626 -10.14792262892685 
-14.586435671752955 -11.495697734571444 
-14.866180027094178 -10.726440152414458 
-19.999640356520857 8.583317766001548E-4 
-16.25794663161747 -6.904001194071679 
-15.046505492210947 -10.021798210381252 
-18.201299198344792 -3.1427874867039978 
-14.633155583980004 -11.408868728911601 
-15.137725835569114 -9.638314002011475 
-18.23685962333529 -2.976999036568668 
-14.539639302303897 -11.562914793907177 
-16.047348590976057 -7.56144093678421 
-16.229620795156208 -7.01243228637178 
-16.076891471709388 -7.4927269842222515 
-16.131316304423265 -7.344064572475197 
-14.904272032883288 -10.589674368952895 
-14.831826886942832 -10.850262214469595 
-16.565630387881235 -5.511006295018337 
-16.107657840623816 -7.4113793105930235 
-14.48776482186204 -11.608166569828322 
-14.76801216178693 -11.058207047859643 
-14.730716482985788 -11.168331129402588 
