-0.9686474135714329 -8.751728554898808E-5 -0.9689585630687378 
-1.1242891126116068 -1.0844594308978066 -1.1246696631260147 
-1.014864759283829 1.8019731895911083E-5 -4.031761839584669E-6 
-1.1228681458540233 -8.874576322642843E-5 -1.12320002811098 
-1.0516572394856798 2.559367038550699E-5 -1.0564733106007906 
-1.144861691574057 -1.1356069959512733 -1.13712822292293 
-0.9246221392960613 -8.740713534073421E-5 -0.8915272625739458 
-1.0567658029040035 -0.7004449609975922 -1.1070239015660182 
-0.9198080937990778 -8.860620346389799E-5 -0.9432622543920959 
-0.9697803438826115 -8.747247064672117E-5 -0.9613976686795914 
-0.7939810101623234 -8.51308113286984E-5 7.64499005047003E-6 
-0.9697259206249988 -8.511869144469438E-5 7.643176714522446E-6 
-1.0908125076356856 -0.9876640894060701 -1.0783177778873843 
-1.0692150844447619 -0.7421094182970114 -1.0704442256925892 
-1.118386422585035 -9.152667388822175E-5 7.709121533210853E-6 
-1.0678114244161487 -0.8141287261395371 -1.0695445495136198 
-2.7883746122836506E-5 -8.765660643052373E-5 -5.652441242704114E-6 
-2.788240904059499E-5 -8.57108927129559E-5 9.430770581344759E-6 
-1.1386131966379822 -9.200680187581492E-5 7.716594518944334E-6 
-1.1174339299938234 -1.0705199925855995 -1.1091280678131854 
-1.0745623636199797 -0.7787784107031737 -1.073194783784405 
-0.7554404139384303 -8.766940486056218E-5 -5.7016339243292625E-6 
-1.1444856081613408 -1.133281463185561 -1.13712822292293 
-0.9939976525783196 1.7618769996172285E-5 -0.9989628389907866 
-2.7785930280421902E-5 -8.775188839942275E-5 -5.653919637773398E-6 
-1.0089562977187407 -9.167475342540012E-5 -1.0057931255399915 
-0.8627648002189645 -8.77612374658341E-5 -5.652100886780729E-6 
-2.7883746122836506E-5 -8.765660643052373E-5 -5.652441242704114E-6 
-1.1313199693297593 -8.783397085468087E-5 -5.568827692802348E-6 
-1.1274811418542563 -8.511869144469438E-5 7.643176714522446E-6 
-0.8209123852170692 -9.130715720447073E-5 7.230287149969772E-6 
-1.0322842420307146 -8.768082088210712E-5 7.713213152565038E-6 
-1.1114535384678348 -1.0812125450683849E-4 -1.1178751009785757 
-1.0715539932816778 -0.8518344844925609 -1.0701206250055397 
-0.9461549145554466 -9.152667388822175E-5 7.70840016310017E-6 
-0.716717860973803 -9.133405324991463E-5 -5.460607169187945E-6 
-2.7785930280421902E-5 -8.775188839942275E-5 -5.653919637773398E-6 
-2.7883746122836506E-5 -8.765660643052373E-5 -5.652441242704114E-6 
-1.062158373022637 -8.476483564779443E-5 -6.8191936694971775E-6 
-1.1440141566050455 -4.904973752073438E-5 -1.1365275285830272 
-1.1495014755117527 -9.150996118167063E-5 -3.709963837068654E-6 
-1.0719690812299094 -0.8739033891004537 -1.0737366607841345 
-1.0678114244161487 -0.8353595087878182 -1.0695445495136198 
-1.1103042621258097 -8.622511921413604E-5 -1.1154955511893594 
-1.081510013335424 -8.787025122486991E-5 7.679762517511012E-6 
-0.8345867455600768 -9.199648886755197E-5 7.716594518944334E-6 
-1.1335766601495727 -1.0812125450683849E-4 -1.1342333760343712 
-1.1441033752399807 -8.653034365266648E-5 7.408917505512736E-6 
-1.0843507583643326 -0.9565385849264068 -1.0784739221011994 
-1.101191975810598 -9.146110812857223E-5 -6.123885232143033E-6 
-1.0657429044157387 1.7618113446877214E-5 -1.061534733103072 
-1.1327814257975177 -1.1124190738140638 -1.135927692172324 
-0.9148957605866207 -8.516442245725196E-5 9.161839385429396E-6 
-2.7883746122836506E-5 -8.765660643052373E-5 -5.652441242704114E-6 
-1.0678863648511214 -0.7787784107031737 -1.0678176009145273 
-1.0248292509555492 -8.805230312217297E-5 -1.0260024912201653 
-0.9246221392960613 -8.88167098282699E-5 -0.9060556090810925 
-0.8832040889541521 -8.77612374658341E-5 -5.652100886780729E-6 
-1.0811416127816913 -0.977060193789191 -1.0851610875247295 
-1.1231795728639318 -8.874576322642843E-5 -1.12320002811098 
-1.0910492473201858 -8.568021843401089E-5 9.556140381124446E-6 
-1.0449877042916502 1.7166857207051596E-5 -3.402739903080564E-6 
-1.1007887090922268 -1.0282261948264235 -1.0986465063576472 
-1.1116397782853569 -8.486034405240187E-5 -6.8191936694971775E-6 
-0.9832934723391138 -1.2061448218849529E-4 -0.9720345684202866 
-0.9671322555343418 -8.860751229804577E-5 -0.9418922185426954 
-0.9827357381960149 -9.145933504995473E-5 -0.9877034031543122 
-1.1398734031063955 -9.24277163405814E-5 -5.877221939476604E-6 
-1.1174339299938234 -1.072691404089937 -1.1091280678131854 
-1.0678114244161487 -0.9111574706214287 -1.0768827867278095 
-1.0707647082845038 -0.9509706089425853 -1.0737336552487087 
-1.125280685010415 -1.1059082492759302 -1.1265504302249563 
-1.0905016322027081 -1.0097219331398333 -1.0824133353834058 
-2.7883746122836506E-5 -8.765660643052373E-5 -5.652441242704114E-6 
-1.0396465833847583 -8.65263418849241E-5 -1.0318610483852897 
-1.0695362312788694 -0.9333969829222516 -1.0784876381599833 
-0.9913551235733152 -8.779602484217654E-5 7.457896321198296E-6 
-1.1242891126116068 -1.0844594308978066 -1.1246696631260147 
-1.0707907958860476 -0.8909603106054891 -1.070082168233122 
-0.9697259206249988 -8.511869144469438E-5 7.643176714522446E-6 
-1.1327814257975177 -1.1202363642691107 -1.135927692172324 
-1.0987870576397858 -4.013371343025707E-5 -1.1031002155475658 
-1.0484753558782338 1.6673708054016075E-5 -1.0404704152027173 
-1.0900802180876965 -9.217736644327115E-5 -1.0934137790329144 
-1.0736759580779363 -8.796374572306117E-5 -1.0760220976275559 
-1.09027703065664 -0.9876640894060701 -1.0884015362842254 
-1.0987870576397858 -1.0136342563578764 -1.0984173748609685 
-0.9533614557529719 -1.3216695732082097E-4 -0.9306860654981994 
-1.0859035486861282 -1.1809444691992559E-4 -1.0784739221011994 
-1.1461200374104012 -1.138491832144158 -1.1367034779435787 
-1.1034323390139735 -1.0381539713498018 -1.1070282855527693 
-1.111425375809641 -1.0523404777443441 -1.1070239015660182 
