0.8292958542243203 -0.5625943958218097 
0.6330687762852834 -0.33819691223719694 
0.19053591393001518 0.6227958967005734 
0.42808388371229833 0.017619920168357527 
0.022466931017815217 0.8391179901762937 
0.22437664078585384 0.3856527208853925 
0.2179184806229076 0.41968165691091186 
0.40942208272838276 0.2429589749483062 
0.618466896756523 -0.12296254678118396 
0.8269520488219855 -0.5264833949153479 
0.2148359719192036 0.44659196484127645 
0.06379595436035615 0.6931567970941468 
0.6372496965002333 -0.3830350165740857 
0.416153308102848 0.15562626790486855 
0.05956253785676291 0.7031234446694096 
0.6393963655044158 -0.4017226092321708 
0.4461409615261327 -0.10818729188338813 
0.8313225593398605 -0.6023595669231385 
0.42354905667834425 0.06643072462396578 
0.01541456521585477 0.8724448751504317 
0.23607452918156935 0.30424628286395955 
0.034896307395161696 0.7862840992207298 
0.43807663175108197 -0.06404713719370946 
0.6208874823252652 -0.15045624810994782 
0.41490076686442706 0.17130079484639377 
0.8364957030605453 -0.6746376172904133 
0.4121246492962466 0.20840673145206323 
0.2008216178766271 0.5495959773167589 
0.4307702679167883 -0.0010807307195109409 
0.0851865923094413 0.6728626062333436 
0.026382665841738984 0.8219059925982302 
0.21119932827970733 0.47021588866289127 
0.641471789903771 -0.41622536376311203 
0.41058272805525814 0.2277182952247304 
0.20368258144523077 0.5282845612627972 
0.019698241488010526 0.8566454838054695 
0.42058036150752065 0.10195813096463499 
0.851852073836958 -0.7708802098517833 
0.8258500427789129 -0.505222129055589 
0.8281996445796063 -0.5495280098058886 
0.05425791987830064 0.7167008712200051 
0.1852710244108017 0.655542003979656 
0.19597911634693446 0.5845249220438979 
0.19818060281735517 0.5688085976198709 
0.8329050933567054 -0.6261408476580332 
0.8405323394871017 -0.7179858975734045 
0.030692081053004694 0.8025668956297773 
0.6280318876533663 -0.27394089613271533 
0.20746095723020386 0.49896811625847853 
8.501465181918327E-8 1.003653765396937 
0.6434677689282311 -0.43009521458405986 
0.2258181208816495 0.36847567170876616 
0.009122283694010191 0.9057041899899116 
0.07055858045353303 0.6812387984025209 
0.41313209563272063 0.19419623038853354 
0.6270129356645682 -0.2551675941199822 
0.6348923035018096 -0.3589208478125106 
0.43246356086532944 -0.02355747011051736 
0.8384333824979638 -0.6970267930569713 
0.6254473679318758 -0.23721895090618184 
0.8427221372502508 -0.736145481318984 
0.25950559780667615 0.24617392966210833 
0.8235571287048824 -0.46097026593679064 
0.43508290533753624 -0.0452191072642295 
0.42547542712460823 0.04495602692649713 
0.6463420707610862 -0.4437069843867147 
0.1936236196485632 0.6014185234910795 
0.6298175019835951 -0.2990913316034925 
0.8454515657604268 -0.7533566332330368 
0.037832923482411684 0.7736528571245047 
4.576382630566145E-4 0.9836854333575077 
0.6530888095181279 -0.45542046513485057 
0.2459175732011939 0.26369750205546605 
0.6232961467557707 -0.19874778829664128 
0.6216380959507711 -0.17515383636034676 
0.6241791079499365 -0.2169442347197269 
0.4189296221073838 0.1209461571115141 
0.22855507184980722 0.3462580226163875 
0.18220211516532583 0.6728161931809461 
0.20934134814398703 0.485183345711122 
0.003387252156540354 0.9481125968393047 
0.4413943641814481 -0.0866063309842358 
0.8342717732699978 -0.6455989012536141 
0.8301452556899325 -0.582389128254736 
0.8247108158769368 -0.4837298559900669 
0.6290782808462048 -0.2859455167258261 
0.2059506292701981 0.5117899721276797 
0.42192848824823603 0.0853655281750694 
0.012426629151068666 0.8874311048675608 
0.04892248524805261 0.7346502170273442 
0.23336379674382068 0.3232395925486172 
0.4532166312757764 -0.12184444466967274 
0.6314184493043002 -0.318184997577255 
0.005567810077361819 0.9291414314545535 
0.0015556213629941557 0.9657187591440471 
0.04285523758612042 0.7552276781905578 
0.1879822826663678 0.6400661589508782 
0.41742224684249873 0.1393540510691357 
0.4267221432421478 0.032508159467645736 
0.24004546203131383 0.28401265822732047 
