0.6671247419675694 1.4989700965184822 
0.8581529120989932 1.167141577577229 
0.43045263360453023 7.297461390402416 
0.5042586192790782 4.889149590587744 
0.48758786357777434 5.4303835660248545 
0.7061773807356686 1.4160748108697734 
0.40476602468946044 8.326749835404621 
0.413419736968476 7.949840266004439 
0.6861258614428803 1.457464964774222 
0.5017001772798327 4.972802048016458 
0.6605630756926348 1.5974027504988941 
0.4703503246420888 5.895709780942066 
0.597968564678396 2.761701957706772 
0.46165722736861603 6.243299955198159 
0.4068152155543851 8.279153177873445 
0.551839150154593 3.6854241531600067 
0.6405436798800187 2.0077003209633757 
0.5629069621592285 3.441513294076298 
0.9999999934800923 1.0000000066987578 
0.6562661268659642 1.6859297025462125 
0.43306279630743927 7.237775516108543 
0.5291347311044516 4.258345683171446 
0.7549647628814643 1.324565171356394 
0.5725376378066926 3.2356104045445178 
0.9260350587390977 1.079971482904004 
0.7827252860838945 1.2776108665738872 
0.8875751813675244 1.126667255565611 
0.39164495423753304 8.884470628066879 
0.6036386828898516 2.6331313830826457 
0.61235560357495 2.4749852899783735 
0.47494084284184634 5.77156614529376 
0.49825726562542855 5.083526898294358 
0.9586464797181209 1.043189510377862 
0.5374217966224097 4.065093337038317 
0.47144420177870067 5.850225142719419 
0.5333015143727446 4.134136472872986 
0.6346574152566058 2.0833856638694335 
0.4829901979866543 5.4938679034871605 
0.39466937007995273 8.771630631505106 
0.4214299971127723 7.649205851833254 
0.44693435605579224 6.670835005788138 
0.6505770179720554 1.7648283645900364 
0.8154456046391908 1.2263234065234965 
0.4253644401295914 7.476359337474456 
0.47915417573659413 5.689478085296407 
0.39929707253256086 8.564308517466069 
0.4431158508138145 6.814439783102523 
0.41913741961389417 7.70212443866097 
0.5126759950553467 4.660306873248667 
0.493142604058039 5.301068548313206 
0.519572002419003 4.486729457586486 
0.5123171691799578 4.745866847910704 
0.4399842021366423 6.913218673073463 
0.5079869400195677 4.801253754988613 
0.599670208601472 2.69784644577603 
0.7282258583521013 1.3733317400986842 
0.43792725509666786 6.988712379302367 
0.5828525360078505 3.011718180155244 
0.45658763835637245 6.349224385091781 
0.4499327286634488 6.55950120224134 
0.47966355957277684 5.595723346755923 
0.5790988032728588 3.1009303445551257 
0.6433190378354843 1.9139478220185795 
0.4166164777030488 7.816329454889438 
0.5578735561738142 3.5507762924560327 
0.4034835970308345 8.375614815980605 
0.39744112200652787 8.62306236277391 
0.4558054024411714 6.434128169945045 
0.6467445965563812 1.8543199514106863 
0.4224230742375923 7.57447139233215 
0.4350391945990521 7.118653452781229 
0.40895486987436175 8.23583659903376 
0.5386705829978363 3.9961997541305174 
0.4692673146078099 6.031158673336452 
0.39593836530547466 8.69735836320463 
0.4877601766282547 5.361730090809958 
0.5609755480516838 3.4931568742106336 
0.5871687279789534 2.9295142803149865 
0.5178255552573308 4.5743148805309035 
0.49455282235597053 5.158907549641879 
0.49867094614795215 5.042704452498733 
0.40973400572235247 8.085789016682558 
0.5235739167910889 4.383960029368555 
0.46406653540705894 6.098749680641479 
0.5900562979824377 2.865684174583304 
0.6209117843169087 2.2983440353617044 
0.5449139401345904 3.8527427757761044 
0.6245774912563934 2.2216499212793543 
0.6641716835035518 1.5527705336810587 
0.42738502082104046 7.390819635915399 
0.4622086532541386 6.1590560308560365 
0.44481205029872434 6.76299417343397 
0.5677756393809776 3.342516298939895 
0.6145270522936895 2.395051475988731 
0.41632618100132557 7.900114282870346 
0.5486625684243968 3.7644288301346838 
0.574248651427098 3.1911474307263124 
0.5553469498154081 3.6076485541655763 
0.6056063812603112 2.5592920282464746 
0.4012914982939973 8.446032249747942 
