0.6671247419675694 3.885699509565683E-8 
0.8581529120989932 0.0015859436297121152 
0.43045263360453023 2.1412114741260972 
0.5042586192790782 1.4653958219986463 
0.48758786357777434 1.6477891213659146 
0.7061773807356686 8.657738156475175E-10 
0.40476602468946044 2.370385429460348 
0.413419736968476 2.2866208717129544 
0.6861258614428803 4.404478530450895E-6 
0.5017001772798327 1.4948556690673724 
0.6605630756926348 0.055185273989423994 
0.4703503246420888 1.7730490094616391 
0.597968564678396 0.6514109557194347 
0.46165722736861603 1.8822645469473867 
0.4068152155543851 2.3680854846643578 
0.551839150154593 1.0337613326390287 
0.6405436798800187 0.2860197516861753 
0.5629069621592285 0.9372517935990886 
0.9999999934800923 1.7885015452141773E-10 
0.6562661268659642 0.10641855605828998 
0.43306279630743927 2.134411304051485 
0.5291347311044516 1.2532385980147256 
0.7549647628814643 3.051412614369836E-8 
0.5725376378066926 0.8525087378806753 
0.9260350587390977 9.145560755971505E-5 
0.7827252860838945 1.8331042938277836E-5 
0.8875751813675244 1.893699498184409E-6 
0.39164495423753304 2.479558092553959 
0.6036386828898516 0.5894599599599415 
0.61235560357495 0.5155711110838295 
0.47494084284184634 1.7411524895632846 
0.49825726562542855 1.532904212077463 
0.9586464797181209 4.995180260744525E-5 
0.5374217966224097 1.1846697646289195 
0.47144420177870067 1.7580547226350418 
0.5333015143727446 1.2047412416067607 
0.6346574152566058 0.32223616041404224 
0.4829901979866543 1.6534843464177895 
0.39466937007995273 2.461893935910138 
0.4214299971127723 2.223604800053089 
0.44693435605579224 1.9814253476663588 
0.6505770179720554 0.14815677466748522 
0.8154456046391908 3.171574472683176E-8 
0.4253644401295914 2.180177403792465 
0.47915417573659413 1.7261371823316156 
0.39929707253256086 2.4197033192898774 
0.4431158508138145 2.01958628230898 
0.41913741961389417 2.2282485627654722 
0.5126759950553467 1.3892274635060318 
0.493142604058039 1.614182748205343 
0.519572002419003 1.331179008590538 
0.5123171691799578 1.4313890688266213 
0.4399842021366423 2.0417070020683648 
0.5079869400195677 1.4389742032541246 
0.599670208601472 0.6178181409132519 
0.7282258583521013 9.568523554923103E-5 
0.43792725509666786 2.060547628927988 
0.5828525360078505 0.7553875790444324 
0.45658763835637245 1.8989773673837473 
0.4499327286634488 1.9513342745956195 
0.47966355957277684 1.684064578889438 
0.5790988032728588 0.7957450515643669 
0.6433190378354843 0.23127907132831338 
0.4166164777030488 2.256411646062629 
0.5578735561738142 0.9808841974501181 
0.4034835970308345 2.379423193296605 
0.39744112200652787 2.427159580593124 
0.4558054024411714 1.9327103798598788 
0.6467445965563812 0.19927140886155253 
0.4224230742375923 2.1996314912736428 
0.4350391945990521 2.096893264727707 
0.40895486987436175 2.3680854846643578 
0.5386705829978363 1.152635251333296 
0.4692673146078099 1.8302256346101982 
0.39593836530547466 2.4436178528031403 
0.4877601766282547 1.6152384161264934 
0.5609755480516838 0.959575591940817 
0.5871687279789534 0.7201191735687295 
0.5178255552573308 1.3686971429327854 
0.49455282235597053 1.5513522889489155 
0.49867094614795215 1.514650200472034 
0.40973400572235247 2.3130227232311458 
0.5235739167910889 1.2953271236320711 
0.46406653540705894 1.8302256346101982 
0.5900562979824377 0.6909149952414825 
0.6209117843169087 0.4270688959705602 
0.5449139401345904 1.0994132462732358 
0.6245774912563934 0.38759253428262297 
0.6641716835035518 0.0313062194496575 
0.42738502082104046 2.1587256039802574 
0.4622086532541386 1.846768993338749 
0.44481205029872434 2.008261304443491 
0.5677756393809776 0.8977993287719379 
0.6145270522936895 0.4718239236310053 
0.41632618100132557 2.289024408861437 
0.5486625684243968 1.0654011905925427 
0.574248651427098 0.8325121085996336 
0.5553469498154081 1.00349662056182 
0.6056063812603112 0.5499235838147096 
0.4012914982939973 2.3893209361407726 
