0.20743241115231562 0.49947427822644797 
0.010590763932309094 0.8968855429912144 
0.1912111584268708 0.6193023171692694 
0.22868273174379566 0.3458127919238518 
0.21785482134237388 0.4269170212023826 
0.6433582123343904 -0.4167663509229749 
0.6354921099629293 -0.36506182387331293 
0.19870165882233579 0.5652254618985862 
0.435966588465404 -0.051513996727176034 
0.24262510764932005 0.2757435359688132 
0.4331908272311747 -0.02922992290157799 
0.005566843040046163 0.9349723084157573 
0.20485587683273912 0.520441283025696 
0.4308064073065805 -0.008087138144494969 
0.41547316195996853 0.16386837099695165 
0.8328999909943766 -0.6247761000556737 
0.82507626528429 -0.490857476999054 
0.1877488853112459 0.6407469119676573 
0.42594528478088906 0.04053814288839051 
0.048624138778288584 0.7356665742982402 
0.42903200888332593 0.008806847236125057 
0.45387290942757746 -0.12147939902311553 
0.43816584058412184 -0.06827167553450848 
0.2127720905938544 0.460158368505803 
0.6402036672568048 -0.40366880369309455 
0.4094139498001246 0.2448302842647867 
0.23331034866872832 0.3181108063256051 
0.4141249766599748 0.1819796814742471 
0.0023257651483706288 0.9572345927477887 
0.06741295885295112 0.6866369535202117 
0.20154544327072338 0.5440776960798533 
0.42161938091523055 0.09215299950251649 
0.038769702226981395 0.7704611096437868 
0.04230019405096208 0.7576110780067343 
0.41781549993114575 0.13460700862738567 
0.8355832804430006 -0.662868829703683 
0.02468372623654796 0.8294449798009161 
0.627139460619372 -0.2611760941034305 
0.6341047371217114 -0.3496876748524997 
0.007453555374003162 0.9156749485961044 
0.8267753342159037 -0.5233182839530764 
0.41184876293339245 0.21162506295466346 
0.44648101203722046 -0.10969390987585233 
0.41311237983888893 0.19658925985515646 
0.056336353413291525 0.7119926265537114 
7.981062638877867E-10 1.004858352245258 
0.6300382728743921 -0.2959384994955889 
0.6211088961058924 -0.16511093135482202 
0.23767333122569506 0.29542498935614436 
0.830617967020318 -0.5898428133459803 
0.08278436923004956 0.6733273021015891 
0.8277441888943198 -0.5362661827177909 
0.846182109722093 -0.7575134165174917 
0.4274405576245163 0.024456987968931542 
0.4228608621367688 0.07519669413134349 
0.653012600004363 -0.45553263050058906 
0.837071904520422 -0.6811553391281402 
0.21042200223125349 0.47804430674941667 
0.443082386510287 -0.0951356316052478 
0.8318084929527885 -0.603522433075318 
0.01521059093520355 0.8737086331117883 
0.23044554017865043 0.335661028283436 
0.21915227859242523 0.41086467509708074 
0.6260711769126293 -0.2450222985381409 
0.01968494314166186 0.8507064655251548 
0.6324933231870392 -0.3324598484844536 
0.8386453514715474 -0.6967746363543122 
0.6309271225206071 -0.31237392066991954 
0.03178846169109972 0.7990203270145659 
0.8260333572817721 -0.5092513042777109 
0.196399233608956 0.5822187210943287 
0.6221502229922355 -0.1845577150403092 
0.6195243441000022 -0.13931010949702777 
0.8296046782373059 -0.5719301707312406 
0.2582504030003445 0.2456352981766221 
0.6283425828185697 -0.27772278909744524 
0.6375552930449181 -0.38194904895846615 
0.2480493687051133 0.25815295797974847 
0.2150293845990505 0.44236947380822733 
0.6444102122580698 -0.4349471266761329 
0.18301477453249143 0.6680590624113071 
0.2271945174209437 0.35573439445625693 
0.6246651515946477 -0.2248050086406616 
0.41981885055491597 0.11140991251077521 
0.4168507288908926 0.14978566628337708 
0.6232542469900977 -0.20177798165118116 
0.8403837758306572 -0.7162230575721652 
0.0013825577289119373 0.978870844290494 
0.02835992942309822 0.8137964226010057 
0.6185500159163035 -0.12430408747448436 
0.22117282747683814 0.396014646024536 
0.8287143771102838 -0.5573836812976681 
0.42413213492489293 0.05962063160508093 
0.834425297516503 -0.6445778208138261 
0.035716448518562316 0.7828746597851535 
0.8234152234835412 -0.4573190768427154 
0.19391932436364123 0.6014400596470003 
0.2242091120128939 0.37590135316173556 
0.8426162277189175 -0.7357221993804683 
0.8522382400988668 -0.7712306314210667 
