0.40747386375763556 8.289608307001116 
0.9493932379932548 1.053304555613194 
0.6467075647971174 1.8401089100513446 
0.5126932885545042 4.665046307529293 
0.695371136275658 1.4381037331458757 
0.4763664894675561 5.744869531821323 
0.5216639521323391 4.447001322080156 
0.4407087106510562 6.88900308453728 
0.5575487331281572 3.602031362030274 
0.49714845941870334 5.125531430840528 
0.8022308212990907 1.2472662781351742 
0.451094093271131 6.556014355527791 
0.8638965542631172 1.1575547376434163 
0.44735190800270336 6.6589955154914175 
0.7697861400246939 1.2990631827376538 
0.9999999960532134 1.000000262225417 
0.9043228772481996 1.1058000227989038 
0.48898938052466995 5.3236559367966105 
0.8333746551948157 1.199949558086003 
0.6520603071105957 1.7645951266338746 
0.40860678136244033 8.18116765305314 
0.486209514920219 5.511905730284628 
0.5521407089105119 3.7270348037289844 
0.5027728354804327 4.926914055254662 
0.542385914550731 3.9361171100845485 
0.4152703335702241 7.8704358783093085 
0.5699908580800163 3.3735373299871965 
0.6569813388687865 1.6620001940433058 
0.46494340789793875 6.067159214818606 
0.7468752293969095 1.3389301988431088 
0.5332522163705327 4.174392933077358 
0.44654681288388176 6.792312874424158 
0.5164924441236166 4.5753550634041495 
0.41485084635320607 7.915648711319264 
0.6176597501228213 2.3566723610671985 
0.5927017741698654 2.8195796306571057 
0.426577921141254 7.421850549673808 
0.4248084863570561 7.534542034988538 
0.5103725265741114 4.744265606701395 
0.5337800730424108 4.130657734924095 
0.5240859234367465 4.412017034506408 
0.46243933038857044 6.167913393768026 
0.4194718602593584 7.726759805206088 
0.6633626254714178 1.597137386269557 
0.43266735411971224 7.232461470772237 
0.6669645989936746 1.4993319982314197 
0.5263368258213323 4.3024940934946105 
0.4805200411622278 5.6306351757142075 
0.3986506799924021 8.63566014812899 
0.5603947469440345 3.54540346528992 
0.41049144351974753 8.053948897641753 
0.3899721000679374 8.981140445879864 
0.44060847261664804 7.028733165446287 
0.596468995815296 2.736826904432247 
0.39958544677053515 8.564010358104161 
0.6324744352693843 2.073619497685989 
0.45743582390803983 6.3330083269534345 
0.47857777598925827 5.707983739799694 
0.6069630490271534 2.574505073430535 
0.6238164458632175 2.237764457701622 
0.5883490577449408 2.91877015414687 
0.5633002394735475 3.4338227131515993 
0.42237917451195583 7.587724421139509 
0.39251410350374183 8.869097447745764 
0.5473493640646986 3.8117432742869513 
0.4947727238368109 5.191402551369727 
0.4862229436851554 5.416150558316182 
0.5831428600897122 3.048982875099397 
0.4676956160407624 5.970079781586017 
0.5706202127281212 3.2711415736887943 
0.6080930980865645 2.523272267531296 
0.7260208027807635 1.37739422449797 
0.529509740862826 4.241658621975626 
0.5997219530240615 2.674560847277845 
0.4008341370186565 8.485519632329487 
0.5076883238382164 4.80427561946188 
0.6362190999853061 2.020577813738666 
0.6262547467903065 2.183709204871654 
0.5849922998847681 2.9672298375099664 
0.6407506158906721 1.9339455135976669 
0.48247477760730395 5.565069737737597 
0.538818307811032 4.00095583010356 
0.4018838085698043 8.421222389020523 
0.43513462801625763 7.117152221545462 
0.5439273301290152 3.8954862244223154 
0.39378326146714504 8.780954850723802 
0.6135628572422115 2.4101976716514417 
0.578010541264711 3.148915980847655 
0.4715180604282434 5.85951368080511 
0.45111018487319665 6.518171016602975 
0.5530395654130277 3.6589676781732288 
0.43291641580396556 7.175536595619681 
0.4292085261885789 7.311861358457543 
0.49887879617973935 5.037501445965632 
0.5185843157362937 4.502270646657069 
0.4125695530850563 7.969789067534629 
0.6108030881923606 2.468544093211302 
0.3903723090660907 8.935199920872439 
0.4544953086757535 6.402246441567339 
0.3953093061562057 8.708653544509698 
