0.40747386375763556 2.377798725891137 
0.9493932379932548 2.2264665651164776E-7 
0.6467075647971174 0.19001235218078316 
0.5126932885545042 1.3917379326662402 
0.695371136275658 1.5826999913204354E-5 
0.4763664894675561 1.7366633313228466 
0.5216639521323391 1.3198402848140707 
0.4407087106510562 2.036043667057574 
0.5575487331281572 1.0083080225878698 
0.49714845941870334 1.548150054544511 
0.8022308212990907 5.954506870409493E-4 
0.451094093271131 1.9573793511793274 
0.8638965542631172 7.549221094138581E-6 
0.44735190800270336 1.978914349236531 
0.7697861400246939 8.330878120679439E-7 
0.9999999960532134 2.5827862943942207E-7 
0.9043228772481996 2.5827862943942207E-7 
0.48898938052466995 1.6032112186606562 
0.8333746551948157 7.549221094138581E-6 
0.6520603071105957 0.1506224401987447 
0.40860678136244033 2.3428805825005536 
0.486209514920219 1.6799410114076647 
0.5521407089105119 1.0578476386650721 
0.5027728354804327 1.4771185497287838 
0.542385914550731 1.1348944785319885 
0.4152703335702241 2.2683585325285662 
0.5699908580800163 0.922885437484369 
0.6569813388687865 0.09190311268275411 
0.46494340789793875 1.820885681597145 
0.7468752293969095 1.3799407396541952E-5 
0.5332522163705327 1.2260042835649898 
0.44654681288388176 2.0330856661842653 
0.5164924441236166 1.363136319430974 
0.41485084635320607 2.2838135673254616 
0.6176597501228213 0.45562166165812495 
0.5927017741698654 0.6711698495036802 
0.426577921141254 2.1659975785009262 
0.4248084863570561 2.200737397277094 
0.5103725265741114 1.4213428244308504 
0.5337800730424108 1.2048627874609832 
0.5240859234367465 1.3122760217479468 
0.46243933038857044 1.8522857397087804 
0.4194718602593584 2.2411583092670355 
0.6633626254714178 0.05948124979433145 
0.43266735411971224 2.1292499683317865 
0.6669645989936746 1.3649588035402616E-6 
0.5263368258213323 1.264561084284984 
0.4805200411622278 1.7056330464036789 
0.3986506799924021 2.44261179023491 
0.5603947469440345 0.9868254777456476 
0.41049144351974753 2.306077109027243 
0.3899721000679374 2.5023942006848623 
0.44060847261664804 2.0969193844572662 
0.596468995815296 0.6324323954069875 
0.39958544677053515 2.422053905090542 
0.6324744352693843 0.3115113207625304 
0.45743582390803983 1.8969448818564214 
0.47857777598925827 1.7317141635761866 
0.6069630490271534 0.5626294491052729 
0.6238164458632175 0.39595427068245626 
0.5883490577449408 0.7172556699663666 
0.5633002394735475 0.9342731566280021 
0.42237917451195583 2.204896777425114 
0.39251410350374183 2.481245833589253 
0.5473493640646986 1.0863552571588548 
0.4947727238368109 1.5685643808745693 
0.4862229436851554 1.633456667906492 
0.5831428600897122 0.7779925941500162 
0.4676956160407624 1.7921801412613723 
0.5706202127281212 0.8665795006421011 
0.6080930980865645 0.5343844504790167 
0.7260208027807635 1.6860615603464524E-5 
0.529509740862826 1.2459995577508853 
0.5997219530240615 0.6039928548111577 
0.4008341370186565 2.4012859389796573 
0.5076883238382164 1.4390746365014104 
0.6362190999853061 0.2855301981070916 
0.6262547467903065 0.3675582551605594 
0.5849922998847681 0.735806606931662 
0.6407506158906721 0.23917677893670708 
0.48247477760730395 1.685005784084084 
0.538818307811032 1.1557882500030836 
0.4018838085698043 2.384352926512874 
0.43513462801625763 2.0969193844572662 
0.5439273301290152 1.1188614216043877 
0.39378326146714504 2.4577930399137666 
0.6135628572422115 0.47880776993698404 
0.578010541264711 0.8201066304868513 
0.4715180604282434 1.7628665258259824 
0.45111018487319665 1.94041333233488 
0.5530395654130277 1.0235538945972373 
0.43291641580396556 2.1064075844458614 
0.4292085261885789 2.1383132373587825 
0.49887879617973935 1.513102657117031 
0.5185843157362937 1.334806942556257 
0.4125695530850563 2.2880923137749294 
0.6108030881923606 0.5077943554724736 
0.3903723090660907 2.4880546250781252 
0.4544953086757535 1.9097909726783924 
0.3953093061562057 2.44261179023491 
