0.21138013560643348 0.46983638083690715 
0.025342921510895067 0.8228950126704515 
0.026896906162725498 0.8160624471448849 
0.4462790951432671 -0.11116678934337952 
0.03886489665589335 0.7665325817788482 
0.42053075598415945 0.11226215152054095 
0.05921964887976056 0.7000109599584426 
0.08117983722845006 0.6699832748593637 
0.23907022594319377 0.2861134461796356 
0.427052813944928 0.025857161298407674 
0.05641960758738207 0.707338050165377 
0.008646457324637674 0.9048820433002175 
0.003534215718101655 0.9403463896709645 
0.21896141894819665 0.40942049057231544 
0.44971043822172274 -0.12014661455002565 
0.02097862247160237 0.8424870096442423 
0.23342600949403147 0.3144829963071577 
0.04976496257297447 0.7273973209202484 
0.011078897948486828 0.8911385741970758 
0.43905910470229853 -0.07584014621840224 
0.0671204817048045 0.6834565952940344 
0.2513734877327069 0.24769202109358898 
0.0345140034890198 0.7839167808457607 
0.07554286573231946 0.6728370118985396 
0.2254100706467546 0.3639579498897191 
0.0756487607264095 0.6727120478501393 
0.4367282413485256 -0.060044076383463714 
0.08033123313171445 0.6701640000537898 
0.646586831529953 -0.44687790009803713 
0.45300397433153305 -0.12390525305709006 
0.22292859962275408 0.3809609046838251 
0.01616130841286728 0.8652009288388428 
0.24221845265125425 0.2729439327211435 
0.2349364579319852 0.3063353698822945 
0.6522342460101213 -0.45812292703739854 
0.6503510048759568 -0.45662799170204266 
0.07017484262554205 0.6787096047880355 
0.21262315367932655 0.45691950667220455 
0.45005436501010254 -0.12079485301884087 
0.25673220222175624 0.2424816102412813 
0.20132972823262746 0.5431244428968581 
0.06185730941249584 0.6938444245757879 
0.6470196744249993 -0.44846610616582333 
0.20483392454558408 0.5165461436942371 
0.24429032652158586 0.2655612371407521 
0.21605030830762761 0.43091021457735673 
0.07743742853849786 0.6715207290288806 
0.6395124458743302 -0.4046982056444519 
0.03168945528528874 0.7956282301044336 
0.05259354964979429 0.7184019306747007 
0.4437639157799148 -0.10131756507472849 
0.430183441956461 -0.0052414602217588655 
0.44546365027636614 -0.10826090921990883 
0.4250968304712539 0.04661272785655357 
0.06370378902546334 0.6898636586163684 
0.6363184711209451 -0.3760188284734572 
0.23747244922841876 0.29348863426753435 
0.6492135540694401 -0.4546418277880709 
0.2196343614869824 0.40441273997012395 
0.041392489216798584 0.7568769089746321 
0.4348871290881705 -0.04607199399707439 
0.0795230177890508 0.6704554347373342 
0.2302363953897183 0.33308924644464916 
0.6410860693328195 -0.4166850313483809 
0.44828013607427175 -0.11705713747512275 
0.44059227980635796 -0.08515947477929266 
0.4511972168403018 -0.12247979774511891 
0.4420660596792808 -0.09314021233297669 
0.24668553427378026 0.2581333890824955 
0.6343694054023169 -0.35574293345150565 
0.42806224204518867 0.015524479432149664 
0.4232214640017065 0.06749759680333524 
0.4519866021263603 -0.12327413266942787 
0.4321717936938938 -0.02341556737491146 
0.6444594627872262 -0.4373679414157157 
0.6381050045018495 -0.3927628674519497 
0.005095566838539872 0.9279973253466577 
0.0021142709838741502 0.9540952571616931 
0.6452755592632636 -0.44130898190753115 
0.4534942919462833 -0.12405262126577313 
0.22853089456738743 0.3436627635648979 
0.20792477186442146 0.49298873284799355 
0.24762712451640634 0.2556174092323734 
0.6514218111074194 -0.4577323483386674 
0.6329564528515202 -0.3397728392445507 
0.044586232334473966 0.7450819844632797 
0.6427647911868453 -0.42780658939129057 
0.6483100035819044 -0.4524058330256857 
0.6311799954236307 -0.3183847110332352 
0.24998655399610017 0.2501972145202901 
0.2568138284247855 0.24245715420794975 
0.25271493362372127 0.24567308148937747 
0.2531601837349641 0.24513149327746453 
0.04855932485871901 0.7314405156606008 
0.07297658609583108 0.675267625411079 
0.25572375184869095 0.2428859354279303 
0.2545845885222493 0.2436666734397511 
