0.25928767813531445 0.24567110945414564 
0.8316931285379916 -0.6028660713304909 
3.1940008890922553E-4 0.9877436212266207 
0.41695495334717886 0.1462650530124448 
0.6259160150113305 -0.24300309277830273 
0.20106173649681758 0.5493645356855483 
0.21854611077067687 0.4160156102327107 
0.19474705088768327 0.5939570804738841 
0.6418034774222916 -0.41954048816341766 
0.024516915414778684 0.8333492794439168 
0.841061754582695 -0.7213641696762572 
0.41842124293526617 0.127777070850719 
0.42791786997226106 0.0197227405604177 
0.6308156804559638 -0.3069372512190946 
0.23278881967762746 0.32424913505225283 
0.824873961074631 -0.4865494956284642 
0.651217558690028 -0.45464032542174787 
0.2239383330575264 0.37824352263581235 
0.8372280627891517 -0.6820283600239032 
0.8288227224227221 -0.5595203202694998 
0.6366213613173838 -0.3726801676017192 
0.23737240825425476 0.30474493329257885 
0.42162949020439633 0.08942799337796821 
0.8245295934093844 -0.47191098820965144 
0.8262835987765129 -0.5133337295003545 
0.0047359550591013905 0.9342750163823229 
0.22932914672975005 0.3412407699457571 
0.05741021501010406 0.7086396330632866 
0.6278991806719265 -0.27279437913981053 
0.20017923636990287 0.5626787369211972 
0.2057357730859181 0.5158168755496811 
0.6320103438670376 -0.326354043213219 
0.6394521147753616 -0.4012313442325674 
0.0013814273101994444 0.9675133767845028 
0.618467176794601 -0.12196413460006576 
0.8256001245815707 -0.5003948005270843 
0.6193021698525892 -0.13526925633235676 
0.03789782543638304 0.7740368285829095 
0.6346113206406183 -0.35576225068296685 
0.009380842168744352 0.9071709617440211 
0.8269844314064939 -0.5265419854992519 
0.22226761873708104 0.3918560355211322 
0.8386777732020294 -0.6989362387476789 
0.830045008507875 -0.5798347657463382 
0.4156126059381694 0.16276150871925402 
0.6217598610057906 -0.17807991572411688 
0.20288812553969607 0.5351625164078065 
0.24728848555892535 0.26258664496590506 
0.6248819685576344 -0.22798540473338968 
0.83263282699747 -0.6205637713756676 
0.8354971813440382 -0.6617910891960819 
0.6333402358583986 -0.3423183131950369 
0.03206516612146154 0.7993101170118412 
0.6209626123807364 -0.15975052701133108 
0.020489735719112445 0.8483456596744379 
0.4141943538983914 0.18124591903335613 
0.017391113914279548 0.8660206121890964 
0.43101165198579994 0.0010152464922991847 
0.06728410121745365 0.6896397000872826 
0.011315691935732453 0.8941542337173054 
0.21103585762344085 0.47656746729517113 
0.6447102071836281 -0.43549214824472143 
0.19145538193933684 0.616832019691198 
0.2128113233919488 0.4586284912984118 
0.4374003344548674 -0.06253319653841323 
0.014820063070513423 0.8796666294267276 
0.05022739325989441 0.7309434354606624 
0.842951307191253 -0.7373484371418588 
0.4541593167287061 -0.12184755669734822 
0.42004470449402675 0.1079682970304533 
0.42342390327864055 0.06843904394855581 
0.21549787172496074 0.4387187490916969 
0.6376360384795385 -0.3855397221385421 
0.6237946372900918 -0.2097408701544219 
0.4100074106831636 0.23610706711873408 
1.612231535965162E-6 1.0053912536052907 
0.18260129608268696 0.6717258623121889 
0.4415553671249997 -0.08768989745379462 
0.4321201301952577 -0.019550653753333216 
0.4457234463824762 -0.10640123768693821 
0.20824018090004193 0.49421143424579517 
0.02839424957052518 0.8148861744120055 
0.003113279249402287 0.9503791257241899 
0.6225614885483892 -0.19160056046556626 
0.8339080002845252 -0.6405927539038064 
0.8455696161931603 -0.754716623928207 
0.22616444580359585 0.36274920532419597 
0.2413485130295388 0.28072852146655547 
0.1877801425877876 0.641411026737655 
0.4264343277450479 0.0356599379372783 
0.43447892646758257 -0.04023894337794356 
0.04360221924595664 0.7523336099516145 
0.8279064246145461 -0.5436101225029878 
0.8234858457826401 -0.4576703879933977 
0.8514662543524184 -0.7707774126721506 
0.6293657471079126 -0.2919283003415597 
0.42487160160427295 0.05274023328748671 
0.4123432053988526 0.20570074446758105 
0.6268310628164817 -0.25656934155625305 
0.08487417998835756 0.6739724326021347 
