0.8497736995825643 -0.7715203456621711 
0.07978520657885069 0.6703173949214728 
0.45199179883355783 -0.12334514125082795 
0.4485142398459522 -0.11767077941689931 
0.42216202112121076 0.07961577611129723 
0.630000504737912 -0.3033484141310223 
0.638597138376286 -0.3970819903842894 
0.6506098116180724 -0.45698810712656546 
0.003538949303833444 0.9402572712418091 
0.22356835660822072 0.37648716851129227 
0.8347727976365558 -0.6534166088033925 
0.07360866182056774 0.6745422130847915 
0.23273639956578707 0.31833010609876594 
0.21936296229858748 0.40639088321866135 
0.03994822629152366 0.7622484959611078 
0.04911752154344107 0.7293823477355474 
0.6525296801332581 -0.4581905819962339 
0.8483518503045469 -0.7681890276099334 
0.07281380732205141 0.6753938061017087 
0.2357123757384648 0.3022523863833295 
0.6496666393472936 -0.45556010548421977 
0.05632118334360631 0.7075797047300457 
0.6476570670554395 -0.4505769781270089 
0.2272888818450407 0.35152264768751956 
0.836670796485772 -0.6789985901827528 
0.20593570956418686 0.5080996023307714 
0.25736599341973765 0.2422813272052956 
0.42627182842534456 0.033999293529508506 
0.8443705155392156 -0.7500404923731372 
0.6337774341552076 -0.3492493000898837 
0.20156768729559257 0.5412316706935191 
0.4460896306486638 -0.11055258940526008 
0.4439584526434578 -0.1021450995065586 
0.25088076262002657 0.24846287112191365 
7.474279625228064E-4 0.9727468377811967 
0.450156725006008 -0.12100842987620747 
0.6329580953415797 -0.33989864553292015 
0.25423112248557794 0.24390654532744013 
0.0642162507637557 0.6887735514397922 
0.21008754974124894 0.4762970749546956 
0.25307312396971005 0.2451556973184404 
0.005331682177697916 0.9261942767081028 
0.8504161297628042 -0.7724492936800618 
0.2127589295618235 0.45583583293041274 
0.012836908315634233 0.8817741726301241 
0.24405245836227188 0.2662790477434324 
0.00923374367887761 0.9014084991614949 
0.43810324520931665 -0.06963482776207053 
0.6358253365467654 -0.3711108812002137 
0.6404184384774305 -0.41180040319815103 
0.026475192366761657 0.8178617298762437 
0.8512280821517069 -0.7731436186098424 
0.0354684872287748 0.779957350783424 
0.8494703420163325 -0.7709526114882932 
0.031770993181775564 0.795166914051464 
0.21704394510014502 0.4234790414558318 
0.442137219002671 -0.09355797238388103 
0.4475146907222011 -0.1150390386562282 
0.6465836937746754 -0.44688069570705086 
0.017135553454506403 0.860462286881466 
0.6457764082400766 -0.443614269507581 
0.04459448038023428 0.7449795583060699 
0.45103236309592765 -0.12230092092328043 
0.06699734910641336 0.6836085087798234 
0.6421470470030604 -0.4239516879274824 
0.022586271243460743 0.8351206603253446 
0.648359975484724 -0.4526213340418466 
0.2489077393022993 0.2524429432543701 
0.45355450008884907 -0.12410921729744673 
0.053498479648402875 0.7156385368607325 
0.23912098991758518 0.28584519365523486 
0.08041628005573442 0.6701285366676718 
0.07676199339220323 0.6718520024944894 
0.8390866656555884 -0.7061933606311211 
0.8468421655991951 -0.7628674819453097 
0.4333221682207973 -0.03337105789947174 
0.25611743164084866 0.2426469403311482 
0.428237951403436 0.013709166046627353 
0.43552644747297475 -0.05110250983386024 
0.06085020943949804 0.6960941413049836 
0.8452307578998919 -0.7550439591509613 
0.8511996363591099 -0.7731368369694122 
0.4535126989869439 -0.12409089885000513 
0.8426545209307783 -0.7382088299415227 
0.24662399944281221 0.25826635115009916 
0.8343001079940255 -0.6481563474686136 
0.4397858937045538 -0.08040819674505385 
0.25471768931126754 0.24348158532053488 
0.24098565469876798 0.27782906823101083 
0.4522660367256346 -0.1235301152376452 
0.43122510856845353 -0.014907994604688207 
0.06991235162041858 0.6790502170311328 
0.07800593856869377 0.6711221266660186 
0.8410847375603396 -0.7253465278493505 
0.22910919333065766 0.33995170895940074 
0.6511061704803773 -0.4575350844585951 
0.6516071056122231 -0.45783497714007104 
0.2562804688366166 0.24258052267194116 
0.6441923201738646 -0.4360203759667019 
