1.0 1.0 
0.3893510901127949 8.979038072569658 
0.3893510901127949 8.979038072569658 
1.0 1.0 
0.8212324868387925 1.2177181670545967 
0.8569299887425962 1.1669709107777533 
0.5851481759350737 2.9650821051121046 
0.7198999308312979 1.3895333809050603 
0.7778342460282635 1.2856453036062407 
0.610369123774219 2.4698722509692077 
0.5375161599831962 4.039949845526077 
0.4292242319547557 7.351195657500389 
0.3972087015945981 8.625579093435906 
0.48060513759594437 5.689600707170619 
0.5692507575400304 3.3442188186062847 
0.6045680151088636 2.5925540531916402 
0.6996623289856818 1.4292882781178753 
0.6488184755274427 1.800484828821276 
0.4338843815049896 7.136864051677397 
0.6598576784071922 1.610533745396848 
0.5667190809644924 3.469789174270636 
0.8116761130867507 1.2388309948605827 
0.43670313600140187 7.074182411244387 
0.4984067177855681 5.12148155054607 
0.6419105952808946 1.923767106205946 
0.4158496884648459 7.837942964765391 
0.4621687892536696 6.156826281336597 
0.75619409122527 1.322416047837908 
0.933881701375239 1.0864652458318695 
0.5960484941014023 2.9172337539387976 
0.4743073142083302 5.771168871817148 
0.621525966837374 2.2937580834254807 
0.46788630273510196 6.006786356189636 
0.7340036631010027 1.362946603790695 
0.6540412462366695 1.7073489839222675 
0.3972013598647302 8.801576769298757 
0.4845455394598986 5.460160793768422 
0.40966897503370975 8.28012406770696 
0.4413980698049786 6.867996417365599 
0.5516621429280266 3.7055962570992134 
0.5074494917200485 4.928469099936507 
0.48655997651060917 5.43486790942862 
0.6850713677982205 1.4598486433966396 
0.41008486177967696 8.075971943792984 
0.4935476333026687 5.255373157000641 
0.7959069936570125 1.2564782739556362 
0.5258537443109007 4.335845130158101 
0.4225811826534502 7.641213347393804 
0.5029737834830652 4.969286573524555 
0.40167562440760984 8.429294801636054 
0.9001719365066733 1.1109405160645924 
0.4262038637171891 7.473635239663632 
0.5763474632474629 3.176678844828367 
0.7423154618667207 1.3471361958326875 
0.4574606879911839 6.32055284964466 
0.45465816040255463 6.507640298225414 
0.6009030692186439 2.746759008691133 
0.41758706933746853 7.816030072886133 
0.9443740679143995 1.0589024374969958 
0.5763474632474629 3.176678844828367 
0.3926307881864456 8.898446195091159 
0.6699994833712063 1.4925412897976993 
0.8900162906731858 1.1235833494090683 
0.5573721614141762 3.5607713251047164 
0.5423698642504614 3.9081330471994167 
0.7897194685281885 1.2663228975260936 
0.5211361423510149 4.504002951874488 
0.9813132216929904 1.0190502510278734 
0.532999971901086 4.236414420412638 
0.9697104236244173 1.0312367439512011 
0.5154132970653753 4.587782141217115 
0.5423698642504614 3.9081330471994167 
0.44633780697762143 6.6842977742542145 
0.6668224915552398 1.4996538801854324 
0.44287924370667003 6.826775903009276 
0.6312850140422014 2.114687107530226 
0.9883031958958752 1.0118396566151049 
0.6312850140422014 2.114687107530226 
0.9202852465016939 1.0866196161722732 
0.5977189707640606 2.788247899987531 
0.5240470817418256 4.436993090271513 
0.9114255601273229 1.0971823084052017 
0.46103519275124466 6.290514041528888 
0.46716690044665654 6.0160363605172416 
0.9528049697906122 1.0495327288435106 
0.44633780697762143 6.6842977742542145 
0.5144677707454616 4.67100761695189 
0.5518259799718909 3.705553815529464 
0.4250461249558332 7.601377241845924 
0.45465816040255463 6.507640298225414 
0.4100044643282356 8.07755555475014 
0.7543416910636365 1.32566344053777 
0.4043160869603165 8.335154950441877 
0.4945267650674041 5.224535074844789 
0.8704330597520958 1.1520543891506343 
0.5327467334974422 4.237297857639481 
0.5123116062064691 4.7673680064896455 
0.8677193483863105 1.152446354757089 
0.6365661963906242 2.004463713308309 
0.6204976866443331 2.313664707354967 
