1.0 0.0 
0.3893510901127949 2.495998261719285 
0.3893510901127949 2.495998261719285 
1.0 0.0 
0.8212324868387925 2.971859902266543E-5 
0.8569299887425962 1.2369435717331162E-5 
0.5851481759350737 0.7350123853040766 
0.7198999308312979 3.249848013325632E-4 
0.7778342460282635 1.89453903380151E-5 
0.610369123774219 0.5075337616583332 
0.5375161599831962 1.1715383274918838 
0.4292242319547557 2.1553113100397394 
0.3972087015945981 2.426155072205187 
0.48060513759594437 1.7344513307357177 
0.5692507575400304 0.9036990958712531 
0.6045680151088636 0.567375258000509 
0.6996623289856818 1.9165459887490743E-5 
0.6488184755274427 0.1681878218461089 
0.4338843815049896 2.0965738449472413 
0.6598576784071922 0.06272305823400423 
0.5667190809644924 0.9663957319832 
0.8116761130867507 0.005529526679830032 
0.43670313600140187 2.0893176436363827 
0.4984067177855681 1.5525808098070089 
0.6419105952808946 0.2348864883264627 
0.4158496884648459 2.2594061401029184 
0.4621687892536696 1.845492948090508 
0.75619409122527 3.2015164999456627E-6 
0.933881701375239 0.014630012262533687 
0.5960484941014023 0.7388127859770008 
0.4743073142083302 1.7373076074343103 
0.621525966837374 0.42563021049206395 
0.46788630273510196 1.8104930595172242 
0.7340036631010027 4.07799793441153E-4 
0.6540412462366695 0.11667665720543127 
0.3972013598647302 2.495998261719285 
0.4845455394598986 1.645696557354308 
0.40966897503370975 2.392109939969462 
0.4413980698049786 2.0315203620526834 
0.5516621429280266 1.0442371720174268 
0.5074494917200485 1.500949139720745 
0.48655997651060917 1.6443892023498528 
0.6850713677982205 1.0050691011254673E-4 
0.41008486177967696 2.311833838306895 
0.4935476333026687 1.5937769837600406 
0.7959069936570125 3.984561938231491E-5 
0.5258537443109007 1.2800203964458226 
0.4225811826534502 2.2290329732490024 
0.5029737834830652 1.4994208690972426 
0.40167562440760984 2.3858422527629815 
0.9001719365066733 3.7475689587226435E-5 
0.4262038637171891 2.1852922151575807 
0.5763474632474629 0.8308707937687101 
0.7423154618667207 2.7406918493792093E-8 
0.4574606879911839 1.891404455083084 
0.45465816040255463 1.9587517665526986 
0.6009030692186439 0.6505359187264618 
0.41758706933746853 2.2638730919900407 
0.9443740679143995 2.4235110148904376E-9 
0.5763474632474629 0.8308707937687101 
0.3926307881864456 2.4938039432133197 
0.6699994833712063 1.8930746522595399E-6 
0.8900162906731858 7.484903212905765E-6 
0.5573721614141762 0.9846748097752361 
0.5423698642504614 1.1196535902822897 
0.7897194685281885 3.984561938231491E-5 
0.5211361423510149 1.347198723477455 
0.9813132216929904 7.484903212905765E-6 
0.532999971901086 1.2580087670412912 
0.9697104236244173 1.0198339840064963E-6 
0.5154132970653753 1.3646039196223607 
0.5423698642504614 1.1196535902822897 
0.44633780697762143 1.9834548097460223 
0.6668224915552398 2.9368557330905487E-6 
0.44287924370667003 2.0234373488796673 
0.6312850140422014 0.3349702803720811 
0.9883031958958752 4.3663668931707435E-6 
0.6312850140422014 0.3349702803720811 
0.9202852465016939 1.3226765066967839E-9 
0.5977189707640606 0.6665886650156004 
0.5240470817418256 1.325193280665431 
0.9114255601273229 0.0 
0.46103519275124466 1.9001483536406818 
0.46716690044665654 1.8104930595172242 
0.9528049697906122 0.0 
0.44633780697762143 1.9834548097460223 
0.5144677707454616 1.4030828758283098 
0.5518259799718909 1.044820865593126 
0.4250461249558332 2.2309359409740694 
0.45465816040255463 1.9587517665526986 
0.4100044643282356 2.311833838306895 
0.7543416910636365 3.2015164999456627E-6 
0.4043160869603165 2.370037233770571 
0.4945267650674041 1.583672429544182 
0.8704330597520958 0.00278622694921835 
0.5327467334974422 1.2574065925131435 
0.5123116062064691 1.442377960782043 
0.8677193483863105 0.0 
0.6365661963906242 0.2759738417836969 
0.6204976866443331 0.4356235985843949 
