0.4381961956040724 -0.07023022305519089 
0.07684241920371676 0.6719158259680534 
0.4425117447647718 -0.09537368138834493 
0.4466658035621312 -0.1124470101276294 
0.6495461189539191 -0.45530732077081104 
0.6452734922789168 -0.44137927089998347 
0.8417084348756817 -0.730675988811359 
0.45134700832451113 -0.12261113608432919 
0.6301154663206332 -0.3048026630928918 
0.04454079882415181 0.7452154233681214 
0.8338826587094844 -0.6423004775680703 
0.052296926585273906 0.719331353143128 
0.6438445750885271 -0.4341379712953057 
0.8491602206433748 -0.7702281813535657 
0.026503689055168603 0.81776504727121 
0.005851122531488617 0.9226673613533999 
0.45268226222948277 -0.12379020674826424 
0.05997740447136349 0.6981995556358679 
0.040941471593605006 0.7585097649630684 
0.846933509287189 -0.7631523307619501 
0.4213879089621955 0.08871022052287027 
0.23914240273092555 0.28577821401433806 
0.4504709782330095 -0.12144305203770972 
0.24380307092557696 0.26718650831661145 
0.2484028346369433 0.25366223897857815 
0.24995555953556312 0.25024135215775073 
0.21954399302472893 0.4050795157087842 
0.435526778542787 -0.051097067915943054 
0.2016273827511645 0.5408309794259262 
0.019351158453999207 0.85002233607517 
0.254724223346251 0.2434817953284496 
0.4532993066429774 -0.1240420120821235 
0.06382603409823445 0.6895947515764977 
0.05653942114813537 0.7070542070002118 
0.4279521040928589 0.016586907661655513 
0.8447354787547353 -0.7522018687164986 
0.25610636267210996 0.24265722071216606 
0.6495461189539191 -0.45530732077081104 
0.8501980279367101 -0.7721413392158127 
0.4401119868621712 -0.08231255135797262 
0.048375672731407734 0.7318913070705394 
0.002669888074762157 0.9482615654559349 
0.45150490482878225 -0.12279549333526585 
0.6521093896182366 -0.45812003732279694 
0.06927851412113366 0.6800118682963658 
0.21196951521203422 0.46193184264962533 
0.2030172388619687 0.5303692427583885 
0.6468823237063657 -0.44798846632752054 
0.21560577384472612 0.43424623319482497 
0.2237450622461375 0.3752726585563051 
0.014454396541701886 0.87360251171209 
0.009097805262846898 0.9022593911202111 
0.4445101483884317 -0.10445021427420675 
0.6400057420277444 -0.40862159351465616 
0.6506608109674067 -0.45706337274270065 
0.6505638222837518 -0.4569231619217036 
0.42502303933697844 0.04746317861710856 
0.23029835309076807 0.3326587106929804 
0.0312314424942951 0.7974514869486617 
0.8399928371170816 -0.7152695692451778 
0.641656774836138 -0.42069902963499856 
0.4481005063615521 -0.11656764295794705 
0.6517980790647452 -0.45802948072998073 
0.8514012888725243 -0.7732059461389672 
0.6324277178599726 -0.33364078579818657 
0.8431048354385617 -0.741498967078204 
0.6362199015438516 -0.37503933731662986 
0.6485178254201733 -0.45302078879894525 
0.6308584477922878 -0.3143579708436278 
0.2570239178045312 0.24241624796516034 
0.24550165955665226 0.26160768809156293 
0.0650031233821704 0.6872851791022566 
0.2362156969592461 0.2997542383022362 
0.43338077415069864 -0.03380769273371028 
0.023419330393002313 0.8314827396804095 
0.2328938226481752 0.31748154994177963 
0.44943954960738886 -0.1196255317386771 
0.2541611090523722 0.24403278413683924 
0.03522796211700702 0.7809778279266442 
0.07905851727415902 0.6706100059625395 
0.8378283746282109 -0.6925705794170816 
0.6373951386287942 -0.38630307853773815 
0.25175117850130796 0.246986626185803 
0.8477866017971387 -0.766390706656617 
0.8507339688235988 -0.7727835476477192 
0.836172338098248 -0.6727972298528484 
0.20626558353838087 0.5057050079454438 
0.4310787345680959 -0.013518865345901451 
0.22725237089807987 0.351810877478515 
0.8461260811437585 -0.7595721469491337 
0.8500235040769696 -0.7719075434029481 
0.07400320924489563 0.6742550197010135 
0.08090208719908067 0.6700945712440721 
0.24123189490056068 0.2768505848132948 
0.07212016266203897 0.6762587404894018 
