0.5821894112084448 3.10453836971096 
0.45076946207338014 6.626886719629814 
0.5180684597317616 4.5169672899162085 
0.4509706217948949 6.578779576379669 
0.4644012739275111 6.088578140805807 
0.8212210356904177 1.2176989861094918 
0.4730249304510554 5.817487301763032 
0.4385904838897277 7.007858099007461 
0.6942598445851564 1.4435440766492003 
0.3975983352315161 8.689691698391906 
0.5482775282448574 3.8135566149344133 
0.5008356701900342 4.97950436329339 
0.8976033099217153 1.1140778882535745 
0.4755368660926337 5.722746122051674 
0.8541914446813744 1.1707618096513386 
0.5422086285175913 3.9267235914636633 
0.5224973854593261 4.4485785200985495 
0.45398623857896336 6.434145459678687 
0.5058770282209571 4.870762441076336 
0.7885820667504639 1.2682162518092315 
0.9999999999995222 1.0000000000036193 
0.48605946687333984 5.449288175785215 
0.3916587791820756 8.874501490656494 
0.5302914627567882 4.20967190088504 
0.9462180923397492 1.056838807144625 
0.5143264752317105 4.740124382280999 
0.5971027411494684 2.782343555843934 
0.6513721214493956 1.7484434728398894 
0.61822636455647 2.348854432842291 
0.3980006314141181 8.604542805391896 
0.4295592081665641 7.298012042239978 
0.6274980753570886 2.268736563856429 
0.4331062825172885 7.162993327133953 
0.5870336241799959 2.9285877297454834 
0.44482235099936374 6.741010949780651 
0.5581584047692756 3.5519417994582527 
0.5332970486541705 4.147578562649393 
0.5641091857444637 3.430380520494263 
0.46051674884112276 6.242953956388379 
0.5386940857550936 4.029975553139307 
0.7202566072365388 1.3889788288281604 
0.49232034413801135 5.267288346128851 
0.6662692067873589 1.5072698631400376 
0.42651733981231077 7.457812923758238 
0.5987066311656153 2.703361943870986 
0.395566615818725 8.73432391609878 
0.7518452867820451 1.3300610392671182 
0.6590525839643834 1.6263298843838818 
0.49388163408084634 5.196963427292045 
0.4161930161650733 7.823799205661868 
0.431975989793334 7.236403384725586 
0.44709398742557144 6.66095352955071 
0.610907275358537 2.4628961757337393 
0.5532333391817412 3.6871290488066326 
0.40740671948812746 8.189224138947193 
0.4984082689225424 5.107702176312804 
0.48728808827567055 5.384546339372462 
0.6061074263304471 2.615034138044403 
0.4413175458294308 6.899225732769455 
0.5837165533810987 2.9964596617530916 
0.4572119854859479 6.324172036331873 
0.4052001598569699 8.277654801146676 
0.41857288130814446 7.724239599117423 
0.5750838856824598 3.1974435926043956 
0.6487764503695337 1.8143841438800026 
0.5899740023615662 2.865081802961252 
0.4890229900138272 5.318559304359088 
0.4146356037273505 7.88932102378834 
0.40422969810097326 8.38746335092821 
0.46987038995672975 5.900277669321589 
0.42321879646316657 7.556167985472773 
0.6277182629479494 2.1554894064130754 
0.5713829317740723 3.258929780643656 
0.5148148129556884 4.640405019948374 
0.5275404296634346 4.270779740845066 
0.5240729044407101 4.359723311768763 
0.6421553717796914 1.9038881944097625 
0.50769929963405 4.801998875034427 
0.41741115943943385 7.773637680708284 
0.43592904972550145 7.084885576470696 
0.4126792385552245 7.967296323411353 
0.4822809462410971 5.516996810616966 
0.4211314427661675 7.644805577599083 
0.5823523073457585 3.0717507397858035 
0.4107197291227763 8.044212592066597 
0.5678755643438805 3.326745142584647 
0.3940300790453144 8.81224745664318 
0.6147505006493079 2.4061423016617236 
0.40922474080847904 8.11526829688443 
0.47928474735355936 5.612779051511617 
0.46188015876127936 6.159756286307415 
0.46678397169043956 6.0219158121607474 
0.4005859423364078 8.476468005969743 
0.534865769929982 4.092811715693778 
0.6067089636064598 2.5390806095145537 
0.6334026162980986 2.0517327034950448 
0.4432684683679673 6.820642406153337 
0.6403290391625834 1.9858967026167915 
0.4513569029935536 6.521591980252716 
0.427463805021387 7.377555677376377 
