0.5821894112084448 0.8074293655360489 
0.45076946207338014 1.9871981618287582 
0.5180684597317616 1.34009828654564 
0.4509706217948949 1.9668363162114946 
0.4644012739275111 1.827543444997414 
0.8212210356904177 2.253200840317271E-8 
0.4730249304510554 1.7518165263163565 
0.4385904838897277 2.0735798746742296 
0.6942598445851564 0.002194686306297027 
0.3975983352315161 2.4550069529557477 
0.5482775282448574 1.0908873946580657 
0.5008356701900342 1.4939134050042444 
0.8976033099217153 7.003349126750297E-12 
0.4755368660926337 1.7213767563242255 
0.8541914446813744 5.472156385721849E-5 
0.5422086285175913 1.1291034130951834 
0.5224973854593261 1.3243706457620104 
0.45398623857896336 1.9210134957094422 
0.5058770282209571 1.4640068288619517 
0.7885820667504639 9.259293825036874E-5 
0.9999999999995222 3.1414383355916897E-12 
0.48605946687333984 1.648678105561356 
0.3916587791820756 2.4757764196800323 
0.5302914627567882 1.2323530700464769 
0.9462180923397492 7.003349126750297E-12 
0.5143264752317105 1.437971465698475 
0.5971027411494684 0.6613449640139719 
0.6513721214493956 0.13888733413806753 
0.61822636455647 0.45212373688843877 
0.3980006314141181 2.4246134695757817 
0.4295592081665641 2.1349282740546545 
0.6274980753570886 0.423627827312164 
0.4331062825172885 2.10233741161113 
0.5870336241799959 0.7191794687215576 
0.44482235099936374 1.9985523387938826 
0.5581584047692756 0.9825461686189285 
0.5332970486541705 1.2118914065222282 
0.5641091857444637 0.9351091622096881 
0.46051674884112276 1.8749848591608007 
0.5386940857550936 1.1709239962137565 
0.7202566072365388 4.2117877515203406E-4 
0.49232034413801135 1.593193211240292 
0.6662692067873589 0.004247496128804023 
0.42651733981231077 2.180886529059235 
0.5987066311656153 0.6185207222363271 
0.395566615818725 2.4550069529557477 
0.7518452867820451 1.2350541137538806E-7 
0.6590525839643834 0.07183691268169423 
0.49388163408084634 1.5666847897293907 
0.4161930161650733 2.2562105892743176 
0.431975989793334 2.1259525146606673 
0.44709398742557144 1.9780722735832612 
0.610907275358537 0.5046011922084589 
0.5532333391817412 1.039842715665291 
0.40740671948812746 2.336344941601461 
0.4984082689225424 1.5457209998679673 
0.48728808827567055 1.6238252919445668 
0.6061074263304471 0.5849916111763522 
0.4413175458294308 2.044749368509072 
0.5837165533810987 0.7490831061040074 
0.4572119854859479 1.8914872532860063 
0.4052001598569699 2.354107048665447 
0.41857288130814446 2.2331572249170466 
0.5750838856824598 0.8387982854854198 
0.6487764503695337 0.1771297044732334 
0.5899740023615662 0.6903237783863421 
0.4890229900138272 1.600897773583542 
0.4146356037273505 2.271193385697357 
0.40422969810097326 2.390461778178688 
0.46987038995672975 1.7723657693371195 
0.42321879646316657 2.197912320685297 
0.6277182629479494 0.3530400659963221 
0.5713829317740723 0.8620968525100066 
0.5148148129556884 1.38894924238336 
0.5275404296634346 1.2530089794832986 
0.5240729044407101 1.2848128585565268 
0.6421553717796914 0.22259203130816652 
0.50769929963405 1.437971465698475 
0.41741115943943385 2.2448031173665166 
0.43592904972550145 2.088507436764782 
0.4126792385552245 2.2879377800892367 
0.4822809462410971 1.660742442233465 
0.4211314427661675 2.2194680025611464 
0.5823523073457585 0.7888411309053031 
0.4107197291227763 2.303916816819619 
0.5678755643438805 0.8891772752735196 
0.3940300790453144 2.4722905619079825 
0.6147505006493079 0.4791771845800226 
0.40922474080847904 2.320968565383798 
0.47928474735355936 1.690119389655096 
0.46188015876127936 1.8450692114504572 
0.46678397169043956 1.8109337799858527 
0.4005859423364078 2.3955539238558012 
0.534865769929982 1.1891048894930032 
0.6067089636064598 0.540482965111833 
0.6334026162980986 0.2995728623381324 
0.4432684683679673 2.023375712661197 
0.6403290391625834 0.27162732746275275 
0.4513569029935536 1.9435655587944622 
0.427463805021387 2.153638021608442 
