0.3904253026714815 2.490570911449192 
1.0 0.0 
1.0 0.0 
0.3904253026714815 2.490570911449192 
0.776893328438474 1.1233751429356054E-7 
0.4155465879953393 2.261318635910625 
0.5843333677593423 0.7772019431951045 
0.39586445804564757 2.44238718084208 
0.5920170967725618 0.672231273141328 
0.4209153762576716 2.219078025406889 
0.5418015500545367 1.1285140609397266 
0.6048092456267014 0.5651313671775412 
0.4410092446432468 2.0365042610230084 
0.5776654947801012 0.8035094447813641 
0.43622172653455665 2.0788481635669185 
0.5963509128755349 0.6384062728095641 
0.8414926738570085 1.1233751429356054E-7 
0.40135013103730943 2.389042017432161 
0.41428693402876077 2.3615590982741717 
0.65360315180118 0.1683504099303943 
0.6962253315833777 5.1063825654518126E-6 
0.732108533867136 2.0227837478441695E-9 
0.8571508116989083 1.4322485605863344E-8 
0.5501620220091742 1.051311811165926 
0.46723932595138906 1.8028440315992595 
0.5246468502927688 1.3227689035746508 
0.7514204430673836 2.0808791763861866E-7 
0.5588397960631859 1.0027856017807082 
0.5387642795600637 1.153608125864058 
0.47108426320964963 1.778552375714919 
0.527664641559654 1.266099845615675 
0.663081920346073 0.03752018974930538 
0.5145898776501006 1.371223931487816 
0.6576826205378077 0.09666365277296673 
0.43422688363823153 2.1280888143742063 
0.6169167792904147 0.5004553432667527 
0.45515680967423094 1.9081449908452321 
0.909166434762936 3.815454565687083E-7 
0.894370741881797 4.4265748029386425E-9 
0.4002401704089026 2.44238718084208 
0.48645999567049975 1.6226786235159287 
0.3908499927360643 2.490570911449192 
0.6089231024162526 0.5210499540056155 
0.5198039047069125 1.371223931487816 
0.4291520210306268 2.1380525346399963 
0.42529087190993564 2.2140416315183993 
0.9634763840959379 7.824457959770417E-10 
0.4827320319204388 1.7033623152689992 
0.45976805834387535 1.9081449908452321 
0.4271169747394733 2.1699995942010117 
0.7514204430673836 2.0808791763861866E-7 
0.6715727819977699 0.001604732699024617 
0.4994125144710886 1.5287567180693946 
0.6352882182242237 0.29139676330109443 
0.9780110249245552 0.0 
0.569449704754771 0.8966804235204093 
0.8864775212342318 6.324807897271499E-5 
0.8750434115388186 4.4265748029386425E-9 
0.623954744671263 0.4254032745011683 
0.6824150381435193 0.0 
0.4054394928650529 2.3566959440255246 
0.5103530284303319 1.4456418085411125 
0.45060790814231466 1.9514552360097936 
0.8069786205839542 1.5594525178909292E-8 
0.867358121509651 3.151938539711352E-4 
0.47532797168898894 1.7291248551776521 
0.8230169287351411 0.0 
0.4631872499429838 1.8557437258892695 
0.6459577097610756 0.2254339539590917 
0.9184516426067313 0.003916810504442758 
0.4917136139719358 1.5891766363883981 
0.5326690799902005 1.2228363095339039 
0.44834765681320077 2.022024963342645 
0.4456515059898156 2.016198040007275 
0.6200926838818785 0.4254032745011683 
0.5733400633452149 0.8967946023156933 
0.40837595621616585 2.32513295563463 
0.6459577097610756 0.2254339539590917 
0.7931733900449308 8.861606733631113E-4 
0.9912224418652164 4.6703225775942385E-8 
0.8107606596258892 1.1233751429356054E-7 
0.9559833789497915 4.295343546445411E-9 
0.9398030813928273 0.0 
0.44944980840016446 1.9560118337552403 
0.504286088864429 1.4865196321457739 
0.49384794542676813 1.5596952033895846 
0.7931733900449308 8.861606733631113E-4 
0.4616126161422864 1.8506104626070194 
0.6293424878975433 0.353823181082652 
0.5635459001557087 0.9490200511325204 
0.504286088864429 1.4865196321457739 
0.5326690799902005 1.2228363095339039 
0.47532797168898894 1.7291248551776521 
0.5541610502056391 1.051311811165926 
0.6347689460218354 0.29139676330109443 
0.4890963009507569 1.6226786235159287 
0.5103530284303319 1.4456418085411125 
0.8296995006994385 8.77328631992318E-8 
0.7159389616529596 0.0017241580882605906 
0.4972503583333212 1.5513171022904433 
