3.035718061829272 0.1418831184656915 
3.035718061829272 0.1418831184656915 
1.7654417129116557 0.6848973365292452 
2.8710076298300367 0.18733223193293794 
2.8710076298300367 0.18733223193293794 
1.7811268234357447 0.6421349710219747 
2.8710076298300367 0.18733223193293794 
3.035718061829272 0.1418831184656915 
3.035718061829272 0.1418831184656915 
1.7811268915939193 0.6420866445574234 
1.7811268915939193 0.6420866445574234 
2.8710076298300367 0.18733223193293794 
1.7811268915939193 0.6420866445574234 
2.8618581306740185 0.336861927223701 
2.8618581306740185 0.336861927223701 
1.7649301563790165 0.7356543142397862 
3.035718061829272 0.1418831184656915 
3.035718061829272 0.1418831184656915 
1.7654417122257748 0.7124763753226858 
3.035717274212112 0.1419480581521657 
1.7811268915939193 0.6420866445574234 
1.7828784983657051 0.5161800819754846 
2.8710076298300367 0.18733223193293794 
3.035718061829272 0.1418831184656915 
2.8710076298300367 0.18733223193293794 
1.7654417129116557 0.6848973365292452 
1.7811268915939193 0.6420866445574234 
3.035718061829272 0.1418831184656915 
2.8710076298300367 0.18733223193293794 
2.8638255008889413 0.30819707302888827 
3.035718061829272 0.1418831184656915 
1.764922965396637 0.7494231566324616 
1.7811268915939193 0.6420866445574234 
3.035718254757332 0.14184689347072463 
3.035718061829272 0.1418831184656915 
1.7654417129116557 0.6848973365292452 
1.7828522852186306 0.5278370091706174 
3.035718061829272 0.1418831184656915 
3.035718061829272 0.1418831184656915 
0.4108889026334499 0.8801115027158388 
1.7645201385154108 0.7676767673247309 
1.7575071590483007 0.8126203986404943 
2.8710076298300367 0.18733223193293794 
3.035718061829272 0.1418831184656915 
1.7811268915939193 0.6420866445574234 
0.4108889026334499 0.8801115027158388 
3.035718061829272 0.1418831184656915 
1.7654417129116557 0.6848973365292452 
1.7645201385154108 0.7676767673247309 
1.7811268234357447 0.6421349710219747 
1.7828522852186306 0.5278370091706174 
1.7645201385154108 0.7676767673247309 
3.035718254757332 0.14184689347072463 
3.035718061829272 0.1418831184656915 
3.035718254757332 0.14184689347072463 
1.7811268234357447 0.6421349710219747 
2.860969527644941 0.3802988193309783 
2.861826587705266 0.3715531420356294 
1.764922965396637 0.7494231566324616 
1.7654417129116557 0.6848973365292452 
2.8638255008889413 0.30819707302888827 
2.863951478500475 0.2605323325727138 
1.765354104756263 0.7206561725286809 
1.7575071590483007 0.8126203986404943 
0.4108889026334499 0.8801115027158388 
1.7828784983657051 0.5161800819754846 
1.7645201385154108 0.7676767673247309 
1.764922965396637 0.7494231566324616 
1.7811268234357447 0.6421349710219747 
1.76409397832642 0.7823732086361023 
3.0356889838994725 0.1431753354382937 
2.860969527644941 0.3802988193309783 
2.8618581306740185 0.336861927223701 
-3.141592653589793 1.0016321531776837 
1.7811268234357447 0.6421349710219747 
1.7811268924029835 0.6159914723798822 
