3.035718061829272 -4.97201176093989 0.5290553118796711 
3.035718061829272 -4.97201176093989 0.5290553118796711 
1.7654417129116557 -0.9679521529360207 4.913553437910201 
2.8710076298300367 -4.817904725975137 1.336585320355006 
2.8710076298300367 -4.817904725975137 1.336585320355006 
1.7811268234357447 -1.0417758536800978 4.887756263321329 
2.8710076298300367 -4.817904725975137 1.336585320355006 
3.035718061829272 -4.97201176093989 0.5290553118796711 
3.035718061829272 -4.97201176093989 0.5290553118796711 
1.7811268915939193 -1.0417758536800978 4.887758856760398 
1.7811268915939193 -1.0417758536800978 4.887758856760398 
2.8710076298300367 -4.817904725975137 1.336585320355006 
1.7811268915939193 -1.0417758536800978 4.887758856760398 
2.8618581306740185 -4.805733947158178 1.3718908989362495 
2.8618581306740185 -4.805733947158178 1.3718908989362495 
1.7649301563790165 -0.9679521529360207 4.913553437910201 
3.035718061829272 -4.97201176093989 0.5290553118796711 
3.035718061829272 -4.97201176093989 0.5290553118796711 
1.7654417122257748 -0.9689376840935761 4.913553437910201 
3.035717274212112 -4.972011657536014 0.5290553118796711 
1.7811268915939193 -1.0417758536800978 4.887758856760398 
1.7828784983657051 -1.0527074603505144 4.887640175016525 
2.8710076298300367 -4.817904725975137 1.336585320355006 
3.035718061829272 -4.97201176093989 0.5290553118796711 
2.8710076298300367 -4.817904725975137 1.336585320355006 
1.7654417129116557 -0.9679521529360207 4.913553437910201 
1.7811268915939193 -1.0417758536800978 4.887758856760398 
3.035718061829272 -4.97201176093989 0.5290553118796711 
2.8710076298300367 -4.817904725975137 1.336585320355006 
2.8638255008889413 -4.805902795494277 1.3703875952639817 
3.035718061829272 -4.97201176093989 0.5290553118796711 
1.764922965396637 -0.9689376840935761 4.913553437910201 
1.7811268915939193 -1.0417758536800978 4.887758856760398 
3.035718254757332 -4.97201176093989 0.5290553118796711 
3.035718061829272 -4.97201176093989 0.5290553118796711 
1.7654417129116557 -0.9679521529360207 4.913553437910201 
1.7828522852186306 -1.0527074603505144 4.887640175016525 
3.035718061829272 -4.97201176093989 0.5290553118796711 
3.035718061829272 -4.97201176093989 0.5290553118796711 
0.4108889026334499 4.583460657888917 1.9992187244854924 
1.7645201385154108 -0.9689376840935761 4.913553437910201 
1.7575071590483007 -0.9687701147735783 4.913553437910201 
2.8710076298300367 -4.817904725975137 1.336585320355006 
3.035718061829272 -4.97201176093989 0.5290553118796711 
1.7811268915939193 -1.0417758536800978 4.887758856760398 
0.4108889026334499 4.583460657888917 1.9992187244854924 
3.035718061829272 -4.97201176093989 0.5290553118796711 
1.7654417129116557 -0.9679521529360207 4.913553437910201 
1.7645201385154108 -0.9689376840935761 4.913553437910201 
1.7811268234357447 -1.0417758536800978 4.887756263321329 
1.7828522852186306 -1.0527074603505144 4.887640175016525 
1.7645201385154108 -0.9689376840935761 4.913553437910201 
3.035718254757332 -4.97201176093989 0.5290553118796711 
3.035718061829272 -4.97201176093989 0.5290553118796711 
3.035718254757332 -4.97201176093989 0.5290553118796711 
1.7811268234357447 -1.0417758536800978 4.887756263321329 
2.860969527644941 -4.806425354690321 1.3894100326351286 
2.861826587705266 -4.805902778610821 1.3703853089497973 
1.764922965396637 -0.9689376840935761 4.913553437910201 
1.7654417129116557 -0.9679521529360207 4.913553437910201 
2.8638255008889413 -4.805902795494277 1.3703875952639817 
2.863951478500475 -4.805902795494277 1.370391992748545 
1.765354104756263 -0.9689376840935761 4.913553437910201 
1.7575071590483007 -0.9687701147735783 4.913553437910201 
0.4108889026334499 4.583460657888917 1.9992187244854924 
1.7828784983657051 -1.0527074603505144 4.887640175016525 
1.7645201385154108 -0.9689376840935761 4.913553437910201 
1.764922965396637 -0.9689376840935761 4.913553437910201 
1.7811268234357447 -1.0417758536800978 4.887756263321329 
1.76409397832642 -0.9689331328063641 4.913553437910201 
3.0356889838994725 -4.972011656207856 0.5290553118796711 
2.860969527644941 -4.806425354690321 1.3894100326351286 
2.8618581306740185 -4.805733947158178 1.3718908989362495 
-3.141592653589793 -4.999999999999975 -4.118807594093477E-9 
1.7811268234357447 -1.0417758536800978 4.887756263321329 
1.7811268924029835 -1.0429036036419186 4.88764230363287 
