-19.998307633404877 0.00468935154905037 
-14.439816804188634 -11.62713442404667 
-19.998307633404877 0.00468935154905037 
-14.439816804188634 -11.62713442404667 
-19.078438670137004 -1.1144928005249797E-4 
-17.0438837194983 -3.8746534446217393 
-17.940369677505586 -3.8742666934474914 
-18.680740601498584 -0.9497828492924313 
-15.89344291332828 -7.749972528689013 
-18.745367284919254 -0.7233204602669026 
-15.617609739549103 -7.75118040275812 
-14.903275664124317 -10.558347555751306 
-16.374362887104347 -6.4041521658725955 
-18.460010275545883 -1.7610895440611087 
-14.618550640102296 -11.398366200598852 
-18.598613330807577 -1.2793976692709048 
-19.02607491842487 -0.08001006942840892 
-14.835549127987377 -10.750997712819576 
-16.621109424112987 -5.229663387794828 
-15.560674902359661 -7.982615638253679 
-15.378779213249137 -8.625978133903207 
-15.33964401301013 -8.769124808229526 
-18.418716266570485 -2.0806800284419795 
-14.766717604245628 -11.0309961089247 
-16.77988893238632 -4.527975440441592 
-14.719245999666636 -11.175506944925132 
-15.098258588958771 -9.786761727868805 
-16.018764111968157 -7.522695497222108 
-16.94858267166975 -4.048123102359058 
-14.665312944614932 -11.283207879888723 
-16.74392184335087 -4.661900110083181 
-18.27879050927263 -2.759340844913029 
-18.539720132123506 -1.4993365001062766 
-16.709687951152787 -4.811448899679018 
-18.31345206037542 -2.5948925705292827 
-15.279946187887578 -8.899343027481438 
-14.814044838672498 -10.902979479654292 
-16.334089249077678 -6.5262719607890745 
-16.430596504261665 -6.13179882732662 
-18.45564377499786 -1.9041285570158888 
-18.22230948345431 -3.0303008246738865 
-15.060018579534237 -9.954929237630687 
-15.47230832378865 -8.225162580242326 
-18.192544954854533 -3.1749729849666513 
-16.650118072720446 -4.984010938998242 
-15.002251129547613 -10.19541628927463 
-18.25099977827112 -2.8943924570233337 
-14.940126550394254 -10.356815479932937 
-16.896019694442767 -4.1737518460299325 
-15.963059640292956 -7.700110576267535 
-16.807751150820877 -4.330399346861453 
-15.218615878746032 -9.11110757921196 
-15.035787990445554 -10.057470094264644 
-16.50426314736723 -5.796183013647107 
-16.171847578333786 -7.19634677408912 
-16.229716056337416 -6.979051772863812 
-16.114430892832075 -7.39080901857873 
-15.610437068321719 -7.77188005889794 
-18.588996308564642 -1.3200792396115295 
-15.269836262385486 -9.047591533591216 
-16.218860644025405 -7.013381635934241 
-15.52069451182559 -8.101237649765384 
-18.933925842938034 -0.2541668063448233 
-18.805546011135583 -0.5711913901055184 
-18.383110915090654 -2.252671680390248 
-16.480544025979555 -5.923187007546913 
-18.80903687376793 -0.5284978354088643 
-15.42673664579775 -8.440517166844185 
-18.023462219507994 -3.7758216723893874 
-15.117285853534636 -9.61805198041889 
-18.146593701721592 -3.3764392826323326 
-16.58938934032362 -5.377335446521329 
-18.933925842938034 -0.2541668063448233 
-16.25928604585716 -6.743550870884058 
-18.162921275153295 -3.305114633606292 
-16.67561777434541 -4.946355546900456 
-16.00698114685492 -7.608111233376591 
-16.45932498622618 -6.0231175643610015 
-16.155698561519173 -7.235739344751422 
-14.9736243150562 -10.319535271326526 
-16.98833513586773 -3.9249219177539296 
-15.17022096947338 -9.42625613949969 
-16.572289231022808 -5.475717099119942 
-14.526670219620765 -11.559696743019447 
-16.536753992929384 -5.645288131562722 
-15.422136022554906 -8.460018745754919 
-18.06892016296892 -3.6564323593254326 
-18.87282443287323 -0.3916712754657902 
-18.87282443287323 -0.3916712754657902 
-15.20277779525256 -9.270015277145127 
-16.310184872225058 -6.690798587576144 
-17.98448697256126 -3.8318695873684967 
-14.526670219620765 -11.559696743019447 
-18.333763636295373 -2.4475058886735384 
-14.467060025999277 -11.618706817883796 
-18.38797860905486 -2.234354110126937 
-16.11879517808501 -7.377641033705977 
-18.112401239133973 -3.5084479686622774 
-18.333763636295373 -2.4475058886735384 
-15.49776649975086 -8.187917097381465 
