-2.9417093367539726E-4 2.2446267655759029E-4 -4.1997130296134166E-4 
-1.1528470991981763 -1.150856987764064 -1.1521369637439705 
-2.9417093367539726E-4 2.2446267655759029E-4 -4.1997130296134166E-4 
-1.1528470991981763 -1.150856987764064 -1.1521369637439705 
-0.48278091164700854 5.733743467767072E-4 4.064901621347969E-5 
-0.48796580319983707 3.279516676279171E-4 -1.1321788219098396 
-1.152840325975325 2.238023060892477E-4 3.837254272704025E-5 
-0.7049114922805604 6.907889142343691E-4 0.0020394839078095688 
-1.150001652467275 7.171955524066387E-5 -1.1482549433494635 
-0.6668199742358757 -0.002527547119374341 -0.0016990271429727088 
-1.047948384789487 -0.5958100548275 -1.1193529161154216 
-1.1026416727640997 -0.9997776139622498 -1.0545722127501405 
-1.0214811928581247 5.593849775044023E-4 -0.9787637373436222 
-0.008873672990541981 -0.004996796695325045 -0.8241474749814608 
-1.1371990330288215 -1.071557681017505 -1.1500548615069128 
-0.7542573302914162 5.688557177277408E-4 4.064901621347969E-5 
-0.5117062026060131 5.681059674749471E-4 4.064901621347969E-5 
-1.1006031331604964 -1.040960531494715 -1.0411149005927534 
-0.879196915795343 0.0012089463996942085 -0.9718177652853595 
-1.0790918681123394 -0.6431919954385419 -1.0760372879115807 
-1.0767128973989486 -0.7423038664663356 -1.091082162473728 
-1.090348421714834 -0.7531107630266738 -1.0935158281621842 
-0.86004156059081 3.102140729165925E-4 -3.955911171304453E-4 
-1.0890668117652023 -1.0331049432762542 -1.1319095947822655 
-0.723442355799741 -0.0026469128049757427 -1.036975644869143 
-1.0893939246040325 -1.0574118648220274 -1.1300446520527871 
-1.0845670150784916 -0.9167430087049461 -1.0467812861046268 
-1.150001652467275 2.7677337427422106E-4 -1.070032840136461 
-0.5520456546459254 6.379860860606713E-4 -1.1195275486318075 
-1.1261367376922284 -1.0531996744983838 -1.1516308833878481 
-0.7164193163739421 2.2446267655759029E-4 -1.066683170550995 
-0.9430772154275969 2.3569706966847844E-4 0.0011044740457663016 
-0.7863307551141295 0.0022691373799181317 -0.0010979642235509522 
-0.9744175464991256 2.019653874898436E-4 -0.8241474749814608 
-0.9227437109603277 6.369739235340958E-4 2.1059950125936996E-4 
-1.1347920628344024 -0.7517288460230187 -1.0981039050157002 
-1.0917778661097184 -1.0331049432762542 -1.0854130737181766 
-0.9779908644872894 -0.01571615748984928 -1.0467812861046268 
-0.94172674822331 2.2446267655759029E-4 -1.0244860149793849 
-0.8380806226397309 4.089451821483259E-4 -3.972104866497572E-4 
-0.9772580109002795 3.107761910411778E-4 -0.0011187287794757195 
-1.0839851749590186 -0.9090702384022309 -1.0936917462767624 
-1.0363629425519247 -0.7517288460230187 -1.0440427442353544 
-0.9960836110976558 5.499794689911286E-4 2.1059950125936996E-4 
-1.0900861409175486 2.583053948522062E-4 -0.7488832809136166 
-1.090348421714834 -0.935173773038523 -1.0935158281621842 
-0.9598851516610836 2.3569706966847844E-4 0.0011044740457663016 
-1.0508447665315672 -0.9662963989793341 -1.133422098670196 
-0.6294158592151764 2.2446267655759029E-4 -1.066683170550995 
-1.1224066167674773 3.2825286954073424E-4 -1.132147963541723 
-0.7616837707811333 -0.02499317208146451 -0.9788646397517913 
-0.9770452849175031 -0.917316767452949 -1.0471010773590825 
-1.0875434500053152 -0.9204524986740164 -1.092047889006982 
-0.9967641214298048 3.552898373637017E-4 -0.9246314354394246 
-1.0834616475388872 -5.47957739295668E-4 -1.0412307105750385 
-1.0141172255786213 4.1953336149344166E-4 -1.0749515168426615 
-1.085224386312958 3.5430265321270324E-4 -1.0749515168426615 
-1.047948384789487 -0.6005595238688723 -1.1193529161154216 
-2.9417093367539726E-4 2.2446267655759029E-4 -0.7600852260768127 
-1.1040457334793063 -0.8017844717496422 -1.0662928536970249 
-1.0484093141465443 0.016695035462799046 -1.046899482892619 
-1.106704318706316 -0.6427008191277273 -1.0788976632340437 
-2.9417093367539726E-4 2.2446267655759029E-4 -0.5632316590305906 
-2.9417093367539726E-4 2.2446267655759029E-4 -0.6355964805119803 
-0.8811594023401211 3.113565611236632E-4 -4.681829879759219E-4 
-0.9666621763149567 2.2446267655759029E-4 -0.968855395457022 
-0.6294158592151764 6.395569141730334E-4 -0.004021649256198412 
-1.0859992609837787 -0.7062251545876777 -1.0924771529932176 
-1.1004487978242175 3.102140729165925E-4 -3.955911171304453E-4 
-1.0892661753900543 -0.8526968398619477 -1.1300446520527871 
-2.9417093367539726E-4 2.0484361174947065E-4 -1.0244860149793849 
-0.879196915795343 0.0012089463996942085 -0.9911176028856332 
-2.9417093367539726E-4 2.2446267655759029E-4 -0.5632316590305906 
-1.0918489982689452 -0.02499317208146451 -0.9788646397517913 
-1.0141933044073699 5.500878949839968E-4 2.1059950125936996E-4 
-0.977089537932349 0.009592407145025992 -0.8415731596822731 
-1.1332284843473173 0.002608270217716375 -1.093915925726842 
-0.980434038051473 2.8236971882687387E-4 -0.9679745269519526 
-1.0914684776167511 -0.002750873350843482 -1.0432350909007633 
-1.0812392368762953 -0.9648597578290429 -1.0760372879115807 
-1.152840325975325 2.238023060892477E-4 -0.5004767698955788 
-1.0201416782210395 -0.917316767452949 -1.0471010773590825 
-0.9616372943540071 3.5430265321270324E-4 -0.9184587560127682 
-1.1528470991981763 -1.109510142399357 -1.1492594582895417 
-0.9289849723757995 0.0012089463996942085 -0.9725770542039666 
-1.077364274561384 -0.7423038664663356 -1.0562123412161943 
-1.0722370252316158 2.2446267655759029E-4 -4.1997130296134166E-4 
-0.5973259150167014 3.113565611236632E-4 -4.681829879759219E-4 
-0.5973259150167014 3.113565611236632E-4 -4.681829879759219E-4 
-1.0383914618986447 -0.8446661039471547 -1.1217548224213203 
-1.0141172255786213 4.1852797932653065E-4 -1.0253140919751293 
-1.122754478059526 0.001811767205114001 -0.0011207259317563834 
-1.1528470991981763 -1.109510142399357 -1.1492594582895417 
0.004366819457441273 2.583053948522062E-4 -0.9061055466501 
-1.1528470991981763 -1.1377364227881182 -1.1516308833878481 
-0.878655187346779 2.247825789385507E-4 4.121047707315043E-5 
-1.085224386312958 3.5430265321270324E-4 -1.0722467191270508 
-1.0452537760601384 5.681059674749471E-4 4.064901621347969E-5 
0.004366819457441273 2.583053948522062E-4 -0.9061055466501 
-1.0903245438226172 -0.6586339549239724 -1.0935158281621842 
