1.5259049352191445 0.22413754293679622 4.995000118979665 
1.5259049352191525 0.22413754293679622 4.995000118979665 
1.5259049352191387 0.22413754293679622 4.995000118979674 
1.5259049352191387 0.22413754293679622 4.995000118979674 
1.525904935219138 0.22413754293679622 4.995000118979708 
-3.1366979590281954 -4.999945139964296 -0.024473377402308077 
1.5259049352191367 0.22413754293679622 4.995000118979708 
1.5259049352191525 0.22413754293679622 4.995000118979665 
1.5259049352191394 0.22413754293679622 4.995000118979674 
1.5259049352191367 0.22413754293679622 4.995000118979708 
1.5259049352191387 0.22413754293679622 4.995000118979674 
-3.1366979590306827 -4.999945139964296 -0.024473377402308077 
-3.1366979590281905 -4.999945139267801 -0.024473375226119372 
1.5259049352191394 0.22413754293679622 4.995000118979674 
-3.1366979590281905 -4.999945139267801 -0.024473375226119372 
-3.1366979590281954 -4.999945139964296 -0.024473377402308077 
1.5259049352191394 0.22413754293679622 4.995000118979674 
-3.1366979590281954 -4.999945139964296 -0.024473377402308077 
1.5259049352191525 0.22413754293679622 4.995000118979665 
-3.139502857017139 -4.999990853572888 -0.010271984607938878 
-3.139502857017139 -4.999990853572888 -0.010271984607938878 
