0.39052700723436756 8.955470026170937 
0.39052700723436756 8.955470026170937 
1.0 1.0000000000000009 
0.41615860710324426 7.822234968882751 
0.45096016025904556 6.581106530000184 
0.4239771061829262 7.54317439507485 
0.4438711999828515 6.786779244421883 
0.9781520351779458 1.022364970829249 
0.5377421256800542 4.023255558207031 
0.40688125110404666 8.213752003566439 
0.8422426182664362 1.189661614685778 
0.8604412604388451 1.1681236566528914 
0.6792209641705971 1.4748203075059896 
0.9331510332654401 1.0716378853492199 
0.6340672359196331 2.0582914850698555 
0.8277969632392681 1.2080258532470451 
0.47303458277936583 5.890672559035642 
0.6380908960807468 1.9933352528897545 
0.6966550524612432 1.4374293172914627 
0.5203587371153386 4.45776376216806 
0.396496211359575 8.66275199968092 
0.7599673473626913 1.3330186855656534 
0.4995196103485345 5.021801824865416 
0.532040836495544 4.265720154358877 
0.8128860401758102 1.2301847398841643 
0.6677993432445026 1.5024645311497975 
0.5146613486043705 4.731172359528724 
0.41251682822792035 8.012309200845962 
0.6480902659846066 1.8219782060303347 
0.49572693563096576 5.164807917461937 
0.9504096243973603 1.0521793361860217 
0.5495365552628858 3.742576960379082 
0.5197693713606422 4.586493878647888 
0.45578414870252937 6.366266013335122 
0.5282493084009096 4.2843984749592945 
0.46697679923953156 6.035674420151723 
0.8853691298326304 1.1294724045653761 
0.3951140766947833 8.812949577482176 
0.4792001579321309 5.683200178597285 
0.6246625187609238 2.2481535775310757 
0.5079870478902695 4.937254395180406 
0.7704590262814028 1.2979275992446095 
0.40039742337599715 8.483361182349352 
0.43364999320812175 7.224409503681966 
0.9877580303578462 1.012488347855379 
0.6172831555082456 2.39797866341451 
0.7080516384212886 1.4370039715415173 
0.439319651644621 6.961934132852736 
0.5081263041649957 4.804563359659716 
0.7165113283541723 1.3956513868904608 
0.461831769089448 6.168848681833392 
0.4755305946541886 5.72705616370323 
0.6085894652075906 2.537443577024313 
0.6623077691277139 1.6243180563288324 
0.5756705630906154 3.328640889997643 
0.5762565229453318 3.1610610336359692 
0.5963157225403304 2.7694057330915567 
0.5836082476315708 3.020237334240499 
0.4578369827244403 6.325744797402085 
0.48420952033855513 5.505627926150373 
0.5872546433261001 2.9236268625693893 
0.41120478520849013 8.127390078340168 
0.5945751865724601 2.887630511953014 
0.556874809476662 3.584189024442255 
0.7303914116998984 1.3691738668169404 
0.5688754644107517 3.3442268485828386 
0.40039742337599715 8.483361182349352 
0.8999434969255069 1.1111809383147337 
0.5648852576925316 3.455021486243144 
0.4353097299999183 7.196864476714 
0.5963157225403304 2.7694057330915567 
0.5445696959067303 3.9067479240291605 
0.7809580107799445 1.2832442292640265 
0.4848107237799411 5.480649901566178 
0.9167838714471662 1.090769649603891 
0.6232832690288753 2.25066697828879 
0.9472115180676456 1.0557304232981861 
0.9158360310621657 1.0918985124883414 
0.49077104025460316 5.2735582673859485 
0.5805876037516631 3.1141939462391672 
0.7439096085938858 1.344249391352951 
0.5603871866915141 3.4946282341289026 
0.65493030424683 1.745435588956214 
0.439319651644621 6.961934132852736 
0.4269205127556395 7.40381885768855 
0.4269205127556395 7.40381885768855 
0.6584866001754992 1.6623259778231356 
0.6085894652075906 2.537443577024313 
0.8974355315714129 1.1142862346813078 
0.7264401264192566 1.3838904225008368 
0.3909696235031796 8.928090907343437 
0.46618643700606854 6.142770405328445 
0.5556618735419039 3.701320800549514 
0.8733706682557564 1.1474622368900147 
0.8021693747726115 1.2466196027295264 
0.4889790452032029 5.315786113522712 
0.7439096085938858 1.344249391352951 
0.5445696959067303 3.9067479240291605 
0.7910583962885048 1.264129314382867 
0.87362173154243 1.144660170294136 
