0.012082638835251736 4.889146324602432 
0.02442538087239854 4.877315006448019 
0.4473945747065624 2.940088790895314 
0.027167259914593456 4.790772340271036 
0.07181184393031403 4.563906742801085 
0.19474092403902954 3.7008953091807855 
0.8495126304845404 2.3088700576136945 
0.043451122916152385 4.785112738998143 
0.1082547887297558 4.2238492027405625 
0.10083234140835995 4.515679652960308 
0.2702968109945838 3.1177871832484723 
0.6430633454162873 2.920888357472879 
0.010532207862802734 5.845496059601392 
0.42066942584950684 3.1136942868625126 
0.6443819227281987 2.861648900211311 
