0.012082638835251736 0.2980031518747833 0.7990398124665484 0.4667284422396826 0.2630465161139285 0.05019102513269358 0.5739547843476227 0.6980859018977306 0.6253119516591235 0.8691643479555826 0.3092030389847067 0.8246798776328356 0.17534580000149314 0.13948094832219915 0.2829320915047403 0.18741084734485758 0.9969001540349961 0.02274645217413529 0.9626918428497225 0.9199834003555483 0.942347693039206 0.10083334936410049 0.16153179020051278 0.08408845405188725 0.6339413786745038 0.8215486672564897 0.19564737959185208 0.026784926108413654 0.33420437341328924 0.583522508451953 
0.02442538087239854 0.5427595040750812 0.5123103173457527 0.8221863574410282 0.03904059952027261 0.28482866552088704 0.8526175971557722 0.33390140567766424 0.003970457581161879 0.008098983997387954 0.7851076643605278 0.5041768003092569 0.541395809981177 0.3365277519296852 0.09338426332320582 0.2118037625514798 0.3323858294339902 0.7788531306758567 0.8503154204597165 0.6815840538022955 0.8889358971557098 0.3063181109584593 0.43628877324196824 0.7371708860442957 0.9938177389807704 0.3955143378525643 0.17389538962865048 0.7198335300345254 0.3263410000225827 0.20898160950908196 
0.4473945747065624 0.6305738784709326 0.42236412312702976 0.0032322070065973207 0.19554499371507938 0.5293674117812144 0.4428671137151361 0.7606454521196193 0.5745180438831978 0.8042842352464133 0.4531181705811488 0.4889410534804517 0.3559212285667982 0.15637446336744287 0.2862070567156335 0.6210808128838693 0.025820939064977178 0.6067646140543959 0.7619648392246797 0.059876130422376495 0.015144887107469196 0.6846850171835044 0.007757916909799989 0.7615870348025195 0.2634452304115661 0.8885424811919608 0.1734399029089676 0.4678908612047675 0.4745246748880372 0.5233784686929682 
0.027167259914593456 0.9872701001028718 0.454754205613234 0.6795669473778028 0.43113757141184117 0.09568672430321412 0.644946064069578 0.5553547188588797 0.21734105039538798 0.8331594328408324 0.5872665482172791 0.2475464680902688 0.19994428473047443 0.16662549010110395 0.7304630042633835 0.9162624245164245 0.7975770607195258 0.10152046828230854 0.7362582565942106 0.28545694439242275 0.8978304904108143 0.08394677034796072 0.3504179431835488 0.38470110209670483 0.3716846949756224 0.0746086273619484 0.6974192134135597 0.2850496703509905 0.1306505543704506 0.5457723099476885 
0.07181184393031403 0.6307571034519528 0.919710845296194 0.38854776516827383 0.619655686229111 0.03154680706813162 0.030849732132002483 0.8845078959562466 0.19000734088288251 0.15309067421726952 0.05882824012831045 0.789662887859938 0.00752779009798854 0.5476921839020925 0.36134734524199785 0.8543571963007482 0.5289017191642681 0.2932648019959049 0.817137012899438 0.18074974176627667 0.21015802196447664 0.5959861014811897 0.03658207364140442 0.7444146291941969 0.83511827669965 0.3651330282699353 0.3979323786564283 0.5054370096890106 0.9807934225033861 0.6783485890640188 
0.19474092403902954 0.07414655233734879 0.5450628377496355 0.8789369150389579 0.6928303222155843 0.8002894523407412 0.18133710164746208 0.27836097628254153 0.1755412450028303 0.43523027584401675 0.03714081579464734 0.05448810802891402 0.21997768471091994 0.3882680421183451 0.11030327066624424 0.07009790947476058 0.8820311461812822 0.24997941569704885 0.8880870550188057 0.6467767822957443 0.3419025815763519 0.41572629215808055 0.10319106354918461 0.40785730974021717 0.9976652915929652 0.08569426570231731 0.04077393025723608 0.6957174429526896 0.8193662338883698 0.13830418021660607 
0.8495126304845404 0.606146919673705 0.01446609588005221 0.7178603983732528 0.021687424333663108 0.735174779831024 0.7875501053870686 0.15942414178374742 0.2510440745757536 0.7842592868259877 0.6468705729829859 0.04328538629885603 0.9290499578806323 0.5339729594705324 0.8682554403881247 0.18025980932310914 0.9333910100922198 0.3365573194539797 0.8374529851066848 0.279438762567618 0.3571584483991922 0.8097195667363211 0.16142718861501626 0.5400444088474128 0.34522829355448914 0.46799963266364375 0.5305967418695833 0.1610765166657051 0.6711428978819212 0.06511467250971725 
0.043451122916152385 0.4569294365987232 0.17025593217817436 0.0011931196055915416 0.46010648799607856 0.7947555760640196 0.5544621772511741 0.5335405865158722 0.011143197508787672 0.6036120771484491 0.15091648343471276 0.21491962590486113 0.06646443587589701 0.9977260992248588 0.4334819770388405 0.569878124454946 0.7485045936645496 0.7404979959403354 0.5600733034155061 0.34902792497053947 0.5852296642384162 0.7141473143698308 0.28615972455571603 0.39399669955208005 0.35072129804905683 0.8125619245411031 0.341963493930053 0.2787148796259359 0.7819900958815981 0.9180078438778653 
0.1082547887297558 0.6761077959556587 0.25434934908692286 0.48481264236268407 0.6620694558740061 0.03844433524657909 0.5619352021870775 0.09610342804352034 0.19568695117023605 0.8879857249772994 0.7834439236631504 0.7371697485684038 0.525902966134227 0.3172146208085407 0.9948783572003335 0.05543240237759062 0.6458493208304689 0.32913680463241524 0.7004036615331775 0.9066114784887547 0.05552288859143928 0.037414282882674565 0.16864164079880462 0.09517866510253681 0.2171221274221743 0.26953938264535526 0.978400471986669 0.3873818318853398 0.2855065805024689 0.30337316388112023 
0.10083234140835995 0.9031350804401415 0.8395687228566057 0.20231964251806867 0.0952519283731208 0.7999080319238925 0.6462749477194678 0.7370466275295772 0.8200154279210798 0.3708381050612247 0.8985139343752065 0.1908360795304609 0.48095105204498545 0.08329239010978662 0.035998255014318525 0.8133377112535657 0.5934736139812438 0.26316570548455576 0.16598943313550596 0.6275835119892402 0.8403544034455844 0.8918275724517435 0.07778726067734376 0.10492900760342183 0.2672016773570127 0.13426694213936696 0.6560778038607459 0.30756022681795003 0.02073671193317672 0.793731404942547 
0.2702968109945838 0.6519014759027991 0.150269945058902 0.045586884391361604 0.41106665808608955 0.8414260211899353 0.003140963796381291 0.40473406230115316 0.8741295353172188 0.84015565523379 0.35814793639608666 0.07227193507716745 0.12924767835058892 0.4525101769915636 0.15442901543645904 0.4214834428300408 0.037395755764738636 0.0649304554821234 0.06888504245858318 0.01361198732501323 0.2923223815655951 0.048765524507947244 0.4032159020238617 0.47215942212771855 0.4489308655055608 0.7528651353812394 0.7939818384652441 0.7912529844319791 0.25382590718318554 0.7967670681275112 
0.6430633454162873 0.010934851132960333 0.12790849087105682 0.6572929098440725 0.40049469794119175 0.7955743921792365 0.43942073436548523 0.1703848900264756 0.8100666835882815 0.05894751867896919 0.3102138059562505 0.23473863279335305 0.2792904474254828 0.7198520256957447 0.6489022011345102 0.23949081664782046 0.44049667338775855 0.10977220085032846 0.869935241068412 0.6843428595174775 0.4149720609794648 0.15245438389345844 0.7276272041474183 0.9314172186047539 0.19106380121802236 0.5998726210882409 0.9848815631234937 0.8550411881382785 0.7073021060416153 0.6526587611856821 
0.010532207862802734 0.6637701561244651 0.1586948543902571 0.651450835636509 0.7629994308272614 0.3577502493661001 0.8384060329662953 0.8469363330875971 0.4126898030389422 0.8360140922517372 0.6046286402511235 0.778507489105982 0.5661232763295287 0.7792716158184169 0.1634807233419634 0.8376283603768124 0.49762736296000465 0.9958806016862136 0.7717324672438041 0.8476210053945747 0.7332884749419495 0.5095692363646951 0.3880289266196272 0.24493616130362383 0.24816031515935355 0.021140780040367124 0.2911854022785415 0.4372547637343177 0.4093291776080844 0.7870799852600207 
0.42066942584950684 0.3157893506725168 0.7999907585150192 0.4548388625398435 0.39827468100501895 0.9644354027072604 0.11415606084264762 0.06452679938022565 0.07090053758426262 0.8393495210289824 0.8419471852172916 0.0546451032054831 0.13904934405466307 0.6658668155492333 0.15876625462292537 0.7605077171310922 0.192536668280055 0.10318500449938439 0.1136943103520085 0.19059420255380355 0.40837031230831344 0.939212924094356 0.24067185661441648 0.4976849599266797 0.8813356464795767 0.15892462486234749 0.9449844012282677 0.10469037987208774 0.12221388860074966 0.6618824451342805 
0.6443819227281987 0.16269801987051513 0.3702652502934419 0.775710387850827 0.7806965059677614 0.8162331359061122 0.9038053432310099 0.0021357426217730735 0.14607781058873903 0.20222795708033336 0.6015211789471419 0.22885665568655078 0.565896868905408 0.6030117446667485 0.9751086122723213 0.13011149420434442 0.9339726855487284 0.7781280463481001 0.2566039167744576 0.2659193803199371 0.6380244679590393 0.11718260534474234 0.6129691559541668 0.26138252606872503 0.7573058355254577 0.5726587007889786 0.5703069261985673 0.08481000060762689 0.5596468603924316 0.3541177358581904 
