2.1334318828700822 0.43125542338901424 
-3.141524978058248 1.0089411620016788 
-3.1415926517028105 1.0441267494475488 
-3.141529532262476 1.0199342497053456 
-3.141592651802627 1.044126835426968 
-3.141591698626423 1.0425836046243557 
-3.14159265008967 1.0440789007114022 
-3.141587965204141 1.0384667635078775 
1.89853530725594 0.5197106379588474 
-3.1415305461885574 1.0310636497670453 
-3.1415926501925013 1.044078989295032 
-3.141592255402996 1.0427096831838394 
2.133456115880328 0.37550494313186344 
2.1334368423224497 0.41461455683946125 
-3.14159264640152 1.0429435553468311 
1.8195619111272354 0.9095935370805914 
-3.14159265008967 1.0440789007114022 
1.8331364259199798 0.6793192844006126 
1.8354938228378372 0.5563829367095942 
1.819585080898342 0.9076734204460326 
2.1334318828700822 0.43125542338901424 
-3.14159265008967 1.0440789007114022 
1.8178056420768274 0.9650903339753212 
-3.1415926517028105 1.0441267494475488 
-3.141589224512671 1.041240344642358 
-3.141529532262476 1.0199342497053456 
-3.1415926464062673 1.0429435596512906 
1.89853530725594 0.5197106379588474 
-3.141534969449978 1.037810064906974 
-3.1415926517028105 1.0441267494475488 
-3.1415926517028105 1.0441267494475488 
1.8221047215547221 0.6998352908239311 
1.8217534489503455 0.8299213833503776 
2.1333841426837603 0.4434890618067767 
-3.1415926501925013 1.044078989295032 
1.8331364259199798 0.6793192844006126 
2.1334326045018113 0.4289649696120749 
2.133379803977427 0.4567002779382622 
-3.141532655468724 1.0356667659112568 
2.1334368423224497 0.41461455683946125 
1.8352542065417783 0.6750310141557193 
-3.141529532262476 1.0199342497053456 
-3.14159265008967 1.0440789007114022 
1.8221047215547221 0.6998352908239311 
-3.1415884985578977 1.0404150258249159 
2.1334323596450364 0.4291536219693907 
1.8234465873349348 0.6928108142705022 
1.8331364259199798 0.6793192844006126 
-3.141529532262476 1.0199342497053456 
-3.141587965204141 1.0384667635078775 
-3.141532655468724 1.0356667659112568 
-3.1415926517028105 1.0441267494475488 
2.1333841426837603 0.4434890618067767 
-3.1415926517028105 1.0441267494475488 
-3.141529785379452 1.0294858360718995 
1.8331364259199798 0.6793192844006126 
1.89853530725594 0.5197106379588474 
2.1333841426837603 0.4434890618067767 
-3.141529532262476 1.0199342497053456 
-3.141592644186783 1.0429415471178898 
-3.1415903833998757 1.041266259242705 
-3.141592644186783 1.0429415471178898 
-3.141532655468724 1.0356667659112568 
1.8331364259199798 0.6793192844006126 
-3.141526744558403 1.0196010184653392 
2.1334318828700822 0.43125542338901424 
2.1334320799095723 0.4302542456552535 
-3.141591220294336 1.0421372884341795 
-3.141532655468724 1.0356667659112568 
-3.1415926517028105 1.0441267494475488 
1.8330156844861207 0.6897386758355941 
-3.1415229897186343 1.0079848545120595 
1.8460247406951928 0.5246915257831737 
-3.141592653589793 1.0442889309055716 
1.8331364259199798 0.6793192844006126 
-3.1415296785063767 1.028945379062876 
1.8457745778310934 0.5321370341380575 
-3.1415885362315987 1.0404421009224676 
1.8195619111272354 0.9095935370805914 
-3.1415926517028105 1.0441267494475488 
1.819585080898342 0.9076734204460326 
1.8457745778310934 0.5321370341380575 
1.89853530725594 0.5197106379588474 
