2.1334318828700822 -2.6672231438495984 4.22865526215389 
-3.141524978058248 -4.999999997207787 -3.387044253441648E-4 
-3.1415926517028105 -4.999999999997293 -8.512015124759736E-5 
-3.141529532262476 -4.999999999984285 -3.21230974865157E-4 
-3.141592651802627 -4.999999999997293 -8.512015124759736E-5 
-3.141591698626423 -4.999999999382383 -7.745905537379224E-5 
-3.14159265008967 -4.999999999999187 -8.511778202793848E-5 
-3.141587965204141 -4.999999999972633 -7.903012158212969E-5 
1.89853530725594 -1.6085139996750393 4.733611605428476 
-3.1415305461885574 -4.999999999382383 -3.348795807284487E-4 
-3.1415926501925013 -4.999999999999187 -8.511778202793848E-5 
-3.141592255402996 -4.999999999990664 -7.876816556179393E-5 
2.133456115880328 -2.6671914355232476 4.228892395190609 
2.1334368423224497 -2.6672234125804724 4.22889407875084 
-3.14159264640152 -4.999999999999656 -7.884334154120243E-5 
1.8195619111272354 -1.2677777093464808 4.854159139981486 
-3.14159265008967 -4.999999999999187 -8.511778202793848E-5 
1.8331364259199798 -1.300884132548843 4.825871523207068 
1.8354938228378372 -1.3085044147764797 4.824560239604965 
1.819585080898342 -1.2491866864775099 4.865497622193252 
2.1334318828700822 -2.6672231438495984 4.22865526215389 
-3.14159265008967 -4.999999999999187 -8.511778202793848E-5 
1.8178056420768274 -1.2486435162159677 4.8729861068363665 
-3.1415926517028105 -4.999999999997293 -8.512015124759736E-5 
-3.141589224512671 -4.999999999994035 -8.583561768176127E-5 
-3.141529532262476 -4.999999999984285 -3.21230974865157E-4 
-3.1415926464062673 -4.999999999999656 -7.884334154120243E-5 
1.89853530725594 -1.6085139996750393 4.733611605428476 
-3.141534969449978 -4.999999999857528 -3.3428607210942335E-4 
-3.1415926517028105 -4.999999999997293 -8.512015124759736E-5 
-3.1415926517028105 -4.999999999997293 -8.512015124759736E-5 
1.8221047215547221 -1.249355635592504 4.8400618879299975 
1.8217534489503455 -1.2719144369674409 4.840493491878239 
2.1333841426837603 -2.6672234125804724 4.228902490379709 
-3.1415926501925013 -4.999999999999187 -8.511778202793848E-5 
1.8331364259199798 -1.300884132548843 4.825871523207068 
2.1334326045018113 -2.6671893112010636 4.228590192233737 
2.133379803977427 -2.6672233532296437 4.228656458096439 
-3.141532655468724 -4.999999997207787 -3.387044253441648E-4 
2.1334368423224497 -2.6672234125804724 4.22889407875084 
1.8352542065417783 -1.2999920861656615 4.824777690879738 
-3.141529532262476 -4.999999999984285 -3.21230974865157E-4 
-3.14159265008967 -4.999999999999187 -8.511778202793848E-5 
1.8221047215547221 -1.249355635592504 4.8400618879299975 
-3.1415884985578977 -4.999999999997293 -8.512015121652433E-5 
2.1334323596450364 -2.6671893112010636 4.228590192233737 
1.8234465873349348 -1.2491866196387502 4.853405112474419 
1.8331364259199798 -1.300884132548843 4.825871523207068 
-3.141529532262476 -4.999999999984285 -3.21230974865157E-4 
-3.141587965204141 -4.999999999972633 -7.903012158212969E-5 
-3.141532655468724 -4.999999997207787 -3.387044253441648E-4 
-3.1415926517028105 -4.999999999997293 -8.512015124759736E-5 
2.1333841426837603 -2.6672234125804724 4.228902490379709 
-3.1415926517028105 -4.999999999997293 -8.512015124759736E-5 
-3.141529785379452 -4.999999999382383 -3.348795807284487E-4 
1.8331364259199798 -1.300884132548843 4.825871523207068 
1.89853530725594 -1.6085139996750393 4.733611605428476 
2.1333841426837603 -2.6672234125804724 4.228902490379709 
-3.141529532262476 -4.999999999984285 -3.21230974865157E-4 
-3.141592644186783 -4.999999999999656 -7.884334154120243E-5 
-3.1415903833998757 -4.999999999870532 -7.915716840087036E-5 
-3.141592644186783 -4.999999999999656 -7.884334154120243E-5 
-3.141532655468724 -4.999999997207787 -3.387044253441648E-4 
1.8331364259199798 -1.300884132548843 4.825871523207068 
-3.141526744558403 -4.999999999857528 -3.348097667305532E-4 
2.1334318828700822 -2.6672231438495984 4.22865526215389 
2.1334320799095723 -2.6671912297243106 4.228576429476467 
-3.141591220294336 -4.99999999983966 -7.915716840087036E-5 
-3.141532655468724 -4.999999997207787 -3.387044253441648E-4 
-3.1415926517028105 -4.999999999997293 -8.512015124759736E-5 
1.8330156844861207 -1.300884132548843 4.825820018326005 
-3.1415229897186343 -4.999999999838444 -3.485042822296904E-4 
1.8460247406951928 -1.3588972980189784 4.813333532632838 
-3.141592653589793 -4.999999999984285 -8.540751016061028E-5 
1.8331364259199798 -1.300884132548843 4.825871523207068 
-3.1415296785063767 -4.999999999382383 -3.342163131978598E-4 
1.8457745778310934 -1.357609287821493 4.809710169062164 
-3.1415885362315987 -4.999999999993978 -8.512015597026653E-5 
1.8195619111272354 -1.2677777093464808 4.854159139981486 
-3.1415926517028105 -4.999999999997293 -8.512015124759736E-5 
1.819585080898342 -1.2491866864775099 4.865497622193252 
1.8457745778310934 -1.357609287821493 4.809710169062164 
1.89853530725594 -1.6085139996750393 4.733611605428476 
