-3.1415877546335214 1.0112818611677468 
-3.1415877546335214 1.0112818611677468 
-3.1415877546335214 1.0112818611677468 
1.0798587150477055 0.6365658596553835 
-3.1415877546335214 1.0112818611677468 
-3.1415877546335214 1.0112818611677468 
-3.1415877546335214 1.0112818611677468 
-3.1415877546335214 1.0112818611677468 
-3.1415877546335214 1.0112818611677468 
-3.1415877546335214 1.0112818611677468 
-3.1415877546335214 1.0112818611677468 
-3.1415877546335214 1.0112818611677468 
-3.1415877546335214 1.0112818611677468 
-3.1415877546335214 1.0112818611677468 
-3.1415877546335214 1.0112818611677468 
-3.1415877546335214 1.0112818611677468 
-3.1415877546335214 1.0112818611677468 
-3.1415877546335214 1.0112818611677468 
-3.1415877546335214 1.0112818611677468 
-3.1415877546335214 1.0112818611677468 
-3.1415877546335214 1.0112818611677468 
-3.1415877546335214 1.0112818611677468 
-3.1415877546335214 1.0112818611677468 
-3.1415877546335214 1.0112818611677468 
-3.1415877546335214 1.0112818611677468 
-3.1415877546335214 1.0112818611677468 
-3.1415877546335214 1.0112818611677468 
-3.1415877546335214 1.0112818611677468 
-3.1415877546335214 1.0112818611677468 
-3.1415877546335214 1.0112818611677468 
-3.1415877546335214 1.0112818611677468 
-3.1415877546335214 1.0112818611677468 
-3.1415877546335214 1.0112818611677468 
-3.1415877546335214 1.0112818611677468 
-3.1415877546335214 1.0112818611677468 
-3.1415877546335214 1.0112818611677468 
-3.1415877546335214 1.0112818611677468 
-3.1415877546335214 1.0112818611677468 
-3.1415877546335214 1.0112818611677468 
-3.1415877546335214 1.0112818611677468 
-3.1415877546335214 1.0112818611677468 
-3.1415877546335214 1.0112818611677468 
-3.1415877546335214 1.0112818611677468 
-3.1415877546335214 1.0112818611677468 
-3.1415877546335214 1.0112818611677468 
-3.1415877546335214 1.0112818611677468 
-3.1415877546335214 1.0112818611677468 
-3.1415877546335214 1.0112818611677468 
-3.1415877546335214 1.0112818611677468 
-3.1415877546335214 1.0112818611677468 
-3.1415877546335214 1.0112818611677468 
-3.1415877546335214 1.0112818611677468 
-3.1415877546335214 1.0112818611677468 
-3.1415877546335214 1.0112818611677468 
-3.1415877546335214 1.0112818611677468 
-3.1415877546335214 1.0112818611677468 
-3.1415877546335214 1.0112818611677468 
-3.1415877546335214 1.0112818611677468 
-3.1415877546335214 1.0112818611677468 
-3.1415877546335214 1.0112818611677468 
-3.1415877546335214 1.0112818611677468 
-3.1415877546335214 1.0112818611677468 
-3.1415877546335214 1.0112818611677468 
-3.1415877546335214 1.0112818611677468 
