-3.1415877546335214 -4.999999999940062 -2.5915739130013015E-5 
-3.1415877546335214 -4.999999999940062 -2.5915739130013015E-5 
-3.1415877546335214 -4.999999999940062 -2.5915739130013015E-5 
1.0798587150477055 2.3572657276162587 4.408975305231821 
-3.1415877546335214 -4.999999999940062 -2.5915739130013015E-5 
-3.1415877546335214 -4.999999999940062 -2.5915739130013015E-5 
-3.1415877546335214 -4.999999999940062 -2.5915739130013015E-5 
-3.1415877546335214 -4.999999999940062 -2.5915739130013015E-5 
-3.1415877546335214 -4.999999999940062 -2.5915739130013015E-5 
-3.1415877546335214 -4.999999999940062 -2.5915739130013015E-5 
-3.1415877546335214 -4.999999999940062 -2.5915739130013015E-5 
-3.1415877546335214 -4.999999999940062 -2.5915739130013015E-5 
-3.1415877546335214 -4.999999999940062 -2.5915739130013015E-5 
-3.1415877546335214 -4.999999999940062 -2.5915739130013015E-5 
-3.1415877546335214 -4.999999999940062 -2.5915739130013015E-5 
-3.1415877546335214 -4.999999999940062 -2.5915739130013015E-5 
-3.1415877546335214 -4.999999999940062 -2.5915739130013015E-5 
-3.1415877546335214 -4.999999999940062 -2.5915739130013015E-5 
-3.1415877546335214 -4.999999999940062 -2.5915739130013015E-5 
-3.1415877546335214 -4.999999999940062 -2.5915739130013015E-5 
-3.1415877546335214 -4.999999999940062 -2.5915739130013015E-5 
-3.1415877546335214 -4.999999999940062 -2.5915739130013015E-5 
-3.1415877546335214 -4.999999999940062 -2.5915739130013015E-5 
-3.1415877546335214 -4.999999999940062 -2.5915739130013015E-5 
-3.1415877546335214 -4.999999999940062 -2.5915739130013015E-5 
-3.1415877546335214 -4.999999999940062 -2.5915739130013015E-5 
-3.1415877546335214 -4.999999999940062 -2.5915739130013015E-5 
-3.1415877546335214 -4.999999999940062 -2.5915739130013015E-5 
-3.1415877546335214 -4.999999999940062 -2.5915739130013015E-5 
-3.1415877546335214 -4.999999999940062 -2.5915739130013015E-5 
-3.1415877546335214 -4.999999999940062 -2.5915739130013015E-5 
-3.1415877546335214 -4.999999999940062 -2.5915739130013015E-5 
-3.1415877546335214 -4.999999999940062 -2.5915739130013015E-5 
-3.1415877546335214 -4.999999999940062 -2.5915739130013015E-5 
-3.1415877546335214 -4.999999999940062 -2.5915739130013015E-5 
-3.1415877546335214 -4.999999999940062 -2.5915739130013015E-5 
-3.1415877546335214 -4.999999999940062 -2.5915739130013015E-5 
-3.1415877546335214 -4.999999999940062 -2.5915739130013015E-5 
-3.1415877546335214 -4.999999999940062 -2.5915739130013015E-5 
-3.1415877546335214 -4.999999999940062 -2.5915739130013015E-5 
-3.1415877546335214 -4.999999999940062 -2.5915739130013015E-5 
-3.1415877546335214 -4.999999999940062 -2.5915739130013015E-5 
-3.1415877546335214 -4.999999999940062 -2.5915739130013015E-5 
-3.1415877546335214 -4.999999999940062 -2.5915739130013015E-5 
-3.1415877546335214 -4.999999999940062 -2.5915739130013015E-5 
-3.1415877546335214 -4.999999999940062 -2.5915739130013015E-5 
-3.1415877546335214 -4.999999999940062 -2.5915739130013015E-5 
-3.1415877546335214 -4.999999999940062 -2.5915739130013015E-5 
-3.1415877546335214 -4.999999999940062 -2.5915739130013015E-5 
-3.1415877546335214 -4.999999999940062 -2.5915739130013015E-5 
-3.1415877546335214 -4.999999999940062 -2.5915739130013015E-5 
-3.1415877546335214 -4.999999999940062 -2.5915739130013015E-5 
-3.1415877546335214 -4.999999999940062 -2.5915739130013015E-5 
-3.1415877546335214 -4.999999999940062 -2.5915739130013015E-5 
-3.1415877546335214 -4.999999999940062 -2.5915739130013015E-5 
-3.1415877546335214 -4.999999999940062 -2.5915739130013015E-5 
-3.1415877546335214 -4.999999999940062 -2.5915739130013015E-5 
-3.1415877546335214 -4.999999999940062 -2.5915739130013015E-5 
-3.1415877546335214 -4.999999999940062 -2.5915739130013015E-5 
-3.1415877546335214 -4.999999999940062 -2.5915739130013015E-5 
-3.1415877546335214 -4.999999999940062 -2.5915739130013015E-5 
-3.1415877546335214 -4.999999999940062 -2.5915739130013015E-5 
-3.1415877546335214 -4.999999999940062 -2.5915739130013015E-5 
-3.1415877546335214 -4.999999999940062 -2.5915739130013015E-5 
