1.843330695220398 -1.3461162181685171 4.81542818672504 
-3.1401623103246354 -4.999994945392048 -0.007151668436006103 
1.8433306952203947 -1.3461162181685171 4.81542818672504 
-3.140162310324641 -4.999994945392073 -0.007151668435997608 
1.843330695220398 -1.3461162181685171 4.81542818672504 
1.843330695220398 -1.3461162181685171 4.81542818672504 
1.843330695220398 -1.3461162181685171 4.81542818672504 
-3.1401623103246354 -4.999994945392048 -0.007151668436006103 
-3.140162310324641 -4.999994945392073 -0.007151668435997608 
1.843330695220398 -1.3461162181685171 4.81542818672504 
1.843330695220398 -1.3461162181685171 4.81542818672504 
-3.1401623103246417 -4.99999494539205 -0.007151668435507777 
