0.41991080515166357 0.11125943897933653 
0.04849726539482557 0.7371367969605649 
0.8281779157727247 -0.549058776280373 
0.6509895217557972 -0.44130026706482595 
0.01908373345260317 0.8560647951162372 
0.6333988428672063 -0.3390403569896011 
0.02236920634226066 0.8398266884101269 
0.0018181792434538713 0.9609776847390964 
0.009794623829627397 0.9048628867058208 
0.6207524734734654 -0.161373552529311 
0.6449782657542712 -0.4297456009685403 
0.8258939616489631 -0.5056957564187178 
0.6292446765721719 -0.28399868575384557 
0.21851989743696024 0.41578833319573216 
0.20852259397963918 0.49103808459068393 
0.44465619687564895 -0.10296415009120065 
0.05297081732330375 0.7203830661397052 
0.622897684394094 -0.1978090489372871 
0.04376610682320792 0.7529681125199604 
0.23555385618082325 0.3057320791623944 
0.20476571397334814 0.5194625512606277 
0.23954999405397046 0.2875577716711137 
0.410052468554829 0.2360119185227569 
0.1825090186603797 0.6725540815046347 
0.8310349586559544 -0.5968149102906124 
0.6314944543850168 -0.3199929860780663 
0.8350204689990655 -0.6562956307364615 
0.19746722147676016 0.5761124602983619 
0.42168733333725095 0.08908404793175853 
0.22593230893135577 0.36535309998802007 
0.4285067149375265 0.014171709878383114 
0.8266008321458195 -0.5198198189953819 
0.635049690537008 -0.3587884625560685 
0.4319224059237087 -0.018813725354414966 
0.41252014354699973 0.2035151329748407 
0.43799265324006437 -0.06499933198440733 
6.668197423445148E-4 0.9773774039566357 
0.03929025936684499 0.7699268852129858 
0.014652754318298189 0.886924053025944 
0.8366835448080292 -0.6767746590364978 
0.41835954266804576 0.12731944782802382 
0.21056333019155046 0.47559713604749265 
0.2303645108741461 0.342952143647766 
0.06652602750839165 0.6870739269060611 
0.23239089699915816 0.3254044866215261 
0.8429679253449645 -0.7377409453813533 
0.41466026195080197 0.1767426625418793 
1.2163125272875511E-4 0.9926211623336467 
0.8381036737840064 -0.6927622403947371 
0.1923298691544416 0.6125381591034843 
0.006169193188597863 0.9257285705509026 
0.43101501909917245 -0.0042832568304761185 
0.42516280724320926 0.04813428196314361 
0.6368780251893017 -0.3786949618141726 
0.8248130905824176 -0.4856714153126084 
0.41329471143237273 0.19155674171871157 
0.6185872248941808 -0.12532404705680478 
0.42677790329169646 0.0321508848039682 
0.22186555889594767 0.39131614701351314 
0.8324011603490177 -0.6184931292601736 
0.6197968433538313 -0.14378300992442355 
0.060079858516317086 0.7016307058743143 
0.20016320395354187 0.5554956061023456 
0.03427104521982875 0.7882748932086088 
0.20665994077933686 0.506632002147116 
0.6390833823326694 -0.39874062658871906 
0.24844950156519136 0.2588716688472199 
0.6239528706291051 -0.21247876655424278 
0.19475459055475078 0.5931605048154301 
0.21344815350657137 0.45283930731974126 
0.8338045284361936 -0.6394447930662295 
0.6301978677615545 -0.3012711955132744 
0.24368321972323143 0.2722893256790491 
0.8408511774085117 -0.7212051452456133 
0.026323983296190456 0.821319467327105 
0.18904453930679715 0.6321910299448377 
0.43483984895573147 -0.04383927075494329 
0.4167816640074188 0.14791837618147563 
0.20261266317106608 0.5367725555293708 
0.08038438952403978 0.6730182504424569 
0.8273509516577898 -0.5326564364690627 
0.8292362028649302 -0.5617292081959351 
0.6265513593022164 -0.2515361625472467 
0.25556001454548216 0.24582374597244844 
7.044669953631955E-8 1.0069761137659738 
0.45487525675839835 -0.1203881606571128 
0.0037639900117939357 0.9421749663066363 
0.030247706989208756 0.8063927280449916 
0.8460244958463116 -0.7552857463466393 
0.016036710938669207 0.8702100607127055 
0.6219371813578973 -0.17980344133795595 
0.8237430396137159 -0.46361493418542216 
0.44218413074326346 -0.08524579500333491 
0.18645394931466305 0.6506532514034494 
0.6530373449078268 -0.45599373926401593 
0.6413898917055597 -0.41626954204311034 
0.8297718508951285 -0.5766528021888377 
0.4234220958268457 0.06924601821810483 
0.6253094751416646 -0.23340928103255276 
0.8516784716485419 -0.7704573323601721 
