0.05251628010673126 0.7221244859712904 
0.03538807487069857 0.7837076313843542 
0.6183917738709959 -0.12265085446151128 
0.2028380812399141 0.5334215954409838 
0.8463707212907318 -0.7573553223621929 
0.06833658686279268 0.6851089731395769 
0.8418448469373732 -0.7221479574269237 
0.826308467707159 -0.5150024114393303 
0.41407616673600267 0.18059830177381647 
0.22589223659298202 0.3621914606990339 
0.42630414781659326 0.035252299130793904 
0.6373589339849521 -0.3847278366427152 
0.620846853941561 -0.16420014854224965 
0.42828997313924344 0.0180195128319771 
0.4327637635977673 -0.026399281500264236 
0.8338582079263722 -0.6408351194304408 
0.6260983930850341 -0.24714220069620463 
0.19181854756394018 0.6132916238831834 
0.02530398927142047 0.8254611400343143 
0.21051045889297443 0.4807834849997342 
0.4232301785126416 0.06846822231578817 
0.6286899661370118 -0.284086671362496 
0.2375456884182651 0.2950421761033791 
0.19380712265640765 0.5991354909760923 
0.4545020492897879 -0.12236119760692947 
0.8515933381362002 -0.7722687510043158 
0.8271285956609229 -0.5309358585809543 
0.6228351303171153 -0.1966736957122033 
0.6350828719457758 -0.3620866833386826 
0.8287217143137593 -0.5591896983339903 
0.44649793245356684 -0.11060165790756801 
0.827864065509104 -0.5443820142903334 
0.20493202027564172 0.5179893492347103 
0.8309468195826916 -0.5966357237219638 
0.014640816115627347 0.8747608413411232 
0.4365784528530954 -0.057206876194963424 
0.21177641278089449 0.46529875762226064 
0.0026461521312535208 0.9503281960142023 
0.6194853851871357 -0.14180846679942133 
0.24189532174080364 0.27568325115648334 
0.4422307408615776 -0.09222268767321988 
0.08328103604095413 0.671363613219717 
0.8429740547209272 -0.7391454343720781 
0.6390956690460807 -0.3997862430720236 
0.8323362219006504 -0.6161138120337858 
0.18867797807086878 0.6499528643197656 
0.007280446486942984 0.9145207607157969 
0.8394560899175642 -0.7082299594225603 
0.8234036332039933 -0.4582830385425152 
0.6273190989933726 -0.2654819952121742 
0.4209015381477244 0.09560088324416353 
0.189994729226333 0.6250091173512858 
0.6325834017650003 -0.32956459385691067 
0.2471968327027986 0.25935201607086955 
0.4247995124957379 0.05161509166589189 
0.6218916522462536 -0.1819088192781075 
0.624088361085119 -0.2121854632761692 
0.20093551591963982 0.5485399809281146 
0.4097423432381023 0.2381957126972519 
6.895892278556415E-8 1.0021884566592818 
0.6417344024503383 -0.41950430311661674 
0.4176996278816647 0.13518935972427062 
0.412950950449352 0.19583243277087084 
0.03930078105806019 0.7668517996846297 
0.044917298113849494 0.7454631405426005 
0.0579616342924591 0.7049146978423219 
0.029630384893727657 0.8069764061121553 
0.8383918725428573 -0.6907473796880427 
0.4390854648137237 -0.07438167173167136 
0.6523708449257907 -0.45677226508302166 
0.19617775677929156 0.5831617368195501 
0.624840716251186 -0.2280831703384366 
0.0044829383744418375 0.9343937056203903 
0.8243286125855227 -0.47709889256338883 
0.0013387117950635352 0.9678568650645324 
0.23140101997018864 0.32813412192464353 
0.8296307118328469 -0.5740055279282952 
0.21712749230641393 0.42478346043960463 
0.41580440982051575 0.15993729904299622 
0.41120240758997706 0.2196565393627142 
0.19808522013084803 0.5686509942735899 
0.43442232618820664 -0.04060918031249341 
0.017949015583482643 0.859184919166707 
0.20676946116805878 0.5032619026736505 
0.25859146479430223 0.24463976266265258 
0.021598348473818918 0.8421250415014813 
0.4305177196175569 -0.005625806039116665 
0.22312981451599948 0.3817265997958566 
0.6334364143753797 -0.34345407673849637 
0.6310476236413661 -0.30667249756783327 
2.696519930484448E-4 0.986761784149451 
0.18307144417713495 0.6670370732812254 
0.010282552585652444 0.8982459281911525 
0.8252467786917419 -0.49500974217959925 
0.8353607873043275 -0.6615947317185129 
0.21421146864976987 0.4462585534495234 
0.2345424000973199 0.31025001935732677 
0.22876939102840738 0.3443839885008382 
0.6456618149300839 -0.4395135190784511 
0.22007470472736207 0.40333624379627714 
