0.6544581414203808 1.7341257374276522 
0.7054794760506843 1.4178171510224908 
0.614378796530139 2.4778575099231412 
0.6512888175670452 1.88974306895702 
0.864978073499783 1.1562042314058611 
0.7036870521005907 1.4651601874775582 
0.5141948200804614 4.62875211813368 
0.8364790208650171 1.1954872478747358 
0.41722534880467504 7.797581308083543 
0.40747406940104747 8.288358688356677 
0.6194405788392249 2.305372041717712 
0.7870217810591684 1.2904989692217252 
0.6261795126509152 2.2625169840795243 
0.7285142256970484 1.3726784558451615 
0.59702726986298 2.742049582972074 
0.952121839460693 1.050285762329444 
0.8177115945241256 1.2420648111305919 
0.6720661986979429 1.4883071084022401 
0.6519299874424648 1.7835839177999753 
0.4113241438921372 8.050606585975794 
0.9058387762774486 1.1039551844936553 
0.520197568311248 4.48196774810642 
0.5178530954888783 4.552078534938842 
0.5682420179383886 3.365875759617779 
0.5417551469936405 3.927023956697454 
0.5467147669881063 3.820274501180342 
0.48643642851458974 5.4170533562167495 
0.5331191867918714 4.134668008774315 
0.5268416995372764 4.315423591945229 
0.5838064860576486 3.0816530001046827 
0.5106689051390888 4.725760468755647 
0.40762992580403523 8.202876016272024 
0.5231053283988168 4.405115838692553 
0.5855473462086729 2.975265286910856 
0.4823604273630348 5.519179072785237 
0.9999999988736735 1.000000013114813 
0.4209859241038067 7.660380134566593 
0.6648226457427686 1.530547573587132 
0.4013132256328086 8.468987411829803 
0.4493738380567158 6.608279078782259 
0.49996881617757444 5.045007769911037 
0.5367598956911749 4.055809986081074 
0.482024446278255 5.648928752174215 
0.6364605046934635 2.0007508349604897 
0.5752945885843066 3.182915830779024 
0.39099663373034726 8.96820692978773 
0.6289235259306616 2.218304317181247 
0.4683865676526271 5.971079284950392 
0.40063218967185754 8.611158174426814 
0.757118299171347 1.3241009628663882 
0.44055294142089124 6.902860646441324 
0.45523774887274054 6.454213366368121 
0.6570346529680162 1.6602327818343339 
0.40412420760600104 8.333115891609106 
0.5534287966326076 3.7409097787218437 
0.42661958071962924 7.414934579943322 
0.4647443023985113 6.076603209833737 
0.5569987385007744 3.5850418141536653 
0.6305202840022713 2.110589952541094 
0.5036429451787688 4.904147198794295 
0.4531205564428845 6.51179704759272 
0.4384149284714774 6.990620090893726 
0.41195985110886874 7.992215332559561 
0.5015366061104909 4.9588711856830585 
0.4929087565581909 5.208675249556176 
0.4747388803960265 5.757824503299645 
0.48998598779847635 5.3162405434946844 
0.44383934926522156 6.8384981952008355 
0.42986849300924196 7.328400329345882 
0.5700922393312283 3.281539357971157 
0.6032490924940002 2.6293389143413046 
0.5595306755664842 3.518400020622759 
0.5534765446223142 3.648335702963413 
0.4700381487091958 5.905754523716585 
0.46072397703364065 6.200754215885719 
0.3963477872469956 8.690948719764515 
0.5320500571775953 4.202790837099227 
0.5921700469174384 2.8755367823986075 
0.45563679413724073 6.368259815745379 
0.6154153628981841 2.3756561871958453 
0.4440225270619127 6.773165420328054 
0.5274195529293753 4.273615078634165 
0.4719017135730308 5.837181103539502 
0.44609910082928134 6.6920461800954545 
0.45793616607376586 6.286534022231063 
0.5067760414865385 4.848281447275042 
0.39334203644424903 8.843877797674647 
0.607541916103884 2.5569653636000917 
0.4147590902034889 7.903780301142212 
0.40262790128200204 8.387576844827434 
0.5636294261073836 3.464708895983518 
0.42292098644643344 7.554518413199302 
0.4356570857620068 7.081535740882298 
0.6609347079181196 1.5921014934594777 
0.42425501268847143 7.50159910047307 
0.43287463792537756 7.172804317379072 
0.4304997040637852 7.2617901506000555 
0.4949907421765819 5.1430257552492975 
0.39419955701569687 8.76659096299138 
0.3912630966177839 8.890868914222338 
