0.6544581414203808 0.13491270710614878 
0.7054794760506843 2.409008390207891E-4 
0.614378796530139 0.5223431149197466 
0.6512888175670452 0.23076852888653665 
0.864978073499783 9.1308653739023E-5 
0.7036870521005907 0.031014253181231577 
0.5141948200804614 1.3800803625808022 
0.8364790208650171 2.5588731893762175E-9 
0.41722534880467504 2.2533485810979705 
0.40747406940104747 2.377291243400223 
0.6194405788392249 0.42804099196138523 
0.7870217810591684 0.01565079721190299 
0.6261795126509152 0.41674178245533505 
0.7285142256970484 1.578239105787596E-5 
0.59702726986298 0.6370783763507403 
0.952121839460693 1.198848639076002E-8 
0.8177115945241256 0.01565079721190299 
0.6720661986979429 2.409008390207891E-4 
0.6519299874424648 0.16277184113392007 
0.4113241438921372 2.3114088617888946 
0.9058387762774486 5.413386877549579E-6 
0.520197568311248 1.3315087238143999 
0.5178530954888783 1.3573079602265574 
0.5682420179383886 0.9126320337751134 
0.5417551469936405 1.1274854409081765 
0.5467147669881063 1.0886004837434147 
0.48643642851458974 1.6350520876710473 
0.5331191867918714 1.2042708464921288 
0.5268416995372764 1.2735450994036825 
0.5838064860576486 0.7990890092401256 
0.5106689051390888 1.4132989245290335 
0.40762992580403523 2.343737741892665 
0.5231053283988168 1.3043395674340978 
0.5855473462086729 0.7421586930174373 
0.4823604273630348 1.662233576241805 
0.9999999988736735 1.198848639076002E-8 
0.4209859241038067 2.2249122099369605 
0.6648226457427686 0.01754268730737182 
0.4013132256328086 2.3987166560850692 
0.4493738380567158 1.9695877325822821 
0.49996881617757444 1.5223465623290862 
0.5367598956911749 1.1769961450721025 
0.482024446278255 1.72292175383209 
0.6364605046934635 0.2733988861848219 
0.5752945885843066 0.8311142533664951 
0.39099663373034726 2.5065387201441753 
0.6289235259306616 0.3951437727488385 
0.4683865676526271 1.7967733314596173 
0.40063218967185754 2.4499071550313296 
0.757118299171347 0.002501068936542894 
0.44055294142089124 2.04107556200824 
0.45523774887274054 1.9382015636497762 
0.6570346529680162 0.09083046965864572 
0.40412420760600104 2.3676138565855047 
0.5534287966326076 1.0703271971491843 
0.42661958071962924 2.1633562815589005 
0.4647443023985113 1.8240667197067342 
0.5569987385007744 0.9968637679561195 
0.6305202840022713 0.33076977628855087 
0.5036429451787688 1.4699391387909677 
0.4531205564428845 1.9506291016483455 
0.4384149284714774 2.064792207120446 
0.41195985110886874 2.2924718384312546 
0.5015366061104909 1.487055424606587 
0.4929087565581909 1.5674016405741593 
0.4747388803960265 1.7334631582132811 
0.48998598779847635 1.6048833740785517 
0.44383934926522156 2.035194588909331 
0.42986849300924196 2.150248405744347 
0.5700922393312283 0.8707801210393382 
0.6032490924940002 0.5861463139355516 
0.5595306755664842 0.9686527404521842 
0.5534765446223142 1.0192682384984115 
0.4700381487091958 1.7759299230587022 
0.46072397703364065 1.8568361429509825 
0.3963477872469956 2.444638294155775 
0.5320500571775953 1.2360951051841171 
0.5921700469174384 0.7028067513458032 
0.45563679413724073 1.9016134866792398 
0.6154153628981841 0.46201531456444744 
0.4440225270619127 2.0074380261424247 
0.5274195529293753 1.2539881541654687 
0.4719017135730308 1.7545757651964058 
0.44609910082928134 1.985315783648609 
0.45793616607376586 1.8788312880327833 
0.5067760414865385 1.4569928798626717 
0.39334203644424903 2.478668903001426 
0.607541916103884 0.5534636364128642 
0.4147590902034889 2.2781647268700014 
0.40262790128200204 2.377072461874386 
0.5636294261073836 0.9528118866723371 
0.42292098644643344 2.194964379437994 
0.4356570857620068 2.085121223592276 
0.6609347079181196 0.05227513555564198 
0.42425501268847143 2.1825910215550284 
0.43287463792537756 2.1049250717950505 
0.4304997040637852 2.126198510806634 
0.4949907421765819 1.5457501356241254 
0.39419955701569687 2.4557862741490135 
0.3912630966177839 2.478668903001426 
