0.21448162966319728 3.9431644004937016 
0.08410993804560407 4.173974532737359 
0.0016679362447946655 5.43758867927456 
0.6647856927682054 2.7477756034369176 
0.42153914382327107 2.7605241835380196 
0.0676260349882083 5.156863895069953 
0.826492278688627 2.6991679184074453 
0.827264908181029 2.3932254402853212 
0.831348244821414 2.1596404256700388 
0.2365740969958371 3.5654385597001403 
0.09187244055878907 4.1454597691633905 
0.2361054491500404 3.8012263388870338 
0.047657084345078315 5.283942752052861 
