0.21448162966319728 0.807350511534991 0.015291228044960525 0.023978279679823467 0.6141548590309689 0.7110131073302455 0.16815276422335868 0.2603095474164385 0.6622877271046795 0.49290373132849474 0.010052611056955207 0.49540112005765524 0.982034075116694 0.7487860040730866 0.09542425885104344 0.9394787187357283 0.2851953718014698 0.8904761402992851 0.2606414886587679 0.028951002280937388 0.027777037357578416 0.08616980101981697 0.5775332755314616 0.7432933830706909 0.7558440156222095 0.5749473554877583 0.09548595591808628 0.6366764327256645 0.6995297155237435 0.4619629399334607 
0.08410993804560407 0.7193182474568379 0.7960503195263748 0.22635239214614056 0.3384048496073667 0.6555878701224684 0.5832418814592121 0.23459177224368422 0.32713299118185624 0.5094449757190671 0.6754810322518169 0.8750785597904711 0.7477161901361168 0.06839236112829461 0.506486354751115 0.19252921937378265 0.6789881974539741 0.9731226806395403 0.3061780074203908 0.6678215956733413 0.14153928429759732 0.004438409795017306 0.007643821860367828 0.08814694162054237 0.05082255971996019 0.7523936501837643 0.6815374498153662 0.1699523186926961 0.2793588356133426 0.157931605482325 
0.0016679362447946655 0.3039275453538972 0.8664779237637293 0.18419056699615766 0.39177205333212817 0.6509016002864734 0.8314169785287597 0.936348832623791 0.25003096958013693 0.3614842562067395 0.8714517131985546 0.8045517668122567 0.5383401136530352 0.06759987299404013 0.721273587261323 0.5246712881468356 0.15608907756382362 0.1478239686863574 0.1497768836809783 0.2982451319558683 0.7059785177784852 0.3403879007554257 0.7092596993229519 0.3778284248328485 0.46178720867403 0.8651372525499131 0.31801941118225685 0.2862451523395182 0.8749265069370659 0.6128013318306416 
0.6647856927682054 0.9449885768144056 0.323070770615556 0.9976913447019803 0.14323128288175946 0.1581840717823294 0.48316224032357513 0.23370188359475652 0.32575101512981497 0.843559077656039 0.40408389539938294 0.9596969783320848 0.4074158164394387 0.44263112679094263 0.09857912494151244 0.5757620702505258 0.9211165956419237 0.9886907052651925 0.31153903726454146 0.15429563833656024 0.41446538543517786 0.08345482163172546 0.9126495128496487 0.062467409462515944 0.05667935943038904 0.9808567747383412 0.868786579061749 0.0409592841143982 0.23358798154979876 0.16773935996289824 
0.42153914382327107 0.599224924496663 0.17104682508944702 0.8553639212997436 0.043248049316811366 0.5444253143888429 0.7611859551458153 0.05088075365829503 0.42314878156433255 0.2774976462885883 0.12627074106327363 0.3027225981543896 0.8774270314689157 0.8086341447823796 0.13042593691650473 0.29123614946623944 0.00645373850693487 0.6475761571994452 0.40454133249388147 0.17610499604224883 0.0014211130137912198 0.02019475059599507 0.4162100404829694 0.9157032248259313 0.5178353594322572 0.4688239984915501 0.3797830938230372 0.05846257695668189 0.565162145833755 0.06266299563611599 
0.0676260349882083 0.4984719610716416 0.9229736469476765 0.6435996345927298 0.09921799930219655 0.12183905981667409 0.44962214644819176 0.49960758304057906 0.4707199280765807 0.9542113617259992 0.7647384249322862 0.8049989444567851 0.8442698891033907 0.5065598649015769 0.17786822664403978 0.10224256013155575 0.07516807289741412 0.6371292682509067 0.8858959774842559 0.9018724239753401 0.5189807895305958 0.3321535724692536 0.16370544183995794 0.9630739907596831 0.866050696130624 0.34291707059955334 0.7915892628421696 0.5487111596923789 0.18516377555397434 0.5318183241390217 
0.826492278688627 0.707167220295345 0.830828143580037 0.5248160993040354 0.25010628118280287 0.9682765881693383 0.25908950365237204 0.7918385394025943 0.38291053975490263 0.8265723840246022 0.32990020651091945 0.12061373492271699 0.7663275545254067 0.5313305251480118 0.232631568462492 0.2962688808707339 0.6855649534652761 0.9490759848496166 0.5771042766609213 0.9738643933328349 0.102584829592122 0.49859907809109727 0.04673161776879686 0.15830058183647744 0.6347220477492257 0.1536541343466219 0.17020419186441638 0.8110979303431 0.07950719275982487 0.609902462729677 
0.827264908181029 0.0913089868674829 0.49544453606460404 0.5143631433919035 0.7639160300684654 0.11515260469174282 0.6431258276839107 0.9215981404897968 0.8839961107874071 0.12027737705644104 0.29462450858307476 0.7799589040493409 0.31725720863141793 0.22003352331006698 0.12600461119187456 0.49168222763498903 0.4719372303797562 0.5722169264217357 0.835180078314437 0.688906140328494 0.28460559493758086 0.7102706632196992 0.34719716186980054 0.5370173031608226 0.09801058558061548 0.20993410443216276 0.06907938575769379 0.35324210016848234 0.18916947812276896 0.9539132853437827 
0.831348244821414 0.5063298000029279 0.577975843604203 0.019467957843783967 0.003444705483726662 0.8745654282470929 0.48631295858618717 0.7177514758285783 0.17970499616001834 0.42087524778226615 0.7876972090535109 0.20267011189497608 0.8808841428754605 0.5539020990940665 0.38645580297557125 0.5677177400340396 0.26742012216783095 0.8770231440871976 0.03241382001657467 0.308184375488184 0.01936816737730984 0.3991483827531377 0.20339148644248406 0.5829000580213982 0.44468645908593274 0.4931182855214098 0.2881914054558691 0.3073855310893213 0.16437358150664028 0.8940295827202391 
0.2365740969958371 0.7645809651987309 0.2813020097949759 0.5665608159647127 0.4860296665641519 0.03830254223685858 0.30279357915290395 0.36229446694691625 0.04420282318163771 0.22672879888177033 0.0354285487715037 0.6249727418662272 0.24046917427502223 0.4684782703034397 0.6163646725324791 0.48032349494927373 0.1929238456654203 0.26706411916067796 0.3780762400401815 0.9544186012655907 0.5234509307727082 0.46347392054287173 0.5494308824004539 0.4480559592210154 0.8756446600355781 0.22169652265267292 0.7290746722626051 0.24111763745177395 0.03812604404124931 0.9930044627654694 
0.09187244055878907 0.19187082701898028 0.7138618621265381 0.7145750023440451 0.9624850277068536 0.19581858256226847 0.06668813000286355 0.2829964008527647 0.22533020326348419 0.143835529768796 0.7507627886673001 0.22711940449018753 0.21362116943287035 0.47654573377832277 0.3486277139619075 0.25615589388348226 0.7097173016900911 0.060564924909950135 0.9606274117606901 0.36605348208044564 0.09166283057045477 0.21808184703261635 0.48969071499936745 0.18818109167741748 0.14470165643704802 0.5727101381797506 0.5674401476684378 0.8519858136206676 0.5235446388572983 0.8424839596745901 
0.2361054491500404 0.07929806609415158 0.8188726199181535 0.08289326911297434 0.28466576010420364 0.3978533373760397 0.7639234404966995 0.11985055634153219 0.3602087786489968 0.7706061932591827 0.13235892075547018 0.30643670739998785 0.012022757959735841 0.862755770695136 0.30536908374009186 0.9737832055435043 0.3612497907230364 0.30335430278396736 0.3029345218558275 0.6542563749842352 0.8770888586419375 0.7175729985944757 0.1956420843666592 0.756899013615429 0.012574374464637494 0.37299820710082676 0.6309685930135638 0.4299092422398415 0.564631690330814 0.805352104423101 
0.047657084345078315 0.10592069341185029 0.5685501427135858 0.2994797516090738 0.9930215728996153 0.8232796245896058 0.2463019015157384 0.9804899233555744 0.9879600431916542 0.6523474076761517 0.4544060597860403 0.6550762232493283 0.4817518852927066 0.4900062550745128 0.05848640472238231 0.834771917547184 0.36631869671531614 0.8899517525715972 0.975867124735084 0.4290882988592285 0.10486764522707692 0.7710670649093314 0.2608481042658045 0.2305529610803304 0.5839811382588609 0.8708053215219641 0.2810774100868668 0.5251764365981015 0.31892133633244846 0.4193951257687173 
