2.948298358464588 0.12784400095688178 
1.1015477155377733 0.7990585115456889 
2.948090547575283 0.19608065287556833 
3.0822819315059484 0.08260749698768227 
2.9481634283332205 0.17655440192451 
3.0822820977684517 0.0825411949067757 
3.0822821630172923 0.0825142490503181 
3.0822915562187085 0.07666516422507406 
3.082281812091256 0.0826525936038792 
3.082284368760739 0.08150999039600908 
2.9481693474642694 0.174392264866558 
2.9481777008731505 0.16713777427004162 
3.0822842270333037 0.08157604359718151 
3.082282173542207 0.08251079847926826 
1.1169840190760716 0.7361849932908398 
3.0822916877518196 0.07654114271514251 
2.9481634283332205 0.17655440192451 
2.9481713888084613 0.17197650896973227 
3.082282173678506 0.08250822634417337 
3.0822821630172923 0.0825142490503181 
-3.141592653589793 1.0873125864728381 
3.0822916877518196 0.07654114271514251 
2.9482986505544897 0.12660408259546502 
3.082282173678506 0.08250822634417337 
2.9481774190476506 0.16739157341451816 
3.0822918684145995 0.07638643330969738 
3.082282173678506 0.08250822634417337 
2.9481634283332205 0.17655440192451 
3.082281812091256 0.0826525936038792 
3.08228198675209 0.08258753186816253 
3.0822821630172923 0.0825142490503181 
3.0822919562785933 0.07629810147272034 
2.7375415370405207 0.239941560753449 
2.702771028063144 0.488177333734791 
2.9480922372520086 0.1938244627248666 
1.1169840190760716 0.7361849932908398 
3.0822821736120094 0.08251077105837794 
2.7375415370405207 0.239941560753449 
2.7051212080060694 0.3306167192477752 
2.9482986505544897 0.12660408259546502 
3.0822819746301287 0.08259151895695646 
2.948171451243724 0.17109301680344957 
2.948177138677294 0.1676922016091338 
1.1015477155377733 0.7990585115456889 
2.9482937808917287 0.14141471974164033 
2.7051212080060694 0.3306167192477752 
3.08229174359485 0.07649891792812186 
3.08229173312491 0.07650736361955263 
2.9481965776709647 0.15887304003314603 
1.1015477155377733 0.7990585115456889 
2.948161828892725 0.17744688161296604 
3.0822915562187085 0.07666516422507406 
2.948161828892725 0.17744688161296604 
2.948176209358196 0.16848070511663815 
2.702677512801557 0.6248556773053138 
2.9481627356853406 0.17693796547351143 
2.94817779097607 0.1670760813153807 
3.082282162984381 0.08251428809625312 
2.7051212080060694 0.3306167192477752 
2.9475835374528074 0.2107460133500454 
3.0822915562187085 0.07666516422507406 
1.115468028388487 0.7584154392539311 
2.9482937808917287 0.14141471974164033 
1.115468028388487 0.7584154392539311 
3.0822920298890017 0.07623802537906674 
3.0822821736120094 0.08251077105837794 
2.94817779097607 0.1670760813153807 
2.7375415370405207 0.239941560753449 
2.948176209358196 0.16848070511663815 
2.9481693474642694 0.174392264866558 
3.082284383405866 0.0815028807432926 
2.9482937808917287 0.14141471974164033 
2.948169457369593 0.1726817536457727 
3.0822821736120094 0.08251077105837794 
3.0822843836981173 0.08149785145321745 
2.948162797947771 0.17690129527186219 
1.1015477155377733 0.7990585115456889 
2.948095756497667 0.18834962481136877 
3.082284324106064 0.0815277486997057 
2.948161828892725 0.17744688161296604 
3.082284383405866 0.0815028807432926 
2.948171451243724 0.17109301680344957 
3.0822842270333037 0.08157604359718151 
3.082284324106064 0.0815277486997057 
3.082284324106064 0.0815277486997057 
2.94819547593843 0.15906421287969802 
3.082284383405866 0.0815028807432926 
2.737542684343906 0.21997789844946872 
2.702677512801557 0.6248556773053138 
2.9481627356853406 0.17693796547351143 
2.948176209358196 0.16848070511663815 
2.94817779097607 0.1670760813153807 
2.948095756497667 0.18834962481136877 
2.9481627356853406 0.17693796547351143 
1.115468028388487 0.7584154392539311 
1.1169840190760716 0.7361849932908398 
2.7373350173287623 0.28749236273990864 
2.948095756497667 0.18834962481136877 
2.7373350173287623 0.28749236273990864 
2.7373350173287623 0.28749236273990864 
