2.948298358464588 -4.906778701520037 0.9604562863871848 
1.1015477155377733 2.2669917729930518 4.45995193318016 
2.948090547575283 -4.906680222939634 0.9597651368025393 
3.0822819315059484 -4.991203407242191 0.29627602643226514 
2.9481634283332205 -4.9067787108419845 0.9604713692528513 
3.0822820977684517 -4.991203405955089 0.2962760259956823 
3.0822821630172923 -4.991203405955089 0.2962760260837476 
3.0822915562187085 -4.9912034061605635 0.2962759901493713 
3.082281812091256 -4.991203410573711 0.2962760201214677 
3.082284368760739 -4.991203407163282 0.2962759894575336 
2.9481693474642694 -4.906778712106852 0.9604359604051126 
2.9481777008731505 -4.9067787108419845 0.9604560517213095 
3.0822842270333037 -4.991203406110083 0.29627602462215985 
3.082282173542207 -4.991203405955089 0.29627602010813203 
1.1169840190760716 2.1979172501391093 4.4939086902104135 
3.0822916877518196 -4.9912034061605635 0.29627602020190263 
2.9481634283332205 -4.9067787108419845 0.9604713692528513 
2.9481713888084613 -4.906778414219482 0.9604552999634973 
3.082282173678506 -4.991203407163282 0.2962760273893945 
3.0822821630172923 -4.991203405955089 0.2962760260837476 
-3.141592653589793 -4.999999990361512 -6.181312623445012E-4 
3.0822916877518196 -4.9912034061605635 0.29627602020190263 
2.9482986505544897 -4.906778702746847 0.9604563062785368 
3.082282173678506 -4.991203407163282 0.2962760273893945 
2.9481774190476506 -4.9067787108419845 0.9604559100988865 
3.0822918684145995 -4.991203405155796 0.2962759880028829 
3.082282173678506 -4.991203407163282 0.2962760273893945 
2.9481634283332205 -4.9067787108419845 0.9604713692528513 
3.082281812091256 -4.991203410573711 0.2962760201214677 
3.08228198675209 -4.991203405955089 0.29627602009823795 
3.0822821630172923 -4.991203405955089 0.2962760260837476 
3.0822919562785933 -4.991203405903775 0.29627602009823795 
2.7375415370405207 -4.596677349596683 1.9657511110577612 
2.702771028063144 -4.529573894698595 2.1158309890185207 
2.9480922372520086 -4.906688444191151 0.9597846017611116 
1.1169840190760716 2.1979172501391093 4.4939086902104135 
3.0822821736120094 -4.991203405955089 0.29627602009823795 
2.7375415370405207 -4.596677349596683 1.9657511110577612 
2.7051212080060694 -4.53156300236528 2.1158309890185207 
2.9482986505544897 -4.906778702746847 0.9604563062785368 
3.0822819746301287 -4.991203405915806 0.29627602666023134 
2.948171451243724 -4.906778403005257 0.9604735249617942 
2.948177138677294 -4.906778711466984 0.960454681263967 
1.1015477155377733 2.2669917729930518 4.45995193318016 
2.9482937808917287 -4.906963269085599 0.9604359738063082 
2.7051212080060694 -4.53156300236528 2.1158309890185207 
3.08229174359485 -4.9912034051555 0.2962759896915256 
3.08229173312491 -4.9912034061605635 0.2962759901541913 
2.9481965776709647 -4.906778713243696 0.9604726564392456 
1.1015477155377733 2.2669917729930518 4.45995193318016 
2.948161828892725 -4.906778712334405 0.9604724562617428 
3.0822915562187085 -4.9912034061605635 0.2962759901493713 
2.948161828892725 -4.906778712334405 0.9604724562617428 
2.948176209358196 -4.906778711503126 0.9604546001510949 
2.702677512801557 -4.5211202764437575 2.09212876127499 
2.9481627356853406 -4.906778712057125 0.9604719842690396 
2.94817779097607 -4.9067787108419845 0.9604556677151911 
3.082282162984381 -4.991203405955203 0.29627602591574287 
2.7051212080060694 -4.53156300236528 2.1158309890185207 
2.9475835374528074 -4.906693496972306 0.9636182274887959 
3.0822915562187085 -4.9912034061605635 0.2962759901493713 
1.115468028388487 2.1991030685855644 4.493909587945711 
2.9482937808917287 -4.906963269085599 0.9604359738063082 
1.115468028388487 2.1991030685855644 4.493909587945711 
3.0822920298890017 -4.991203404534445 0.2962759927364277 
3.0822821736120094 -4.991203405955089 0.29627602009823795 
2.94817779097607 -4.9067787108419845 0.9604556677151911 
2.7375415370405207 -4.596677349596683 1.9657511110577612 
2.948176209358196 -4.906778711503126 0.9604546001510949 
2.9481693474642694 -4.906778712106852 0.9604359604051126 
3.082284383405866 -4.991203407163282 0.2962759880028829 
2.9482937808917287 -4.906963269085599 0.9604359738063082 
2.948169457369593 -4.906778703981435 0.9604724446550714 
3.0822821736120094 -4.991203405955089 0.29627602009823795 
3.0822843836981173 -4.991203406110083 0.29627602462215985 
2.948162797947771 -4.906778712057125 0.9604719842690396 
1.1015477155377733 2.2669917729930518 4.45995193318016 
2.948095756497667 -4.906688444191151 0.9597651368025393 
3.082284324106064 -4.991203405913296 0.2962760256929808 
2.948161828892725 -4.906778712334405 0.9604724562617428 
3.082284383405866 -4.991203407163282 0.2962759880028829 
2.948171451243724 -4.906778403005257 0.9604735249617942 
3.0822842270333037 -4.991203406110083 0.29627602462215985 
3.082284324106064 -4.991203405913296 0.2962760256929808 
3.082284324106064 -4.991203405913296 0.2962760256929808 
2.94819547593843 -4.906778712425355 0.9604556695829378 
3.082284383405866 -4.991203407163282 0.2962759880028829 
2.737542684343906 -4.5970858203890135 1.9657511110577612 
2.702677512801557 -4.5211202764437575 2.09212876127499 
2.9481627356853406 -4.906778712057125 0.9604719842690396 
2.948176209358196 -4.906778711503126 0.9604546001510949 
2.94817779097607 -4.9067787108419845 0.9604556677151911 
2.948095756497667 -4.906688444191151 0.9597651368025393 
2.9481627356853406 -4.906778712057125 0.9604719842690396 
1.115468028388487 2.1991030685855644 4.493909587945711 
1.1169840190760716 2.1979172501391093 4.4939086902104135 
2.7373350173287623 -4.596694525137556 1.9657511110577612 
2.948095756497667 -4.906688444191151 0.9597651368025393 
2.7373350173287623 -4.596694525137556 1.9657511110577612 
2.7373350173287623 -4.596694525137556 1.9657511110577612 
