3.1363037114794605 0.021606922314204906 
-3.141592653589793 1.008937627739156 
3.1363037114794605 0.021606922314204906 
-3.141592653589793 1.008937627739156 
0.7279752314131833 0.8288233510232993 
2.7395020391014557 0.6580944553609438 
0.7279752314131833 0.8288233510232993 
2.7897953151489316 0.2612356285713321 
2.782123401923659 0.4345031094597357 
2.779804450089428 0.5095876334726143 
2.8795780509254048 0.15846995150164003 
2.878943615453079 0.2596940989087119 
2.7791938198422095 0.6164573428662781 
3.111094352210326 0.1374941748508969 
3.1113159093473373 0.08871841536437305 
2.7807300211274986 0.45564957276844475 
3.1299067585436635 0.04543084079443872 
3.12986989266708 0.07755125276227218 
2.769050109299263 0.6283859697339751 
2.8795780509254048 0.15846995150164003 
3.111094352210326 0.1374941748508969 
2.782123401923659 0.4345031094597357 
2.782019902716568 0.45091237787337 
3.129984918740996 0.031119155889813607 
3.1298606594532576 0.07985504711257911 
2.769050109299263 0.6283859697339751 
3.129987275250142 0.029235659555304515 
2.7790759204247024 0.6220582110633084 
2.7790759204247024 0.6220582110633084 
2.7807300211274986 0.45564957276844475 
2.782019902716568 0.45091237787337 
3.129987275250142 0.029235659555304515 
2.7897953151489316 0.2612356285713321 
3.12986989266708 0.07755125276227218 
3.129984918740996 0.031119155889813607 
2.878943615453079 0.2596940989087119 
3.1363037114794605 0.021606922314204906 
-3.141592653589793 1.008937627739156 
0.7279752314131833 0.8288233510232993 
2.8795780509254048 0.15846995150164003 
3.111094352210326 0.1374941748508969 
2.769050109299263 0.6283859697339751 
2.7790759204247024 0.6220582110633084 
2.7807300211274986 0.45564957276844475 
2.782019902716568 0.45091237787337 
3.129987275250142 0.029235659555304515 
2.7897953151489316 0.2612356285713321 
3.12986989266708 0.07755125276227218 
3.129984918740996 0.031119155889813607 
2.878943615453079 0.2596940989087119 
-3.141592653589793 1.008937627739156 
3.1363037114794605 0.021606922314204906 
0.7279752314131833 0.8288233510232993 
2.769050109299263 0.6283859697339751 
2.7790759204247024 0.6220582110633084 
2.7807300211274986 0.45564957276844475 
2.782019902716568 0.45091237787337 
3.12986989266708 0.07755125276227218 
3.129984918740996 0.031119155889813607 
2.878943615453079 0.2596940989087119 
3.1363037114794605 0.021606922314204906 
-3.141592653589793 1.008937627739156 
0.7279752314131833 0.8288233510232993 
2.7807300211274986 0.45564957276844475 
2.782019902716568 0.45091237787337 
3.12986989266708 0.07755125276227218 
3.129984918740996 0.031119155889813607 
2.878943615453079 0.2596940989087119 
3.1363037114794605 0.021606922314204906 
-3.141592653589793 1.008937627739156 
0.7279752314131833 0.8288233510232993 
2.7807300211274986 0.45564957276844475 
3.12986989266708 0.07755125276227218 
3.129984918740996 0.031119155889813607 
2.878943615453079 0.2596940989087119 
3.1363037114794605 0.021606922314204906 
-3.141592653589793 1.008937627739156 
0.7279752314131833 0.8288233510232993 
2.7807300211274986 0.45564957276844475 
3.12986989266708 0.07755125276227218 
2.878943615453079 0.2596940989087119 
3.1363037114794605 0.021606922314204906 
-3.141592653589793 1.008937627739156 
0.7279752314131833 0.8288233510232993 
3.12986989266708 0.07755125276227218 
2.878943615453079 0.2596940989087119 
3.1363037114794605 0.021606922314204906 
3.1363037114794605 0.021606922314204906 
3.1363037114794605 0.021606922314204906 
-3.141592653589793 1.008937627739156 
2.878943615453079 0.2596940989087119 
3.1363037114794605 0.021606922314204906 
3.1363037114794605 0.021606922314204906 
-3.141592653589793 1.008937627739156 
3.1363037114794605 0.021606922314204906 
-3.141592653589793 1.008937627739156 
-3.141592653589793 1.008937627739156 
-3.141592653589793 1.008937627739156 
3.1363037114794605 0.021606922314204906 
-3.141592653589793 1.008937627739156 
