3.1363037114794605 -4.999930174952786 0.02644808228317699 
-3.141592653589793 -5.0 -7.139483366514057E-7 
3.1363037114794605 -4.999930174952786 0.02644808228317699 
-3.141592653589793 -5.0 -7.139483366514057E-7 
0.7279752314131833 3.737268804467118 3.326867045139612 
2.7395020391014557 -4.638199580987019 1.9485884166780534 
0.7279752314131833 3.737268804467118 3.326867045139612 
2.7897953151489316 -4.694291338400032 1.7233034966816596 
2.782123401923659 -4.680617873943136 1.740295519274391 
2.779804450089428 -4.681320789469282 1.7580677055947047 
2.8795780509254048 -4.829407946990452 1.295190452536993 
2.878943615453079 -4.828890017744461 1.2969883299354132 
2.7791938198422095 -4.705698127441339 1.765496846823525 
3.111094352210326 -4.997840523285805 0.15285502254751648 
3.1113159093473373 -4.997878531892157 0.15134727983545207 
2.7807300211274986 -4.681320789469282 1.7580677055947047 
3.1299067585436635 -4.999647599636811 0.05843552852403215 
3.12986989266708 -4.999662068968587 0.05843645947357898 
2.769050109299263 -4.639329607386584 1.8037807844033573 
2.8795780509254048 -4.829407946990452 1.295190452536993 
3.111094352210326 -4.997840523285805 0.15285502254751648 
2.782123401923659 -4.680617873943136 1.740295519274391 
2.782019902716568 -4.680617873943136 1.740295519274391 
3.129984918740996 -4.999662634851036 0.0580300859522559 
3.1298606594532576 -4.999709468055949 0.058601875086636356 
2.769050109299263 -4.639329607386584 1.8037807844033573 
3.129987275250142 -4.999662634851036 0.05803037492798254 
2.7790759204247024 -4.705698127441339 1.765496846823525 
2.7790759204247024 -4.705698127441339 1.765496846823525 
2.7807300211274986 -4.681320789469282 1.7580677055947047 
2.782019902716568 -4.680617873943136 1.740295519274391 
3.129987275250142 -4.999662634851036 0.05803037492798254 
2.7897953151489316 -4.694291338400032 1.7233034966816596 
3.12986989266708 -4.999662068968587 0.05843645947357898 
3.129984918740996 -4.999662634851036 0.0580300859522559 
2.878943615453079 -4.828890017744461 1.2969883299354132 
3.1363037114794605 -4.999930174952786 0.02644808228317699 
-3.141592653589793 -5.0 -7.139483366514057E-7 
0.7279752314131833 3.737268804467118 3.326867045139612 
2.8795780509254048 -4.829407946990452 1.295190452536993 
3.111094352210326 -4.997840523285805 0.15285502254751648 
2.769050109299263 -4.639329607386584 1.8037807844033573 
2.7790759204247024 -4.705698127441339 1.765496846823525 
2.7807300211274986 -4.681320789469282 1.7580677055947047 
2.782019902716568 -4.680617873943136 1.740295519274391 
3.129987275250142 -4.999662634851036 0.05803037492798254 
2.7897953151489316 -4.694291338400032 1.7233034966816596 
3.12986989266708 -4.999662068968587 0.05843645947357898 
3.129984918740996 -4.999662634851036 0.0580300859522559 
2.878943615453079 -4.828890017744461 1.2969883299354132 
-3.141592653589793 -5.0 -7.139483366514057E-7 
3.1363037114794605 -4.999930174952786 0.02644808228317699 
0.7279752314131833 3.737268804467118 3.326867045139612 
2.769050109299263 -4.639329607386584 1.8037807844033573 
2.7790759204247024 -4.705698127441339 1.765496846823525 
2.7807300211274986 -4.681320789469282 1.7580677055947047 
2.782019902716568 -4.680617873943136 1.740295519274391 
3.12986989266708 -4.999662068968587 0.05843645947357898 
3.129984918740996 -4.999662634851036 0.0580300859522559 
2.878943615453079 -4.828890017744461 1.2969883299354132 
3.1363037114794605 -4.999930174952786 0.02644808228317699 
-3.141592653589793 -5.0 -7.139483366514057E-7 
0.7279752314131833 3.737268804467118 3.326867045139612 
2.7807300211274986 -4.681320789469282 1.7580677055947047 
2.782019902716568 -4.680617873943136 1.740295519274391 
3.12986989266708 -4.999662068968587 0.05843645947357898 
3.129984918740996 -4.999662634851036 0.0580300859522559 
2.878943615453079 -4.828890017744461 1.2969883299354132 
3.1363037114794605 -4.999930174952786 0.02644808228317699 
-3.141592653589793 -5.0 -7.139483366514057E-7 
0.7279752314131833 3.737268804467118 3.326867045139612 
2.7807300211274986 -4.681320789469282 1.7580677055947047 
3.12986989266708 -4.999662068968587 0.05843645947357898 
3.129984918740996 -4.999662634851036 0.0580300859522559 
2.878943615453079 -4.828890017744461 1.2969883299354132 
3.1363037114794605 -4.999930174952786 0.02644808228317699 
-3.141592653589793 -5.0 -7.139483366514057E-7 
0.7279752314131833 3.737268804467118 3.326867045139612 
2.7807300211274986 -4.681320789469282 1.7580677055947047 
3.12986989266708 -4.999662068968587 0.05843645947357898 
2.878943615453079 -4.828890017744461 1.2969883299354132 
3.1363037114794605 -4.999930174952786 0.02644808228317699 
-3.141592653589793 -5.0 -7.139483366514057E-7 
0.7279752314131833 3.737268804467118 3.326867045139612 
3.12986989266708 -4.999662068968587 0.05843645947357898 
2.878943615453079 -4.828890017744461 1.2969883299354132 
3.1363037114794605 -4.999930174952786 0.02644808228317699 
3.1363037114794605 -4.999930174952786 0.02644808228317699 
3.1363037114794605 -4.999930174952786 0.02644808228317699 
-3.141592653589793 -5.0 -7.139483366514057E-7 
2.878943615453079 -4.828890017744461 1.2969883299354132 
3.1363037114794605 -4.999930174952786 0.02644808228317699 
3.1363037114794605 -4.999930174952786 0.02644808228317699 
-3.141592653589793 -5.0 -7.139483366514057E-7 
3.1363037114794605 -4.999930174952786 0.02644808228317699 
-3.141592653589793 -5.0 -7.139483366514057E-7 
-3.141592653589793 -5.0 -7.139483366514057E-7 
-3.141592653589793 -5.0 -7.139483366514057E-7 
3.1363037114794605 -4.999930174952786 0.02644808228317699 
-3.141592653589793 -5.0 -7.139483366514057E-7 
