0.9478531967666458 1.0550157402023506 
0.9052938261309486 1.1046584679245621 
0.49851609859364265 5.048432091963553 
0.4160755118377573 7.829510697142872 
0.8805501579999759 1.135699632678285 
0.47728697672729525 5.699155578847869 
0.9999999997391196 1.0000000028613194 
0.5465781537400517 3.8282010686249426 
0.6472959575506814 1.8407625289587022 
0.8138863242703656 1.229902020820263 
0.4599382630631013 6.253746529543281 
0.43543812252394176 7.148116256370095 
0.6256494602512132 2.200943532700214 
0.6359615935236657 2.0625421188416877 
0.5184689820433899 4.546147867213072 
0.6980402503188379 1.432599784162694 
0.5380922276456501 4.037873619214464 
0.6373639287682422 1.985451987512025 
0.4048911181408148 8.375648117900589 
0.48138847241878924 5.553646902659618 
0.6737807935436888 1.4972551117889008 
0.42463243326184613 7.489794567102125 
0.39486216916805594 8.731276402263457 
0.4223726616908031 7.610338118320582 
0.5852170790448874 2.970108579421578 
0.4476172212151437 6.673421722081183 
0.6553249763196888 1.700382118357488 
0.4759109487528404 5.739876122339425 
0.4355693891006083 7.072286584000384 
0.6179010391590983 2.3286980205372667 
0.45193205769333655 6.494405303713442 
0.8465194150944235 1.181330956041291 
0.7536672951777209 1.326940156977766 
0.5960318026987379 2.775779526618592 
0.6420651078249282 1.9122410537340662 
0.7244444434876988 1.3817490684571667 
0.557890496562757 3.5473645645270957 
0.39617314737549936 8.67231561045178 
0.6300341182958243 2.126650738726384 
0.5417319093478137 3.9623586973689062 
0.5251394397731068 4.358213581297517 
0.7827139982310041 1.277627219069126 
0.6236823152149873 2.277013275079324 
0.49290406920140395 5.214794495251878 
0.4146909849485463 7.925501630185152 
0.46457237535854473 6.072650363741249 
0.3935326605992756 8.79677644785743 
0.5706923134696571 3.3466356433793716 
0.40816753166264624 8.253298912707834 
0.606989051462803 2.532352164276709 
0.5025071121369477 4.976081000688459 
0.4580763103014714 6.361226953319592 
0.5999810489262043 2.6867303556755022 
0.4890041373935495 5.315764033676961 
0.6143486215288709 2.431922613894241 
0.6657449250991837 1.566796043423885 
0.5313609512041406 4.2051836492336925 
0.4786618865593014 5.627029296844501 
0.4182537419771775 7.737043111565773 
0.40499097465345213 8.318033872622854 
0.6500911676821278 1.7917630416017725 
0.4505933381250293 6.542459336237435 
0.4728928893921561 5.819592277971277 
0.5510347799038693 3.7091029187351774 
0.4314175514216898 7.238230289604404 
0.5794038025308302 3.0841344878222285 
0.5120892736475391 4.7120290898158625 
0.5147292269741458 4.603796944295212 
0.5630837560495201 3.4368224939351903 
0.3918153018465453 8.87509600358204 
0.39864593888227784 8.620092722463799 
0.42775956368539736 7.423576577488237 
0.5335972666952727 4.133290857142372 
0.5215949698534448 4.440120293891611 
0.49580335361773975 5.138224555756089 
0.46778179607040793 5.9764296530768855 
0.4198285527653701 7.6749565173054615 
0.6044250715425284 2.607494347932109 
0.4483268318911456 6.614886402496256 
0.5045867758955394 4.8771897381567415 
0.40962273809233896 8.089276144272116 
0.42920892497467206 7.319461241341761 
0.5076120978832952 4.790739819323754 
0.45424712710164034 6.415774703139903 
0.47029073675413813 5.89562663523402 
0.4415120780934426 6.856153397210918 
0.48360038774237074 5.4821305041073805 
0.5539855001130869 3.655526245730868 
0.5272629937697175 4.27823155124479 
0.48639880444234423 5.3990041381989275 
0.43837425087742393 6.981820614157047 
0.4618353179652667 6.163576622186058 
0.41240736856863097 7.98170121752735 
0.5128289094077796 4.657624589030803 
0.4449940604990474 6.734671560945793 
0.39879285937015524 8.558441884199063 
0.6585353259322785 1.6306873124185826 
0.5720499130089536 3.2375526915725237 
0.5902513834764748 2.860589313522014 
0.5185596424086244 4.502201261991712 
