0.9478531967666458 4.1989926983278816E-8 
0.9052938261309486 4.049099537868639E-5 
0.49851609859364265 1.5167246705006123 
0.4160755118377573 2.257667670752917 
0.8805501579999759 4.049099537868639E-5 
0.47728697672729525 1.7201327361267977 
0.9999999997391196 2.6004389464524708E-9 
0.5465781537400517 1.092411072234714 
0.6472959575506814 0.19151814380573695 
0.8138863242703656 0.0010004349380983019 
0.4599382630631013 1.8763373164350345 
0.43543812252394176 2.1125623222566614 
0.6256494602512132 0.3770191332772871 
0.6359615935236657 0.3116975726082374 
0.5184689820433899 1.3570366569326893 
0.6980402503188379 1.2311943640237589E-5 
0.5380922276456501 1.1727484107147146 
0.6373639287682422 0.2654554791413793 
0.4048911181408148 2.3912255316107807 
0.48138847241878924 1.6734615988246535 
0.6737807935436888 0.008821737358470125 
0.42463243326184613 2.1804096916599307 
0.39486216916805594 2.447650739803608 
0.4223726616908031 2.2143987674020424 
0.5852170790448874 0.7381582672952558 
0.4476172212151437 1.9871384872347577 
0.6553249763196888 0.1143028714470431 
0.4759109487528404 1.7316698911063304 
0.4355693891006083 2.080471546937475 
0.6179010391590983 0.4389049267777124 
0.45193205769333655 1.9350299524017345 
0.8465194150944235 1.9589941009770517E-5 
0.7536672951777209 7.139897213333246E-5 
0.5960318026987379 0.6544528751447287 
0.6420651078249282 0.2277832583530175 
0.7244444434876988 0.0010004349380983019 
0.557890496562757 0.9790409783931497 
0.39617314737549936 2.4357385704263566 
0.6300341182958243 0.339862523096641 
0.5417319093478137 1.1465361426465734 
0.5251394397731068 1.2886698384941235 
0.7827139982310041 1.670888635454601E-5 
0.6236823152149873 0.42013291117673335 
0.49290406920140395 1.570393426758732 
0.4146909849485463 2.2866340772327898 
0.46457237535854473 1.8211856042052026 
0.3935326605992756 2.4618188402223797 
0.5706923134696571 0.9098992376601878 
0.40816753166264624 2.3687286452739587 
0.606989051462803 0.5371100381640959 
0.5025071121369477 1.5005160934154902 
0.4580763103014714 1.9139273717669092 
0.5999810489262043 0.6119872969800617 
0.4890041373935495 1.5994306058758574 
0.6143486215288709 0.4940483055108157 
0.6657449250991837 0.04308651457493162 
0.5313609512041406 1.2344703838449138 
0.4786618865593014 1.693444458952048 
0.4182537419771775 2.2360472332511296 
0.40499097465345213 2.3687286452739587 
0.6500911676821278 0.16480932792457736 
0.4505933381250293 1.9479885918624895 
0.4728928893921561 1.752043807414117 
0.5510347799038693 1.0438447104660376 
0.4314175514216898 2.122699588167441 
0.5794038025308302 0.786959249760674 
0.5120892736475391 1.4129795540098797 
0.5147292269741458 1.369708842283009 
0.5630837560495201 0.935218918760506 
0.3918153018465453 2.477398419560565 
0.39864593888227784 2.4363649565988714 
0.42775956368539736 2.1755058777715037 
0.5335972666952727 1.2055127038277311 
0.5215949698534448 1.315944410838063 
0.49580335361773975 1.54754896638489 
0.46778179607040793 1.79566499720475 
0.4198285527653701 2.222165887197497 
0.6044250715425284 0.5760349577956034 
0.4483268318911456 1.9656310641509638 
0.5045867758955394 1.4609654454073198 
0.40962273809233896 2.3135514434017823 
0.42920892497467206 2.141578090790076 
0.5076120978832952 1.4318374900999695 
0.45424712710164034 1.91434722703268 
0.47029073675413813 1.772658593911528 
0.4415120780934426 2.027074534130009 
0.48360038774237074 1.6511604374406077 
0.5539855001130869 1.0251085354177303 
0.5272629937697175 1.255753175749391 
0.48639880444234423 1.6260691579992275 
0.43837425087742393 2.0606503814916515 
0.4618353179652667 1.8465573691105828 
0.41240736856863097 2.2917123958214924 
0.5128289094077796 1.3885645384235241 
0.4449940604990474 1.996888844032726 
0.39879285937015524 2.413045510753043 
0.6585353259322785 0.07386520077720259 
0.5720499130089536 0.8520417355759657 
0.5902513834764748 0.6884667998643881 
0.5185596424086244 1.3346598764700799 
