0.6307047870961566 -0.3123738056348003 
0.44692460075848006 -0.11321053024697803 
0.843147286681472 -0.7417697389542112 
0.6467808600395368 -0.44762153074372873 
0.25091166724173103 0.24843323396814926 
0.06482452244186997 0.6876526427547087 
0.6289064688564231 -0.288742646205894 
0.643174631380959 -0.4303047657909122 
0.44783934447305274 -0.11589643510717783 
0.8447370705628882 -0.7521400425868286 
0.2525832095168376 0.24579366003826986 
0.8490539733798022 -0.7700424190740971 
0.6507557780230787 -0.45717564958646056 
0.07692845030434836 0.6717629648737958 
0.6487493655291005 -0.45360335252112755 
0.641938075126193 -0.4225741138302505 
0.25686185333906936 0.24237189482770777 
0.43354532843887894 -0.0352071854525449 
0.23718260012421 0.2949232401152721 
0.4428061168048592 -0.09689487126818691 
0.254247240840846 0.24387175965644367 
0.8336839834857505 -0.6395077165283047 
0.6453847542342649 -0.4418649655317044 
0.8399042578186016 -0.7143467242400313 
0.4252358544345258 0.04510839354724075 
0.45171827399582276 -0.12306321024818234 
0.4403181093434809 -0.08357708164349358 
0.25549353558159665 0.24299240673259254 
0.8469818862414294 -0.7633930268584015 
0.24063769289526485 0.27931447615957994 
0.8510714886462262 -0.7730042674723734 
0.027690908033423847 0.8127579983706719 
0.006897079055250305 0.9156406820082592 
0.23522518802615894 0.30478601273798483 
0.6516287949855746 -0.4579021205689477 
0.8379247797578161 -0.6936170109912339 
0.03609621991409498 0.7774436763287716 
0.07023883906174604 0.6786019077038118 
0.041002274084197765 0.7582535412744733 
0.44552279270509165 -0.10849705643920361 
0.8501751701432239 -0.7721138856214278 
0.8355159145585267 -0.6644727439039634 
0.6333104849681894 -0.34391974894769795 
0.6492963845192133 -0.4548214074479593 
0.6500694503548661 -0.45622882584992 
0.008299906954143343 0.907063840367996 
0.4354020883057279 -0.05011197869910324 
0.23147770288107455 0.3256309284625405 
0.21810177918407073 0.4156833306500013 
0.24525018481840008 0.26236625957516446 
0.42818333766654315 0.014290796898645828 
0.43031949494460353 -0.006529040146634278 
0.0019282173946944536 0.956167729386217 
0.08029956588926203 0.6701946016547828 
0.059182601745906505 0.7001184340275092 
0.6346553326305091 -0.3588747162537348 
0.6520437121771556 -0.4580970661142945 
0.4216372793249748 0.08571050137398781 
0.2086210335464151 0.48756736974210646 
0.06315666037840063 0.6909681571577951 
0.2426061386339017 0.2715065400932819 
0.45301421038767276 -0.12394806665230729 
0.07329878776725463 0.6748747438017892 
0.451015056627437 -0.12224707060004773 
0.4500035317107352 -0.12072096173937147 
0.20362881244758188 0.5257667831163879 
0.023091472055813828 0.8328961349312137 
0.639821548010667 -0.40717910113055505 
0.08100735292150013 0.6700557430672942 
0.4378463791857037 -0.06788762623442177 
0.8413008051422266 -0.7272212079320942 
0.22275759020942976 0.38211587447732714 
0.22560197723640024 0.36267432370817215 
0.07907434931570625 0.6706029207268056 
0.25464347430593803 0.24357693224692697 
0.21144700551471401 0.4658993906230157 
0.031935035948290266 0.7944951420728245 
0.4535437642553097 -0.12409386681790015 
0.06826055028351148 0.6815593307590901 
0.018828788716929366 0.8524429992994417 
0.647848782857217 -0.45114054612601107 
0.22959537296614596 0.3369733477743177 
0.0036527233864025507 0.9393493621378738 
0.452419261341997 -0.12363848925283394 
0.04504699667091644 0.7434514719015068 
0.013902734216099 0.8764135525780502 
0.6371929643316848 -0.3844209122922458 
0.8513460490999394 -0.7731468810708356 
0.07629287977473509 0.6721939892642965 
0.05188343329151396 0.7206212239327838 
0.44912838524904575 -0.11903892888048724 
0.8463555898446028 -0.7606899903760775 
0.21497176546739127 0.43912103948773096 
0.05587351511761707 0.7088692934929647 
0.8480567639846232 -0.767176992046626 
0.24859689829039938 0.2531898100083658 
0.048636602190041414 0.7310085183226392 
