2.1382449363837863 0.5874347674312621 
2.1576856804582074 0.35965619191899817 
0.5482866113050386 0.7335622226805807 
0.5483701710276697 0.7194211023628945 
2.1392870243823636 0.5209988520743437 
2.1576588151239267 0.39427559184165095 
2.1394860601564223 0.5050207950436411 
0.5482865403753039 0.7345027948334318 
0.5441944168484532 0.7941260606435729 
0.5418442793753829 1.0083348167664636 
0.5482835984493173 0.7573965730328254 
0.5483688929337839 0.7266953341419646 
0.5418442793753829 1.0083348167664636 
-3.141592653589793 1.0554577359513628 
2.1576594858877423 0.39396274802889386 
0.5444701704971071 0.7869802777689349 
0.5482865335463342 0.7345895004563907 
0.5419791682333334 0.990717923977455 
2.1576864925008192 0.3518447819183539 
0.5482865686657641 0.7341482758510413 
0.5444701704971071 0.7869802777689349 
0.5482865403753039 0.7345027948334318 
0.5441821635159315 0.9591331024371768 
0.5421174938884569 0.978812570443184 
2.157659915394068 0.39357691790690164 
0.5483701710276697 0.7194211023628945 
0.5482835984493173 0.7573965730328254 
0.5483699529316048 0.7210607036574257 
0.5418442793753829 1.0083348167664636 
0.5419791682333334 0.990717923977455 
-3.141592653589793 1.0554577359513628 
2.157658746241089 0.39456914938257137 
0.5482865403753039 0.7345027948334318 
2.1394860601564223 0.5050207950436411 
2.1576588151239267 0.39427559184165095 
2.1392870243823636 0.5209988520743437 
0.5482836735080691 0.7459525452064218 
2.1424348317844975 0.45186261332239064 
0.5444633828182949 0.7889922008172361 
2.13869813166427 0.5789887298463843 
2.157658511635457 0.3948292683582239 
0.5419810164599913 0.990559039399136 
0.5418442793753829 1.0083348167664636 
0.5441944168484532 0.7941260606435729 
0.5421174938884569 0.978812570443184 
2.1576369343516113 0.41115144058513026 
-3.141592653589793 1.0554577359513628 
0.5483699445739876 0.7229619662957186 
2.1576570940496906 0.39699437253542386 
0.5419810164599913 0.990559039399136 
2.1424348317844975 0.45186261332239064 
0.5483699529316048 0.7210607036574257 
0.5418442793753829 1.0083348167664636 
0.5482835984493173 0.7573965730328254 
2.1576558931484735 0.39806379264462466 
0.5444701704971071 0.7869802777689349 
2.1424348317844975 0.45186261332239064 
2.1576588151239267 0.39427559184165095 
2.1394860601564223 0.5050207950436411 
0.5483699529316048 0.7210607036574257 
0.5482865350259407 0.7345666101369637 
-3.141592653589793 1.0554577359513628 
0.5482865403753039 0.7345027948334318 
2.1392870243823636 0.5209988520743437 
-3.141592653589793 1.0554577359513628 
0.5483701710276697 0.7194211023628945 
0.5483699529316048 0.7210607036574257 
0.5483699529316048 0.7210607036574257 
0.5482865835445208 0.733956465129963 
0.5482865350259407 0.7345666101369637 
2.1576866568898563 0.324909462608281 
2.157685892165575 0.35829727518862536 
2.1576594870599797 0.39396175149070367 
2.1381723307676097 0.6853484869999185 
0.5482835984493173 0.7573965730328254 
2.1424348317844975 0.45186261332239064 
2.1424348317844975 0.45186261332239064 
0.5482865835445208 0.733956465129963 
0.5483701127228988 0.7206046371040015 
2.1576594870599797 0.39396175149070367 
0.5421174938884569 0.978812570443184 
2.1424348317844975 0.45186261332239064 
0.5482836735080691 0.7459525452064218 
0.5483699529316048 0.7210607036574257 
0.5444701704971071 0.7869802777689349 
-3.141592653589793 1.0554577359513628 
2.1576594870599797 0.39396175149070367 
0.5482865403753039 0.7345027948334318 
2.1576594870599797 0.39396175149070367 
0.5482865835445208 0.733956465129963 
0.5483701710276697 0.7194211023628945 
0.542176205905373 0.9645742683357261 
0.5482865403753039 0.7345027948334318 
2.1576594870599797 0.39396175149070367 
0.5482865835445208 0.733956465129963 
2.157481616369833 0.4172999647144875 
0.5482865835445208 0.733956465129963 
0.5482835984493173 0.7573965730328254 
0.5482835984493173 0.7573965730328254 
0.5482670601416031 0.7606396804603444 
