2.1382449363837863 -2.6899181376776395 4.21245211355279 
2.1576856804582074 -2.7689865222059016 4.163326060009996 
0.5482866113050386 4.267093730640447 2.6064831082801256 
0.5483701710276697 4.266696256826707 2.6064858121068952 
2.1392870243823636 -2.6899181376776395 4.21245211355279 
2.1576588151239267 -2.768990508058837 4.163326060009996 
2.1394860601564223 -2.6980134072185376 4.2129885387176 
0.5482865403753039 4.267093730640447 2.6064829859782033 
0.5441944168484532 4.277758360851211 2.589818852407071 
0.5418442793753829 4.277089668200838 2.582950599252041 
0.5482835984493173 4.267074120328727 2.606488215176695 
0.5483688929337839 4.266692713950638 2.6064828641560998 
0.5418442793753829 4.277089668200838 2.582950599252041 
-3.141592653589793 -4.999999999957294 1.673588083187542E-4 
2.1576594858877423 -2.7689932135697535 4.1633259570856405 
0.5444701704971071 4.277756378203672 2.589890686200023 
0.5482865335463342 4.267093730640447 2.6064830671208687 
0.5419791682333334 4.27775659485954 2.582950599252041 
2.1576864925008192 -2.7689497553450884 4.16332580491984 
0.5482865686657641 4.267093730640447 2.606482971552953 
0.5444701704971071 4.277756378203672 2.589890686200023 
0.5482865403753039 4.267093730640447 2.6064829859782033 
0.5441821635159315 4.277697369592321 2.607125196423031 
0.5421174938884569 4.2777083639771485 2.582950599252041 
2.157659915394068 -2.7689932135697535 4.1633260662169 
0.5483701710276697 4.266696256826707 2.6064858121068952 
0.5482835984493173 4.267074120328727 2.606488215176695 
0.5483699529316048 4.266692831203553 2.6064851443885724 
0.5418442793753829 4.277089668200838 2.582950599252041 
0.5419791682333334 4.27775659485954 2.582950599252041 
-3.141592653589793 -4.999999999957294 1.673588083187542E-4 
2.157658746241089 -2.7689932135697535 4.163326063249027 
0.5482865403753039 4.267093730640447 2.6064829859782033 
2.1394860601564223 -2.6980134072185376 4.2129885387176 
2.1576588151239267 -2.768990508058837 4.163326060009996 
2.1392870243823636 -2.6899181376776395 4.21245211355279 
0.5482836735080691 4.267094851462812 2.6064850172941627 
2.1424348317844975 -2.7053223130077773 4.2042315971903435 
0.5444633828182949 4.277697369592321 2.589890686200023 
2.13869813166427 -2.679673696272766 4.214778194883307 
2.157658511635457 -2.7689937663163042 4.163325971791726 
0.5419810164599913 4.27775659485954 2.582950599252041 
0.5418442793753829 4.277089668200838 2.582950599252041 
0.5441944168484532 4.277758360851211 2.589818852407071 
0.5421174938884569 4.2777083639771485 2.582950599252041 
2.1576369343516113 -2.7689937680076855 4.163318770901224 
-3.141592653589793 -4.999999999957294 1.673588083187542E-4 
0.5483699445739876 4.26669621981786 2.6064858121068952 
2.1576570940496906 -2.768991750245418 4.163318770901224 
0.5419810164599913 4.27775659485954 2.582950599252041 
2.1424348317844975 -2.7053223130077773 4.2042315971903435 
0.5483699529316048 4.266692831203553 2.6064851443885724 
0.5418442793753829 4.277089668200838 2.582950599252041 
0.5482835984493173 4.267074120328727 2.606488215176695 
2.1576558931484735 -2.7689932252259424 4.163318770901224 
0.5444701704971071 4.277756378203672 2.589890686200023 
2.1424348317844975 -2.7053223130077773 4.2042315971903435 
2.1576588151239267 -2.768990508058837 4.163326060009996 
2.1394860601564223 -2.6980134072185376 4.2129885387176 
0.5483699529316048 4.266692831203553 2.6064851443885724 
0.5482865350259407 4.267093730640447 2.606482986008694 
-3.141592653589793 -4.999999999957294 1.673588083187542E-4 
0.5482865403753039 4.267093730640447 2.6064829859782033 
2.1392870243823636 -2.6899181376776395 4.21245211355279 
-3.141592653589793 -4.999999999957294 1.673588083187542E-4 
0.5483701710276697 4.266696256826707 2.6064858121068952 
0.5483699529316048 4.266692831203553 2.6064851443885724 
0.5483699529316048 4.266692831203553 2.6064851443885724 
0.5482865835445208 4.267093730640447 2.6064830671208687 
0.5482865350259407 4.267093730640447 2.606482986008694 
2.1576866568898563 -2.768870643606825 4.163317459011879 
2.157685892165575 -2.7689494159425374 4.163317459011879 
2.1576594870599797 -2.7689932135697535 4.1633259570856405 
2.1381723307676097 -2.7067853928390826 4.214778194883307 
0.5482835984493173 4.267074120328727 2.606488215176695 
2.1424348317844975 -2.7053223130077773 4.2042315971903435 
2.1424348317844975 -2.7053223130077773 4.2042315971903435 
0.5482865835445208 4.267093730640447 2.6064830671208687 
0.5483701127228988 4.266696256826707 2.6064858121068952 
2.1576594870599797 -2.7689932135697535 4.1633259570856405 
0.5421174938884569 4.2777083639771485 2.582950599252041 
2.1424348317844975 -2.7053223130077773 4.2042315971903435 
0.5482836735080691 4.267094851462812 2.6064850172941627 
0.5483699529316048 4.266692831203553 2.6064851443885724 
0.5444701704971071 4.277756378203672 2.589890686200023 
-3.141592653589793 -4.999999999957294 1.673588083187542E-4 
2.1576594870599797 -2.7689932135697535 4.1633259570856405 
0.5482865403753039 4.267093730640447 2.6064829859782033 
2.1576594870599797 -2.7689932135697535 4.1633259570856405 
0.5482865835445208 4.267093730640447 2.6064830671208687 
0.5483701710276697 4.266696256826707 2.6064858121068952 
0.542176205905373 4.278517138094038 2.583003560686227 
0.5482865403753039 4.267093730640447 2.6064829859782033 
2.1576594870599797 -2.7689932135697535 4.1633259570856405 
0.5482865835445208 4.267093730640447 2.6064830671208687 
2.157481616369833 -2.7689918530463293 4.163875848479548 
0.5482865835445208 4.267093730640447 2.6064830671208687 
0.5482835984493173 4.267074120328727 2.606488215176695 
0.5482835984493173 4.267074120328727 2.606488215176695 
0.5482670601416031 4.267119092179131 2.6064821174508923 
