3.108687229736816 0.06119817145067138 
2.9111837265080514 0.34975034360374607 
1.1086349911958873 0.7207100023158611 
3.108687229736816 0.06119817145067138 
3.1086872047494443 0.06126461873210519 
3.108687229736816 0.06119817145067138 
2.029907969627348 0.49968791199038276 
1.108618456000053 0.7267005861319566 
3.1086872964604395 0.041267498976186354 
1.1085330392588855 0.7504276928899603 
3.108687260483522 0.06117807718303439 
3.1086872047494443 0.06126461873210519 
1.108485073580385 0.7611458565126588 
1.108618456000053 0.7267005861319566 
3.108688154565646 0.035324326771721246 
1.1063184495902836 0.9858211507892775 
1.1086349911958873 0.7207100023158611 
2.9111837265080514 0.34975034360374607 
2.9115776376389855 0.2149852797589197 
3.108687214042986 0.061238531075568294 
1.108485073580385 0.7611458565126588 
1.1085330392588855 0.7504276928899603 
3.1086872047494443 0.06126461873210519 
2.9107053961571823 0.38239919963830776 
3.108687191389361 0.06222030847218088 
2.9115776376389855 0.2149852797589197 
3.108687214042986 0.061238531075568294 
-3.141592653589793 1.0127830583837265 
1.108618456000053 0.7267005861319566 
1.108592110461997 0.7350508275977716 
1.108485073580385 0.7611458565126588 
2.9115776376389855 0.2149852797589197 
3.108687229736816 0.06119817145067138 
2.0302453642417526 0.49501423406174244 
2.9107053961571823 0.38239919963830776 
1.1083865446344443 0.7789255958645879 
1.108592110461997 0.7350508275977716 
3.1086881727241122 0.03470277114083668 
3.108687220279125 0.061223932344092874 
1.108618456000053 0.7267005861319566 
3.108687221213811 0.06122152534531722 
1.1083862564856943 0.7789735676044673 
3.108687260483522 0.06117807718303439 
1.1085330392588855 0.7504276928899603 
1.1063978700668582 0.929228382152209 
3.108687261753814 0.06117476581027617 
3.1086872619570065 0.061174228945354105 
1.108618456000053 0.7267005861319566 
2.910764667458361 0.361755956654869 
2.986584619622275 0.13179431619467455 
-3.141592653589793 1.0127830583837265 
1.1062513758465753 0.9888833650655616 
3.1086872047494443 0.06126461873210519 
-3.141592653589793 1.0127830583837265 
2.9105905685582987 0.4777659383407894 
1.108618456000053 0.7267005861319566 
1.1087189267830695 0.6878952489723006 
1.1083864299816295 0.7789446863917624 
1.1083862564856943 0.7789735676044673 
1.1085330392588855 0.7504276928899603 
1.1085330392588855 0.7504276928899603 
3.1086872619570065 0.061174228945354105 
2.9111837265080514 0.34975034360374607 
-3.141592653589793 1.0127830583837265 
2.984631463991553 0.21477495307934197 
2.9849008040031118 0.16737819228732997 
2.9115758683306914 0.3449256239072236 
1.108592110461997 0.7350508275977716 
1.1083865446344443 0.7789255958645879 
1.108485073580385 0.7611458565126588 
2.9115758683306914 0.3449256239072236 
1.108592110461997 0.7350508275977716 
2.986584619622275 0.13179431619467455 
2.986584619622275 0.13179431619467455 
