3.108687229736816 -4.997293487463212 0.1644043673710507 
2.9111837265080514 -4.870117492532717 1.1387227055107876 
1.1086349911958873 2.229108330479579 4.47680666437945 
3.108687229736816 -4.997293487463212 0.1644043673710507 
3.1086872047494443 -4.997293487471514 0.1644043668103716 
3.108687229736816 -4.997293487463212 0.1644043673710507 
2.029907969627348 -2.214812006927546 4.481741271795383 
1.108618456000053 2.229108330479579 4.4768062413957095 
3.1086872964604395 -4.997293487514506 0.16448049133596834 
1.1085330392588855 2.229108330479579 4.476806663816641 
3.108687260483522 -4.997293492364583 0.16440432653587622 
3.1086872047494443 -4.997293487471514 0.1644043668103716 
1.108485073580385 2.229108330479579 4.476818879836666 
1.108618456000053 2.229108330479579 4.4768062413957095 
3.108688154565646 -4.997293487514506 0.1644808911668003 
1.1063184495902836 2.229108330479579 4.481327981941716 
1.1086349911958873 2.229108330479579 4.47680666437945 
2.9111837265080514 -4.870117492532717 1.1387227055107876 
2.9115776376389855 -4.8679735183176005 1.1395681351465274 
3.108687214042986 -4.997293487373555 0.16440436952961957 
1.108485073580385 2.229108330479579 4.476818879836666 
1.1085330392588855 2.229108330479579 4.476806663816641 
3.1086872047494443 -4.997293487471514 0.1644043668103716 
2.9107053961571823 -4.8797105167390535 1.143716437996912 
3.108687191389361 -4.997293585973768 0.1644043681929577 
2.9115776376389855 -4.8679735183176005 1.1395681351465274 
3.108687214042986 -4.997293487373555 0.16440436952961957 
-3.141592653589793 -4.999999997766523 -1.5113345685039163E-6 
1.108618456000053 2.229108330479579 4.4768062413957095 
1.108592110461997 2.229108330479579 4.476806663816641 
1.108485073580385 2.229108330479579 4.476818879836666 
2.9115776376389855 -4.8679735183176005 1.1395681351465274 
3.108687229736816 -4.997293487463212 0.1644043673710507 
2.0302453642417526 -2.218567189638719 4.481741271795383 
2.9107053961571823 -4.8797105167390535 1.143716437996912 
1.1083865446344443 2.229108330479579 4.476806663816641 
1.108592110461997 2.229108330479579 4.476806663816641 
3.1086881727241122 -4.997293487514506 0.16448133350141722 
3.108687220279125 -4.997293487514506 0.16440436730089786 
1.108618456000053 2.229108330479579 4.4768062413957095 
3.108687221213811 -4.997293487514506 0.16440436683585408 
1.1083862564856943 2.229108330479579 4.476806663816641 
3.108687260483522 -4.997293492364583 0.16440432653587622 
1.1085330392588855 2.229108330479579 4.476806663816641 
1.1063978700668582 2.234950218576206 4.481328037873801 
3.108687261753814 -4.997293492364583 0.16440432603702726 
3.1086872619570065 -4.997293492365111 0.16440432603702726 
1.108618456000053 2.229108330479579 4.4768062413957095 
2.910764667458361 -4.8797105167390535 1.143716437996912 
2.986584619622275 -4.940025407754136 0.7720926333037614 
-3.141592653589793 -4.999999997766523 -1.5113345685039163E-6 
1.1062513758465753 2.229108330479579 4.481327981941716 
3.1086872047494443 -4.997293487471514 0.1644043668103716 
-3.141592653589793 -4.999999997766523 -1.5113345685039163E-6 
2.9105905685582987 -4.8797105167390535 1.1395550478175749 
1.108618456000053 2.229108330479579 4.4768062413957095 
1.1087189267830695 2.229108330479579 4.4768065464279205 
1.1083864299816295 2.229108330479579 4.476806663816641 
1.1083862564856943 2.229108330479579 4.476806663816641 
1.1085330392588855 2.229108330479579 4.476806663816641 
1.1085330392588855 2.229108330479579 4.476806663816641 
3.1086872619570065 -4.997293492365111 0.16440432603702726 
2.9111837265080514 -4.870117492532717 1.1387227055107876 
-3.141592653589793 -4.999999997766523 -1.5113345685039163E-6 
2.984631463991553 -4.938638501643364 0.7832464081955093 
2.9849008040031118 -4.938638501643364 0.7799026880300725 
2.9115758683306914 -4.876134379525532 1.1395550478175749 
1.108592110461997 2.229108330479579 4.476806663816641 
1.1083865446344443 2.229108330479579 4.476806663816641 
1.108485073580385 2.229108330479579 4.476818879836666 
2.9115758683306914 -4.876134379525532 1.1395550478175749 
1.108592110461997 2.229108330479579 4.476806663816641 
2.986584619622275 -4.940025407754136 0.7720926333037614 
2.986584619622275 -4.940025407754136 0.7720926333037614 
