2.030185415065042 0.42601302693420856 
2.030185415065042 0.42601302693420856 
2.030185415065073 0.4260130267995035 
2.030185415065042 0.42601302693420856 
2.0301854150653593 0.42601117451307047 
2.0301854150653447 0.42601251033267734 
2.030185415065042 0.42601302693420856 
-3.1395213046792074 1.041941174105795 
2.32765816887464 0.40561923747256534 
2.030185415065042 0.42601302693420856 
-3.1249907406419504 1.0127959000147329 
-3.1249907406419513 1.0127959008703058 
-3.1395213046792074 1.041941174105795 
-3.1395213046792074 1.041941174105795 
-3.1395213046792074 1.041941174105795 
-3.1395213046792074 1.041941174105795 
-3.1395213046792074 1.041941174105795 
-3.1395213046792074 1.041941174105795 
-3.1395213046792074 1.041941174105795 
-3.1395213046792074 1.041941174105795 
-3.1395213046792074 1.041941174105795 
2.32765816887464 0.40561923747256534 
-3.1395213046792074 1.041941174105795 
-3.1395213046792074 1.041941174105795 
-3.1395213046792074 1.041941174105795 
