3.0265401527471583 0.074409165347121 
3.0265401527471583 0.074409165347121 
2.121198122600112 0.577955546528915 
2.122403556490651 0.3862884323317569 
2.121508769506152 0.4570575295568829 
3.0040033559626798 0.28954104149519494 
2.0965766832193045 0.683336567857228 
2.0965766832193045 0.683336567857228 
3.005444918731478 0.11804588316101297 
3.0051728077858315 0.18682704438183734 
3.004020622733819 0.2226111951976127 
2.122403556490651 0.3862884323317569 
3.0265401346431284 0.07614336426526895 
3.026539676336645 0.07906438331578867 
3.0265401502075604 0.07469092832527163 
3.0265401502075604 0.07469092832527163 
3.0265401502075604 0.07469092832527163 
2.0965766832193045 0.683336567857228 
3.0265401502075604 0.07469092832527163 
3.0265401502075604 0.07469092832527163 
3.0054434280040843 0.1595600742019605 
2.0632754042842585 0.8355872593150178 
-3.141592653589793 1.0471165245054055 
2.0965766832193045 0.683336567857228 
2.122403556490651 0.3862884323317569 
3.0040033559626798 0.28954104149519494 
2.070399395157979 0.718418890502331 
2.070399395157979 0.718418890502331 
3.005444918731478 0.11804588316101297 
3.0055019256339297 0.07910051731470769 
-3.141578190378382 1.036308336663681 
2.055419570947829 0.8372425944569588 
3.0265401527471583 0.074409165347121 
2.070399395157979 0.718418890502331 
3.004020622733819 0.2226111951976127 
2.121198122600112 0.577955546528915 
3.0265401527471583 0.074409165347121 
3.0265401527471583 0.074409165347121 
2.121198122600112 0.577955546528915 
3.004020622733819 0.2226111951976127 
3.005444582700073 0.15630001076276367 
3.004010686500726 0.22547567141187863 
3.0040033559626798 0.28954104149519494 
3.005232462980284 0.17519772864796118 
3.0051728077858315 0.18682704438183734 
3.0055019256339297 0.07910051731470769 
2.121198122600112 0.577955546528915 
3.0033547351522305 0.30025935514871394 
2.0965766832193045 0.683336567857228 
2.055419570947829 0.8372425944569588 
3.004010686500726 0.22547567141187863 
2.121198122600112 0.577955546528915 
-3.1415760780203024 1.0223979825970602 
2.0639466388176424 0.8096515758183391 
3.005232462980284 0.17519772864796118 
2.122403556490651 0.3862884323317569 
2.055419570947829 0.8372425944569588 
3.0051728077858315 0.18682704438183734 
2.0965766832193045 0.683336567857228 
3.026539676336645 0.07906438331578867 
3.0055019256339297 0.07910051731470769 
3.0055019256339297 0.07910051731470769 
2.121508769506152 0.4570575295568829 
-3.1415770514535124 1.0304223668859616 
2.07053987773077 0.7146433848916478 
2.0632754042842585 0.8355872593150178 
2.121198122600112 0.577955546528915 
2.070399395157979 0.718418890502331 
3.0004412974877126 0.37872748970777603 
3.0051731680451956 0.1866741428661714 
2.121508769506152 0.4570575295568829 
3.0265401527471583 0.074409165347121 
2.0632754042842585 0.8355872593150178 
2.0692498372674106 0.7641837797307244 
-3.1415770678409944 1.0304781438497583 
2.121198122600112 0.577955546528915 
