3.0265401527471583 -4.966943799806444 0.5739465798784352 
3.0265401527471583 -4.966943799806444 0.5739465798784352 
2.121198122600112 -2.616685710288371 4.265992920302853 
2.122403556490651 -2.620253179916864 4.258600974538689 
2.121508769506152 -2.616685710288371 4.261728689034913 
3.0040033559626798 -4.9535668313370875 0.6822206499109316 
2.0965766832193045 -2.492281577791821 4.326409521447006 
2.0965766832193045 -2.492281577791821 4.326409521447006 
3.005444918731478 -4.953729901999747 0.678365595141845 
3.0051728077858315 -4.9535668313370875 0.678406919267045 
3.004020622733819 -4.953924085042617 0.6860991234877709 
2.122403556490651 -2.620253179916864 4.258600974538689 
3.0265401346431284 -4.966943734100359 0.5739468502325785 
3.026539676336645 -4.966943736540653 0.5739468629697491 
3.0265401502075604 -4.966943801710159 0.573946572029242 
3.0265401502075604 -4.966943801710159 0.573946572029242 
3.0265401502075604 -4.966943801710159 0.573946572029242 
2.0965766832193045 -2.492281577791821 4.326409521447006 
3.0265401502075604 -4.966943801710159 0.573946572029242 
3.0265401502075604 -4.966943801710159 0.573946572029242 
3.0054434280040843 -4.9535668313370875 0.6784060926832223 
2.0632754042842585 -2.4019601615530997 4.399393100483597 
-3.141592653589793 -4.999999991161628 -9.142280341437946E-5 
2.0965766832193045 -2.492281577791821 4.326409521447006 
2.122403556490651 -2.620253179916864 4.258600974538689 
3.0040033559626798 -4.9535668313370875 0.6822206499109316 
2.070399395157979 -2.4019601615530997 4.399393100483597 
2.070399395157979 -2.4019601615530997 4.399393100483597 
3.005444918731478 -4.953729901999747 0.678365595141845 
3.0055019256339297 -4.953772692276678 0.678365595141845 
-3.141578190378382 -4.999999694597883 -9.819237402804558E-5 
2.055419570947829 -2.3546487235011195 4.412412433302589 
3.0265401527471583 -4.966943799806444 0.5739465798784352 
2.070399395157979 -2.4019601615530997 4.399393100483597 
3.004020622733819 -4.953924085042617 0.6860991234877709 
2.121198122600112 -2.616685710288371 4.265992920302853 
3.0265401527471583 -4.966943799806444 0.5739465798784352 
3.0265401527471583 -4.966943799806444 0.5739465798784352 
2.121198122600112 -2.616685710288371 4.265992920302853 
3.004020622733819 -4.953924085042617 0.6860991234877709 
3.005444582700073 -4.953566027329455 0.6784379024479277 
3.004010686500726 -4.953919820125198 0.6861959357021923 
3.0040033559626798 -4.9535668313370875 0.6822206499109316 
3.005232462980284 -4.95357366144798 0.6784053230033059 
3.0051728077858315 -4.9535668313370875 0.678406919267045 
3.0055019256339297 -4.953772692276678 0.678365595141845 
2.121198122600112 -2.616685710288371 4.265992920302853 
3.0033547351522305 -4.952351574631483 0.6783513221501158 
2.0965766832193045 -2.492281577791821 4.326409521447006 
2.055419570947829 -2.3546487235011195 4.412412433302589 
3.004010686500726 -4.953919820125198 0.6861959357021923 
2.121198122600112 -2.616685710288371 4.265992920302853 
-3.1415760780203024 -4.999999991854922 -9.142280341437946E-5 
2.0639466388176424 -2.4019601615530997 4.399393100483597 
3.005232462980284 -4.95357366144798 0.6784053230033059 
2.122403556490651 -2.620253179916864 4.258600974538689 
2.055419570947829 -2.3546487235011195 4.412412433302589 
3.0051728077858315 -4.9535668313370875 0.678406919267045 
2.0965766832193045 -2.492281577791821 4.326409521447006 
3.026539676336645 -4.966943736540653 0.5739468629697491 
3.0055019256339297 -4.953772692276678 0.678365595141845 
3.0055019256339297 -4.953772692276678 0.678365595141845 
2.121508769506152 -2.616685710288371 4.261728689034913 
-3.1415770514535124 -4.999999703690551 -9.142438070139246E-5 
2.07053987773077 -2.4019601615530997 4.399393100483597 
2.0632754042842585 -2.4019601615530997 4.399393100483597 
2.121198122600112 -2.616685710288371 4.265992920302853 
2.070399395157979 -2.4019601615530997 4.399393100483597 
3.0004412974877126 -4.953738478555328 0.6972891671267543 
3.0051731680451956 -4.9535668313370875 0.678406919267045 
2.121508769506152 -2.616685710288371 4.261728689034913 
3.0265401527471583 -4.966943799806444 0.5739465798784352 
2.0632754042842585 -2.4019601615530997 4.399393100483597 
2.0692498372674106 -2.4019601615530997 4.403076274878416 
-3.1415770678409944 -4.999999703690551 -9.143711481278345E-5 
2.121198122600112 -2.616685710288371 4.265992920302853 
