0.18221223004223647 0.6721565581660012 
0.04847927210622932 0.7338187504340659 
0.41519484970043513 0.16630597536314456 
0.20495192030818393 0.5176421247033013 
0.22163627881211168 0.3954904459562134 
0.2433788325573985 0.2703015560060218 
0.4390748394797057 -0.06836348111118244 
0.20012615377604032 0.5540644193330767 
0.8344571574180145 -0.648855604298972 
0.4166681546886501 0.14788963370618677 
0.6461510375578163 -0.44413463529504765 
0.41248050338002806 0.20190069636569064 
0.6257290927065855 -0.24089346878439258 
0.6231006628279008 -0.1990400951169687 
0.619964796468603 -0.14865051130014068 
0.6367673767458005 -0.37890489610387557 
0.41834457043955403 0.1289234092746159 
0.4264575157357502 0.034332028888218666 
0.8313811982486624 -0.6034767576316346 
0.8327277217068436 -0.6240080894037433 
0.6289235712448411 -0.2874465807336366 
0.8386299559829905 -0.6998732237302663 
0.23339291518244482 0.31691912787397564 
0.21698101296527483 0.42571739291549754 
0.8446132438292524 -0.7500130466243508 
0.010723161427519057 0.8958475927877323 
0.18971684450077544 0.6264838724371945 
0.05430399379182263 0.7155973876010481 
0.4108942838121863 0.22236423457507903 
0.19747430613241412 0.5726538070815632 
0.42287191782387273 0.072886932772209 
0.014818212072739034 0.8756440597739052 
0.06105247355340321 0.6988754879379486 
0.20265398089299957 0.5360083442102749 
0.8242572448558544 -0.47604969264159264 
2.086898218678357E-6 1.000295356386199 
0.6316459545627313 -0.3231294758479318 
0.43365987443905396 -0.03421899259837038 
0.4414154064449517 -0.08835793455415612 
0.18707937521137782 0.643558156257452 
0.040749236650787515 0.7615358910737142 
0.6385000778940142 -0.39408330726308727 
0.004043768731969183 0.9382214279225529 
0.8514560808871124 -0.7721710565670371 
0.03690959681087227 0.7765708729759454 
0.6346804069885663 -0.3578082666145839 
0.08541690203057994 0.6722448857582838 
0.19486056705409835 0.5925709064857115 
0.4313951392478246 -0.014782502941894812 
0.8413700992900706 -0.7257238244446929 
0.8373622667843658 -0.675651961125091 
0.0446296503964555 0.7467760397401768 
0.8397961668578482 -0.7120812458195467 
0.42132539202939745 0.09146776279636881 
0.0020491014919463008 0.9567757654371626 
0.02226631129596368 0.8393530117898815 
0.21436768991990862 0.44587074610543526 
0.6213601572875301 -0.17239327974374444 
0.20713349713554524 0.5012913824716816 
0.2124451666069085 0.46036148377549646 
0.4546356731197463 -0.12293802490191798 
0.23691915730065066 0.29941950215080565 
0.1920559176144574 0.6110173185288184 
0.8263079930941886 -0.5143832419004297 
0.825137517784043 -0.4932457820852495 
0.03234922864349182 0.7946928433349779 
0.4356183908151392 -0.04931531053994576 
0.20976376696441815 0.48126254831251397 
0.4138677931781933 0.18400411081708024 
0.4453710686468745 -0.10701169163023688 
0.8278809617474947 -0.5445136043052814 
0.618487446730934 -0.12457957735537617 
0.22956246018864127 0.33854315066447194 
0.06901120757180679 0.6825874175089667 
0.1838875567811102 0.6628985239577049 
0.643203036221597 -0.42914152413379825 
0.8234135718917249 -0.4586821102998464 
0.22655756285270018 0.35828555612596746 
0.624094214984355 -0.21685410386835421 
0.8288716882936066 -0.5616630389072721 
0.2188252030065372 0.41216276685574854 
0.4279734309105626 0.0181858712676741 
0.8269626054043333 -0.5273682002244677 
0.630371084273177 -0.30653937064696474 
0.6328900557984156 -0.3380968338372717 
0.2240928880815996 0.37502767199144715 
0.0183192518372432 0.8571580462939583 
0.6406350767424802 -0.4115687841675115 
0.4246357208639172 0.054072179869465734 
0.4197243166785175 0.10982788912556955 
4.718474086172729E-4 0.9802665212159986 
0.6272551570366515 -0.26415076385159086 
0.6522835115143528 -0.4570546016193671 
0.25843923998816376 0.2440507355542699 
0.00717489813734451 0.9164020857593888 
0.2489566285300106 0.2546751234692861 
0.8300371930574303 -0.581722359559169 
0.42978578655853017 6.101602554640881E-4 
0.026973385085067178 0.8186398178722923 
0.4095716403140373 0.2403774324739227 
