1.367396312121058 0.7346887101854134 
1.5927123272920876 0.5815575938765085 
1.686668328873687 0.46988006269517707 
1.711460691245121 0.4670319259752917 
1.3682366930236771 0.6225132282940858 
1.3679072678176005 0.6815700604936459 
1.6866683387486632 0.46986340847678004 
1.5936189153640614 0.5482219669388178 
1.686668328873687 0.46988006269517707 
1.4524020791346217 0.6145201249888316 
1.5936189153640614 0.5482219669388178 
1.5926877097555194 0.5957153609535932 
1.5936189153640614 0.5482219669388178 
1.711460691245121 0.4670319259752917 
-3.141592653589793 1.0927326402014983 
1.4524020791346217 0.6145201249888316 
1.6866674849980525 0.4850264436041313 
1.711460691245121 0.4670319259752917 
1.359494787740969 0.9038247807162354 
1.3682269691124216 0.6779204549850615 
1.686668328873687 0.46988006269517707 
1.5936189153640614 0.5482219669388178 
1.352837942323599 1.0048385862292435 
1.4524020791346217 0.6145201249888316 
1.5920171567233325 0.5973447629812945 
1.5927123272920876 0.5815575938765085 
1.5927123272920876 0.5815575938765085 
1.5926877097555194 0.5957153609535932 
1.711460691245121 0.4670319259752917 
1.711460691245121 0.4670319259752917 
1.3620274888473047 0.7946105792529488 
1.6866683387486632 0.46986340847678004 
1.686668328873687 0.46988006269517707 
1.593687849287868 0.5111132488819452 
1.711460691245121 0.4670319259752917 
1.3682366930236771 0.6225132282940858 
1.711460691245121 0.4670319259752917 
1.711460691245121 0.4670319259752917 
1.5936189153640614 0.5482219669388178 
1.3682366930236771 0.6225132282940858 
1.7035911275343318 0.4677962704860426 
1.7035911275343318 0.4677962704860426 
1.5927123272920876 0.5815575938765085 
1.3540524259955797 0.9120669181735657 
1.686668328873687 0.46988006269517707 
1.7035911275343318 0.4677962704860426 
1.3682366930236771 0.6225132282940858 
1.7035911275343318 0.4677962704860426 
1.3667428271638424 0.7394363127746788 
1.5927123272920876 0.5815575938765085 
1.7035911275343318 0.4677962704860426 
1.7035911275343318 0.4677962704860426 
1.5927087172024346 0.583244498603918 
1.7035911275343318 0.4677962704860426 
1.5927123272920876 0.5815575938765085 
1.711460691245121 0.4670319259752917 
1.3675097655841284 0.7016388736154916 
1.7035911275343318 0.4677962704860426 
1.7035911275343318 0.4677962704860426 
1.3674287320564789 0.7306852272540924 
1.5926877097555194 0.5957153609535932 
1.5936189153640614 0.5482219669388178 
1.7035911275343318 0.4677962704860426 
1.4524020791346217 0.6145201249888316 
1.3673974616831106 0.7345496611258305 
1.5926877097555194 0.5957153609535932 
1.3682366930236771 0.6225132282940858 
1.7035911275343318 0.4677962704860426 
1.686668328873687 0.46988006269517707 
1.5936189153640614 0.5482219669388178 
1.5926877097555194 0.5957153609535932 
1.6866683387486632 0.46986340847678004 
1.367417225408099 0.7321261146933219 
1.7035911275343318 0.4677962704860426 
1.686668328873687 0.46988006269517707 
1.686668328873687 0.46988006269517707 
1.5936189153640614 0.5482219669388178 
1.3675097655841284 0.7016388736154916 
1.711460691245121 0.4670319259752917 
1.7035911275343318 0.4677962704860426 
1.6866674849980525 0.4850264436041313 
1.7035911275343318 0.4677962704860426 
1.4524020791346217 0.6145201249888316 
1.367417225408099 0.7321261146933219 
1.7035911275343318 0.4677962704860426 
1.686668328873687 0.46988006269517707 
1.5936189153640614 0.5482219669388178 
1.711460691245121 0.4670319259752917 
1.4524020791346217 0.6145201249888316 
1.3682269691124216 0.6779204549850615 
1.7035911275343318 0.4677962704860426 
1.5936189153640614 0.5482219669388178 
1.7035911275343318 0.4677962704860426 
1.7035911275343318 0.4677962704860426 
1.5936189153640614 0.5482219669388178 
1.3679072678176005 0.6815700604936459 
1.7035911275343318 0.4677962704860426 
1.7035911275343318 0.4677962704860426 
1.711460691245121 0.4670319259752917 
1.5936189153640614 0.5482219669388178 
