1.367396312121058 1.0078301835525025 4.898662768672097 
1.5927123272920876 -0.10774908659864303 4.99881930753521 
1.686668328873687 -0.5781050667635398 4.96645415257063 
1.711460691245121 -0.7009434468717861 4.950629499323739 
1.3682366930236771 1.005268518765596 4.897629366694452 
1.3679072678176005 1.005268518765596 4.897155068669126 
1.6866683387486632 -0.5781050667635398 4.96645415257063 
1.5936189153640614 -0.114350853934943 4.998849909619212 
1.686668328873687 -0.5781050667635398 4.96645415257063 
1.4524020791346217 0.5913607054835002 4.965187000900396 
1.5936189153640614 -0.114350853934943 4.998849909619212 
1.5926877097555194 -0.11161581490190314 4.998762539588982 
1.5936189153640614 -0.114350853934943 4.998849909619212 
1.711460691245121 -0.7009434468717861 4.950629499323739 
-3.141592653589793 -4.999999999938758 7.873141212599785E-4 
1.4524020791346217 0.5913607054835002 4.965187000900396 
1.6866674849980525 -0.578105892815163 4.966535219730816 
1.711460691245121 -0.7009434468717861 4.950629499323739 
1.359494787740969 1.0385824494650546 4.896913030779365 
1.3682269691124216 1.005268518765596 4.898948429996985 
1.686668328873687 -0.5781050667635398 4.96645415257063 
1.5936189153640614 -0.114350853934943 4.998849909619212 
1.352837942323599 1.1096743760510028 4.89111022515215 
1.4524020791346217 0.5913607054835002 4.965187000900396 
1.5920171567233325 -0.10766178969051764 4.9987579776582125 
1.5927123272920876 -0.10774908659864303 4.99881930753521 
1.5927123272920876 -0.10774908659864303 4.99881930753521 
1.5926877097555194 -0.11161581490190314 4.998762539588982 
1.711460691245121 -0.7009434468717861 4.950629499323739 
1.711460691245121 -0.7009434468717861 4.950629499323739 
1.3620274888473047 1.0385824494650546 4.896913030779365 
1.6866683387486632 -0.5781050667635398 4.96645415257063 
1.686668328873687 -0.5781050667635398 4.96645415257063 
1.593687849287868 -0.11435065879740983 4.9986535695776 
1.711460691245121 -0.7009434468717861 4.950629499323739 
1.3682366930236771 1.005268518765596 4.897629366694452 
1.711460691245121 -0.7009434468717861 4.950629499323739 
1.711460691245121 -0.7009434468717861 4.950629499323739 
1.5936189153640614 -0.114350853934943 4.998849909619212 
1.3682366930236771 1.005268518765596 4.897629366694452 
1.7035911275343318 -0.6621718605190494 4.95597948421556 
1.7035911275343318 -0.6621718605190494 4.95597948421556 
1.5927123272920876 -0.10774908659864303 4.99881930753521 
1.3540524259955797 1.0756518143383995 4.839961432090917 
1.686668328873687 -0.5781050667635398 4.96645415257063 
1.7035911275343318 -0.6621718605190494 4.95597948421556 
1.3682366930236771 1.005268518765596 4.897629366694452 
1.7035911275343318 -0.6621718605190494 4.95597948421556 
1.3667428271638424 1.005268518765596 4.896430977766167 
1.5927123272920876 -0.10774908659864303 4.99881930753521 
1.7035911275343318 -0.6621718605190494 4.95597948421556 
1.7035911275343318 -0.6621718605190494 4.95597948421556 
1.5927087172024346 -0.10764624753122633 4.99881930753521 
1.7035911275343318 -0.6621718605190494 4.95597948421556 
1.5927123272920876 -0.10774908659864303 4.99881930753521 
1.711460691245121 -0.7009434468717861 4.950629499323739 
1.3675097655841284 1.0053351319857018 4.896861806841445 
1.7035911275343318 -0.6621718605190494 4.95597948421556 
1.7035911275343318 -0.6621718605190494 4.95597948421556 
1.3674287320564789 1.0078301835525025 4.898662768672097 
1.5926877097555194 -0.11161581490190314 4.998762539588982 
1.5936189153640614 -0.114350853934943 4.998849909619212 
1.7035911275343318 -0.6621718605190494 4.95597948421556 
1.4524020791346217 0.5913607054835002 4.965187000900396 
1.3673974616831106 1.0078301835525025 4.898662768672097 
1.5926877097555194 -0.11161581490190314 4.998762539588982 
1.3682366930236771 1.005268518765596 4.897629366694452 
1.7035911275343318 -0.6621718605190494 4.95597948421556 
1.686668328873687 -0.5781050667635398 4.96645415257063 
1.5936189153640614 -0.114350853934943 4.998849909619212 
1.5926877097555194 -0.11161581490190314 4.998762539588982 
1.6866683387486632 -0.5781050667635398 4.96645415257063 
1.367417225408099 1.0078301835525025 4.898662768672097 
1.7035911275343318 -0.6621718605190494 4.95597948421556 
1.686668328873687 -0.5781050667635398 4.96645415257063 
1.686668328873687 -0.5781050667635398 4.96645415257063 
1.5936189153640614 -0.114350853934943 4.998849909619212 
1.3675097655841284 1.0053351319857018 4.896861806841445 
1.711460691245121 -0.7009434468717861 4.950629499323739 
1.7035911275343318 -0.6621718605190494 4.95597948421556 
1.6866674849980525 -0.578105892815163 4.966535219730816 
1.7035911275343318 -0.6621718605190494 4.95597948421556 
1.4524020791346217 0.5913607054835002 4.965187000900396 
1.367417225408099 1.0078301835525025 4.898662768672097 
1.7035911275343318 -0.6621718605190494 4.95597948421556 
1.686668328873687 -0.5781050667635398 4.96645415257063 
1.5936189153640614 -0.114350853934943 4.998849909619212 
1.711460691245121 -0.7009434468717861 4.950629499323739 
1.4524020791346217 0.5913607054835002 4.965187000900396 
1.3682269691124216 1.005268518765596 4.898948429996985 
1.7035911275343318 -0.6621718605190494 4.95597948421556 
1.5936189153640614 -0.114350853934943 4.998849909619212 
1.7035911275343318 -0.6621718605190494 4.95597948421556 
1.7035911275343318 -0.6621718605190494 4.95597948421556 
1.5936189153640614 -0.114350853934943 4.998849909619212 
1.3679072678176005 1.005268518765596 4.897155068669126 
1.7035911275343318 -0.6621718605190494 4.95597948421556 
1.7035911275343318 -0.6621718605190494 4.95597948421556 
1.711460691245121 -0.7009434468717861 4.950629499323739 
1.5936189153640614 -0.114350853934943 4.998849909619212 
