1.0 1.0000000000000002 
0.3892187238055599 8.986508792528175 
1.0 1.0000000000000002 
0.3892187238055599 8.986508792528175 
0.40322090523516607 8.401895530182477 
0.3964831488449499 8.659489309011832 
0.657728788421943 1.662125061572096 
0.4659868652581155 6.110264225296111 
0.7100294275373108 1.408393460070407 
0.5117652648548836 4.68532557146315 
0.4938597242285956 5.312871103192057 
0.5240576190820335 4.421863799733403 
0.45236191365023976 6.504378484660584 
0.6072466381527221 2.561093414466384 
0.5731906950677711 3.2133400886201797 
0.5715170752505652 3.369374420023806 
0.6661178343588171 1.5129557308123989 
0.5608556509858471 3.4851214333103626 
0.5178688002290358 4.524963928010562 
0.46005379028508275 6.226588464333692 
0.7270907817317815 1.3753460680787442 
0.4384663448421386 6.999128018422598 
0.498051077210431 5.080556785566382 
0.7561171165316962 1.3225465336056685 
0.45819177953012924 6.427489351419772 
0.5293413425775212 4.226300031141161 
0.676740389000421 1.4776720956392018 
0.421231357818187 7.67490888416358 
0.7744278182291645 1.2912835439833843 
0.9891875636732148 1.0109827663168092 
0.6021548348184687 2.6581910639730975 
0.9393325348822555 1.0645857170771522 
0.5434724593743233 3.8886485088360714 
0.8185193425079417 1.2217220850625092 
0.8049763860264304 1.242273072291688 
0.829843006208105 1.2050480835582353 
0.6156037197647406 2.3925037583006326 
0.5599377014021618 3.649704585796815 
0.4152134803904589 7.87081138436915 
0.9512018301168467 1.0513015937844987 
0.5907542611066393 2.8892441442614767 
0.6961185168579358 1.436539521521082 
0.6444626226192187 1.8886035500720006 
0.5540219033533103 3.737425433892791 
0.5862594441872848 2.9707706786231225 
0.962442325610238 1.0390232987442292 
0.6178653259579052 2.3572842594713794 
0.48660294412008376 5.502030473288783 
0.7887068238272504 1.2727518826317277 
0.6897996768425728 1.4499670725269027 
0.4779653576820097 5.658283621007398 
0.5477142331609699 3.7910176359065244 
0.4299431867254903 7.33463294127077 
0.48692748874941866 5.388508799581786 
0.5083955319093655 4.8669998647016515 
0.8726966401283706 1.1458741746797008 
0.7375125391881553 1.3559294209592685 
0.6341016890586767 2.125171847443507 
0.41904078220055047 7.8270485410893675 
0.6507616712948979 1.825037042762556 
0.40688866313696564 8.245266267513529 
0.7632151363810243 1.3102473251746176 
0.6245146914300308 2.2122047321823493 
0.4816434669447958 5.615073680820908 
0.4287848806164296 7.354446490039976 
0.5401450277386708 4.0573669984807905 
0.5343940306712309 4.181437506670054 
0.44588887029954555 6.714351349686922 
0.9253419577114436 1.0806977268001905 
0.4089698763655848 8.203306802474355 
0.7945178579342238 1.258625694803207 
0.47145058866983347 5.8950962326227305 
0.8422258381702081 1.1873301646246652 
0.8683624878420244 1.1515928129167878 
0.9721794404076597 1.0286174657942724 
0.5047816226452684 4.873661391547931 
0.43493617214069846 7.150002972258535 
0.5809356025126696 3.059380424466775 
0.5031236121796293 5.029334180755336 
0.3920019059979087 8.92270529856536 
0.8565347514640791 1.1699428814195398 
0.43493617214069846 7.150002972258535 
0.5949572583146527 2.76832919645534 
0.4107076090314156 8.048216817772232 
0.8877569075433714 1.1264474868754115 
0.4243376497799785 7.524633777333914 
0.44588887029954555 6.714351349686922 
0.4243376497799785 7.524633777333914 
0.4422594530527031 6.839245387162113 
0.4107076090314156 8.048216817772232 
0.5377404513950951 4.075510042539389 
0.6389809683016396 1.9959099364681552 
0.6387064349329413 2.121632114960612 
0.5809356025126696 3.059380424466775 
0.4422594530527031 6.839245387162113 
0.6245146914300308 2.2122047321823493 
0.8877569075433714 1.1264474868754115 
0.8995609417577227 1.1116534558817486 
0.9091806711781618 1.0998920486069808 
0.47145058866983347 5.8950962326227305 
