-14.434171974371138 -11.627216596657298 
-19.999063563691628 0.002866568321384275 
-19.999063563691628 0.002866568321384275 
-14.434171974371138 -11.627216596657298 
-17.0420929221849 -3.879201688081249 
-17.939745952131418 -3.873993715126636 
-19.079893001721366 -6.494136514923615E-5 
-15.637860174200261 -7.751389455003273 
-18.14780841061939 -3.3728308039152095 
-15.886649783536692 -7.751017414215788 
-15.5418237361635 -7.945187731675586 
-18.52974015685443 -1.571958338717445 
-14.70053690826628 -11.242369616494255 
-15.397387833374351 -8.513616723723615 
-18.397779492418877 -2.1823490171781463 
-16.450855392926943 -5.993484690646373 
-18.59285969851098 -1.2996561143055758 
-14.773603931440986 -11.036583074539758 
-16.499218797725863 -5.7541375259453424 
-14.85548499034336 -10.676276051861588 
-16.256813604493427 -6.907119299062646 
-18.83102752774069 -0.50246889169188 
-14.811722801986015 -10.911036544676582 
-16.79448675495863 -4.467709708399199 
-16.295050211854473 -6.709871326797592 
-19.01577101231448 -0.09710107903062362 
-18.89818781147281 -0.24445640011880498 
-18.66718422735556 -1.014128898793082 
-18.073810587192945 -3.5935610370323 
-18.445437711519666 -1.949984902523428 
-18.290374519363212 -2.7146220207340948 
-16.339408722359394 -6.555473771265967 
-14.976342880456134 -10.262652352604707 
-15.019798544611174 -10.00536058937585 
-18.34822709571041 -2.4217687092461433 
-16.191163311458084 -7.035649819305573 
-18.199473243629924 -3.1403277760392534 
-18.210635002205763 -3.0547310795783424 
-18.610873647155405 -1.1769754718573824 
-16.62252345592246 -5.216876772431117 
-16.75475661060121 -4.610640589659083 
-16.852304706743347 -4.284192044520044 
-14.557561912269055 -11.518955747215212 
-18.326789199392344 -2.489318588288373 
-16.911457374372453 -4.069553053203573 
-14.908594935826994 -10.569443791390736 
-15.334661080712646 -8.764786511428639 
-18.037750438479833 -3.7452861033362392 
-16.37320920396791 -6.41049681719992 
-15.519472337887255 -8.096700072683857 
-15.19667373476458 -9.358720871696889 
-18.70757162076945 -0.8804512003833408 
-18.945390276541872 -0.23153693198066577 
-16.5398582294292 -5.631246092746892 
-15.11284965899006 -9.733090546463824 
-15.353682869246196 -8.664594356048887 
-16.177814650363757 -7.195154872672111 
-16.412754114669305 -6.139189306002304 
-14.482021546427585 -11.606067210013641 
-14.60190079496305 -11.438459290890298 
-15.455044871279117 -8.306007021594652 
-15.072677964331298 -9.821668526138984 
-16.651011997566563 -5.067941178928576 
-15.995384524706642 -7.645727863834876 
-16.590862724284044 -5.378094996681382 
-18.80288190883494 -0.5798670799044645 
-16.86963792412136 -4.198709871606614 
-15.294621691702925 -8.951179763947476 
-14.939378065288178 -10.439090994924351 
-17.960707545100153 -3.8642496623086258 
-15.924050964702447 -7.678108830595351 
-18.43074928990799 -2.026474834028278 
-18.75042216793396 -0.6743447906646004 
-15.474588238973416 -8.202538505284792 
-18.501247389589622 -1.698583459292909 
-15.237283602374927 -9.13927715638587 
-15.20633627914308 -9.25092436073456 
-18.739592688543347 -0.7719716191054058 
-15.052339321490646 -9.95940405589894 
-16.67437036146859 -4.883053614167097 
-18.26634596315125 -2.832499836331538 
-16.985029294157123 -3.9594156224607486 
-16.969164433750052 -3.993702094138163 
-16.710962076304824 -4.72636477862436 
-14.961153342093827 -10.344888427720523 
-15.144377649155585 -9.583352297070173 
-16.56652962465614 -5.50658857007685 
-18.501247389589622 -1.698583459292909 
-15.264153116583861 -9.064230974064781 
-16.094089471829317 -7.432472459790084 
-18.26634596315125 -2.832499836331538 
-16.6740574628944 -4.977124402472249 
-16.688768751984007 -4.732814855628425 
-19.07954816821099 -4.647088165844551E-4 
-18.063709936730465 -3.674508916974741 
-16.136283252005537 -7.289964321348042 
-14.649267908597597 -11.348954176943383 
-16.40001377227665 -6.280108693616592 
-16.132763083894314 -7.327941658158193 
-16.035437485938907 -7.565318464040365 
