-1.1535345009866016 -1.1524547708280741 -1.1537841004067255 
-1.4698233484367051E-4 -8.050187352133921E-5 2.8966797503917474E-4 
-1.4698233484367051E-4 -8.050187352133921E-5 2.8966797503917474E-4 
-1.1535345009866016 -1.1524547708280741 -1.1537841004067255 
-1.10301750398193 -1.3922626058992073E-4 -0.5147356306770352 
-1.1531620471749187 -4.332074973612563E-5 2.801557798663369E-4 
-0.48230281764141364 -3.125482389002525E-5 2.803041120176951E-4 
-1.1128624080143998 -0.5154139257961922 -1.1211551234645047 
-1.0238239314856956 -4.285752262536333E-5 2.874002884369498E-4 
-1.1505276210137887 -3.8819313648584016E-5 -1.1520040194180392 
-1.0648707570241651 -0.609910600771638 -1.1424243526343423 
-0.7947823689449688 -8.287613347153769E-5 2.855817955219174E-4 
-1.097926370066477 -1.0719254486935694 -1.1113493914841892 
-1.0362265066062069 -0.7532179561614195 -1.1015303959820488 
-0.8725191802507932 -3.8377216160148924E-4 2.855779953682431E-4 
-0.9068293516292751 -3.2629378171380145E-5 -1.047710977316802 
8.034381898549666E-4 -8.212631180445389E-5 -0.7573277919856606 
-1.1031812260841878 -1.0314283935342057 -1.114662245835801 
-1.0482951661468733 -8.217044921945692E-5 -0.8773581228762137 
-1.036446071675875 -1.0331644685229089 -1.1016296341212815 
-1.02850121388983 -7.896974645670126E-5 -1.043711887529432 
-0.6212398367318748 1.10908446506073E-5 2.9012598072380936E-4 
-1.102940855982347 -1.013968917975936 -1.1120654855217418 
-0.6628090358805563 -1.353576594797887E-4 -1.0932689732919787 
-1.0651961318972523 -1.0736767854104073E-4 -0.9838435636188779 
-0.5175179203881315 -3.8377216160148924E-4 2.855375514890174E-4 
-0.013267146319144274 5.011354060916462E-4 -0.5688084242304284 
8.034381898549666E-4 -8.212631180445389E-5 -0.7142739727411196 
-1.062682810921414 -1.3635646485354449E-4 0.0057501604913060556 
8.034381898549666E-4 -7.036651293495459E-5 -0.8438387616915698 
-0.9371078133167825 -4.332074973612563E-5 2.801557798663369E-4 
-0.9866994456171319 3.8277857543347286E-5 -1.034940619815216 
-1.0648180034347812 -0.948158992016177 -1.1192957611082426 
-1.1313148820141812 -0.8906021405807547 -1.1109166908408121 
8.034381898549666E-4 -6.989099678246657E-5 -0.9017136309213252 
-1.1109104683103024 -3.014811798262209E-4 -1.0023453010193886 
-0.9914942327023393 -8.292764485087306E-5 -8.831946961437732E-4 
-0.0037389181130000337 -8.423654041093837E-5 -0.9812230032894281 
-0.741242803384944 -0.0056306808762135035 1.1143169623155304E-4 
-0.8505050864090573 -3.2629378171380145E-5 -1.0003542405230252 
-0.9774126000182518 -8.208758903689527E-5 -0.7947562549924565 
-0.6245611846919795 0.003291478834861472 -1.0991300762195926 
-1.151767214957413 -1.0982606912729898 -1.1424910734102043 
-0.003818557779334264 -1.3462585446751707E-4 -0.9109509327805956 
-0.6633923294011013 -1.385350254354881E-4 -1.0203878867063718 
-1.0985830924414464 -0.9794430835216078 -1.090997436626139 
-1.0827270598353491 -0.7482377799078844 -1.1117348213507356 
-1.0918265368258617 -4.3416113235135995E-5 2.801557798663369E-4 
-1.017068551556052 0.0012945861403951264 -0.9838435636188779 
-1.1132523399250558 -0.627821330438662 -1.0904931636125963 
-1.0541699616197668 -0.8889484111181832 -1.0392963032350235 
-5.328272504012731E-5 4.123403611137967E-5 -0.6918833484621856 
-0.5569170080272107 4.097112576424533E-5 2.803592259196148E-4 
-0.9764397720888913 -4.1560918456043025E-4 -0.9232928288268896 
-1.0887832805274424 -0.884524533079177 -1.0839871092172684 
-1.0541699616197668 -0.7514625399816637 -1.1207073631511628 
-1.0658942248875984 -1.0812461080937381E-4 -1.055026029152189 
-1.0541699616197668 0.011270160651410788 -0.9232928288268896 
-1.1535345009866016 -1.128919047698995 -1.1537841004067255 
-1.1474944994906857 -1.0983353313814839 -1.1041979554182917 
-1.0572626519140704 -0.7514625399816637 -1.0372700163734623 
-1.1022997564726902 -0.8737060484504164 -1.121841344140862 
-0.8061607745808983 4.0186588879124416E-5 -1.028933179022738 
-1.1209883973840251 0.004200869642993044 -1.1133193478417573 
-0.9836357215748067 4.020184652646147E-5 -0.8856460481562802 
-0.6371921695228269 -8.251205642466081E-5 2.8543139587954133E-4 
-1.0155212062933943 -5.54655847203149E-5 -0.6918833484621856 
-1.0988245191340298 -0.7822535042460803 -1.079947661984011 
-1.065589574610386 -0.9765180559063539 -1.1014407821770666 
-1.1391054245794991 -8.292764485087306E-5 -9.763617261604319E-4 
-1.1682644112205571 -1.27770653566012E-4 -1.1109166908408121 
-0.8531466646625647 -7.612036321793083E-5 2.855779953682431E-4 
-0.6589529673794209 -1.3636981422936363E-4 -0.00741577750787048 
-1.054527393191611 -0.7530325791783224 -1.0221294465378128 
-0.8115111723446284 -8.287613347153769E-5 2.855817955219174E-4 
-1.1022997564726902 -0.7901639564648615 -1.1113493914841892 
-1.0887832805274424 -0.884524533079177 -1.0034139979170817 
-0.6732831870188418 -4.332074973612563E-5 2.801557798663369E-4 
-1.0827270598353491 -0.9029173473190234 -1.1117348213507356 
-0.7318550061143771 -1.353576594797887E-4 -1.0932689732919787 
-0.9516688807767812 -8.301301413831831E-5 2.2819484528759006E-4 
-1.1387189530001651 -1.3922626058992073E-4 -0.5147356306770352 
-1.0720051348659303 -1.3241541720532594E-4 -0.5832771749117673 
-0.705284496684767 0.003291478834861472 -1.0991300762195926 
-1.0823934684403382 -0.9502031996170123 -1.1117348213507356 
-1.102940855982347 -0.8691811864699398 -1.0677608456441126 
-0.9550430916520134 -8.292764485087306E-5 -0.928471217300591 
-0.8115111723446284 -8.287613347153769E-5 2.855817955219174E-4 
-1.1013148946362001 -0.7901639564648615 -1.0906492862135018 
-1.0887832805274424 0.0059498368480115915 -1.0839871092172684 
-0.9516688807767812 -8.301301413831831E-5 2.2819484528759006E-4 
-0.8505050864090573 -3.82925120142465E-4 -0.9689786070806226 
-1.127567791471805 -8.050187352133921E-5 -0.6918833484621856 
-0.482490842508245 -4.4023427132537214E-5 2.802890266381633E-4 
-1.0756987650515213 -6.969790489977365E-5 2.801557798663369E-4 
-1.0477377253393514 0.003291478834861472 -1.0990027692150086 
-1.1022425455607392 -1.0983353313814839 -1.1041154000548192 
-1.0217922744240713 0.0011813112909970901 -0.9628808342147888 
-1.0907987024103432 -4.332074973612563E-5 -1.0580558520971204 
-1.097926370066477 0.007036456490476906 -1.1113493914841892 
