0.6375250242766325 -0.387553754654208 
0.023232481277700112 0.832285854363296 
0.03140082659046103 0.7967955123132077 
0.4486855779134394 -0.11801043276281441 
0.4434190503183492 -0.09976132175846848 
0.8470106148508587 -0.7634942236960626 
0.017442346359208265 0.8590585910912951 
0.4508456947964982 -0.12201931591670949 
0.042975951522813916 0.7509181863924465 
0.21494468868113709 0.4392938140319332 
0.6440467178416779 -0.4352428841120706 
0.2575364181773851 0.24227277906883643 
0.8331598981369672 -0.6319110488604461 
0.4520471195639248 -0.1233721831069794 
0.07436700123520767 0.6738311820723762 
0.6340942089197246 -0.352762579004382 
0.6401168540834357 -0.40947714964392723 
0.4321854285332757 -0.02353766514349712 
0.20742906280881868 0.4966672161520921 
0.8493678974464199 -0.7707095577275174 
0.06544853245124932 0.6864300018219027 
0.07994091606101353 0.6703431913341805 
0.452647490703344 -0.1237799612425113 
0.8365128072139663 -0.6770546408431127 
0.01300117929597916 0.8810442902522199 
0.647733782192414 -0.4508278836204086 
0.0042719695541956065 0.9342250467108696 
0.07284862364848574 0.6753667451103649 
0.05451443290225818 0.7127491382116191 
0.43738189423303303 -0.06469592077124738 
0.6503661006878964 -0.45667955774900876 
0.4454118964987582 -0.10805465562898046 
0.22426138140496515 0.37171290659872025 
0.4534453645731955 -0.12406291692948998 
0.20233017088927585 0.5355168041307987 
0.0020334698911832214 0.954928926762781 
0.22053450144629178 0.39791954129883295 
0.24553945224852836 0.2615356726052641 
0.24037639162176122 0.2803995917561843 
0.23071026206697082 0.33017964663399874 
0.2498043765882353 0.250525755192295 
0.42972203772465467 -8.55605487757341E-4 
0.04031727880257907 0.7609140490239328 
0.6314498108418463 -0.32171203886071054 
0.6364542843600786 -0.3773463610985356 
0.8453251157858704 -0.7555411281464105 
0.07597031477664518 0.6724977116878725 
0.2165453437779956 0.42725364088267875 
0.8483676012632118 -0.7682069626385315 
0.6472786425277841 -0.44935892539660177 
0.23608118018376376 0.3004135059928436 
0.4496102112713136 -0.11997940278432717 
0.4533368101629005 -0.12402391837505787 
0.25529932396761457 0.24306644835690663 
0.44689775268543364 -0.11315052262286973 
0.8510950811856899 -0.7730250208464315 
0.423985659691133 0.058913820257391086 
0.8500827980539976 -0.771962067237379 
0.6291219875390676 -0.29164540105827624 
0.4199412319174104 0.10589218833914277 
0.8380112649348097 -0.6946228749773995 
0.6507834196962009 -0.45717393774238596 
0.6522317123935132 -0.45814589768788744 
0.0476886309082587 0.7343233499753983 
0.23949684187974896 0.28415816533536353 
0.21132331882817157 0.4668392891677881 
0.051137156582420004 0.7229483024275721 
0.02857094817429956 0.8088751296562262 
0.036267090862345364 0.7767859484506884 
0.42701734256562285 0.026253840648430025 
0.24342092497484863 0.2685290254806228 
0.0814448789624985 0.6699854709597854 
0.8472915915697843 -0.764624456742667 
0.23379264130016397 0.31248042138148535 
0.44154718335134374 -0.09046817277468144 
0.22710220141961934 0.35278928279541166 
0.24799447415513415 0.25466414819013933 
0.8441476713328836 -0.7485998773890393 
0.07910296315521646 0.670642122784368 
0.2561083350242197 0.24264080163295135 
0.6415685934493462 -0.42002960389495136 
0.6521978374074988 -0.45811630064419795 
0.8419539938065876 -0.7326678915605073 
0.2561083350242197 0.24264080163295135 
0.8398145072962724 -0.7134002092467694 
0.25277794894732364 0.24555816844271638 
0.25173338116400396 0.24708378414028498 
0.6511961118393554 -0.45760235962669216 
0.6489865000301195 -0.45413818513316323 
0.007412078050366366 0.9123490260050371 
0.06672659050480348 0.6841744989569472 
0.6464194767758367 -0.4461988295922473 
0.4348327347143456 -0.04562638053430497 
0.07008157947127881 0.6788528612967563 
0.06254822705794633 0.6923665607665553 
0.25375023726007095 0.24441496498099774 
0.8509419473893541 -0.7729070851654909 
0.43963890843852865 -0.07940217863821969 
0.05842353330198267 0.7021179594436265 
