0.6185563247995052 -0.12450571977327364 
0.4179013596221739 0.13347182992882223 
0.8359654510757378 -0.6679788681242274 
0.8258359216637376 -0.5050976318077736 
0.20412942520619975 0.5353234493642791 
0.23634939163864133 0.30193397487394374 
4.1142743137075055E-4 0.9858943417907068 
0.21580890375234993 0.43632250941077566 
0.6271342453525853 -0.25958904822732015 
0.024232993981241124 0.8369526943580271 
0.4227297033733112 0.07556623837394359 
0.8288801254744141 -0.56124168039302 
0.8273197652175669 -0.5230452580752922 
0.40955247980589315 0.2418560412863543 
0.42416839786446026 0.05971428819494757 
0.00615250355720518 0.9238227988619825 
0.6224047135318135 -0.1878601670655864 
0.22801286038045082 0.3497733751752739 
0.012067996090384954 0.8879338307586307 
0.44106118378990844 -0.08539423617430829 
0.22550466016332074 0.3672523740323536 
0.8400102836270924 -0.7136152602507178 
0.42661204238084366 0.03320836522525967 
0.6260658883252779 -0.24585002344654933 
0.8314260260713625 -0.6029396065377275 
0.4299549613632378 -1.4485065483201362E-4 
0.4352710508978457 -0.03216258669075623 
0.643202799066474 -0.42740857016951783 
0.035638055190262447 0.7837700799110316 
0.04945547220978941 0.7307758058342915 
0.25689251953157943 0.24530964783259263 
0.4135687271730723 0.19013964553480142 
0.42559298993720873 0.043911198097093075 
0.22283750601947172 0.38406710290617924 
0.8349650693938572 -0.6541807968111234 
0.830210502556299 -0.5815467678602172 
0.23196013742011293 0.3263431018088218 
0.8417347351573388 -0.7280904710360465 
0.20567405000308525 0.5155131002517328 
0.4315942994217468 -0.015097795802080958 
0.6536469087972 -0.4554967364398873 
0.24567660499242544 0.26505759851332505 
0.2126678871395038 0.4591951219042777 
0.01652461503368549 0.8675682685675046 
0.43576408083215584 -0.04951854782833855 
0.026266577900919075 0.8232089764433586 
0.4278153682536114 0.020241260327244555 
0.4547139815125583 -0.12130782481453438 
0.2105816744116086 0.47609387220262345 
0.6278448941273838 -0.2723960590618429 
0.6360219833960562 -0.37000325756241353 
0.021707480839170387 0.8497820190784802 
0.6295625180124187 -0.2950589259370415 
0.6253057667792519 -0.23363120275480218 
0.844321410552599 -0.7462803886082987 
0.6239259925668745 -0.20591136892437711 
0.6197956134166596 -0.1453577014405825 
0.21732288769757646 0.424389678085204 
0.6461945193648551 -0.4423917390545972 
0.4122159359771203 0.20735506946754112 
0.008847135251657284 0.907682204021296 
0.1937926574422999 0.6021181512223277 
0.19943643054230903 0.5670794789569513 
0.6391521214125324 -0.387905734033789 
0.2081656852321998 0.4942704959418944 
0.2004685542299694 0.5541985249586132 
0.1911467528071249 0.6200702924188614 
0.043553387603909685 0.7537788886777584 
0.6342838949718449 -0.35204000608686653 
0.41485248115815787 0.17142135703744402 
0.06783925855155962 0.6868311750179468 
0.6405921307343012 -0.4088866883658 
0.03177057432797337 0.8019737724966438 
0.18408370363485288 0.6640452604762926 
0.42106959778398934 0.09506562644873363 
0.8384933019032884 -0.6979701858064624 
0.8331624478510166 -0.6178723725325336 
0.0033260696909158116 0.945917830961717 
0.18788473390148275 0.6395007847676345 
0.03873139899031036 0.7721370677267868 
0.6320532014738854 -0.3272735143993197 
0.41664582826390806 0.14935017411249427 
0.2206299228635657 0.4045658729487947 
0.060628978490803155 0.7050796870233605 
0.8515019306472462 -0.7712230946417118 
0.24186034074620896 0.2850328788529175 
0.824256779012379 -0.47404092649169105 
0.8336258050116836 -0.636371967978837 
0.4381039789389328 -0.06596369522783124 
0.0017696294804979591 0.9633156111997592 
0.6211948739933824 -0.16734510476630582 
0.19688596104003467 0.5819766352160788 
0.4457607351724916 -0.10539317414850746 
0.8370844278573722 -0.6820704187535948 
0.08668581897996862 0.6735636318632497 
0.41970759972013405 0.1126909483294024 
0.41110989761011046 0.22074155644889576 
0.8250833612186018 -0.49087365821583656 
0.8278155083576523 -0.5405438314225924 
8.037975437164002E-6 1.0032153250451883 
