-16.664195381109863 -4.922761898860633 
-15.483816527505166 -8.191626407089533 
-16.021765715167795 -7.606376406869227 
-19.08090057661491 5.584967957249665E-4 
-16.18705404177601 -7.072042987199625 
-16.57926653510605 -5.345416942651429 
-16.05665407289712 -7.477384851782389 
-16.54692129567574 -5.534654194787876 
-15.144012193211328 -9.60768283516288 
-18.584856624927824 -1.3390896114824924 
-16.60772294309004 -5.229460289379373 
-16.41546268853365 -6.208452384603776 
-14.86256875990339 -10.7399807511838 
-15.282493783570661 -9.003236091329102 
-18.3920774067632 -2.2146933248473037 
-16.49162568066736 -5.734059720329 
-15.026617097465952 -10.059941326972236 
-16.904553567386603 -4.144102210743307 
-16.869722226010513 -4.233039139135483 
-18.252457538224714 -2.901356776151869 
-16.536884707091055 -5.623331897598296 
-16.268169469625107 -6.821389558148121 
-16.70762989719644 -4.82457997976298 
-16.736840311927864 -4.698705497884421 
-18.311190748390036 -2.6138750767630476 
-18.2778608926488 -2.767960881057348 
-16.28759867807267 -6.7032392258754605 
-18.446819456268333 -1.9466756014881768 
-16.14137702752964 -7.31339202623851 
-15.052581799797725 -9.967040736788665 
-15.586437515909832 -7.882080328293675 
-14.42701334552069 -11.611101992769918 
-16.18376494435351 -7.163511009056098 
-15.24808263931113 -9.128754392191123 
-19.997678762491425 0.0050366843854792506 
-14.936406821438158 -10.4635121017871 
-15.169239694634156 -9.499747370153926 
-18.061181703598677 -3.6640129889908675 
-18.081334486660793 -3.575814770090101 
-18.492203845904765 -1.7362843308082216 
-18.88910944534624 -0.3566542889198793 
-18.836601197650715 -0.4360261790820126 
-15.461698857507129 -8.292691026921226 
-14.773554100075525 -11.011409801245936 
-15.314724883554085 -8.87809339643379 
-16.487830016958334 -5.831764827803745 
-14.531744696716721 -11.545546750123162 
-15.390749986409059 -8.541507733114223 
-18.421286438041726 -2.0754679501517215 
-16.44428905835999 -6.077689997484503 
-18.45956180640424 -1.8211717022230063 
-18.80932169223215 -0.5588406482941288 
-14.735033018522154 -11.147820962691561 
-16.763826809582987 -4.538962112634521 
-16.9622265092275 -4.000842731091019 
-18.619973808027094 -1.2010616718960514 
-15.429768723628445 -8.432918431911427 
-16.38394785182694 -6.311073438845896 
-15.553888969296967 -7.991481851413808 
-15.519285394480635 -8.074262369224543 
-15.63853060196015 -7.756742883416767 
-18.160489280363123 -3.321199269858201 
-15.958493227709045 -7.692268883235407 
-15.074868179083236 -9.883712275132009 
-18.36022983684924 -2.371485184807525 
-18.943752346970648 -0.2285175727269898 
-15.3685853407815 -8.671985506631714 
-19.01698366393081 -0.09822812932450307 
-14.96288965554502 -10.305198069585053 
-14.68885091482138 -11.260002542168303 
-18.526839056093163 -1.5810942299969635 
-16.80399189002371 -4.446519663105104 
-16.835451140590237 -4.352559986544236 
-16.656465965369602 -5.017111672987357 
-14.81955994331701 -10.882234482171356 
-16.468037707303885 -5.963164893816145 
-16.236256533823404 -6.959410040556493 
-18.337940886426964 -2.480687812492507 
-14.6508415080004 -11.368562765488212 
-18.687306969542632 -0.9494297556079135 
-15.188195897795385 -9.396889927587148 
-16.365703485055718 -6.452705464523155 
-15.098375581659305 -9.746534223092382 
-15.219456726815093 -9.27606215719495 
-15.003043249713741 -10.185170893940603 
-18.026036824284567 -3.7635350946441832 
-14.609284991215613 -11.44885283269669 
-18.5542418688903 -1.4599196495579743 
-18.134021498212036 -3.430189635878121 
-14.904385084498559 -10.569596357262109 
-18.18475773704988 -3.1775626525318548 
-18.222699762755447 -3.036350313786924 
-16.332880774243122 -6.593427812557838 
-18.76448860233297 -0.6815947076224376 
-15.874801544103715 -7.749901433012659 
-17.940234967988914 -3.8722041402088134 
-17.034817093883227 -3.873803646940458 
-18.647915166979367 -1.0707531038217053 
-15.342934967389239 -8.7743372975811 
-18.727320518410906 -0.8127782385257114 
