-1.0572324680874716 0.02724420111689788 -0.7707334271078501 
-1.0289960351682752 -0.7259979786902191 -1.078541053937262 
-1.1103459709195893 -0.002114242290227164 -1.1074915911160457 
1.7911872789984525E-4 2.1076644519421628E-5 -0.48186001272865925 
-1.1041978791055824 0.002898044768517738 -1.0114292972168457 
-1.062238802822069 -4.867326964490257E-4 -0.816571875807082 
-1.0727753496903014 0.011816459572211557 -1.1233143788731625 
-0.8888112553225447 -0.01869616667907978 -1.0068369069684218 
-1.058673776542603 -0.892883801642264 -1.0735655947815423 
2.1442583857147446E-4 8.828748665595538E-5 -0.7626563900725939 
-0.8066701130197699 -6.148170220861576E-4 -1.0550584825818723 
-0.9682570430538462 -0.005129078478065874 -1.006876238830141 
-1.0941927986716982 -0.9988972328962393 -1.101929343030729 
-1.0761576549532934 -0.8318930856350835 -1.0378207589572188 
2.1456030663281477E-4 1.5252744614514276E-5 -0.8762286870018619 
-0.8597263621994571 -5.715769246736694E-4 -1.071307005900975 
-1.0491169174755695 -0.9699432147229701 -1.0511794404328083 
-0.6321055429544424 -1.3111197943354907E-5 -1.0584736530738523 
-0.6652487082844201 4.4052282583081984E-6 -1.0440422302220003 
-0.9601800341506215 -3.025881969831348E-6 1.5696589800595628E-4 
-0.8925011833154932 -5.817377587395169E-4 -1.0095732442054894 
-0.9960977461714076 -6.161470471655679E-4 -1.0693891467592815 
-0.9935447085581857 3.5997474204736094E-5 -0.8068654304081286 
-0.7807081893999106 -3.97530898954814E-5 -1.0029611963351106 
1.696622580053225E-4 -9.255980555093832E-6 -0.9247065837739578 
-0.9439104582210451 -1.6121434453147195E-6 9.041737161255559E-4 
-0.9777991838413269 -0.005129078478065874 -1.0759394201916153 
-0.8433568228695849 -1.8607277659438756E-4 4.884638732763347E-4 
-1.07386622408242 1.061813841514941E-4 -1.0695976430441057 
-1.0941927986716982 -0.9018061134769624 -1.101929343030729 
-1.058661857903691 -0.6466044860155807 -1.0730495914492442 
-1.1422187698930146 -1.1534962609296073 -1.1699741857911174 
-1.0555042021520142 -0.004339082339456457 -1.061716919861733 
-1.0749385459059468 -0.8049380385647894 -1.1084769748057033 
-2.565268643196382E-4 -1.6121434453147195E-6 9.041737161255559E-4 
-1.0875750717330814 -0.9809453308320024 -1.0742024764927955 
-1.076893998921515 -0.8781619547124556 -1.0581468369618112 
-1.0749774527870497 3.52992809574626E-4 0.0021055591435772403 
-0.004998214120736644 -8.796808141917062E-6 -1.058962386245856 
1.7911872789984525E-4 -4.867713146706025E-4 -0.816571875807082 
2.1456030663281477E-4 1.0308346991417855E-5 -0.5885494749843327 
0.0068634862948649955 2.150570796540072E-5 -0.6106580482433037 
-1.0745269214662474 -0.6793863935078126 -1.111189222108404 
-1.0748039149228146 -1.0444873515880886 -1.1183752526360806 
-1.045562731778485 -0.8184101789866649 -1.0628138466343946 
-1.036819080363938 4.3150602601126705E-6 -0.8952799476713056 
-1.145597365322868 -1.1296219832534278 -1.1120251764060611 
-1.0250511217512328 -0.7805389400496734 -1.078541053937262 
5.290501326249419E-6 6.576305232793055E-5 -0.859034118838785 
-0.9461475056109255 -6.106561789391534E-4 -1.0116066194258753 
0.006045453045128987 -1.142139938960563E-4 -0.829300422219065 
2.1456030663281477E-4 -4.975800675919355E-4 -0.6332580117134123 
-1.1058685814732396 -1.044419092558231 -1.1234711053537936 
-0.6655724935567667 1.4500362710080476E-5 -1.1093604075056671 
-1.079581144030674 -0.0063312750703941045 -0.5802595960287867 
5.290501326249419E-6 6.576305232793055E-5 -0.7424386944013027 
-1.058673776542603 -0.7372180211423587 -1.0759394201916153 
-1.0534033834051155 5.206950105061501E-5 -0.9415245205471041 
-1.0710437373338066 -0.628343051015462 -1.1065566478231368 
-1.0783703902246453 -0.628343051015462 -1.1248986296020227 
-1.10019816236517 -0.5329585601516582 -1.1168163014028694 
2.044865424944254E-4 2.0749061062133567E-6 -1.0161542422080814 
-1.1339235417617504 -0.004956749250525361 -1.1234711053537936 
-1.0749774527870497 -0.9018061134769624 -1.101929343030729 
1.8047088446543623E-4 4.3150602601126705E-6 -0.8952799476713056 
-0.5568660745393608 1.4500362710080476E-5 -0.001147900374432076 
-1.081093627189405 -0.7540373351425107 -1.078541053937262 
1.7898517307687946E-4 -1.4440026418017084E-5 -0.5171769654334946 
-1.0761576549532934 -0.9937134731536887 -1.0378207589572188 
-1.1339235417617504 -1.0524041739625218 -1.1234711053537936 
2.1456030663281477E-4 -4.975800675919355E-4 -0.7961962730954192 
-0.6652487082844201 -4.9885403523169415E-6 -1.084703873721921 
-0.6538327932555031 6.421399075315611E-5 -1.0775975805686522 
-0.77811339503401 -6.148170220861576E-4 -1.0550584825818723 
-1.1103459709195893 -1.0084963685187258 -1.1074915911160457 
-0.9338220838815844 -6.073074753590708E-4 -1.0095732442054894 
-1.048543151971965 -0.010886129328456617 -1.0362055108487909 
1.8151531585966604E-4 9.94823953156284E-5 -0.9085957720881418 
-1.1240770653514427 -1.0825913565223322 -1.1116835395259606 
1.7884813015718864E-4 -1.1264796094768157E-5 -0.7034042353922387 
-1.0774546140838541 -0.8813264853548749 -1.0360470344584818 
-1.0003158644150765 -2.918427086543499E-4 -1.0051290024945656 
-1.076893998921515 -0.8781619547124556 -1.1183752526360806 
-1.045562731778485 -0.8683583177462484 -1.0628138466343946 
-1.090649861585086 -0.9561568298688748 -1.0557757127710716 
-1.0979160862484516 -4.906753982539093E-4 -0.001147900374432076 
-1.1282383890985164 -1.1007916148521513 -1.1116835395259606 
8.512546291655368E-4 3.508533272307776E-6 -0.7797940897950477 
1.785357862846626E-4 5.342740183514687E-6 -1.0324286303620207 
-1.097608494897802 -0.9975472331562482 -1.0627963651050598 
-0.9974647471670239 -1.2060930831305464E-4 -0.0033500597821444766 
2.123418534968227E-4 -5.320967287489975E-4 -0.9777357099703268 
-1.024464062329299 -1.2063653359478449E-4 -1.001082978974217 
-0.6576633776878587 -0.0014993655921878223 1.5696589800595628E-4 
-1.1511439290596766 -4.558619765367395E-6 -1.1588513412541421 
2.123418534968227E-4 -5.320967287489975E-4 -1.1524895797744914 
-1.1448299598975127 2.150570796540072E-5 -0.48186001272865925 
1.7911872789984525E-4 -0.0021338409661604313 -0.7238559681647649 
-1.0796295825412099 -0.769559910252571 -1.078541053937262 
1.7911872789984525E-4 6.576305232793055E-5 -0.6804148623461652 
