3.119953229658738 0.08290086940091558 
3.119952083721568 0.08357550639596603 
3.119953709212643 0.0826834979482839 
3.1200003329137735 0.02864329032927858 
3.120000096061163 0.031449146557705206 
3.0750293029885656 0.29137494842149 
3.119995021673663 0.043228981866996447 
-3.141592653589793 1.0746266913396203 
3.1199505169064787 0.085350692290694 
3.119952482896901 0.08335199509679897 
3.0786099104438596 0.2177760150336328 
3.0742716446150635 0.3907646795800756 
3.119998798605309 0.03885546014982812 
3.119994175233175 0.04494087042505717 
3.1199992096410654 0.03431117479290987 
3.1199988078257697 0.03873195202954787 
3.1199531870782633 0.08292673458784797 
3.0973237379663314 0.19636873461776438 
3.0786099104438596 0.2177760150336328 
3.098195289339579 0.15982537470822478 
3.119998881802662 0.038543496874284655 
3.119994945979509 0.043422550226879714 
3.120000265856687 0.02965477991984358 
3.119991287599342 0.05161873558398541 
3.119998391853377 0.040240850084207094 
3.1199338439610482 0.09388434849610368 
3.119994175233175 0.04494087042505717 
3.075255444710954 0.2507100788313551 
3.1199981432422486 0.04099449291687854 
3.1199948161515154 0.04372059460745109 
3.0974832295106824 0.19213296700656882 
3.119998881802662 0.038543496874284655 
3.119954520056659 0.057913152043439775 
3.119999290304497 0.03419955974727111 
3.1199505329652437 0.08452815739827926 
3.1199986641289277 0.03933750813953876 
3.1200001592568096 0.030947752980409887 
3.1199916095804765 0.04843877293661931 
1.9115872841628043 0.7618292283038437 
3.1199530698337825 0.08300903543225141 
3.1199505169064787 0.085350692290694 
3.1199912474203577 0.051652280747803786 
1.8729121278241765 0.7985373874704758 
3.119990943183469 0.05189895224474608 
3.0987014761714726 0.13595097139502987 
3.0746729724012885 0.35522727885088146 
3.0973237379663314 0.19636873461776438 
3.09904840221645 0.09470437244360216 
3.075255444710954 0.2507100788313551 
3.120000265856687 0.02965477991984358 
1.9266942783875647 0.6002342486626324 
3.1199982439736114 0.04069647736210827 
3.119998664766022 0.03933528480929098 
3.1199520827002862 0.08443416290598696 
1.9140881587377216 0.6237473478447522 
3.1199914586473927 0.04893500335047207 
1.9102040504814861 0.7955777552225597 
3.11999589620298 0.041201168919739045 
3.1199916095804765 0.04843877293661931 
3.119998391853377 0.040240850084207094 
3.1199991251795303 0.037474643642874034 
3.119995531213925 0.042313333873402116 
3.0971840354967366 0.21190470945273207 
3.1199925711290692 0.04738629934584227 
3.119994887911886 0.04350844936044446 
3.119990878373307 0.05194982997204341 
3.119991156065647 0.051727709697775334 
3.1199980464835906 0.04120095059820457 
3.119994887911886 0.04350844936044446 
3.119994945979509 0.043422550226879714 
3.1199338439610482 0.09388434849610368 
1.9102040504814861 0.7955777552225597 
3.1199981591145387 0.04094816221386375 
3.119991189485301 0.05170025167128237 
3.119999158833281 0.037415222646554086 
3.1199533359386304 0.08283976450030398 
3.1199526528516413 0.08326083420888435 
1.9685347969425024 0.5423368770357928 
3.1199958801709813 0.041348374127904444 
3.1199530698337825 0.08300903543225141 
3.1199981211806374 0.04105851096145467 
3.1199981828645806 0.040878404257285735 
3.098195289339579 0.15982537470822478 
3.1200003329137735 0.02864329032927858 
3.0746576254452123 0.3556245734156747 
3.0987014761714726 0.13595097139502987 
3.119991336124352 0.05157792001877967 
3.1200001592568096 0.030947752980409887 
3.0974832295106824 0.19213296700656882 
3.119954520056659 0.057913152043439775 
3.098257834997419 0.14071676210840386 
-3.141592653589793 1.0746266913396203 
1.8729121278241765 0.7985373874704758 
-3.141592653589771 1.0726567882435691 
1.968881752273927 0.4466859467844043 
1.9266942783875647 0.6002342486626324 
1.968572533770399 0.5137185632165471 
1.9140881587377216 0.6237473478447522 
1.9115872841628043 0.7618292283038437 
1.913681073878872 0.751466129192635 
