3.119953229658738 -4.998832798658576 0.10796207203834092 
3.119952083721568 -4.998832798658576 0.10796224512065647 
3.119953709212643 -4.998832798658576 0.1079612385966148 
3.1200003329137735 -4.998832798658576 0.10795224296980593 
3.120000096061163 -4.998832798658576 0.10795231574378586 
3.0750293029885656 -4.984529592093347 0.3337777138651795 
3.119995021673663 -4.998832798658576 0.10796211590892259 
-3.141592653589793 -4.999999795854906 -3.2478856808363613E-4 
3.1199505169064787 -4.998832798658576 0.10795224296980593 
3.119952482896901 -4.998832798658576 0.10796207094461262 
3.0786099104438596 -4.992248369830005 0.314383863785021 
3.0742716446150635 -4.998837841988267 0.332780726255308 
3.119998798605309 -4.998832798658576 0.10795224296980593 
3.119994175233175 -4.998832798658576 0.10796194683156009 
3.1199992096410654 -4.998832798658576 0.1079628228795597 
3.1199988078257697 -4.998832798658576 0.1079523551099366 
3.1199531870782633 -4.998832798658576 0.10796207203834092 
3.0973237379663314 -4.996023438022141 0.22065819587079583 
3.0786099104438596 -4.992248369830005 0.314383863785021 
3.098195289339579 -4.996213793932959 0.21680284863621435 
3.119998881802662 -4.998832798658576 0.10795224296980593 
3.119994945979509 -4.998832798658576 0.10796204489613932 
3.120000265856687 -4.998832798658576 0.10795224296980593 
3.119991287599342 -4.998832798658576 0.10795224296980593 
3.119998391853377 -4.998832798658576 0.10795224296980593 
3.1199338439610482 -4.998832798658576 0.10795224296980593 
3.119994175233175 -4.998832798658576 0.10796194683156009 
3.075255444710954 -4.983265666230347 0.3313125762093653 
3.1199981432422486 -4.998832798658576 0.10795224296980593 
3.1199948161515154 -4.998832798658576 0.10796197696942944 
3.0974832295106824 -4.9969263382108915 0.22065819587079583 
3.119998881802662 -4.998832798658576 0.10795224296980593 
3.119954520056659 -4.998832798658576 0.10822961185735501 
3.119999290304497 -4.998832798658576 0.10796231993176077 
3.1199505329652437 -4.998832798658576 0.10796179981080274 
3.1199986641289277 -4.998832798658576 0.10795224296980593 
3.1200001592568096 -4.998832798658576 0.10795224296980593 
3.1199916095804765 -4.998832798658576 0.10796231993176077 
1.9115872841628043 -1.6689090800809672 4.691081593207003 
3.1199530698337825 -4.998832798658576 0.10796194712026394 
3.1199505169064787 -4.998832798658576 0.10795224296980593 
3.1199912474203577 -4.998832798658576 0.10795224296980593 
1.8729121278241765 -1.4892817102625873 4.741063903973864 
3.119990943183469 -4.998832798658576 0.10795224296980593 
3.0987014761714726 -4.996128507480486 0.2143560324792982 
3.0746729724012885 -4.999149394174504 0.332780726255308 
3.0973237379663314 -4.996023438022141 0.22065819587079583 
3.09904840221645 -4.995482923337973 0.21289348837380445 
3.075255444710954 -4.983265666230347 0.3313125762093653 
3.120000265856687 -4.998832798658576 0.10795224296980593 
1.9266942783875647 -1.7418914936702803 4.693137974167923 
3.1199982439736114 -4.998832798658576 0.10795224296980593 
3.119998664766022 -4.998832798658576 0.10795224296980593 
3.1199520827002862 -4.998832798658576 0.10795238509554671 
1.9140881587377216 -1.6822358077149795 4.714295334170373 
3.1199914586473927 -4.998832798658576 0.1079612517778186 
1.9102040504814861 -1.661707162761393 4.688075030076076 
3.11999589620298 -4.998832798658576 0.10796204489613932 
3.1199916095804765 -4.998832798658576 0.10796231993176077 
3.119998391853377 -4.998832798658576 0.10795224296980593 
3.1199991251795303 -4.998832798658576 0.10795233691958202 
3.119995531213925 -4.998832798658576 0.10796168373948715 
3.0971840354967366 -4.996069890737436 0.22103354914132292 
3.1199925711290692 -4.998832798658576 0.10796194712026394 
3.119994887911886 -4.998832798658576 0.10796211590892259 
3.119990878373307 -4.998832798658576 0.10795224296980593 
3.119991156065647 -4.998832798658576 0.10795224296980593 
3.1199980464835906 -4.998832798658576 0.10795235693390508 
3.119994887911886 -4.998832798658576 0.10796211590892259 
3.119994945979509 -4.998832798658576 0.10796204489613932 
3.1199338439610482 -4.998832798658576 0.10795224296980593 
1.9102040504814861 -1.661707162761393 4.688075030076076 
3.1199981591145387 -4.998832798658576 0.10795224296980593 
3.119991189485301 -4.998832798658576 0.10795224296980593 
3.119999158833281 -4.998832798658576 0.10795224296980593 
3.1199533359386304 -4.998832798658576 0.10796203270525044 
3.1199526528516413 -4.998832798658576 0.10796194712026394 
1.9685347969425024 -1.9380158616679424 4.608880875517636 
3.1199958801709813 -4.998832798658576 0.10796186624955441 
3.1199530698337825 -4.998832798658576 0.10796194712026394 
3.1199981211806374 -4.998832798658576 0.10795224296980593 
3.1199981828645806 -4.998832798658576 0.10795224296980593 
3.098195289339579 -4.996213793932959 0.21680284863621435 
3.1200003329137735 -4.998832798658576 0.10795224296980593 
3.0746576254452123 -4.998936568335163 0.332780726255308 
3.0987014761714726 -4.996128507480486 0.2143560324792982 
3.119991336124352 -4.998832798658576 0.10795224296980593 
3.1200001592568096 -4.998832798658576 0.10795224296980593 
3.0974832295106824 -4.9969263382108915 0.22065819587079583 
3.119954520056659 -4.998832798658576 0.10822961185735501 
3.098257834997419 -4.9962257535898 0.21658003502229692 
-3.141592653589793 -4.999999795854906 -3.2478856808363613E-4 
1.8729121278241765 -1.4892817102625873 4.741063903973864 
-3.141592653589771 -4.999999939378247 -3.246456157921124E-4 
1.968881752273927 -1.9380964459055752 4.608880875517636 
1.9266942783875647 -1.7418914936702803 4.693137974167923 
1.968572533770399 -1.936239499067153 4.608880875517636 
1.9140881587377216 -1.6822358077149795 4.714295334170373 
1.9115872841628043 -1.6689090800809672 4.691081593207003 
1.913681073878872 -1.6838937103554081 4.692020881437566 
