0.21017094398171476 0.47560820332849185 
0.009149375733800258 0.9019221366127181 
0.21709927597408207 0.42307884404385215 
0.002327747421995624 0.951713686533591 
0.4509915572981913 -0.1222728467309762 
0.2559162382946151 0.24268038687246604 
0.6429086667436703 -0.42873519527335247 
0.6370884898434963 -0.3834915767268511 
0.8471632983773565 -0.7641706576874456 
0.4249427859611573 0.04826992875356756 
0.4476051430437693 -0.11530313697762866 
0.06497486076299488 0.6872641803758759 
0.6508442679049143 -0.45730878710352757 
0.013761555361716096 0.8770328049817279 
0.6486790741187053 -0.45345897266909424 
0.4513754489131301 -0.12272031068068497 
0.04420664475731432 0.7464066371529356 
0.4494788460182534 -0.11977178880665301 
0.06117606020279304 0.6953329147762698 
0.45219977442237025 -0.1235005632196946 
0.44390312989994435 -0.10195926195638552 
0.03921514407815424 0.7651562323906512 
0.07377916567740153 0.6743907763988096 
0.44836711678023106 -0.11729132820264493 
0.6488456830964193 -0.4538771074409905 
0.25715760720119774 0.24227763326893229 
0.4324700144419275 -0.026061023129330056 
0.6396764036005425 -0.4060535338906004 
0.6445007721048519 -0.4376156296046127 
0.22264175745967796 0.3829376235331836 
0.8433420747920914 -0.743202719948559 
0.046978950473344716 0.7365825390910433 
0.6519510594386904 -0.45809759437345987 
0.07853747451414583 0.6707959247360011 
0.2509407776387771 0.24828669137787873 
0.6515491256405306 -0.45789439367222845 
0.6500422894521571 -0.4562596501451819 
0.07528961851389704 0.6729585609721369 
0.8495992155602671 -0.7712085180171371 
0.23473965165037144 0.30730616775411923 
0.0563383829372925 0.7075345797575489 
0.07007749015872056 0.6787687509886475 
0.24894375014198758 0.25237357664292553 
0.08007705247366713 0.6702530289040292 
0.24246853426845036 0.27197694199686256 
0.840292563869391 -0.7181468585289978 
0.651738041401364 -0.4580169421917065 
0.08156502066227177 0.6698596799534474 
0.23705070706904632 0.29554530719681055 
0.6457917991550911 -0.44370260908461595 
0.4249427859611573 0.04826992875356756 
0.21846731201304317 0.412972533998152 
0.05131295621212584 0.7223072740116269 
0.25357147686073384 0.24455844814059136 
0.24475129685716962 0.26391059471117634 
0.4290907278123429 0.0052593182461533414 
0.02574158755702549 0.8210635344640952 
0.6408844417391908 -0.4152952638378448 
0.6354502460533145 -0.3672754654514303 
0.4460258418938343 -0.1102979065000087 
0.018416990276568374 0.8543667065411136 
0.20670542442917178 0.5022509772461496 
0.8492234005663832 -0.770413772976879 
0.2531613293445491 0.24501369312803659 
0.24697217868698151 0.2572964932019763 
0.4528646779730896 -0.12389933416837716 
0.013528227409408677 0.8782174126991522 
0.8449793292568097 -0.7536314983024122 
0.43376171841199745 -0.037039116720954314 
0.632489330495261 -0.33438615115080694 
0.0010849061159175846 0.967141291153413 
0.8381596107036811 -0.6962791172362958 
0.8361426470080622 -0.6724808498284379 
0.0058743625275903405 0.9224611508598907 
0.8515271883647355 -0.7732352866077713 
0.06604214320031239 0.685315154198092 
0.4362097299143335 -0.0562879958791764 
0.6475033683273942 -0.45012087186270383 
0.8511570252745378 -0.7730826018015914 
0.44080529951124636 -0.08637877025623598 
0.054264187659332275 0.7133868756569972 
0.2546647179856634 0.24351938731316478 
0.23040342031669486 0.3320045314855047 
0.2400103882818635 0.28196148426596557 
0.8495992155602671 -0.7712085180171371 
0.8486550262281185 -0.7690430812568504 
0.43848213711050177 -0.07215663683085573 
0.03063418573786103 0.8000215240497223 
0.21513159358785058 0.4378173698341136 
0.8421601769593089 -0.7343605957022293 
0.2566181641839266 0.24241322694622938 
0.22870756127654324 0.34247257901686945 
0.8465896597929363 -0.761734892885679 
0.0375841171807698 0.7715236464772296 
0.45314459325986295 -0.12398894816941364 
0.0719890293159618 0.6764477437901572 
