0.5015046556176979 1.4889170901521185 
0.47738768710362955 1.7050951006049024 
0.4157240046966755 2.259996502210124 
0.42753072272739334 2.152876734536326 
0.39448007168416993 2.45395685074112 
0.3905076861087979 2.4874576976932743 
0.5795793304632887 0.7838590036431411 
0.584469858597097 0.740498588222719 
0.5314097368503229 1.2185586198773384 
0.48174749789369664 1.6648220741898951 
0.4618571487803985 1.844031020024278 
0.39448007168416993 2.45395685074112 
0.44139062487918623 2.0294684900923503 
0.5700777612359337 0.8701124538288507 
0.47738768710362955 1.7050951006049024 
0.42753072272739334 2.152876734536326 
0.46598043121761223 1.8065026293529876 
0.40691598864214185 2.3385777925897466 
0.48174749789369664 1.6648220741898951 
0.65676921606422 0.09002552577256462 
0.6491194137592646 0.15809600118237122 
0.584469858597097 0.740498588222719 
0.49330151689423424 1.5606707512334257 
0.5250043541306385 1.2752201580812716 
0.43820460362820823 2.0569267816191323 
0.5250043541306385 1.2752201580812716 
0.5427967373201263 1.1161192216312181 
0.49418674742083896 1.5531322013917503 
0.6030073083613845 0.5731949085456827 
0.43264485763029514 2.106298581592836 
0.4028321942773145 2.375571731334753 
0.46598043121761223 1.8065026293529876 
0.5353679685598682 1.1820981470387402 
0.3905076861087979 2.4874576976932743 
0.42107776849397077 2.211757803465683 
0.46598043121761223 1.8065026293529876 
0.6440319483860173 0.20628393809866014 
0.5649717144099246 0.9152875147363603 
0.47386568384405614 1.7383800147089261 
0.48585343610906373 1.6279791721605918 
0.42437904595203724 2.1822074582487385 
0.4618571487803985 1.844031020024278 
0.657899017415321 0.08099403126684203 
0.4157240046966755 2.259996502210124 
0.6659323972262522 0.007050039906566909 
0.5199933093675984 1.3241071742522166 
0.4442050425830975 2.0080822459310763 
0.5700777612359337 0.8701124538288507 
0.43264485763029514 2.106298581592836 
0.45627539395705785 1.8950729433051956 
0.4157240046966755 2.259996502210124 
0.44882224653406433 1.9614329557869334 
0.5795793304632887 0.7838590036431411 
0.5557062257120012 0.9987636728389022 
0.5557062257120012 0.9987636728389022 
0.5557062257120012 0.9987636728389022 
0.5427967373201263 1.1161192216312181 
0.5163153179275263 1.3537059831240048 
0.512895416381872 1.3842306245529534 
0.4998303567356885 1.5017641374100064 
0.633269804632743 0.3008831439958609 
0.4551467074352931 1.9050561973392943 
0.666646855328597 1.8096162794299653E-4 
0.5314097368503229 1.2185586198773384 
0.39304195297404537 2.4626551972547803 
0.39931335528283207 2.4065274417336493 
0.5918932883434225 0.6730299176145444 
0.5700777612359337 0.8701124538288507 
0.638247431754328 0.2560884583206412 
0.3905076861087979 2.4874576976932743 
0.6286131852105683 0.34248660278501936 
0.5918932883434225 0.6730299176145444 
0.5464345645503612 1.0844670052372791 
0.6030073083613845 0.5731949085456827 
0.40943449900769746 2.320440185813951 
0.6491194137592646 0.15809600118237122 
0.6181162641993034 0.43737721319976286 
0.6030073083613845 0.5731949085456827 
0.5015046556176979 1.4889170901521185 
0.5464345645503612 1.0844670052372791 
0.5163153179275263 1.3537059831240048 
0.6286131852105683 0.34248660278501936 
0.6181162641993034 0.43737721319976286 
0.6181162641993034 0.43737721319976286 
0.666646855328597 1.8096162794299653E-4 
0.44882224653406433 1.9614329557869334 
0.44139062487918623 2.0294684900923503 
0.5106730673731569 1.4040668814381079 
0.47386568384405614 1.7383800147089261 
0.5969398999379906 0.6280040812250125 
0.49330151689423424 1.5606707512334257 
0.42107776849397077 2.211757803465683 
0.5649717144099246 0.9152875147363603 
0.4519147405016664 1.9338861539841339 
0.5342083913196709 1.1921720495767456 
0.43605704581834237 2.0762151758945313 
0.48491682523524726 1.636823794835701 
0.5106730673731569 1.4040668814381079 
