-15.408853266296338 -8.515715673335137 
-15.221280875663158 -9.252546475400363 
-16.596297082493994 -5.3588659108254575 
-18.852540410168146 -0.44228116825481545 
-15.167402749387012 -9.48264717953225 
-15.089045631538129 -9.842300593243248 
-18.030494317377368 -3.7554294233372643 
-14.751701154018791 -11.101104856918296 
-16.625872947200143 -5.209860771558809 
-16.3713817001021 -6.354460708586852 
-16.35494448995362 -6.475728006206932 
-16.067159382191786 -7.515890317060353 
-16.884683475899646 -4.1760371881996 
-16.33161809129087 -6.585605618901331 
-18.510527338760486 -1.6526993784085895 
-15.285862053662946 -9.006687412993553 
-18.483758144755054 -1.7722257087051474 
-14.713030097160281 -11.17754194312113 
-16.798523089941565 -4.435611633143519 
-15.523658200314262 -8.07947425571027 
-16.94491645919202 -3.9987499602400947 
-18.119863152923628 -3.448564346208805 
-16.572078324069878 -5.478304673755561 
-18.454869114918253 -1.894534964815955 
-15.059684697651463 -9.934214930283694 
-16.7155438728517 -4.779907504977809 
-18.243985029666124 -2.9364036016937978 
-16.16735555898916 -7.209985042706096 
-18.94965660242494 -0.21868061450867377 
-16.529359019604787 -5.685585641984364 
-16.782858008382366 -4.525184532239978 
-18.378220918833403 -2.2723802505581636 
-16.846340547473176 -4.313283084882379 
-15.549197090135598 -7.947262641846385 
-15.606116591935677 -7.8469844188899955 
-16.40501516196904 -6.249372397248477 
-18.634679411168 -1.1294103128587203 
-15.142298008545708 -9.59088325395048 
-19.996081210041435 0.006125379173936916 
-15.245045662199427 -9.152261896837183 
-16.479470892762045 -5.9225619533138945 
-16.268994585153806 -6.828963382908848 
-17.032423440305806 -3.880621365805438 
-16.739351132452356 -4.688919224189423 
-18.274194087476317 -2.7794321420776913 
-16.24347021682612 -6.947799470687095 
-15.381507153733128 -8.596801919724205 
-14.588439028578396 -11.45667304148743 
-14.432559217476616 -11.62717774244905 
-16.01908319960672 -7.614088357998298 
-16.69316175143348 -4.879400028681802 
-18.298451208288483 -2.6602810196233313 
-15.960162546793637 -7.698834223826831 
-15.20044868635531 -9.364790464937293 
-16.14242875653727 -7.304833638890896 
-16.202574924865477 -7.083108739499343 
-14.76201289334626 -10.98195918878487 
-14.663358848652067 -11.341480828618383 
-16.11283799324096 -7.394162952592863 
-18.083339935015644 -3.600884256976459 
-18.351838978699938 -2.407371938421635 
-18.213221484260032 -3.0648188692906526 
-14.522559465970076 -11.5693561914292 
-15.354093134544819 -8.70994097860733 
-15.119229962108637 -9.706317933775027 
-16.647716367018 -5.079004854157396 
-18.681624023917067 -0.9626353560343227 
-18.324823469776465 -2.5400017199712295 
-18.157640093715337 -3.3173736660875788 
-16.29170815897412 -6.722007785949065 
-14.964307770638737 -10.3551300897886 
-18.40585909443024 -2.1427489803871063 
-18.53966571092414 -1.5249574995909736 
-18.430995305640536 -2.017080640920925 
-16.67529176729999 -4.969330730625497 
-16.432122570730236 -6.135970982571283 
-18.561192364425498 -1.4088435768634084 
-15.024815012400317 -10.091884884722422 
-18.893468942457254 -0.34223511576241195 
-18.187619059689666 -3.1889530956616974 
-15.328715301521267 -8.80880879879519 
-14.992877394501125 -10.241719547528842 
-18.750916332466886 -0.7259909309067878 
-18.70871256790237 -0.8543839522344557 
-18.811785855326587 -0.531452348832623 
-16.456414982350708 -6.033407937486751 
-14.92826300449784 -10.484161353086165 
-14.88651884795847 -10.620449757395807 
-14.821202137974048 -10.871337284199782 
-15.30923312767652 -8.90539188388119 
-18.596938441693414 -1.2757318495196148 
-16.50347671380341 -5.811221546056775 
-15.477266926909348 -8.20623053705052 
-15.448611363132155 -8.357361323894391 
-19.01858642514572 -0.08907777715167306 
-15.638800966300227 -7.753492468007485 
-17.93943961639009 -3.8739230793786006 
-14.850605840806672 -10.759846751442439 
-16.55303527893119 -5.573062719611806 
-15.885439414387424 -7.750419244453628 
