-1.0762308306890431 -0.7306770859587913 -1.0837647506055659 
-1.0374374099732497 -0.8564770594077293 -1.0886276245369666 
-0.9567151923552962 -1.5150384967098308E-4 -0.9089256784100388 
2.6295995399059523E-4 -5.305358878932643E-4 -0.6087340891421983 
-1.0374605252675402 -0.9014436727712407 -1.0599943090314916 
-1.0790866797918073 -0.9041512157467583 -1.0817218243880107 
2.029029478118657E-4 0.001059895645644346 -1.0953510475053037 
-1.107078089267151 -1.0377488381001423 -1.119266331270824 
-0.8946648933923367 0.0011310517899157171 -0.9532269982872884 
-0.990071644237634 -0.032724431285302495 -1.0108545204661261 
-1.0375008874829503 0.0011222065369874516 -0.974715027677905 
-1.0925097146471106 -1.5150384967098308E-4 -1.0970400375213751 
-1.0363431520509103 -3.3850951136019884E-4 -0.6638464487807333 
-1.0359693190155315 -0.001251406337654241 -0.990425689624928 
2.621909944484957E-4 -5.171779288942702E-4 -0.8057245231952885 
-1.0564882745056694 -0.8180546750762342 -1.0762616643195502 
-0.821282005840466 -7.345817922820907E-4 -1.105966315618212E-4 
-1.1406071169446226 -1.0389494291339574 -1.119266331270824 
-0.7553605806565675 -2.677062042817221E-4 -0.9918484231039293 
-1.0623290915494805 -0.6969097013692545 -1.0535029604534651 
-1.0363431520509103 -3.3850951136019884E-4 -0.6295715622491087 
-1.0375008874829503 0.002027446948720328 0.002388916322025203 
-0.945711401266272 -5.400116558388089E-4 -0.9344248883889712 
-0.8374335094091829 -9.309579634809142E-4 0.001181947838643481 
-1.096103163129864 -0.8970063945870903 -1.101782904561629 
-1.0438819183119348 0.0014032033015284782 -0.7542419636506607 
-0.964882193302995 -4.907021254485238E-4 -1.543669728887927E-4 
-1.062301052219715 0.00816064735789597 -1.0650182402273343 
-2.1876603469603208E-4 -6.812377503637805E-4 -0.5540498772118223 
-0.9541715652639912 -9.529186047004807E-4 -0.9517691631075627 
-0.7031119339234864 -5.308463235851324E-4 -1.056886908792217 
-2.2684769676870772E-4 -8.617064102384781E-4 -0.8836837473366347 
-1.0622922704765336 0.0013217821127507628 -0.6617147261534244 
-1.029780163409381 -0.7035908998449436 -1.0573694948789891 
-1.0788483232750743 -0.6030701932276439 -1.088883377211518 
-1.0279790082777993 -9.492777083250374E-4 -0.953747423758821 
2.005187613800944E-4 -0.0012763938560807781 -0.7324955009961079 
-1.0374605252675402 -0.9014436727712407 -1.081703221491495 
2.5192041419342575E-4 -9.559935192305144E-4 -1.698104597618248E-4 
-1.0374374099732497 -0.8439911768911141 -1.0886276245369666 
-0.9829845114285719 0.0011310517899157171 -0.9532269982872884 
-1.0626940720381837 0.0013178206060969685 -1.0021987259655472 
-1.1374293197379117 -0.0020681115190191446 -0.4896644319647516 
-1.0347610057513585 -8.593203169478134E-4 -0.7490196974283075 
-0.945711401266272 -5.400116558388089E-4 0.0011236441323605887 
-1.0376219489720693 0.004294423882072462 -1.042774432442982 
-1.1056752970023522 -0.7321446428228615 -1.0737354827151817 
-1.1053161045616087 -1.121155874370035 -1.1141925993047872 
-1.154229563297746 -1.1530788343584688 -1.1534214708381798 
-1.1053263001706515 -8.502846098370672E-4 -1.1141925993047872 
-1.034310392891086 -5.331494006398118E-4 -0.7763473037826581 
-2.1785249447455496E-4 0.0013061969384580907 -0.9309847675808578 
-1.1374293197379117 -4.376688915415948E-4 -1.1189525494816799 
-1.0771413346281162 -0.8456378980590141 -1.0837647506055659 
-1.062301052219715 -5.683307982857076E-4 -1.0805266694775135 
-1.027490886297067 0.0011310517899157171 -1.0782577406038507 
-1.0545789396367289 -1.0738516061897032 -1.0922170891628604 
-1.111949027370851 -1.078855456278776 -1.1191653713845289 
-1.0773958192837791 -8.957471095941505E-4 -1.0837647506055659 
2.897024424506295E-4 0.0013972538471589348 -1.0621340588566701 
-0.8998949206720179 -4.907021254485238E-4 -1.698104597618248E-4 
-0.9821645192350411 0.001181557040515252 0.001181947838643481 
-1.1520467904168676 -1.113185899306405 -1.1468913845354691 
-1.0396088292811205 -0.7895951894606995 -1.0802851003379585 
-1.0529132438795563 -0.9041512157467583 -1.0817218243880107 
-1.0295875775524868 -8.502846098370672E-4 -0.807470436601847 
-0.7060303848419114 -7.191532542769485E-4 -1.7226332237341358E-4 
2.1219028366257776E-4 -5.334890946425809E-4 -0.9160265719113315 
2.897024424506295E-4 0.0013972538471589348 -1.0164012005637317 
-1.0652712830079067 -9.492777083250374E-4 -0.9858035601115134 
-1.073314284739347 -0.9697560376999256 -1.0835348028123823 
-0.8676352001590999 -5.316273423531673E-4 -1.077536476864671E-4 
2.1219028366257776E-4 -5.19474432974064E-4 -0.7886589597169311 
2.733347604475467E-4 -8.157255718711465E-4 -0.8523307015466662 
-0.8412949776614416 -8.934642872400848E-4 -0.977675944486849 
-0.9542460901213263 0.001096790164339226 -1.0108545204661261 
-2.2665508508321982E-4 0.002655593920228072 -0.7736121532182308 
-1.0608042128397104 -0.93623356002061 -1.1013005196419812 
2.6295995399059523E-4 -5.19217932472739E-4 -0.5856849887739417 
2.6408717661718364E-4 0.0012033036505323907 -0.9983047985139911 
-1.0373504724354694 -0.8190411157929438 -1.058460725499761 
-1.0733229948092489 -0.9554295576394267 -1.0835348028123823 
9.503896000478962E-5 -0.0012763938560807781 -0.6656699284990291 
-0.0017222143567414182 -9.561948914133082E-4 -0.6890439760207978 
-0.0015940354530019638 0.0019991899929069357 -0.6295715622491087 
-0.9567151923552962 -1.5150384967098308E-4 -0.9935215576551439 
-1.1072153901518578 -0.9716839482930592 -1.078491225510956 
-1.101937555659378 -0.9727527673551051 -1.1192635079039734 
-1.0788483232750743 -1.0345687721014616 -1.088883377211518 
-1.0576343408291788 -0.8195654356086635 -1.0535029604534651 
2.1904239869931393E-4 0.0014032033015284782 -0.7542419636506607 
-0.9510524426026856 -5.291236368604509E-4 -0.9705783782295991 
-1.0280039923956388 -0.745505818338102 -1.0573694948789891 
-1.0533495592166755 -0.7321446428228615 -1.0734323060395254 
-2.204421389991884E-4 -9.319280237502219E-4 -0.5154249485196555 
-1.0783507483509043 -0.5821713604895205 -1.0883936442788247 
2.029029478118657E-4 -1.1590397298520371E-4 -1.153417677269811 
-1.101937555659378 -0.9909858843669435 -1.1192635079039734 
-0.9507412496572922 -1.5790940714838914E-4 -0.9408914549709023 
-1.1531526904474612 -1.4229473392390603E-4 -1.1501411853657733 
