0.6401389389249387 -0.40964312264946484 
0.014227772390635857 0.8746759822779477 
0.8510002399252199 -0.7730204703911596 
0.849322239159102 -0.7706740992125805 
0.05241332762348587 0.7188890086904215 
0.2558743886041987 0.24271098800299487 
0.0014225228471474727 0.9623186866457172 
0.07084051618787596 0.6777525755020245 
0.6320846137040151 -0.32955859863391307 
0.0728685979211871 0.6752779621499075 
0.8512536474888953 -0.7731815600100965 
0.8431679676811832 -0.74199545627227 
0.04202427505724465 0.7543904891810066 
0.6349667372836877 -0.36221569113224467 
0.037223212958996166 0.7728810004626783 
0.0626926979401242 0.6919199149500739 
0.44285535102156337 -0.0971240876888847 
0.256517915053318 0.24245713523645318 
0.8478340078216535 -0.766589026114798 
0.06613786564083099 0.685109054491468 
0.05736768987807414 0.704734775967542 
0.8379507201856397 -0.6939476435594413 
0.8354971523846949 -0.6642483130041178 
0.20690074142437423 0.5007017625312142 
0.046592304422509334 0.7379131902140439 
0.451254764888543 -0.1225749703478889 
0.03462859121130869 0.7833702877149155 
0.24361576101979537 0.26777559547978724 
0.004647504231566891 0.9312434042603903 
0.8412526818896481 -0.7268042483153714 
0.19967677893992572 0.5552605615628593 
0.2539836726531109 0.24412092909330305 
0.24661409104114873 0.25825709422763327 
0.25733872959391807 0.24226668124662415 
0.06808406470300203 0.6817828596032292 
0.01953256001801923 0.8491233523450431 
0.45280509375053435 -0.1238661337378458 
0.45264403939757847 -0.12378765587324694 
0.8336902101187036 -0.6396110920462903 
0.20331573038502004 0.5280715159338131 
0.8501651318057839 -0.7721480232501913 
0.6369044184081882 -0.3817098304357001 
0.6301467585608703 -0.3052498797585882 
0.2544791433693683 0.2436583784285373 
0.21074045714886863 0.47125836867486076 
0.4377039440829801 -0.0669183482891143 
0.6423881816776259 -0.4255288074474549 
0.009303003850934632 0.9010165843166515 
0.45367307893506365 -0.12413245794251017 
0.45101685690436544 -0.12227766865619966 
0.015351446884326284 0.8690804738035742 
0.4485796594205887 -0.11780823171914986 
0.053429473653373305 0.7158460494123912 
0.21639977013450773 0.42829594136614063 
0.8395561790127697 -0.7109628308591508 
0.07530034583409989 0.6729274136228686 
0.4340914620231933 -0.03974073722258184 
0.22961227892261948 0.3368344912021571 
0.08103687983439933 0.6699301706778669 
0.25119623060290647 0.24786888997855536 
0.07998272005384897 0.670208522604078 
0.024354888177289175 0.8272027634532361 
0.8457608635084461 -0.7578755483610646 
0.2201081892044048 0.4009751545930024 
0.2382009907475467 0.2900062419768245 
0.4282745494696301 0.013364983672789646 
0.6511450037891957 -0.4575621378698325 
0.8445112412054495 -0.7508803069204751 
0.23546299158048692 0.3035403114738595 
0.24104563655931152 0.2775741828008064 
0.44775953853209616 -0.11572418251830768 
0.22665482667153392 0.35564250189618885 
0.027733787111675345 0.8123787035986493 
0.6490954194130646 -0.45440641430603235 
0.07734837460107621 0.671489258149585 
0.8467490039021339 -0.7624674371315233 
0.2503507437095821 0.249429746076553 
0.0787498745229807 0.6707143434609854 
0.42710302589836224 0.025278766631288533 
0.4314606174828561 -0.01702679845023356 
0.6518374022027085 -0.45802995331030405 
0.2235417234525531 0.37662803140844997 
0.6500938167749604 -0.4562704037425561 
0.2484539284899823 0.25350582527576804 
0.6468535011490925 -0.44787884194299066 
0.2524103895187212 0.24599250863379982 
0.4403816803637133 -0.08389786550041231 
0.43641301738432425 -0.057767106220638305 
0.4244631949055761 0.053540987827297354 
0.638783474148601 -0.3986454695312424 
0.23164760342755641 0.32461825483951945 
0.6504532877094271 -0.45681721664025526 
0.4439557467450296 -0.10217490985308403 
0.44980688105120586 -0.1203706437699006 
0.6460804408401051 -0.4449117458682287 
0.6484307575787545 -0.4527918288538354 
0.6446369975003606 -0.43827801034549835 
0.6520702552586848 -0.4581147877225868 
0.4465260607059567 -0.11196258596147865 
