0.24697959720518967 0.2572812647747955 
0.20662851981357402 0.5028681650032284 
0.6335602975891063 -0.34672478202084783 
0.23500965629521287 0.3059304543669979 
0.2554799937835159 0.24295817136229328 
0.057591937897238876 0.7042525163797495 
0.8514693852191255 -0.7732316959016615 
0.44940792940380525 -0.11960544193415495 
0.21043417002570308 0.473682827931682 
0.4327040400111541 -0.02806281009567285 
0.2536726969812397 0.24447130282594634 
0.42262383993925046 0.0742905332274298 
0.8456152697095067 -0.7570863038307706 
0.2399321807999547 0.28224722715422546 
0.005226260461614007 0.9270846803102121 
0.23053872827279018 0.33119737982775105 
0.22590795703572486 0.36057094628670355 
0.4347777825855624 -0.04528597292275535 
0.07366337045175732 0.6745102109379753 
0.8502919478571715 -0.7722830774393198 
0.6426787190039152 -0.4272630308824559 
0.22060625965633385 0.39742770744578176 
0.22466841758601747 0.3689308935330233 
0.24508168107273132 0.2629541033781811 
0.24241265207194085 0.27219837592052526 
0.644285212969312 -0.4364891950304026 
0.02435966516603138 0.827303736430859 
0.63037365920911 -0.30727623743437904 
0.20347474998713586 0.5280530313915949 
0.06019175605913876 0.69765403498286 
0.6506987786360815 -0.4570811847170574 
0.4315823660837036 -0.01815836434200773 
0.25241808284144207 0.24601744095266917 
0.42534684618467344 0.04391621726455375 
0.2510262321836648 0.24819885182753962 
0.6499308173685255 -0.4559646761630606 
0.2547404316026444 0.24346812262287465 
0.6524196990296436 -0.4581583274487888 
0.6490928594501327 -0.45436381375680607 
0.21745692694436208 0.4204040121322261 
0.25776118949200577 0.24230015231531032 
0.6515201714622438 -0.4578278236551875 
0.44366702297782523 -0.10088005272805761 
0.6378756905350818 -0.3907272910439471 
0.07011865522488248 0.6788282148666666 
0.44211091218903914 -0.09340496479348027 
0.07158929301380315 0.6768506295687027 
0.43931540997972035 -0.07748389064387114 
0.07810347524511461 0.6710818941930462 
0.2496071685478464 0.25095370896909375 
0.8460243600704368 -0.7591392178668321 
0.08103644318801095 0.6700211819279683 
0.2106237238123585 0.4722018756110242 
0.050033140275099114 0.7264252577016531 
0.002820464356852931 0.9468358760388941 
0.0011207846251984344 0.9666577080810906 
0.42886324748922305 0.007509098791711031 
0.042233538002313664 0.7537043364052728 
0.4478669887057869 -0.11594547280366524 
0.020261184867497242 0.8457725029561732 
0.02957344901294473 0.8045344075528901 
0.640574393141858 -0.4129121860963517 
0.8398315866595659 -0.7136931079481866 
0.6355512534645206 -0.36827928019121026 
0.055180970253459506 0.7108662143906305 
0.8493043768895158 -0.7705573378375581 
0.04643217136606964 0.7385936112750197 
0.45185714974173274 -0.12318721802174974 
0.25605205865611297 0.2426469764705075 
0.014451946347056488 0.8736978801760703 
0.6383391978533963 -0.3947667326367599 
0.6483424877118903 -0.45251871500920704 
0.45106842049983603 -0.12229557833199933 
0.6459626861649693 -0.44433277135486965 
0.8477114182897545 -0.7661537449275401 
0.8506525847188251 -0.7726893877323335 
0.838034812759914 -0.6948460806505085 
0.03240755939506895 0.7925503536787372 
0.6469071163308359 -0.44806437718155784 
0.8419435033564245 -0.7325718981615452 
0.8361181892775646 -0.6721384159047302 
0.06408314511830585 0.689128787034523 
0.45326850898858606 -0.12402183219350647 
0.036854266442855305 0.7743858576061966 
0.45368062020314026 -0.12410352060196508 
0.07629940899984049 0.6722388149587483 
0.4373900457848221 -0.06473132508220152 
0.4461213776436284 -0.11058028727020229 
0.00972221468651635 0.8987378434730007 
0.07992589842979152 0.670353380962507 
0.8431376122400406 -0.7417254357686718 
0.8485250145153987 -0.7686727699102743 
0.23716298686936735 0.29503395777739894 
0.06726176189230956 0.6833491654661044 
0.6510713331245936 -0.4574518426875484 
