0.4440690237388446 6.763953477100305 
0.9557333939479006 1.0479238469700565 
0.7869125068875412 1.2708368855221095 
0.5971750522885467 2.7512597102458436 
0.44262291250990804 6.8432840323276345 
0.6053294451269141 2.572494375427191 
0.6939631432982027 1.441052668414744 
0.7216934753987734 1.3856298194385206 
0.7555780058579613 1.3235396367788825 
0.6237912653583887 2.279178245201306 
0.5682163328012229 3.3833000668766244 
0.545200193142989 3.878702746093255 
0.3947652502895187 8.733709640179365 
0.8146021561313304 1.2276757948100112 
0.5637803681735257 3.4603754875453245 
0.8615105869927503 1.16474043402586 
0.6258847284029708 2.1864531405236596 
0.4775181553456606 5.664603295540458 
0.6412944228632688 1.9785612959069054 
0.5222334438745688 4.420513829735771 
0.8918288947852948 1.1212919931597478 
0.45242429515511745 6.489367232007301 
0.5003465663552884 5.038862441259532 
0.4048306049533134 8.316405655993519 
0.9999999996397979 1.0000000003602054 
0.5351852446907043 4.086676133251915 
0.4571891509013808 6.387034573610383 
0.5277185724072505 4.273629825390072 
0.5693892754131229 3.3051659232243056 
0.5848662234748502 3.0655332039205527 
0.49217575349118414 5.23198809113718 
0.5261789113203683 4.3228692481745545 
0.6089417346501882 2.5110241648943337 
0.4120227592392234 8.001997614722832 
0.4330495416259152 7.249807343385143 
0.5869121343195952 2.953136645145825 
0.43310883283762813 7.174972019916994 
0.5422766073086902 3.9617068541169003 
0.4716220176999484 5.854859884515248 
0.508549492280312 4.77156380845901 
0.926354705222541 1.0795037427611853 
0.6310522413362006 2.1156086099281883 
0.6009260309122153 2.6521467726052013 
0.473828832058085 5.77608802823815 
0.425053697957242 7.551605928463085 
0.6441929030178427 1.8733270565513551 
0.39088609124805107 8.908030676974139 
0.5524224240027551 3.691785265992008 
0.4657745202635794 6.084743739382323 
0.4897936633311195 5.325867078378128 
0.4805707528807598 5.578518749871639 
0.49590422819811686 5.165050330283989 
0.6659664928956726 1.51159140325777 
0.4700253721553832 5.930152611952754 
0.5498558190876208 3.8033494452301317 
0.46703361060530685 6.0032763567078415 
0.6167418821928582 2.3735604266688504 
0.5777490591993958 3.1564482462597017 
0.4477976599189972 6.683528972457138 
0.5043820635110234 4.886133107037638 
0.6506948161412198 1.7677875296464667 
0.41117999267595745 8.060128581515134 
0.5568341340565398 3.5768174074855237 
0.5118077487891493 4.6821432503505545 
0.5301741371344849 4.203883038807818 
0.4253725255769892 7.470691746255484 
0.4497701562549141 6.579699706183676 
0.5596382659968828 3.515593741220779 
0.6608173986608931 1.5938009060113918 
0.4094686697996769 8.130325346811624 
0.4356917105970753 7.073936847700345 
0.40254985871740434 8.40240258104124 
0.3890943487840808 8.995070863595117 
0.41907002230603235 7.748770990950803 
0.4274190616377406 7.381543657504137 
0.48461088419128207 5.482318543667093 
0.486408330806494 5.391228895244285 
0.6121085080476835 2.449349086444176 
0.44004388477006096 6.9288683020605495 
0.5008290123441893 4.9881997235388615 
0.6557461036589385 1.6805565397676372 
0.5185437133067348 4.499882485759213 
0.572775808019369 3.2256408507913683 
0.42133612172794566 7.618154526537954 
0.4626698559787132 6.13252811884103 
0.3969781373798549 8.649150901342834 
0.4143753998482151 7.9103875399438435 
0.39861671615634675 8.566961687889643 
0.5546446280539812 3.6371844024178404 
0.42940355180815254 7.311364178775579 
0.5152828688786931 4.588221564743859 
0.4389800562034435 6.99767211421162 
0.4598344139817144 6.232993704290141 
0.4004383294873401 8.488002877137465 
0.4585117637007202 6.3042447937901 
0.4064079332535106 8.225023194764962 
0.41609027371162755 7.824195186772067 
0.3929356020568738 8.816667690338933 
0.6331330458786528 2.061127092753645 
0.5907933129558544 2.8497139162864253 
