0.4440690237388446 2.0036622171908958 
0.9557333939479006 0.0015358148636324953 
0.7869125068875412 3.743943135840408E-5 
0.5971750522885467 0.6429836613254335 
0.44262291250990804 2.0289943095214054 
0.6053294451269141 0.557206592869449 
0.6939631432982027 3.743943135840408E-5 
0.7216934753987734 6.7609073286216655E-12 
0.7555780058579613 3.743943135840408E-5 
0.6237912653583887 0.4217314815514345 
0.5682163328012229 0.9224463567667675 
0.545200193142989 1.114669486314284 
0.3947652502895187 2.4477650720613893 
0.8146021561313304 6.734948247981085E-5 
0.5637803681735257 0.9508917663869468 
0.8615105869927503 0.0034362150118094625 
0.6258847284029708 0.3684676300224733 
0.4775181553456606 1.7049509164514298 
0.6412944228632688 0.26884032435822 
0.5222334438745688 1.3085401609980711 
0.8918288947852948 5.989912581876033E-7 
0.45242429515511745 1.935947395943619 
0.5003465663552884 1.521177520820833 
0.4048306049533134 2.366735532753013 
0.9999999996397979 3.2523896770220162E-15 
0.5351852446907043 1.1871287663460877 
0.4571891509013808 1.9200829134866937 
0.5277185724072505 1.2552738304518962 
0.5693892754131229 0.8819260301448326 
0.5848662234748502 0.7929268279137716 
0.49217575349118414 1.5750576810123436 
0.5261789113203683 1.2746026347847863 
0.6089417346501882 0.5290674107192957 
0.4120227592392234 2.297005136643785 
0.4330495416259152 2.13952574692913 
0.5869121343195952 0.7332317313399452 
0.43310883283762813 2.107543757188888 
0.5422766073086902 1.1483409520020968 
0.4716220176999484 1.7612808320855682 
0.508549492280312 1.4265763521749415 
0.926354705222541 3.3714121677012876E-6 
0.6310522413362006 0.335059555085347 
0.6009260309122153 0.5937440334582853 
0.473828832058085 1.7368770442847699 
0.425053697957242 2.2098380254090664 
0.6441929030178427 0.20678399486168783 
0.39088609124805107 2.4820252920401518 
0.5524224240027551 1.0394249655369607 
0.4657745202635794 1.8341185961376198 
0.4897936633311195 1.60857594673343 
0.4805707528807598 1.6808729555852486 
0.49590422819811686 1.5613702976439108 
0.6659664928956726 0.006669225518825428 
0.4700253721553832 1.7873221883713113 
0.5498558190876208 1.0912938244834625 
0.46703361060530685 1.8037318323347353 
0.6167418821928582 0.4638741250422306 
0.5777490591993958 0.8236350046881252 
0.4477976599189972 1.9928686338671264 
0.5043820635110234 1.464477899117172 
0.6506948161412198 0.15029018158004884 
0.41117999267595745 2.314163611114668 
0.5568341340565398 0.9916940237755593 
0.5118077487891493 1.3963571964702273 
0.5301741371344849 1.228790062714231 
0.4253725255769892 2.1778270159118627 
0.4497701562549141 1.9593525649606447 
0.5596382659968828 0.9674607852862906 
0.6608173986608931 0.05321136869382251 
0.4094686697996769 2.3291135047975526 
0.4356917105970753 2.0820556458302457 
0.40254985871740434 2.382385971884905 
0.3890943487840808 2.4999312399372013 
0.41907002230603235 2.2472776320220893 
0.4274190616377406 2.155012463528434 
0.48461088419128207 1.656791236864772 
0.486408330806494 1.6223386479315114 
0.6121085080476835 0.499267414991301 
0.44004388477006096 2.0490061246988605 
0.5008290123441893 1.4982351409155261 
0.6557461036589385 0.10201840293117592 
0.5185437133067348 1.333385773609522 
0.572775808019369 0.847569044692311 
0.42133612172794566 2.2098036829356955 
0.4626698559787132 1.837335901529588 
0.3969781373798549 2.4335238147323714 
0.4143753998482151 2.2778699998185687 
0.39861671615634675 2.4149341354638034 
0.5546446280539812 1.017344790042785 
0.42940355180815254 2.13952574692913 
0.5152828688786931 1.364231970932302 
0.4389800562034435 2.0718384979898863 
0.4598344139817144 1.8661450073639723 
0.4004383294873401 2.3989216928046626 
0.4585117637007202 1.8905703992017822 
0.4064079332535106 2.3427146775466148 
0.41609027371162755 2.255571516837188 
0.3929356020568738 2.4643826270387152 
0.6331330458786528 0.30496767417812787 
0.5907933129558544 0.6835919255792595 
