0.04306472328134758 0.7505888822734974 
0.6509238506249369 -0.45732535647326594 
0.8466820173197114 -0.762161284869116 
0.025089948718728716 0.8240361653481693 
0.23037297672517462 0.3322390801571685 
0.44883063506810805 -0.1183426862862719 
0.06659103502402802 0.6843821001160691 
0.8368912259077685 -0.6816477518515481 
0.6494001976391728 -0.4549914913681968 
0.07875238407871124 0.6708176781867585 
0.6471668022478356 -0.4489784489369813 
0.6459652214470708 -0.44436864084504685 
0.03798171404350782 0.7699238529248505 
0.8504452014713723 -0.7724534550187733 
0.4507437981098171 -0.12183329246624172 
0.634783570624192 -0.36022575060941664 
0.4516073208192115 -0.12294055896464783 
0.42788498298939637 0.0172588514058037 
0.03347259356343352 0.7882397007794992 
0.005579090729424492 0.9244820069765263 
0.8406337573513517 -0.7212529453723325 
0.22036098421120212 0.3991987588751513 
0.43063670671302906 -0.009475545512743301 
0.43653595048780075 -0.05857354208997162 
0.029884129850840935 0.8032339787823969 
0.21689418779122324 0.424645228971101 
0.4461324874141377 -0.11066413593520906 
0.2283914017282613 0.34447395928919 
0.04653560859529221 0.7382088879752949 
0.8433983563239951 -0.743593258544106 
0.6324871221685988 -0.3343363317640393 
0.23566716995210651 0.30252766114312724 
0.23299509738784607 0.3169729482476796 
0.013532285454039006 0.8782826676721606 
0.6434906310570585 -0.43212824955620904 
0.4524482882089468 -0.12364715499423166 
0.22390153065752966 0.37430540280693386 
0.21003477547310276 0.4767475495684747 
0.25294956509450256 0.24535952879120057 
0.206999189483782 0.4999929451747003 
0.4469758546942116 -0.11339964756885078 
0.0742380583194282 0.6739532372998707 
0.08068102769413328 0.6700964793986425 
0.6406816244856319 -0.41375478761263335 
0.2567863049879978 0.24240608623805 
0.05679735956899978 0.706324474792581 
0.25205050924261013 0.24660376303465076 
0.6385346066819066 -0.3965557112731205 
0.2413962342996795 0.2761918015807233 
0.2502307498344336 0.24969046440491685 
0.4255828086850688 0.0413585251550146 
0.07625469109961641 0.6722984993102314 
0.6485804570949046 -0.45309287029965056 
0.21280580319721915 0.4555065338291737 
0.6371013718318429 -0.38359862470726697 
0.2401809460606965 0.28123810587181636 
0.4531378477467529 -0.1239919972905635 
0.8395755459498504 -0.7111499787903527 
0.2552817295589197 0.2431075134376204 
0.44065635499231726 -0.08549737257834793 
0.8359085760414875 -0.6695057304271035 
0.6501715054850244 -0.4563938568227947 
0.24567469851081597 0.26108706720072633 
0.20064489759887555 0.5482020669934338 
0.050070115928680936 0.7263626260153284 
0.45349484233254583 -0.1240647224976744 
0.07735122308604049 0.6715508868993041 
0.8510117107004296 -0.772977540549577 
0.6324121687243129 -0.33338880621821454 
0.4233611012556554 0.06589173529509097 
0.4386557663935384 -0.07326994227318588 
0.2470247923936187 0.25719818009721 
0.4426954919398987 -0.09632090712689845 
0.2565054947102119 0.24251830788355372 
0.06293345374455311 0.6915100501142012 
0.05475333650253323 0.7120245424347037 
0.2547730189864217 0.24349330129965246 
0.8473507494480682 -0.7648622931859506 
0.07274580857711538 0.6755064057723985 
0.43310232483009237 -0.031474365894782926 
0.6519719023746219 -0.45805389589592616 
0.6449313328890156 -0.43968169598464657 
0.24876177930515112 0.2528078036200422 
0.6517433448678647 -0.4579588010346508 
0.8494985069258413 -0.7709544641582324 
0.07010174972580262 0.6788017193253629 
0.01008633973304389 0.8966329301819945 
0.842890391825529 -0.7399252014508028 
0.0019772047541621596 0.9555997845324009 
0.851666762801952 -0.7732626369367189 
0.06008306353638618 0.6979786252483896 
0.019783731675441563 0.8479794632451358 
0.8491792926742603 -0.770279370330191 
0.8480683454070248 -0.7672972558897032 
0.8456334407073518 -0.7571894575476784 
0.4439600244344621 -0.10210837848986572 
