-1.0622044391590741 -0.7778044383389369 -1.071094690645654 
-8.787592257808144E-4 -0.0015934093553007693 -0.8287857935668084 
-1.0818562669008958 -1.06039246218719 -1.0860001468385534 
-1.130001334088944 -1.092094033214626 -1.103713014115636 
-1.055310642242103 -7.2404331125936E-4 -1.0926427579865665 
-1.0553258462073005 -0.005988821781397646 -1.0721481145211826 
-0.9557550617541188 -3.6119644184916776E-4 -1.0155428461064846 
-0.944568842514664 0.001252163378979011 -0.9461909318538853 
-1.077042816703656 -0.8467464658326329 -1.0731150817161494 
0.0014847125722803015 7.743530602093715E-4 -1.1066194954919357 
0.0015811633323153979 0.002041046436750338 -0.9463419099790269 
-0.9358307056230024 0.004829827952123258 -0.9700407874297426 
-1.061842375349633 -8.110689936622012E-4 -1.0437736075168245 
-1.0818562669008958 0.0043210413597605385 -1.0860001468385534 
5.56211591888549E-4 7.001650446382586E-4 -0.6764293972058817 
-1.0711430012661167 -0.8685732844132403 -1.0711146189086957 
-1.1206518614926866 -0.9633531468266104 -1.0712317373963454 
-0.9531368767357966 -5.546560202964786E-4 -0.9084372368706025 
-0.9531368767357966 -6.322088537405485E-4 -0.9764803043099233 
-1.0711430012661167 -0.005398974379795141 -0.9701196613393224 
-1.1111499490376202 -0.0029662575043224886 -0.6079188797725952 
-0.9462150074750156 0.001255577571240961 -0.9720629730868182 
-1.0271091719500813 0.0012759123558602785 -0.9235016556806934 
2.8539009733769477E-4 3.324940144404557E-4 -0.8843473670676911 
-0.001158223942004237 0.001568423468147783 -0.5744178529169504 
-0.0043078281333511215 0.0017268207145267468 -0.8458448121519185 
-1.08571058446561 -7.422416930359093E-4 -0.5988514769482652 
-1.0707278226180075 -0.7843713327706028 -1.0720741857968719 
-1.067233185982737 -0.7925547197896018 -1.085383738080009 
-1.061843361637515 -0.0015767931509767885 -0.6927377281861342 
-8.844548022523264E-4 -5.547102819746922E-4 -0.8136766955754515 
5.587684254295053E-4 6.962443198299723E-4 -0.5461575396531742 
-1.0699483564238832 7.521796690731724E-4 -0.6705781897931445 
-1.1170225040919848 0.004829695962947628 -1.0860001468385534 
-1.108326859016537 -1.0175624169456219 -1.0724261044422478 
8.250362214164075E-4 2.8422431853670116E-4 -0.8990712745236669 
0.0015048185795135923 -6.786471026572741E-4 -0.6508197309405173 
-8.787592257808144E-4 3.324681437055061E-4 -0.9737403638079765 
-1.0622044391590741 -0.6843447385591066 -1.0673759015043924 
-1.1513014097201286 -1.1456955274807437 -1.1508050202662903 
-1.1803727033321938 -1.1059405305464836 -1.111267972980745 
3.044760899248433E-4 0.0021678767099750813 -0.9852189042971569 
-0.953949145364584 0.0015770657884101016 -0.87789556935323 
-1.0546793085875037 -0.6346381881593669 -1.0721481145211826 
6.105063349502714E-4 7.8728756071252E-4 -0.9628597379771306 
-1.029492184503939 0.0013616416675435274 -0.7429474106315579 
-8.678315576887612E-4 5.988484017452E-4 -0.9141319101403192 
-8.229513539380473E-4 8.652219215989955E-4 -0.6272321601800552 
-9.359263552606112E-4 8.594449197935805E-4 -0.8699969253663327 
-1.055160940778721 -0.756318107633636 -1.0860001468385534 
3.0078866067319646E-4 -5.585004299254827E-4 -0.7246578561004317 
-1.0397301675173296 7.462743074810699E-4 -1.0437736075168245 
-9.081907810992765E-4 0.0012528690863125983 -0.5988514769482652 
-1.0224491829216027 0.002137761805501296 -1.0439591282791847 
-1.0735314031833367 -0.9523668082782606 -1.0717935974940116 
3.1491116646677057E-4 7.746267453033904E-4 -0.743156762865033 
-0.941954251905193 0.0015721274667779195 -0.8458448121519185 
-0.9248696185368319 -0.004257703245011735 -0.8758471800929348 
-1.1095060144396958 -1.0148775860883525 -1.0594191321027575 
-1.077042816703656 -0.8276781851823216 -1.0731150817161494 
-8.846951679359119E-4 -5.547102819746922E-4 1.8859552281913494E-4 
-0.9011640372542753 0.0012484258932980784 -0.94652811482859 
-1.153620866381114 -1.0351707238787855 -1.1131488349609084 
0.0017098903182742747 0.0020385591554694773 -0.9321678680470211 
-8.678315576887612E-4 7.687564211366555E-4 -1.0829649358330722 
-1.0695970619237165 -0.9395538094114477 -1.0724261044422478 
-1.1513014097201286 -1.107997356451856 -1.1508766517707123 
-1.0979425470990725 -1.0421612945057817 -1.0710358645680451 
3.044760899248433E-4 0.0021678767099750813 -1.0005164359528913 
-7.982521037349711E-4 7.8728756071252E-4 -1.0319857163414246 
-1.0674785279617152 -0.9224245099003632 -1.083185156527496 
-7.540648863608345E-4 0.0021784393161610282 -0.7006019701956635 
-1.0225277008471267 7.790363197692927E-4 -0.7954148173600234 
-1.1513014097201286 7.895432701121326E-4 -1.149487142581188 
-1.1042128050669777 -0.9519017854901055 -1.071473352216278 
8.362094858339626E-4 -7.52842989915682E-4 -1.0599471668775955 
1.8796097318368732E-4 0.0023365499281931545 -0.5117157253442024 
3.173203261263018E-4 0.0013523791815856516 -0.7973219708027582 
0.0014985959238395365 -5.547102819746922E-4 -1.0155428461064846 
-0.9958591257860643 0.0015899710217823554 -1.0146150748198366 
-1.0898705595619071 -0.6350475573635082 -1.072450096552198 
-1.04164178132356 0.002280055706913071 -1.0068732415215942 
0.0014847125722803015 7.743530602093715E-4 -0.8585288552825868 
-1.850457547472502E-4 0.0016259010597787155 -0.7614694679736069 
-1.1008661566864077 -0.866713651074391 -1.0714715956578684 
-1.0818562669008958 -0.7969229944738351 -1.0849677729405507 
-1.054314059759713 -0.7367103983215244 -1.0606999580167893 
-1.061843361637515 -0.0016188493578775435 -0.5945648562226942 
-0.9345146612572619 0.001663919120118984 -1.0710358645680451 
-1.0956452128481298 -0.9981236561647082 -1.0611508528184888 
-1.1138348878448416 -1.0567941483562786 -1.14622437008569 
-1.0681386982134375 -0.9224245099003632 -1.038575121265465 
5.587684254295053E-4 6.962443198299723E-4 -1.1462430599756857 
-1.1167149085818282 0.0013282970333147633 -0.4999657263381556 
-1.0546378239693237 -0.7550802088374114 -1.0611508528184888 
0.0015072606789906851 7.8728756071252E-4 -0.7802674415230082 
-1.069888404818104 -0.6991068554582223 -1.0629456298288835 
-1.1265934883380813 0.0017328915645190013 -1.113275932592945 
-0.9941842446540232 -7.2404331125936E-4 -0.8842560018599739 
-1.0709116430912289 -0.9118382792206519 -1.0720741857968719 
