0.3907248080421824 8.91727005949384 
0.4522372228730054 6.478720061935476 
0.4087053088156388 8.129675664397226 
0.4233021144302772 7.540354303205673 
0.44399337504179753 6.768721771924913 
0.5161884605667145 4.56330249833908 
0.413781817915929 7.922036420834936 
0.4233021144302772 7.540354303205673 
0.533382892590788 4.125536441061905 
0.5108537345038523 4.7028880389523335 
0.4472723786491525 6.651672046649739 
0.40249393418299295 8.391770982667639 
0.5461803687249622 3.816901460205963 
0.3907248080421824 8.91727005949384 
0.620565180557727 2.282715198054063 
0.4577745000734112 6.2919188708009814 
0.4744440911599847 5.754141163761528 
0.44399337504179753 6.768721771924913 
0.3907248080421824 8.91727005949384 
0.3907248080421824 8.91727005949384 
0.5756866793338569 3.1608891850618686 
0.4744440911599847 5.754141163761528 
0.6613701160538944 1.5843262255681738 
0.6613701160538944 1.5843262255681738 
0.48308617676438276 5.492729285913618 
0.4233021144302772 7.540354303205673 
0.666751079876318 1.4998100943241477 
0.5281720861612763 4.2546209821555 
0.3970355632980618 8.638484912665138 
0.5389004059004969 3.997985986206247 
0.5585653704257934 3.532148837229964 
0.4959987385530005 5.116357845751984 
0.3912455241304444 8.895445580520287 
0.41358348750249674 7.925835365439948 
0.5931482600349182 2.8018116729517617 
0.604442378927205 2.5864551782842384 
0.41358348750249674 7.925835365439948 
0.5461803687249622 3.816901460205963 
0.5931482600349182 2.8018116729517617 
0.6463413960254024 1.8309349630120002 
0.4361434919781119 7.04994924219213 
0.4087053088156388 8.129675664397226 
0.40249393418299295 8.391770982667639 
0.6535149327082023 1.7116485047461076 
0.5676927396349176 3.330827085821842 
0.5133228765526443 4.63719109204442 
0.5776737239778005 3.1201488206689323 
0.554999911381711 3.6177017064649317 
0.5424721576255045 3.9060191676337155 
0.3970355632980618 8.638484912665138 
0.4624915604994678 6.136515139282551 
0.4279732985490129 7.358963220495202 
0.580957070929311 3.0531523044046764 
0.6063205398511498 2.5451677672760273 
0.5333447337443018 4.125831607961974 
0.634424285097499 2.0345803870127286 
0.4177029738432246 7.760158806476513 
0.5856370887009149 2.955414088289786 
0.6063205398511498 2.5451677672760273 
0.4522372228730054 6.478720061935476 
0.5281720861612763 4.2546209821555 
0.5461803687249622 3.816901460205963 
0.4980082166181436 5.057360404830304 
0.5167079151505403 4.551940357986448 
0.48308617676438276 5.492729285913618 
0.40249393418299295 8.391770982667639 
0.6094951412875605 2.486820263117344 
0.5281720861612763 4.2546209821555 
0.4959987385530005 5.116357845751984 
0.49043241338140847 5.273161295193138 
0.49043241338140847 5.273161295193138 
0.48308617676438276 5.492729285913618 
0.44045840767845384 6.894074861476572 
0.5585653704257934 3.532148837229964 
0.5676927396349176 3.330827085821842 
0.4577745000734112 6.2919188708009814 
0.5921838423386148 2.821811807871858 
0.43494181302868273 7.094451023340706 
0.504558715126858 4.874238956223871 
0.6217330281455828 2.259098592272735 
0.5067193294217266 4.814454033118125 
0.5676927396349176 3.330827085821842 
0.6391651646129947 1.9533054061934025 
0.6463413960254024 1.8309349630120002 
0.466774252882504 5.99666840685979 
0.466774252882504 5.99666840685979 
0.5856370887009149 2.955414088289786 
0.5017771110508213 4.95615100326061 
0.47135628301872967 5.853406858402151 
0.6312890004755999 2.088442682178752 
0.4522372228730054 6.478720061935476 
0.4472723786491525 6.651672046649739 
0.620565180557727 2.282715198054063 
0.6312890004755999 2.088442682178752 
0.5108537345038523 4.7028880389523335 
0.4279732985490129 7.358963220495202 
