0.3907248080421824 2.484198632256031 
0.4522372228730054 1.929918368581325 
0.4087053088156388 2.322641602988452 
0.4233021144302772 2.191847920100401 
0.44399337504179753 2.005267624235838 
0.5161884605667145 1.3555240917178923 
0.413781817915929 2.277994631809279 
0.4233021144302772 2.191847920100401 
0.533382892590788 1.2004905604223037 
0.5108537345038523 1.402487917652298 
0.4472723786491525 1.975109178299105 
0.40249393418299295 2.3776369175765786 
0.5461803687249622 1.0847166469221396 
0.3907248080421824 2.484198632256031 
0.620565180557727 0.41657356904228726 
0.4577745000734112 1.8802800155833812 
0.4744440911599847 1.730018274847095 
0.44399337504179753 2.005267624235838 
0.3907248080421824 2.484198632256031 
0.3907248080421824 2.484198632256031 
0.5756866793338569 0.8196817986905679 
0.4744440911599847 1.730018274847095 
0.6613701160538944 0.04782601967125166 
0.6613701160538944 0.04782601967125166 
0.48308617676438276 1.6534615907337675 
0.4233021144302772 2.191847920100401 
0.666751079876318 2.766173444045026E-14 
0.5281720861612763 1.2471720399706088 
0.3970355632980618 2.429785723341811 
0.5389004059004969 1.1545162707510446 
0.5585653704257934 0.9729360236663899 
0.4959987385530005 1.537707037478731 
0.3912455241304444 2.480303268524505 
0.41358348750249674 2.277994631809279 
0.5931482600349182 0.6618897187568606 
0.604442378927205 0.5633631209507133 
0.41358348750249674 2.277994631809279 
0.5461803687249622 1.0847166469221396 
0.5931482600349182 0.6618897187568606 
0.6463413960254024 0.18340906002489477 
0.4361434919781119 2.0747894807581195 
0.4087053088156388 2.322641602988452 
0.40249393418299295 2.3776369175765786 
0.6535149327082023 0.11858785739924768 
0.5676927396349176 0.8908863536003904 
0.5133228765526443 1.3803762704925397 
0.5776737239778005 0.8024279886007647 
0.554999911381711 1.0078241264935017 
0.5424721576255045 1.1189066455928387 
0.3970355632980618 2.429785723341811 
0.4624915604994678 1.8380864627953963 
0.4279732985490129 2.1494397633761984 
0.580957070929311 0.7737504198680172 
0.6063205398511498 0.5431874946665465 
0.5333447337443018 1.2004905604223037 
0.634424285097499 0.29078720750394316 
0.4177029738432246 2.2414414109609275 
0.5856370887009149 0.730800102571699 
0.6063205398511498 0.5431874946665465 
0.4522372228730054 1.929918368581325 
0.5281720861612763 1.2471720399706088 
0.5461803687249622 1.0847166469221396 
0.4980082166181436 1.518607036004752 
0.5167079151505403 1.352023612264781 
0.48308617676438276 1.6534615907337675 
0.40249393418299295 2.3776369175765786 
0.6094951412875605 0.5157048676254741 
0.5281720861612763 1.2471720399706088 
0.4959987385530005 1.537707037478731 
0.49043241338140847 1.5861292201510047 
0.49043241338140847 1.5861292201510047 
0.48308617676438276 1.6534615907337675 
0.44045840767845384 2.036553235902028 
0.5585653704257934 0.9729360236663899 
0.5676927396349176 0.8908863536003904 
0.4577745000734112 1.8802800155833812 
0.5921838423386148 0.6710313587420301 
0.43494181302868273 2.0856733905350002 
0.504558715126858 1.4593397449735939 
0.6217330281455828 0.40455620865315106 
0.5067193294217266 1.4395769191933432 
0.5676927396349176 0.8908863536003904 
0.6391651646129947 0.24848477148905856 
0.6463413960254024 0.18340906002489477 
0.466774252882504 1.7990904153960938 
0.466774252882504 1.7990904153960938 
0.5856370887009149 0.730800102571699 
0.5017771110508213 1.4868831323477387 
0.47135628301872967 1.7590400997727773 
0.6312890004755999 0.3184108933832054 
0.4522372228730054 1.929918368581325 
0.4472723786491525 1.975109178299105 
0.620565180557727 0.41657356904228726 
0.6312890004755999 0.3184108933832054 
0.5108537345038523 1.402487917652298 
0.4279732985490129 2.1494397633761984 
