-16.533374576815447 -5.667536220520595 
-16.87587967223058 -4.213878553396862 
-15.550501002772444 -8.002750197848416 
-16.282952740706605 -6.743110572588019 
-16.021560488255183 -7.601859803366668 
-18.385559091338724 -2.241783990994566 
-16.349805465654587 -6.516196504809215 
-16.255867008076173 -6.891805669480588 
-18.220551643239556 -3.0387419604542028 
-18.244512072163467 -2.9249807064167523 
-18.680033468893214 -0.9639575761637177 
-15.525163774000145 -8.0945958947363 
-16.68959048165093 -4.7863619051808115 
-15.489910023825033 -8.216614535330903 
-14.852828918329177 -10.76277566266974 
-14.725482431590226 -11.119672338818184 
-18.08390245566394 -3.6067598220968407 
-18.164839370593874 -3.284159560222209 
-16.111212882275467 -7.387405458905061 
-18.144074462802052 -3.378930908662371 
-19.99604392436592 0.008125471785819691 
-16.187610800687665 -7.148827022119333 
-18.92292000580482 -0.2681545629570814 
-18.614703639901634 -1.206736465471023 
-14.681504972891048 -11.27885664588413 
-16.603806786349445 -5.310720602354078 
-18.41721736372876 -2.0832167616057062 
-16.14768271408485 -7.279506415573553 
-18.644981960297894 -1.0863748761844993 
-15.020666871707927 -10.110764102562747 
-18.048233782585882 -3.7117103990326075 
-14.975828920207352 -10.208312686502321 
-15.087161953671341 -9.829338468981256 
-14.577395652920675 -11.499359363586931 
-15.278362219959849 -9.028419117698485 
-14.607847982711302 -11.348357971804873 
-15.307310821742496 -8.914456519077941 
-16.21459455247676 -7.038924549834162 
-16.072274708420213 -7.5009057257994325 
-16.634340207422113 -5.162034413561049 
-15.241101704116586 -9.141822923643115 
-18.015126558721576 -3.7931401492990307 
-15.96957630478375 -7.6890120682196885 
-15.8768868656034 -7.743688252258161 
-18.580989277151343 -1.3517140875953706 
-18.987360214013357 -0.14752694415895323 
-15.332342305304557 -8.820298415396808 
-16.403873706625127 -6.23809523193968 
-16.846960264016147 -4.304253832149024 
-18.450577781762448 -1.919634516049652 
-16.32404141298933 -6.632405305968942 
-16.68852371733038 -4.908110143994117 
-19.07344581507046 8.413090887859015E-4 
-15.411013511280789 -8.499429417747114 
-14.8824692419094 -10.651695356618742 
-17.034222183924413 -3.892795629424737 
-15.11754277786543 -9.720676548228367 
-18.704388478607175 -0.8408232462263435 
-16.748372060082406 -4.652450913839642 
-18.36384172916345 -2.348350125195444 
-14.974210619755363 -10.3148446600035 
-15.047781529544793 -9.936766078925196 
-16.435858289756588 -6.112406051073774 
-15.44176363463081 -8.385036455470772 
-15.374219747247436 -8.612292783874505 
-15.35933458426669 -8.704105109658816 
-16.775352089842507 -4.552218922947489 
-14.474130555519697 -11.5349805606436 
-18.340954587564433 -2.4609148289397744 
-14.784037547646292 -11.003956912988563 
-14.446142143184153 -11.61827909622367 
-14.890966882239665 -10.538297946468699 
-16.65793104078106 -5.052446940670947 
-16.809166730629773 -4.430327339126349 
-18.796398305559364 -0.5925312691114029 
-16.381252869914416 -6.371246823579369 
-18.88648951500229 -0.35973714443033916 
-18.117379969156485 -3.485737923667958 
-18.270397368691064 -2.8027056088043762 
-17.939422212147004 -3.87291379331405 
-16.579158198473586 -5.437982128551537 
-18.195793338941403 -3.156862473307095 
-18.516828090200086 -1.6258525215208313 
-18.293108809744687 -2.6821145965388653 
-15.150380199411966 -9.55898794733475 
-18.545620937048994 -1.4859903431021808 
-16.960714615416272 -4.030584582140093 
-18.484702992013293 -1.7689639016848353 
-18.310738878682955 -2.5631172266173126 
-18.843044472388996 -0.4611197700940627 
-16.557384910499998 -5.539949582646351 
-15.189536879487088 -9.417321331219801 
-16.47464526562344 -5.94858365735514 
-18.75471351291035 -0.720300647339933 
-14.942432657622337 -10.434468147899423 
-15.216856516257074 -9.266758151940017 
-14.8237563440482 -10.877831371692384 
-15.58898924231098 -7.8820546064836865 
-16.50377326567967 -5.803094774497021 
-15.645977775704921 -7.745665753849579 
