-0.9574074240472519 -4.625280875431527E-4 -0.9461110708350011 
-0.6613802308741743 6.154921643225407E-5 -1.044423159727009 
-1.0751892187920222 -0.6252480410725475 -1.1084855297699636 
-1.0746012848680133 6.122238210327794E-5 -0.9819633660042693 
-1.1118641459110947 0.003867846033735911 -1.1060933080745852 
-0.8797259972867161 6.494521431839044E-5 5.362697875903803E-4 
-1.025391652088993 1.6515249533685986E-4 -0.9898342810961314 
-1.0576066870643148 -0.0020953837765413687 -1.0152625584035286 
-0.9784055467303246 -5.777118505156113E-4 9.316142784502879E-4 
-0.9638466495715219 -5.95116531370414E-4 9.308538607492944E-4 
-0.7064127086795067 6.684738828195712E-5 0.0012013586178827307 
-1.0681935035612238 -0.6746329749002776 -1.0751801426871668 
-1.0876081886696765 -0.02238603576664744 -0.7277571101315086 
-1.0687375486748447 -0.6982689736990682 -1.071338455328368 
-1.1020408248081435 -1.01545695235257 -1.07241059696657 
-1.0737378034722553 -1.082042600156998 -1.0918047900571202 
-1.0627145046007536 2.0197860345451174E-4 6.461138392334291E-4 
-1.0118142983466638 -5.570380662519632E-4 0.0014709507982543137 
-1.0678216174870547 -0.0020315292494326675 -1.0943777422373568 
-1.0253213919826798 -7.259111649963154E-4 5.931295601601713E-4 
-1.2219644704580812E-4 -5.550601079716558E-4 0.0012960612055310742 
-1.0751277351622242 -6.327151790417137E-4 -1.0397951982883116 
-0.5681635540679799 -5.560055841206673E-4 0.0013593171109540284 
-0.7440613524604476 1.5509601626991371E-4 0.0012934303042266503 
-1.1158022468760227 -1.082042600156998 -1.0918047900571202 
-0.8719919906893298 3.422789323111157E-4 -0.9897034664657279 
-0.8605602783095746 -5.570380662519632E-4 5.95446991943504E-4 
-1.0681935035612238 0.005246383534398935 -1.071338455328368 
-0.7262112791073916 -5.570380662519632E-4 0.0014709507982543137 
-1.0730595180978784 -0.959028192057399 -1.052500438354891 
-1.0846036646916573 -6.115321313393922E-4 5.931295601601713E-4 
-1.0641139551930947 -1.0011566242599759 -1.0237927707261618 
-1.1007048063556986 -0.8909323402789622 -1.0835525500346956 
-1.1234711868770049 -1.1163878411367407 -1.1163381994475616 
-1.0749076358427077 -0.7989545950360892 -1.092716031545852 
-1.1233839266355743 -1.1234037852130576 -1.0723879791614896 
-1.0736593878255773 -0.8119933471002001 -1.0507064476988317 
-1.0214749686183069 -3.9648210079046525E-4 -1.0768837732208716 
-1.0892715480715252 -7.188289413615072E-4 -1.0970965790744864 
-0.8537217253713658 -7.251482919183958E-4 -0.9898342810961314 
-1.0877158428027063 -0.7976770659138506 -1.1120150151808075 
-1.1055321436763021 9.43073393559218E-5 5.860083201173278E-4 
-1.1331973442999934 5.105059043572484E-4 -1.117283510327514 
-1.1516201837497495 -0.0020451258346246247 -1.1570564521812414 
1.6677015403110396E-4 -4.4127886211653194E-4 -0.7646296066971083 
-0.5332159699962205 6.665295251917456E-5 5.475253193264968E-4 
-1.0681935035612238 -0.7882977825615747 -1.071338455328368 
-1.0402235457174198 -3.9480844878726903E-4 -0.9424023878152239 
-1.064740288882093 0.004299874588058262 -0.6590827598672517 
-0.8403885390794336 -6.772073345859186E-4 9.316142784502879E-4 
-1.0137124555908759 -6.096816400916116E-4 -1.017220984594787 
-0.8009229819686785 2.039383184590128E-4 -1.0114018037647392 
-0.4844154512358275 -5.717406966531979E-4 0.0014810875007855203 
-1.0699661335700583 -0.7261839342066025 -1.0943777422373568 
-1.0745024919390371 -1.0146478539148522 -1.0741807100529248 
-0.5163641434279241 -4.816744717277859E-4 -1.1060933080745852 
-1.0745024919390371 -0.8909323402789622 -1.0837420518376282 
-0.6879373848202553 -0.005051699348427769 5.609691046731462E-4 
-0.7612533462905317 -4.0815672179294444E-4 -1.0163109321140218 
-0.892690385387287 6.494521431839044E-5 5.362697875903803E-4 
-1.0749076358427077 -0.9595977329769596 -1.0911984775101533 
-1.0962698016406147 -0.9507492917879712 -1.019556357007764 
-0.944979049431409 -6.064657534978771E-4 -1.017955294579557 
-1.0699661335700583 -0.7081426178427881 -1.0943777422373568 
-1.027654102349005 -0.788573190344134 -1.0773760337771021 
-1.0736593878255773 -0.7569465817833931 -1.0892458105079412 
-0.7072428859556336 -3.9648210079046525E-4 -1.0570913979283754 
-1.1020391950320947 -1.1568541962851806 -1.156823723804086 
1.6677015403110396E-4 -5.091518116130519E-4 -0.9063947191101487 
-1.1118641459110947 -1.0261804187931793 -1.1060933080745852 
-1.1378399277021158 -1.1559940776785895 -1.1506051383198532 
-1.0362613664807323 -1.0318640491725184 -1.0712923289602447 
-0.8397502336174023 1.4008701342556383E-4 -0.9898342810961314 
-0.6739416230049909 -0.0016166695137217468 -1.0720568570043063 
-0.6403067628955252 -5.334260524407436E-4 5.931295601601713E-4 
-1.0229019507241008 3.422789323111157E-4 -0.9731687037791815 
-0.5896576764593116 6.131676521113058E-5 5.362697875903803E-4 
-1.0418902898356208 -5.763547933974496E-4 5.693042989896506E-4 
-0.948358650834024 2.1163267566504107E-4 9.308538607492944E-4 
-1.153043176614465 6.131676521113058E-5 5.362697875903803E-4 
-0.8998513001611964 1.9097262577210105E-4 -0.9762998494956627 
-0.9938370382114203 -5.704720257457571E-4 5.693042989896506E-4 
-0.8020711964315965 6.615554371412389E-5 5.362697875903803E-4 
-0.9338870564789289 -5.717406966531979E-4 0.0014810875007855203 
-1.1020408248081435 -0.864568212954163 -1.0709698029098205 
-0.7839737217507662 -5.704720257457571E-4 0.0014810875007855203 
-0.5591960280980329 -5.194071394096799E-4 -1.1039597304893305 
-0.820839777238873 1.506429843852981E-4 6.281375739435556E-4 
1.6677015403110396E-4 0.00425144583104379 -0.9200583009808612 
-0.6132966501164747 1.5509601626991371E-4 0.0012934303042266503 
-0.943431158107672 0.004285722184783569 -0.9455501505658408 
-1.0736593878255773 -0.861449886026967 -1.0713385756887206 
-0.9574074240472519 -4.625280875431527E-4 -0.9817191589980924 
-0.664272767270351 1.5215194998388464E-4 5.860083201173278E-4 
-1.0997365359940454 -0.9612420401721697 -1.0918047900571202 
-1.0961830353453779 -0.8175175465576124 -1.0941377666925844 
-1.0961830353453779 -1.0213461293703683 -1.0941377666925844 
-1.0757687646727254 -0.6381276106690879 -1.0642318862862346 
-0.9328897072106217 -5.209498366250762E-4 -0.9886980982885792 
-1.1002929672193924 -0.5468469563600709 -1.097833991229045 
