0.6184341467297666 2.374908977213929 
0.9999999999849998 1.0000000000150204 
0.5218227230855 4.425233370818363 
0.5158881198459547 4.640690630064801 
0.40479503391404814 8.389755540351628 
0.5910477294259506 2.844052423893541 
0.4474620807765976 6.669595714877411 
0.3915198716470122 8.887446324948401 
0.442263690589503 6.8930777511424175 
0.7397822751282748 1.3517506060695859 
0.6305019339139815 2.2233835509962656 
0.437004672317994 7.056447374962563 
0.5348845154946092 4.131818916799821 
0.4508210258858513 6.60730178948619 
0.48289512254450917 5.548701041127518 
0.5321010166612551 4.179925152180284 
0.8589793298933885 1.1705586674903041 
0.6640434595343196 1.5420023829782985 
0.4175246002972881 7.799022147743617 
0.47434118686805243 5.79724871783574 
0.771004998635753 1.2970086818404218 
0.6117503394293138 2.447539320174475 
0.5071925133750333 4.821649650195358 
0.4375314818431247 6.999970129671528 
0.4313356411062385 7.232234030928716 
0.6350274427553279 2.153853790968743 
0.40856031839890106 8.176105423968076 
0.4355796643578458 7.135103238297823 
0.3929072032244506 8.855728756943162 
0.823631719825871 1.2141475673775781 
0.49753447029975145 5.083994267590402 
0.8930538038051595 1.1197770377723277 
0.3942935879096326 8.779738987151584 
0.6684073298633958 1.4960991644801445 
0.4119109167750851 8.000741716717185 
0.40479528453155206 8.305542556529582 
0.7985326442679853 1.2522976605950036 
0.4897777882521255 5.2922179389391575 
0.39552398629822116 8.716764565100062 
0.5291041563265526 4.268502776896023 
0.41474655219649076 7.911117679957373 
0.6351971370140576 2.0536613760654694 
0.561546088381425 3.4726738550239786 
0.47889188779444103 5.70543561873036 
0.5022052110441507 4.944971895101512 
0.49940358724420736 5.020292213551088 
0.5565304546283079 3.6428537455489227 
0.5765943525568957 3.142888307788047 
0.9300406022624598 1.0759804264053865 
0.4687616066406253 5.989178123308202 
0.4584332184359912 6.280022791216009 
0.5960937670935162 2.774714686701307 
0.9616184515028373 1.039913490051262 
0.587493874523983 2.9818502875013984 
0.688052636949656 1.45339371777147 
0.4848582643242582 5.442752949389952 
0.6589750370286468 1.625943741187989 
0.4061527652380078 8.245876150952812 
0.40163172131637137 8.457049875780532 
0.5500023081349464 3.7878775503671185 
0.49396127224058883 5.213498680990449 
0.46189096248742617 6.155232063152778 
0.4527500984147077 6.532905472802887 
0.5092010588078015 4.7773146866140435 
0.5438499175202552 3.880302835383646 
0.6454164638397552 1.8601763395937225 
0.42882105556388395 7.359377622930027 
0.5886071669466523 2.9127392550990616 
0.44707189645377265 6.780788162000758 
0.4197909046749948 7.682664309770967 
0.5108977386797767 4.705823578743715 
0.5651426335943069 3.3884286732103868 
0.5703326189348757 3.304677407944057 
0.46530709377850643 6.110476069266577 
0.7109294168064799 1.4066119317657924 
0.47116065740632374 5.872335809635676 
0.39013549867924524 8.960311547647686 
0.6102098373146344 2.5183502834843283 
0.6193761528421047 2.30248403844732 
0.4960829132187506 5.135384940525101 
0.39833267160593555 8.575948796218249 
0.48764953324044286 5.385808063102423 
0.6391730475807511 1.953120898483175 
0.5809035995557198 3.056406888885117 
0.6528207804656443 1.7233260275150593 
0.42560460501439396 7.461575576465855 
0.5175114017530794 4.545373977326497 
0.47899228525294096 5.616434711779301 
0.5253616384740621 4.35565511453349 
0.4547544301740773 6.393776216329605 
0.5393623073296921 3.982702070118137 
0.5507433648883663 3.710992795533082 
0.4093920181152311 8.126797865079535 
0.42244373373143623 7.570378579508462 
0.5725629177393591 3.230264313938466 
0.5576362626364414 3.5570998738298285 
0.43249074430172496 7.1860633196074355 
0.5348919468252249 4.087052970661744 
0.6003546575138059 2.663706056444664 
0.6039775160906546 2.5922767211811495 
