0.6184341467297666 0.46872480688415885 
0.9999999999849998 2.0289042866020353E-14 
0.5218227230855 1.3091873278492647 
0.5158881198459547 1.3940771639308696 
0.40479503391404814 2.39613137848721 
0.5910477294259506 0.6809707275106487 
0.4474620807765976 1.9843911765177251 
0.3915198716470122 2.4796118444135082 
0.442263690589503 2.048558005740637 
0.7397822751282748 1.1387641824879792E-6 
0.6305019339139815 0.401847628735681 
0.437004672317994 2.0837004728246837 
0.5348845154946092 1.2100459594239332 
0.4508210258858513 1.9787105710735853 
0.48289512254450917 1.6794406692181183 
0.5321010166612551 1.2241424230430806 
0.8589793298933885 0.005485699801719202 
0.6640434595343196 0.023956597003074107 
0.4175246002972881 2.256283604946351 
0.47434118686805243 1.7498738373875002 
0.771004998635753 1.769729342598566E-7 
0.6117503394293138 0.4972830098833271 
0.5071925133750333 1.4455046046964337 
0.4375314818431247 2.062707303692793 
0.4313356411062385 2.119520302360993 
0.6350274427553279 0.3677562649477496 
0.40856031839890106 2.340432235279379 
0.4355796643578458 2.1079058736963443 
0.3929072032244506 2.479479618404878 
0.823631719825871 1.04490415921504E-5 
0.49753447029975145 1.5294623949325636 
0.8930538038051595 2.1142996251174962E-5 
0.3942935879096326 2.4617947861540816 
0.6684073298633958 3.6477410308850467E-6 
0.4119109167750851 2.295592855413644 
0.40479528453155206 2.362044462359307 
0.7985326442679853 5.623255401132708E-7 
0.4897777882521255 1.5920107970818422 
0.39552398629822116 2.4476894684114567 
0.5291041563265526 1.258482560547117 
0.41474655219649076 2.2811087817830216 
0.6351971370140576 0.304479826473136 
0.561546088381425 0.9500664195131587 
0.47889188779444103 1.7322868341434265 
0.5022052110441507 1.4833906541868485 
0.49940358724420736 1.5071519404615756 
0.5565304546283079 1.027359051154776 
0.5765943525568957 0.8121716489876867 
0.9300406022624598 7.054837966841143E-4 
0.4687616066406253 1.8074967595388374 
0.4584332184359912 1.8789710600285319 
0.5960937670935162 0.6539901302054877 
0.9616184515028373 5.856143545893318E-15 
0.587493874523983 0.7518187786546493 
0.688052636949656 1.138003872412651E-5 
0.4848582643242582 1.638963748186949 
0.6589750370286468 0.07145633705585133 
0.4061527652380078 2.3490854005196247 
0.40163172131637137 2.39661949886814 
0.5500023081349464 1.083341395634462 
0.49396127224058883 1.575266441286674 
0.46189096248742617 1.8430460619831022 
0.4527500984147077 1.95777359574549 
0.5092010588078015 1.4326136966819316 
0.5438499175202552 1.1103023769770086 
0.6454164638397552 0.20058843521895997 
0.42882105556388395 2.155856080558081 
0.5886071669466523 0.7144592009981608 
0.44707189645377265 2.0314998230369703 
0.4197909046749948 2.225112600913049 
0.5108977386797767 1.4041946250061377 
0.5651426335943069 0.9149455041245813 
0.5703326189348757 0.884765320807651 
0.46530709377850643 1.8432478613935426 
0.7109294168064799 1.800323290797097E-6 
0.47116065740632374 1.7668136005786415 
0.39013549867924524 2.49573561396293 
0.6102098373146344 0.5367221167862355 
0.6193761528421047 0.426103705713854 
0.4960829132187506 1.5475767217953922 
0.39833267160593555 2.416080595553322 
0.48764953324044286 1.6263867880945102 
0.6391730475807511 0.2483822369771458 
0.5809035995557198 0.7754777634602634 
0.6528207804656443 0.12502304227913935 
0.42560460501439396 2.175680926006799 
0.5175114017530794 1.3522828584982052 
0.47899228525294096 1.6902288975691104 
0.5253616384740621 1.288294107599243 
0.4547544301740773 1.9075980599175373 
0.5393623073296921 1.1481193779456595 
0.5507433648883663 1.043804659288375 
0.4093920181152311 2.327046178799463 
0.42244373373143623 2.198058992888041 
0.5725629177393591 0.8495295606579369 
0.5576362626364414 0.9835678794670228 
0.43249074430172496 2.1079058736963443 
0.5348919468252249 1.1861317202550787 
0.6003546575138059 0.5991683372342866 
0.6039775160906546 0.5656768550786171 
