0.617769762245572 2.392584915026753 
0.4366996291125297 7.064349598966419 
0.5477068159959939 3.782455977651414 
0.6001203206722827 2.7119885808441557 
0.3929397838820759 8.889234659413 
0.7465962783456009 1.3394120528011468 
0.5882045818310917 2.92511121124703 
0.5655637114197458 3.381494628455439 
0.4242476885419194 7.576384537213323 
0.6027885532980897 2.6228684977739833 
0.8704077664256376 1.1488868707209043 
0.4854290858945661 5.548881290957126 
0.5017576112919526 5.06378184422944 
0.9999999997889261 1.0000000058341632 
0.8001929428500082 1.249698828313013 
0.5590922919423792 3.5239365767788535 
0.5369627987641654 4.068445905727601 
0.7242712143081304 1.3829505771231054 
0.41294563249896 7.963357411114923 
0.467601040025698 6.039434161067456 
0.5825161819433361 3.052631242513726 
0.6676734657821713 1.497738126672265 
0.65277357117021 1.7581384081032487 
0.8326126540779523 1.2010387434761565 
0.5206173573222432 4.534989574013371 
0.768397961257275 1.3014092239582593 
0.5434546940656798 3.8989339775574705 
0.44133892843137384 6.900033521240325 
0.4051520657215639 8.3545399952983 
0.4206618587087624 7.7070037215475615 
0.9588275859049139 1.0430076874049863 
0.43406865165076836 7.1330436350977235 
0.5105731241163618 4.715803397806403 
0.5925311312698496 2.830674121816118 
0.5866596380617091 2.963429149194152 
0.515077664358141 4.631956094845559 
0.5399077812033446 3.9924456065328346 
0.45947960061181176 6.244077751844191 
0.9130386692271308 1.095333765554595 
0.5086510623727298 4.79662562676973 
0.4053608832684537 8.28327216914956 
0.4682513863171117 5.95153109332915 
0.432202035266933 7.196757864575046 
0.5032515653246301 4.998809334931291 
0.4261178217756637 7.531001407408758 
0.44413164240325836 6.799332782555699 
0.49472191324672926 5.179816947431494 
0.4915447099191734 5.243628904935488 
0.5728708579366635 3.2439273675717506 
0.5044978461678912 4.893022481622228 
0.5527339144838257 3.709585913674841 
0.41138614181804434 8.032766764687853 
0.39549640937054287 8.712835322365565 
0.41739391790775354 7.781152104537003 
0.5296557242523742 4.2291740996507485 
0.5336308210385987 4.151136792486915 
0.40872390500056 8.130010005145317 
0.4423911476173616 6.849984345916239 
0.6976813289164981 1.4436096070388242 
0.6122098583991575 2.502625431330338 
0.5207673344488529 4.448243029698284 
0.47230178563164166 5.831596700704828 
0.6295847220717637 2.119697192035079 
0.4881225058180552 5.3412273414302796 
0.4288955714931302 7.325812795512307 
0.4477498173713115 6.639625953265329 
0.4513090472180829 6.528726192717806 
0.41693815260922173 7.875822616151942 
0.6223026895171833 2.353554278978171 
0.4456718923523693 6.720077655171666 
0.4751250884137146 5.751191439545451 
0.4207323878060101 7.639686700087169 
0.42627847509686095 7.4229649560463375 
0.6458140374540869 1.861490837792289 
0.6246659938000934 2.208919936667675 
0.389864369004052 8.969807380486763 
0.6059319296493232 2.5590058906700475 
0.3996927290454374 8.548123648036183 
0.4855766610792839 5.433863278208755 
0.4780317335487901 5.649248591315485 
0.5897873613030384 2.879266803512635 
0.45473622192806196 6.435374650222416 
0.40728118433261584 8.190726742442163 
0.6578131966372236 1.6428330400805835 
0.4621996712318268 6.145909230254634 
0.5243719345163393 4.37547334292394 
0.39777888673651585 8.626683299051797 
0.5954182009105286 2.772623933122065 
0.5771100509749867 3.130938144127981 
0.6547109310024575 1.6921075547125168 
0.6416761985990435 1.9215881997249094 
0.39309492187400946 8.812277098164927 
0.6378858140050778 1.9763647743421757 
0.4010765963450072 8.482526851909295 
0.45693823864875843 6.340899681546323 
0.4382405371838574 6.974378170155985 
0.6337831988498903 2.0457511203139833 
0.5548676018120933 3.619067742552005 
0.5263796735775121 4.306875912322699 
0.6627345062031877 1.564218721408434 
