0.617769762245572 0.4780666141084191 
0.4366996291125297 2.084998849789883 
0.5477068159959939 1.0716769201644705 
0.6001203206722827 0.6275194567957636 
0.3929397838820759 2.4929339459468034 
0.7465962783456009 5.379257772871262E-8 
0.5882045818310917 0.7205638168209972 
0.5655637114197458 0.9124506522151922 
0.4242476885419194 2.214263627417492 
0.6027885532980897 0.5810351072643132 
0.8704077664256376 5.50199227273121E-8 
0.4854290858945661 1.6935883728067775 
0.5017576112919526 1.5407910822641224 
0.9999999997889261 5.623089205635673E-9 
0.8001929428500082 1.8310399718505816E-7 
0.5590922919423792 0.9702057773708712 
0.5369627987641654 1.1846041001601024 
0.7242712143081304 0.0016312938210812783 
0.41294563249896 2.2884336629481323 
0.467601040025698 1.8240456948818715 
0.5825161819433361 0.7782070962700376 
0.6676734657821713 5.8693679831828715E-9 
0.65277357117021 0.14766628726906572 
0.8326126540779523 5.585613160722952E-8 
0.5206173573222432 1.360994287506767 
0.768397961257275 1.94450938904617E-7 
0.5434546940656798 1.1188939719557793 
0.44133892843137384 2.045253400404764 
0.4051520657215639 2.3848591372485313 
0.4206618587087624 2.242042510581546 
0.9588275859049139 6.45429947901023E-5 
0.43406865165076836 2.096230632852964 
0.5105731241163618 1.4077624735365695 
0.5925311312698496 0.6772625396559926 
0.5866596380617091 0.7385242720877596 
0.515077664358141 1.3858171267425061 
0.5399077812033446 1.155552448998184 
0.45947960061181176 1.8690263516064682 
0.9130386692271308 8.208366150945848E-5 
0.5086510623727298 1.4398087208606845 
0.4053608832684537 2.357714522839466 
0.4682513863171117 1.7868126851607702 
0.432202035266933 2.1104533963926415 
0.5032515653246301 1.5156586225635453 
0.4261178217756637 2.2090939155144778 
0.44413164240325836 2.019798835962779 
0.49472191324672926 1.5625689505011418 
0.4915447099191734 1.5774780490003069 
0.5728708579366635 0.858351454145051 
0.5044978461678912 1.4685193032294839 
0.5527339144838257 1.0504139431795536 
0.41138614181804434 2.3045689274491505 
0.39549640937054287 2.4458950854324177 
0.41739391790775354 2.2478055627488613 
0.5296557242523742 1.2400062707398996 
0.5336308210385987 1.215174534818328 
0.40872390500056 2.3229294369966174 
0.4423911476173616 2.030372435950847 
0.6976813289164981 0.007179469075470429 
0.6122098583991575 0.532131960940877 
0.5207673344488529 1.3164996655566648 
0.47230178563164166 1.7542735348264804 
0.6295847220717637 0.3345289675237031 
0.4881225058180552 1.6071732740428575 
0.4288955714931302 2.1420086655829365 
0.4477498173713115 1.9728913079883703 
0.4513090472180829 1.9464731975832148 
0.41693815260922173 2.2837309318563186 
0.6223026895171833 0.4646231577327907 
0.4456718923523693 1.9949497253352295 
0.4751250884137146 1.7325353411982307 
0.4207323878060101 2.214263627417492 
0.42627847509686095 2.1642501821608704 
0.6458140374540869 0.20217691363842893 
0.6246659938000934 0.3798371674633525 
0.389864369004052 2.4970082944813607 
0.6059319296493232 0.5505833773176867 
0.3996927290454374 2.4166228691014218 
0.4855766610792839 1.638557187393939 
0.4780317335487901 1.7005200973546013 
0.5897873613030384 0.6981551705311511 
0.45473622192806196 1.9263979551337647 
0.40728118433261584 2.3359288882066727 
0.6578131966372236 0.08067725363665657 
0.4621996712318268 1.8406372256443413 
0.5243719345163393 1.2943754212537009 
0.39777888673651585 2.4315124789253177 
0.5954182009105286 0.6508707540610135 
0.5771100509749867 0.8068958719572296 
0.6547109310024575 0.1078413125021235 
0.6416761985990435 0.23303741127225935 
0.39309492187400946 2.464061377435265 
0.6378858140050778 0.2606950528522207 
0.4010765963450072 2.402142998168909 
0.45693823864875843 1.89739953193425 
0.4382405371838574 2.0564552358125274 
0.6337831988498903 0.29656268908334327 
0.5548676018120933 1.0081034391053372 
0.5263796735775121 1.2670519368672721 
0.6627345062031877 0.03666172192640031 
