0.41351160252091623 0.18959691812095275 
0.6526387945937736 -0.4565197711558981 
0.6389199264411767 -0.3973543452999993 
0.4219500607681533 0.08488271581028536 
0.6361030752874974 -0.36998915771046154 
0.1975905250156929 0.5735533549544469 
0.23642883212030913 0.3015962940017563 
0.4524839095098452 -0.12171351480018809 
0.4317768280483142 -0.016949927793614497 
0.08157698485227301 0.6724603230348544 
0.22836900050339454 0.34739555058990335 
0.6404693421585101 -0.40909523652201474 
0.21246232220506647 0.46174666089964655 
0.2216431008431431 0.3932852204549397 
0.8319351483158686 -0.6114223805686301 
8.061884522266305E-4 0.9762860891071946 
0.4123959276573705 0.20406423315249275 
0.42446056157463197 0.056474709870080936 
0.6253726624912356 -0.23547756853666063 
0.21938065702193252 0.42107614187727704 
0.19459854261921267 0.5952928302786533 
0.21092527753031837 0.48155468462359585 
0.24420060658024512 0.27310306798379996 
0.6185999420057965 -0.12259440053404722 
0.6336279965347376 -0.3443889242302193 
0.4166566736002153 0.14844235210725112 
0.42322843153191503 0.07018038575155916 
0.24720221794822805 0.2590686812157446 
0.1893206733873532 0.6304178832027745 
0.01757311633966399 0.8625539482095232 
0.20727037806959764 0.5039704284157307 
0.0016810668528345618 0.9636393133690817 
0.21549689834614622 0.4379922792777253 
0.23342854885972694 0.31666778974761484 
0.4335902427440409 -0.032969989653602275 
0.025940551634599185 0.8230503306637752 
0.022229978268430983 0.8410673555433859 
0.634995890865045 -0.35948555807566085 
0.02921700059750425 0.8100129313054825 
0.6221663768292277 -0.17592184926852217 
0.43923566810337694 -0.07107477751155473 
0.44541966818221057 -0.10574170314879237 
0.4200795150647509 0.10736312616904128 
0.42556380261333676 0.04346858272815933 
0.6260926239483582 -0.24629594087048934 
0.4150099441287707 0.1697532716736141 
0.2082206270159392 0.4937549456826044 
0.19203390424528127 0.6129580437601457 
1.5889525725675297E-8 1.004915867302013 
0.6438924206225686 -0.4321024797906766 
0.2052353212730394 0.516213867350662 
0.41102990141287005 0.2221772076596807 
0.037172080166030144 0.7776549017419184 
0.04365401533554569 0.7515573225632631 
0.04033533971247344 0.7641106168860746 
0.6376715747939992 -0.38293056454398233 
0.6206946380413922 -0.16061605962916728 
0.226140278437428 0.3626177765769911 
0.005423303560121828 0.9316074302600768 
0.6280070647285061 -0.27305081141038345 
0.019942500792069107 0.8518082236291169 
0.6237273624282187 -0.2103137550343082 
0.012078179256928834 0.8896914025285545 
0.8374796197788891 -0.6854924888755753 
0.014458328913752372 0.8767036348703597 
2.0938018404162428E-4 0.9907130535183493 
0.20117340442284465 0.5575746170513209 
0.44203678774252264 -0.09090345253819737 
0.6307139651023093 -0.30848736558521855 
0.41884778740364137 0.12561710919757893 
0.43660991462504883 -0.056451704665524786 
0.009588804287888816 0.9021052147199347 
0.22372024585229547 0.37943616604563357 
0.033638472149082034 0.7920219267915386 
0.6474477174922008 -0.4448365549158092 
0.6227500921192171 -0.19476512124134707 
0.6197697133894288 -0.14537776447591533 
0.0077179053982470505 0.915077323165557 
0.18614105545582246 0.6509757752737337 
0.21939483578226382 0.40973504471562294 
0.8451574496736687 -0.752516611645577 
0.2305413957707128 0.3369440625549491 
0.4267410650849181 0.031587896903480184 
0.0034212054509502043 0.9458507181526775 
0.6319592771467073 -0.3258109487315147 
0.8333890576440506 -0.6244608604884001 
0.18278363263030473 0.6700835415905362 
0.6268759141790339 -0.2576655671235839 
0.2563195003997948 0.2451431302172258 
0.4280082262075564 0.019227126968432387 
0.24038244816505075 0.28384982081027543 
0.42974660311224283 0.0015424450386852626 
0.059510264054015855 0.7034645739994545 
0.8517082901516032 -0.7701371664049289 
0.6290277858168086 -0.2875262560590942 
0.05324803314306019 0.7207746209513565 
0.06797423999242352 0.6871834080302709 
0.2028632428713107 0.5338241341371998 
0.0480529145931075 0.7359723173765725 
0.40948447903407437 0.2431941230158535 
