2.9979551965815663 0.11817344216783575 
-3.141592653589793 1.0394960824622161 
-3.141592653589793 1.0394960824622161 
2.9979551965815663 0.11817344216783575 
0.6947661578132079 1.0165675996384085 
2.544136166810766 0.7731606889197453 
0.7033023664647492 0.8032350367893113 
2.562687048726425 0.3730515814027347 
2.544299143800239 0.6859816622679364 
2.550045647074924 0.5569431257015066 
2.5531310721188185 0.4554091064270249 
2.5479156657994135 0.5586131565831121 
2.5449474574448456 0.646304704694363 
0.7007934591757271 0.8942702027472826 
2.5531310721188185 0.4554091064270249 
0.7007079340832643 0.9452677138284338 
2.643880634031057 0.28531992879595847 
2.993542135484956 0.16907107439377717 
0.7008301183199903 0.8607120802695554 
2.643940925255375 0.22006886051825442 
0.7007079340832643 0.9452677138284338 
2.993542135484956 0.16907107439377717 
2.6434997159257785 0.33432208497840266 
2.643940925255375 0.22006886051825442 
2.6435463483250574 0.33417541050811206 
2.9937348691658756 0.16297522452437121 
2.5449474574448456 0.646304704694363 
0.7032175015429888 0.8400501324025256 
0.7032171714576376 0.8401783126484013 
2.6439402682614026 0.22779048512413705 
2.6439409173772934 0.2202550777641039 
2.6439164574056866 0.25197238094543034 
2.643922357743233 0.24360540671656702 
2.643908285736264 0.2588819585388694 
2.6439373781853903 0.23675411424165818 
2.643880714369291 0.27902017508631327 
2.643917434360898 0.25045722315723995 
2.643921622753496 0.24454810570033136 
2.6438899813254975 0.2747810825448403 
2.6439389205219754 0.23276763285736604 
2.64390359423359 0.26517197468600384 
2.6439067430130527 0.2603928282047073 
2.6438811499375774 0.2789411595244894 
2.6438987134578578 0.2688331802846903 
2.9937348691658756 0.16297522452437121 
2.6439007380579316 0.26556171695059544 
2.6438952019575814 0.2697885011279344 
2.643890708899146 0.27340187632450863 
2.9937210765476205 0.16612083860738325 
2.6439397680809806 0.2296249837595301 
2.6439380547022027 0.23511358395281942 
2.9937205693996867 0.16680782700471378 
2.6439398383330506 0.2293182169141407 
2.643890708899146 0.27340187632450863 
2.6438952019575814 0.2697885011279344 
2.6439380547022027 0.23511358395281942 
2.6439376767810057 0.2360648946479632 
2.643908285736264 0.2588819585388694 
2.6439071606852638 0.25980383082980807 
2.643917434360898 0.25045722315723995 
2.6439170067794273 0.2512815660953989 
2.9937205693996867 0.16680782700471378 
2.6439373781853903 0.23675411424165818 
2.6439170067794273 0.2512815660953989 
2.6439376767810057 0.2360648946479632 
2.9937210765476205 0.16612083860738325 
2.6439071606852638 0.25980383082980807 
2.64390675738135 0.26036274976568147 
2.643921622753496 0.24454810570033136 
2.643921921349111 0.24400250059545647 
0.7032171714576376 0.8401783126484013 
2.643921921349111 0.24400250059545647 
2.6439397680809806 0.2296249837595301 
2.6439398383330506 0.2293182169141407 
2.6435463483250574 0.33417541050811206 
2.6439067430130527 0.2603928282047073 
2.64390675738135 0.26036274976568147 
2.9979551965815663 0.11817344216783575 
-3.141592653589793 1.0394960824622161 
0.7007079340832643 0.9452677138284338 
2.5449474574448456 0.646304704694363 
2.993542135484956 0.16907107439377717 
2.643940925255375 0.22006886051825442 
0.7032171714576376 0.8401783126484013 
2.9937348691658756 0.16297522452437121 
2.6438952019575814 0.2697885011279344 
2.6439380547022027 0.23511358395281942 
2.643921921349111 0.24400250059545647 
2.6435463483250574 0.33417541050811206 
2.6439067430130527 0.2603928282047073 
2.64390675738135 0.26036274976568147 
2.9979551965815663 0.11817344216783575 
-3.141592653589793 1.0394960824622161 
0.7007079340832643 0.9452677138284338 
2.993542135484956 0.16907107439377717 
2.9979551965815663 0.11817344216783575 
0.7007079340832643 0.9452677138284338 
2.6438952019575814 0.2697885011279344 
2.6439380547022027 0.23511358395281942 
2.6439067430130527 0.2603928282047073 
