2.9979551965815663 -4.948280711653108 0.715718603058978 
-3.141592653589793 -4.999999999999663 6.128656927841118E-5 
-3.141592653589793 -4.999999999999663 6.128656927841118E-5 
2.9979551965815663 -4.948280711653108 0.715718603058978 
0.6947661578132079 3.87981895801834 3.200897808708933 
2.544136166810766 -4.156047151371206 2.7826357196758664 
0.7033023664647492 3.8112749706241735 3.23360168587067 
2.562687048726425 -4.185351452164571 2.7398341042400927 
2.544299143800239 -4.158395009595766 2.8221220945048957 
2.550045647074924 -4.158395009595766 2.7826357196758664 
2.5531310721188185 -4.158395009595766 2.7826357196758664 
2.5479156657994135 -4.158395009595766 2.7944435451682903 
2.5449474574448456 -4.158395009595766 2.803116391936452 
0.7007934591757271 3.8204344038993816 3.2283266931049446 
2.5531310721188185 -4.158395009595766 2.7826357196758664 
0.7007079340832643 3.8204344038993816 3.215195519407206 
2.643880634031057 -4.393535703864411 2.386568847250096 
2.993542135484956 -4.944831761029012 0.7376406229619511 
0.7008301183199903 3.8200771886409703 3.226046066520986 
2.643940925255375 -4.393529940634977 2.386568224370959 
0.7007079340832643 3.8204344038993816 3.215195519407206 
2.993542135484956 -4.944831761029012 0.7376406229619511 
2.6434997159257785 -4.3934900317743075 2.388211919899997 
2.643940925255375 -4.393529940634977 2.386568224370959 
2.6435463483250574 -4.393497876398303 2.3879360609035474 
2.9937348691658756 -4.944813905964144 0.736627094209136 
2.5449474574448456 -4.158395009595766 2.803116391936452 
0.7032175015429888 3.8102015609079096 3.23360168587067 
0.7032171714576376 3.8102015609079096 3.23360168587067 
2.6439402682614026 -4.393529940634977 2.386561113611388 
2.6439409173772934 -4.393529940634977 2.3865688498117974 
2.6439164574056866 -4.393495756288663 2.386568956939715 
2.643922357743233 -4.393496696367023 2.386568847250096 
2.643908285736264 -4.3934898209362645 2.3865691669360753 
2.6439373781853903 -4.393529940634977 2.386568850638286 
2.643880714369291 -4.3934896040913145 2.386571239223893 
2.643917434360898 -4.393495007573176 2.386568219402997 
2.643921622753496 -4.393496055282075 2.386568850638286 
2.6438899813254975 -4.39349794319308 2.386568850638286 
2.6439389205219754 -4.393529940634977 2.38656822570319 
2.64390359423359 -4.393497983082607 2.3865679361720593 
2.6439067430130527 -4.3934898209362645 2.3865685765317344 
2.6438811499375774 -4.393489865032611 2.3865685748985808 
2.6438987134578578 -4.393497942900327 2.386568850638286 
2.9937348691658756 -4.944813905964144 0.736627094209136 
2.6439007380579316 -4.393489904403468 2.3865691679261793 
2.6438952019575814 -4.3934898209362645 2.3865685748985808 
2.643890708899146 -4.393492556961546 2.386568586375143 
2.9937210765476205 -4.944807178324815 0.736627058819925 
2.6439397680809806 -4.393529940634977 2.386569165507714 
2.6439380547022027 -4.393529940634977 2.386569165507714 
2.9937205693996867 -4.944807277620663 0.736627058819925 
2.6439398383330506 -4.393529940634977 2.386569165507714 
2.643890708899146 -4.393492556961546 2.386568586375143 
2.6438952019575814 -4.3934898209362645 2.3865685748985808 
2.6439380547022027 -4.393529940634977 2.386569165507714 
2.6439376767810057 -4.393529940634977 2.386568850638286 
2.643908285736264 -4.3934898209362645 2.3865691669360753 
2.6439071606852638 -4.393489717192915 2.3865712828707055 
2.643917434360898 -4.393495007573176 2.386568219402997 
2.6439170067794273 -4.393495756288663 2.386568956939715 
2.9937205693996867 -4.944807277620663 0.736627058819925 
2.6439373781853903 -4.393529940634977 2.386568850638286 
2.6439170067794273 -4.393495756288663 2.386568956939715 
2.6439376767810057 -4.393529940634977 2.386568850638286 
2.9937210765476205 -4.944807178324815 0.736627058819925 
2.6439071606852638 -4.393489717192915 2.3865712828707055 
2.64390675738135 -4.3934898209362645 2.386568847250096 
2.643921622753496 -4.393496055282075 2.386568850638286 
2.643921921349111 -4.393496055282075 2.386568850638286 
0.7032171714576376 3.8102015609079096 3.23360168587067 
2.643921921349111 -4.393496055282075 2.386568850638286 
2.6439397680809806 -4.393529940634977 2.386569165507714 
2.6439398383330506 -4.393529940634977 2.386569165507714 
2.6435463483250574 -4.393497876398303 2.3879360609035474 
2.6439067430130527 -4.3934898209362645 2.3865685765317344 
2.64390675738135 -4.3934898209362645 2.386568847250096 
2.9979551965815663 -4.948280711653108 0.715718603058978 
-3.141592653589793 -4.999999999999663 6.128656927841118E-5 
0.7007079340832643 3.8204344038993816 3.215195519407206 
2.5449474574448456 -4.158395009595766 2.803116391936452 
2.993542135484956 -4.944831761029012 0.7376406229619511 
2.643940925255375 -4.393529940634977 2.386568224370959 
0.7032171714576376 3.8102015609079096 3.23360168587067 
2.9937348691658756 -4.944813905964144 0.736627094209136 
2.6438952019575814 -4.3934898209362645 2.3865685748985808 
2.6439380547022027 -4.393529940634977 2.386569165507714 
2.643921921349111 -4.393496055282075 2.386568850638286 
2.6435463483250574 -4.393497876398303 2.3879360609035474 
2.6439067430130527 -4.3934898209362645 2.3865685765317344 
2.64390675738135 -4.3934898209362645 2.386568847250096 
2.9979551965815663 -4.948280711653108 0.715718603058978 
-3.141592653589793 -4.999999999999663 6.128656927841118E-5 
0.7007079340832643 3.8204344038993816 3.215195519407206 
2.993542135484956 -4.944831761029012 0.7376406229619511 
2.9979551965815663 -4.948280711653108 0.715718603058978 
0.7007079340832643 3.8204344038993816 3.215195519407206 
2.6438952019575814 -4.3934898209362645 2.3865685748985808 
2.6439380547022027 -4.393529940634977 2.386569165507714 
2.6439067430130527 -4.3934898209362645 2.3865685765317344 
