2.005341964658874 0.43805842196735584 
-3.1415655034285876 1.0099152598816517 
-3.1415655034285876 1.0099152598816517 
-3.1415655034285876 1.0099152598816517 
-3.1415655034285876 1.0099152598816517 
-3.1415655034285876 1.0099152598816517 
-3.1415655034285876 1.0099152598816517 
-3.1415655034285876 1.0099152598816517 
-3.1415655034285876 1.0099152598816517 
-3.1415655034285876 1.0099152598816517 
-3.1415655034285876 1.0099152598816517 
-3.1415655034285876 1.0099152598816517 
-3.1415655034285876 1.0099152598816517 
-3.1415655034285876 1.0099152598816517 
-3.1415655034285876 1.0099152598816517 
-3.1415655034285876 1.0099152598816517 
-3.1415655034285876 1.0099152598816517 
-3.1415655034285876 1.0099152598816517 
-3.1415655034285876 1.0099152598816517 
-3.1415655034285876 1.0099152598816517 
-3.1415655034285876 1.0099152598816517 
-3.1415655034285876 1.0099152598816517 
-3.1415655034285876 1.0099152598816517 
-3.1415655034285876 1.0099152598816517 
-3.1415655034285876 1.0099152598816517 
-3.1415655034285876 1.0099152598816517 
-3.1415655034285876 1.0099152598816517 
-3.1415655034285876 1.0099152598816517 
-3.1415655034285876 1.0099152598816517 
-3.1415655034285876 1.0099152598816517 
-3.1415655034285876 1.0099152598816517 
-3.1415655034285876 1.0099152598816517 
-3.1415655034285876 1.0099152598816517 
-3.1415655034285876 1.0099152598816517 
-3.1415655034285876 1.0099152598816517 
-3.1415655034285876 1.0099152598816517 
-3.1415655034285876 1.0099152598816517 
-3.1415655034285876 1.0099152598816517 
-3.1415655034285876 1.0099152598816517 
-3.1415655034285876 1.0099152598816517 
-3.1415655034285876 1.0099152598816517 
-3.1415655034285876 1.0099152598816517 
-3.1415655034285876 1.0099152598816517 
-3.1415655034285876 1.0099152598816517 
-3.1415655034285876 1.0099152598816517 
-3.1415655034285876 1.0099152598816517 
-3.1415655034285876 1.0099152598816517 
-3.1415655034285876 1.0099152598816517 
-3.1415655034285876 1.0099152598816517 
-3.1415655034285876 1.0099152598816517 
-3.1415655034285876 1.0099152598816517 
-3.1415655034285876 1.0099152598816517 
-3.1415655034285876 1.0099152598816517 
-3.1415655034285876 1.0099152598816517 
-3.1415655034285876 1.0099152598816517 
-3.1415655034285876 1.0099152598816517 
-3.1415655034285876 1.0099152598816517 
-3.1415655034285876 1.0099152598816517 
