2.778662805743466 0.19342185875614384 
-3.141592653589793 1.026429860710016 
-3.141592653589793 1.026429860710016 
2.778662805743466 0.19342185875614384 
-0.05538444589613212 0.9095491591630747 
-0.05538444589613212 0.9095491591630747 
1.8650195991747593 0.8946759566937768 
1.8720212595890173 0.6605615032376679 
2.716306469830418 0.437920203001791 
1.9028283627886933 0.44551746519788915 
1.870649241388986 0.7774685366266686 
1.8683609365691927 0.8857745384393199 
1.8720212595857697 0.7671319364369822 
1.8794081730036252 0.5597667193215687 
1.9023354853881096 0.5178734582329005 
1.9027596535795284 0.4565687917219179 
2.71776800848166 0.3509782734927761 
2.717275141936776 0.3966160592060761 
2.718664164380302 0.2646018517854476 
2.778552574410776 0.22612225965266564 
2.717362388052293 0.38774125419194494 
2.718664164380302 0.2646018517854476 
1.9022814855401908 0.544376071427801 
2.718242969480133 0.2881081964551917 
1.9023337611390876 0.5189308145844588 
2.778587091788506 0.21628427299118333 
2.778552574410776 0.22612225965266564 
2.7178816348079726 0.32656378117511786 
2.7178037461942504 0.3432975598549364 
1.8650195991747593 0.8946759566937768 
1.891390444173091 0.5533894546843138 
2.778587091788506 0.21628427299118333 
2.71791515393463 0.31495448803825843 
1.9027604459076586 0.45487933154084653 
1.8683609365691927 0.8857745384393199 
1.9022814855401908 0.544376071427801 
1.891390444173091 0.5533894546843138 
2.716306469830418 0.437920203001791 
1.9028283627886933 0.44551746519788915 
2.7182358034666207 0.29075722651041436 
2.7177716991400804 0.3446913620268865 
1.8794081730036252 0.5597667193215687 
2.717899084956673 0.3219899892217979 
2.7182167810022753 0.2956677178995222 
2.7182159754603066 0.3018557680798387 
2.7182065171477228 0.3030452852593561 
1.8718970005922253 0.7731540445067844 
1.8720212447343119 0.7674500373875475 
2.718198525311606 0.307992458631365 
2.7182167810022753 0.2956677178995222 
1.8718970005922253 0.7731540445067844 
2.7181955241468043 0.30834338981190657 
2.7181666576864005 0.31192164548494683 
2.717899084956673 0.3219899892217979 
2.71788685480834 0.32517686800978357 
2.717920990152135 0.31235066497020203 
2.7173305204270877 0.390065131640716 
2.717316225427473 0.392687041971046 
2.717362388052293 0.38774125419194494 
2.7172925203384724 0.39503955641196553 
2.7173305204270877 0.390065131640716 
2.7173122114599066 0.3932269746254131 
1.9027596535795284 0.4565687917219179 
1.9027604459076586 0.45487933154084653 
2.7172916868391574 0.39555071246697515 
2.717802504993636 0.3435558620863767 
2.71788685480834 0.32517686800978357 
2.7182159754603066 0.3018557680798387 
1.9023354853881096 0.5178734582329005 
1.9023337611390876 0.5189308145844588 
2.7173122114599066 0.3932269746254131 
2.717316225427473 0.392687041971046 
2.7181666576864005 0.31192164548494683 
2.718198525311606 0.307992458631365 
1.8720212591357754 0.7674493667156562 
1.8720212447343119 0.7674500373875475 
1.8720212591357754 0.7674493667156562 
2.778662805743466 0.19342185875614384 
-3.141592653589793 1.026429860710016 
-0.05538444589613212 0.9095491591630747 
2.778552574410776 0.22612225965266564 
1.8650195991747593 0.8946759566937768 
2.778587091788506 0.21628427299118333 
1.8683609365691927 0.8857745384393199 
1.9022814855401908 0.544376071427801 
1.891390444173091 0.5533894546843138 
2.716306469830418 0.437920203001791 
1.9028283627886933 0.44551746519788915 
1.8794081730036252 0.5597667193215687 
1.8718970005922253 0.7731540445067844 
2.717899084956673 0.3219899892217979 
2.717362388052293 0.38774125419194494 
2.7173305204270877 0.390065131640716 
2.71788685480834 0.32517686800978357 
1.9027596535795284 0.4565687917219179 
2.7182159754603066 0.3018557680798387 
1.9023354853881096 0.5178734582329005 
2.7173122114599066 0.3932269746254131 
2.717316225427473 0.392687041971046 
2.7181666576864005 0.31192164548494683 
