2.778662805743466 -4.674447304644411 1.7750977561040364 
-3.141592653589793 -4.9999999995082955 1.6857114500003488E-5 
-3.141592653589793 -4.9999999995082955 1.6857114500003488E-5 
2.778662805743466 -4.674447304644411 1.7750977561040364 
-0.05538444589613212 4.9932752655508175 -0.2769277724322941 
-0.05538444589613212 4.9932752655508175 -0.2769277724322941 
1.8650195991747593 -1.4957846721633983 4.790210895152117 
1.8720212595890173 -1.4838316289671627 4.7862296269905436 
2.716306469830418 -4.553755852576257 2.0533130679230673 
1.9028283627886933 -1.6298709492822872 4.726752697830934 
1.870649241388986 -1.4788570784959123 4.752833982405064 
1.8683609365691927 -1.4383705434514282 4.769709277217927 
1.8720212595857697 -1.4957845105556207 4.769709277217927 
1.8794081730036252 -1.5185999405852373 4.7600612588543 
1.9023354853881096 -1.6298709492822872 4.727688345321051 
1.9027596535795284 -1.6295502095378769 4.726759852069045 
2.71776800848166 -4.558084877792091 2.0533364158510494 
2.717275141936776 -4.557417542934652 2.0533533517387346 
2.718664164380302 -4.560555775592834 2.0521328618100045 
2.778552574410776 -4.674110145410263 1.7745707400180895 
2.717362388052293 -4.557465025331179 2.0532636486558333 
2.718664164380302 -4.560555775592834 2.0521328618100045 
1.9022814855401908 -1.6298540696400328 4.727667462567979 
2.718242969480133 -4.558962242692615 2.053448854418535 
1.9023337611390876 -1.6298614043885549 4.727688345321051 
2.778587091788506 -4.67412245447993 1.7751121038862792 
2.778552574410776 -4.674110145410263 1.7745707400180895 
2.7178816348079726 -4.558084877792091 2.053308305292624 
2.7178037461942504 -4.558063516383984 2.053297387852371 
1.8650195991747593 -1.4957846721633983 4.790210895152117 
1.891390444173091 -1.5800619688062465 4.745271726663297 
2.778587091788506 -4.67412245447993 1.7751121038862792 
2.71791515393463 -4.558091604616147 2.053448201238921 
1.9027604459076586 -1.6295476747924365 4.726759852069045 
1.8683609365691927 -1.4383705434514282 4.769709277217927 
1.9022814855401908 -1.6298540696400328 4.727667462567979 
1.891390444173091 -1.5800619688062465 4.745271726663297 
2.716306469830418 -4.553755852576257 2.0533130679230673 
1.9028283627886933 -1.6298709492822872 4.726752697830934 
2.7182358034666207 -4.558959494102207 2.0534388498505587 
2.7177716991400804 -4.557991492670233 2.0533364158510494 
1.8794081730036252 -1.5185999405852373 4.7600612588543 
2.717899084956673 -4.558084877792091 2.0532973928844607 
2.7182167810022753 -4.5589518897011025 2.0534544257988854 
2.7182159754603066 -4.5589518897011025 2.0532971776844597 
2.7182065171477228 -4.558927107047481 2.0532971776844597 
1.8718970005922253 -1.4957846721633983 4.769680882888374 
1.8720212447343119 -1.4957846721633983 4.769680882888374 
2.718198525311606 -4.5589518897011025 2.053257803335656 
2.7182167810022753 -4.5589518897011025 2.0534544257988854 
1.8718970005922253 -1.4957846721633983 4.769680882888374 
2.7181955241468043 -4.558944034113672 2.053257803335656 
2.7181666576864005 -4.558926659889914 2.0533498725627704 
2.717899084956673 -4.558084877792091 2.0532973928844607 
2.71788685480834 -4.558084877792091 2.053308169286027 
2.717920990152135 -4.558084900518715 2.053448201238921 
2.7173305204270877 -4.557439795519989 2.0533557178829476 
2.717316225427473 -4.557439795519989 2.0532971776844597 
2.717362388052293 -4.557465025331179 2.0532636486558333 
2.7172925203384724 -4.557436278641059 2.0533557178829476 
2.7173305204270877 -4.557439795519989 2.0533557178829476 
2.7173122114599066 -4.557439795519989 2.0532971776844597 
1.9027596535795284 -1.6295502095378769 4.726759852069045 
1.9027604459076586 -1.6295476747924365 4.726759852069045 
2.7172916868391574 -4.5574298267196625 2.0532978764039425 
2.717802504993636 -4.558063516383984 2.053297387852371 
2.71788685480834 -4.558084877792091 2.053308169286027 
2.7182159754603066 -4.5589518897011025 2.0532971776844597 
1.9023354853881096 -1.6298709492822872 4.727688345321051 
1.9023337611390876 -1.6298614043885549 4.727688345321051 
2.7173122114599066 -4.557439795519989 2.0532971776844597 
2.717316225427473 -4.557439795519989 2.0532971776844597 
2.7181666576864005 -4.558926659889914 2.0533498725627704 
2.718198525311606 -4.5589518897011025 2.053257803335656 
1.8720212591357754 -1.4957846721633983 4.769680882888374 
1.8720212447343119 -1.4957846721633983 4.769680882888374 
1.8720212591357754 -1.4957846721633983 4.769680882888374 
2.778662805743466 -4.674447304644411 1.7750977561040364 
-3.141592653589793 -4.9999999995082955 1.6857114500003488E-5 
-0.05538444589613212 4.9932752655508175 -0.2769277724322941 
2.778552574410776 -4.674110145410263 1.7745707400180895 
1.8650195991747593 -1.4957846721633983 4.790210895152117 
2.778587091788506 -4.67412245447993 1.7751121038862792 
1.8683609365691927 -1.4383705434514282 4.769709277217927 
1.9022814855401908 -1.6298540696400328 4.727667462567979 
1.891390444173091 -1.5800619688062465 4.745271726663297 
2.716306469830418 -4.553755852576257 2.0533130679230673 
1.9028283627886933 -1.6298709492822872 4.726752697830934 
1.8794081730036252 -1.5185999405852373 4.7600612588543 
1.8718970005922253 -1.4957846721633983 4.769680882888374 
2.717899084956673 -4.558084877792091 2.0532973928844607 
2.717362388052293 -4.557465025331179 2.0532636486558333 
2.7173305204270877 -4.557439795519989 2.0533557178829476 
2.71788685480834 -4.558084877792091 2.053308169286027 
1.9027596535795284 -1.6295502095378769 4.726759852069045 
2.7182159754603066 -4.5589518897011025 2.0532971776844597 
1.9023354853881096 -1.6298709492822872 4.727688345321051 
2.7173122114599066 -4.557439795519989 2.0532971776844597 
2.717316225427473 -4.557439795519989 2.0532971776844597 
2.7181666576864005 -4.558926659889914 2.0533498725627704 
