0.9109307087434496 0.6711776093118309 
-3.1415795525455983 1.0012177655143966 
-3.1415795525455983 1.0012177655143966 
-3.1415795525455983 1.0012177655143966 
-3.1415795525455983 1.0012177655143966 
-3.1415795525455983 1.0012177655143966 
-3.1415795525455983 1.0012177655143966 
-3.1415795525455983 1.0012177655143966 
-3.1415795525455983 1.0012177655143966 
-3.1415795525455983 1.0012177655143966 
-3.1415795525455983 1.0012177655143966 
-3.1415795525455983 1.0012177655143966 
-3.1415795525455983 1.0012177655143966 
-3.1415795525455983 1.0012177655143966 
-3.1415795525455983 1.0012177655143966 
-3.1415795525455983 1.0012177655143966 
-3.1415795525455983 1.0012177655143966 
-3.1415795525455983 1.0012177655143966 
-3.1415795525455983 1.0012177655143966 
-3.1415795525455983 1.0012177655143966 
-3.1415795525455983 1.0012177655143966 
-3.1415795525455983 1.0012177655143966 
-3.1415795525455983 1.0012177655143966 
-3.1415795525455983 1.0012177655143966 
-3.1415795525455983 1.0012177655143966 
-3.1415795525455983 1.0012177655143966 
-3.1415795525455983 1.0012177655143966 
-3.1415795525455983 1.0012177655143966 
-3.1415795525455983 1.0012177655143966 
-3.1415795525455983 1.0012177655143966 
-3.1415795525455983 1.0012177655143966 
-3.1415795525455983 1.0012177655143966 
-3.1415795525455983 1.0012177655143966 
-3.1415795525455983 1.0012177655143966 
-3.1415795525455983 1.0012177655143966 
-3.1415795525455983 1.0012177655143966 
-3.1415795525455983 1.0012177655143966 
-3.1415795525455983 1.0012177655143966 
-3.1415795525455983 1.0012177655143966 
-3.1415795525455983 1.0012177655143966 
-3.1415795525455983 1.0012177655143966 
-3.1415795525455983 1.0012177655143966 
-3.1415795525455983 1.0012177655143966 
-3.1415795525455983 1.0012177655143966 
-3.1415795525455983 1.0012177655143966 
-3.1415795525455983 1.0012177655143966 
-3.1415795525455983 1.0012177655143966 
-3.1415795525455983 1.0012177655143966 
-3.1415795525455983 1.0012177655143966 
-3.1415795525455983 1.0012177655143966 
-3.1415795525455983 1.0012177655143966 
-3.1415795525455983 1.0012177655143966 
-3.1415795525455983 1.0012177655143966 
-3.1415795525455983 1.0012177655143966 
-3.1415795525455983 1.0012177655143966 
-3.1415795525455983 1.0012177655143966 
-3.1415795525455983 1.0012177655143966 
-3.1415795525455983 1.0012177655143966 
-3.1415795525455983 1.0012177655143966 
-3.1415795525455983 1.0012177655143966 
-3.1415795525455983 1.0012177655143966 
-3.1415795525455983 1.0012177655143966 
-3.1415795525455983 1.0012177655143966 
-3.1415795525455983 1.0012177655143966 
-3.1415795525455983 1.0012177655143966 
-3.1415795525455983 1.0012177655143966 
-3.1415795525455983 1.0012177655143966 
-3.1415795525455983 1.0012177655143966 
-3.1415795525455983 1.0012177655143966 
-3.1415795525455983 1.0012177655143966 
-3.1415795525455983 1.0012177655143966 
-3.1415795525455983 1.0012177655143966 
