0.9606968882569046 0.22016667366117237 
0.9971912740169772 0.11221206290322638 
0.4874085547905411 1.8740412294433901 
0.5290639696071116 1.946583649815481 
0.6019729118475058 1.011183301885687 
0.4351858637636111 2.6430183526262976 
0.6192288627795446 0.6901462127414515 
0.6107229275899044 0.9736952425592516 
0.4535046017324087 2.4473933622300863 
0.7520418876297774 0.03382167599372876 
0.5408493950030567 1.2086608923004971 
0.7083067563350531 0.9058212964465495 
0.4780868383337341 2.25417799682986 
