2.092283378753077 0.4068366550679574 
2.091375458762538 0.5402415253494526 
2.09185771069931 0.44741574855410743 
-3.141592653589793 1.0729101947424566 
2.080209808491436 0.6046408116111655 
2.079921598469541 0.662637101335834 
2.276171840638724 0.3093483624961808 
2.0918859218584682 0.42975865917091816 
2.0799444160739258 0.6610074346536748 
2.0923168418787603 0.3635974187785986 
2.0918859218584682 0.42975865917091816 
2.0918859218584682 0.42975865917091816 
2.276171840638724 0.3093483624961808 
2.0918859218584682 0.42975865917091816 
2.2761718406329274 0.30995827932116404 
0.15527846625188202 0.9150655435564472 
2.0918349694763916 0.47010627080103295 
2.0798934000286353 0.8325230766321622 
2.090283442367179 0.5788551824092014 
2.0913483074575154 0.5708858727461044 
2.0918859218584682 0.42975865917091816 
2.0799444160739258 0.6610074346536748 
2.090283442367179 0.5788551824092014 
2.0913483074575154 0.5708858727461044 
2.0918859218584682 0.42975865917091816 
2.09185771069931 0.44741574855410743 
2.0913483074575154 0.5708858727461044 
