2.092283378753077 -2.4910156070302314 4.335300281270362 
2.091375458762538 -2.4895690837596183 4.338524620280646 
2.09185771069931 -2.489317879215332 4.336850067127149 
-3.141592653589793 -4.99999999994886 3.8169362202955526E-4 
2.080209808491436 -2.4436079113181046 4.363373961850615 
2.079921598469541 -2.4438624203234673 4.361457293903945 
2.276171840638724 -3.241653832050062 3.8068440256086893 
2.0918859218584682 -2.489317879215332 4.336673401506674 
2.0799444160739258 -2.4438624203234673 4.361457293903945 
2.0923168418787603 -2.491034630271364 4.335300281270362 
2.0918859218584682 -2.489317879215332 4.336673401506674 
2.0918859218584682 -2.489317879215332 4.336673401506674 
2.276171840638724 -3.241653832050062 3.8068440256086893 
2.0918859218584682 -2.489317879215332 4.336673401506674 
2.2761718406329274 -3.2416538320492125 3.806844444991 
0.15527846625188202 4.940975822162381 0.772637160094158 
2.0918349694763916 -2.4902243115334812 4.336672600774655 
2.0798934000286353 -2.489317879215332 4.362617732087501 
2.090283442367179 -2.4835316277148864 4.33615683351936 
2.0913483074575154 -2.488994071746331 4.335291324716271 
2.0918859218584682 -2.489317879215332 4.336673401506674 
2.0799444160739258 -2.4438624203234673 4.361457293903945 
2.090283442367179 -2.4835316277148864 4.33615683351936 
2.0913483074575154 -2.488994071746331 4.335291324716271 
2.0918859218584682 -2.489317879215332 4.336673401506674 
2.09185771069931 -2.489317879215332 4.336850067127149 
2.0913483074575154 -2.488994071746331 4.335291324716271 
