0.19828414001696393 3.657412803093046 
0.6243845409653526 2.519999672664857 
7.455346841878097E-4 5.113352555706792 
0.06367646094348 4.891594809772846 
0.8320696484469933 2.5091300220844914 
0.42118068656386576 2.8136064888973116 
0.12007657653965098 3.89190565467823 
0.06689125379197369 4.448420930790886 
0.4894637941115514 2.701579660368957 
0.46984429113313364 2.8075532390304394 
0.8617080627805982 2.3451234254414692 
0.8492051085734355 2.4873979008913376 
0.03224919605552412 4.9119985055497395 
