0.19828414001696393 0.03959768079036896 0.9799203574862907 0.6548353534577414 0.32983558467966 0.9365792539805465 0.11536901585250292 0.08986472081005248 0.09212720590672141 0.7636435535034692 0.10239725709976855 0.10017531716970618 0.9565212517709859 0.9717555185754961 0.38909529782609575 0.10583942214083919 0.33822895178414136 0.9204825347570597 0.335055259031808 0.059187247017586375 0.5502265153675948 0.08885850905863757 0.16153866418029028 0.009906590602840382 0.4394437063029797 0.2556612406130494 0.44993045205739446 0.6468282362663045 0.6089813553935339 0.11448632555958138 
0.6243845409653526 0.4045805769312001 0.3076669222251167 0.5686642536049242 0.17313043911331727 0.0040473530664625335 0.5663002380858794 0.4486864608210961 0.1591393697728506 0.3869415878568996 0.344297629380651 0.6919854859179885 0.024774893399041376 0.6935329533366577 0.7216472246045733 0.7754468342914245 0.2552392390111443 0.08560847418145068 0.37340979423085474 0.48986088064582434 0.5383963079462795 0.6193292763682179 0.3204138696008454 0.783081815198275 0.08221270008106751 0.2550347866793916 0.5358653663610431 0.23860833229242517 0.752053880458646 0.18805939585844056 
7.455346841878097E-4 0.02663351637518796 0.7339999583292562 0.5701851893718544 0.7527113488647437 0.249595053192607 0.1005682272633186 0.6492064730493643 0.3220068424032302 0.08058531299389449 0.23073193106298417 0.14852350873654063 0.887329255136594 0.9094501532438324 0.8244986251110645 0.395043999965345 0.05167655749155409 0.7902543515195044 0.023815463721904795 0.09040039114983156 0.9338457347892571 0.6438132251949569 0.4028620475965672 0.9346248341924042 0.016868764864117147 0.6203414152131146 0.9878472666550404 0.20998681215597514 0.7479741270551417 0.11896623068185597 
0.06367646094348 0.943256065234262 0.9021615078270926 0.07403084746981914 0.9499919744610157 0.5674090985146268 0.6486818452774883 0.02903249872555347 0.04829780321294519 0.5164382472410969 0.8247552023534157 0.7626113782299297 0.10010542021002167 0.7930080886019071 0.43272454434950947 0.6878667919013534 0.940990662924658 0.7487635234414927 0.38389330915221553 0.9359940566569537 0.035741173150496075 0.1571403097153634 0.8134029388184583 0.26113998413310024 0.15380697898238804 0.333920706186139 0.27137794891829603 0.4444500103275172 0.14037869270317482 0.7391818015607823 
0.8320696484469933 0.011951314599461416 0.9945245039679432 0.07781199619188017 0.9735399755144162 0.5634061810941382 0.011872596410760106 0.2041865206365867 0.3681786878689711 0.10923083475957418 0.7267309361419754 0.8041503020757858 0.05869714080031574 0.8757379702341477 0.2644565201589346 0.5430776485059037 0.3454458678142177 0.5330098014721755 0.47914050625124505 0.8564642995732313 0.6012373827467635 0.20745838986759646 0.21224985151616982 0.036540580043225135 0.23160681249648674 0.9313047506348006 0.9076370038591494 0.996218851277939 0.9764519989465995 0.004002917420488639 
0.42118068656386576 0.9724410192168276 0.35606353152871373 0.7830025657250765 0.4109010538842538 0.12496534200055598 0.1070055720470201 0.0627224123803789 0.7631563384261433 0.5536325352745762 0.20988638143858207 0.022529963583814094 0.23122719580962625 0.11956041250459948 0.6137833657166174 0.625313832121276 0.04501964640077716 0.040587825250795295 0.5066991137957751 0.7511497876271325 0.001691253388863223 0.9395380690101658 0.17227803107767592 0.1409703162404532 0.08879561685304616 0.6550594255496931 0.12074837217733725 0.5189047737520116 0.3420440511883066 0.8090739875628133 
0.12007657653965098 0.2082026437705542 0.18504912398566353 0.6696258306687521 0.20863994498428773 0.1663835362481184 0.9727122184577484 0.517126132606201 0.30330245685459756 0.5469533004479329 0.5320605399885122 0.3959718539519548 0.2101719617152462 0.2925555202748148 0.9672734316519116 0.3842688741556334 0.07786181575748585 0.8898141500557819 0.7264507178791768 0.599347349799643 0.339034965668667 0.05815127446673651 0.10513584702223089 0.0500724805132452 0.3453545882587743 0.043720348301132694 0.5459061172706904 0.7389671314728845 0.17920037889784923 0.21550874319940794 
0.06689125379197369 0.3943204647269156 0.8318853023684352 0.5849768223566343 0.8252544497772942 0.9875827549984724 0.3047031152924786 0.8786355453853576 0.1828908842863899 0.21616584240771686 0.22177270772755897 0.12041669541531952 0.29595102092709524 0.22349687017996944 0.5336167287034419 0.37278115602525785 0.8732373547361425 0.7167492003118485 0.2668737020818287 0.15312710445775313 0.03799712031029512 0.10497377091865445 0.857882014818135 0.7346290208002978 0.12237946158988566 0.6472752256357898 0.48572409755873946 0.09216330466863398 0.21037802033722786 0.8997388259061011 
0.4894637941115514 0.17004157957974642 0.8140862273119529 0.1541074254230923 0.5132484087222786 0.37753519016715553 0.5973319255012867 0.25247891915722276 0.4538959884025119 0.22925605584048214 0.03931708740492457 0.292540532621986 0.07182091264784718 0.907089154014519 0.6664072636612629 0.0603881710371037 0.701144362313649 0.24330912155555107 0.9316668858293758 0.07765180441087649 0.2636441366389931 0.33154877504798197 0.20887269636251926 0.017459220100487616 0.6262868857924607 0.23304475621719112 0.7122009135152574 0.4056493850391435 0.2559993358505853 0.06952378551667415 
0.46984429113313364 0.06954313088097819 0.3375184531232338 0.8332304368861183 0.556380051610302 0.32533333556826827 0.008514153988107176 0.31002734981109537 0.743690227168198 0.7617658496700012 0.19495882104248008 0.35441010257347016 0.9875757703642207 0.30884662579099653 0.39249083703515464 0.11887553960856367 0.3176018310242186 0.4791648317053293 0.14147052348666533 0.14287346178955762 0.2722869774187514 0.1797085338068659 0.5941799518991289 0.3799890253047674 0.31123888978817515 0.9105744786888652 0.5236486413612185 0.6765663410962345 0.350585460015966 0.24360003167103228 
0.8617080627805982 0.5145354412065526 0.4327453187199112 0.9378814806559717 0.8528074855189048 0.9267742981102081 0.24194269324138984 0.017960272526728494 0.6061872353966004 0.5501897170359258 0.49729110579607827 0.4567164944428538 0.8777039914270295 0.7165730940842793 0.4714706821149208 0.11963102165457373 0.05281698884784103 0.4800082834944809 0.47822130886564895 0.568416675973263 0.07123311111997066 0.2145939525422117 0.7601087286296387 0.8063639792738705 0.07814549512996005 0.5836082812827756 0.8447377485953728 0.0032306856939140483 0.043072558381646586 0.5951280396974883 
0.8492051085734355 0.89638700982228 0.11816071652473714 0.3255730265608605 0.5656506934773795 0.5716919746821989 0.30305385322536194 0.08604058083035582 0.148077518798006 0.9444739358319697 0.6946497596654722 0.627044037260945 0.10209587770769579 0.609884071845234 0.4063601041412235 0.6389578334674574 0.24498692534025024 0.8764851153040119 0.9938531728243576 0.5154781938518299 0.335432377837271 0.4024254051303937 0.6329920166612067 0.14863295123181064 0.8394481665948015 0.4331901845671825 0.24513106540085972 0.5180252835282114 0.5563974312739073 0.7094025214112534 
0.03224919605552412 0.7833932824232716 0.7503417127050767 0.7533590334594905 0.2886392889132622 0.928472500312877 0.06496766636364204 0.7489279185711691 0.7781334348059754 0.33217676573493826 0.09654760425981224 0.6043640715442191 0.2981826120174522 0.155788421998582 0.6389143578836408 0.7765283090380068 0.0077009972716099995 0.29153892904754874 0.3161230119009708 0.9859176218319742 0.04158819693635185 0.9598447234902965 0.5221063949373169 0.6209858721978145 0.21867787432543662 0.29078007848545895 0.13570199929636773 0.6813791781878002 0.5852755305780477 0.3761758664681992 
