0.7402301346139996 1.3521979378158913 
0.40254828387911623 8.411740432085685 
0.41352373866528347 7.999373487087893 
0.5211336478256646 4.435988060336001 
0.6909227528708264 1.4473544838946344 
0.4406632668772781 6.886943178581449 
0.4926170418029584 5.214070929334045 
0.9640133845671166 1.0373299997230265 
0.6559331612019944 1.6955017377679893 
0.4490516942292054 6.607314766139155 
0.710476643417057 1.4075121248918883 
0.48735808029110406 5.4159500609682985 
0.9999999999921402 1.0000000237762685 
0.6489336704895569 1.7918874126322213 
0.3982275834432392 8.607037988102045 
0.5708481934673033 3.306082151783733 
0.40129882000355455 8.49936224540506 
0.8492076017771295 1.177580717257893 
0.41025388325185297 8.113409996975447 
0.4371858633105956 7.1193852320580735 
0.5887970516835268 2.9122753277738584 
0.46824296590247716 5.9983392198622925 
0.8131200664713709 1.2298323142750582 
0.5979892752048823 2.7322741880045074 
0.43936457319745004 6.947106941179116 
0.43798806788800815 7.042878949653968 
0.446955327905718 6.673615277813067 
0.7792066573014983 1.2833583188142188 
0.4137162489560123 7.922287765277878 
0.5641590483554517 3.425576760489759 
0.5012459282075318 4.9896723620827945 
0.6278391135835316 2.1571022530642714 
0.9239331800279728 1.0823293680600734 
0.6031394039930993 2.6326821525515203 
0.4453809643695681 6.740999428481454 
0.5155846303193483 4.617442085012061 
0.6602448252188573 1.6421190576001397 
0.6652332004177763 1.5828519848865685 
0.3930106109009434 8.819166127468796 
0.45630674492106793 6.357743547901558 
0.47375490093106265 5.797668983600602 
0.40666282977601687 8.21462003507449 
0.5413525944494375 3.9604682025842775 
0.6086468888712016 2.5501251106615745 
0.5062370094371748 4.852112513953762 
0.6668285582462311 1.4996578348126635 
0.4166632845243761 7.800838600247633 
0.4228412902073363 7.554703588248219 
0.5543045970249264 3.711044926324307 
0.891373887482143 1.1218637199568091 
0.5127999369623664 4.704340816886012 
0.6459532869903977 1.8713456489436453 
0.5548322493719485 3.6204775675581136 
0.5792875933699942 3.138402926562899 
0.47533253551081645 5.730953905607 
0.42235638120429264 7.611069426140058 
0.6004515533549576 2.681297585882911 
0.6225887093615347 2.3487207707503033 
0.5805857929241678 3.0591147963698924 
0.5876543761148263 2.9809825140430033 
0.49716821915146947 5.113933888101004 
0.4428014615585277 6.811760125333882 
0.5080014743356217 4.783057193289812 
0.42488437213891145 7.478657881878052 
0.5175626046731099 4.550683720727144 
0.39701424953021935 8.686988766486433 
0.3941509998689332 8.76362991384719 
0.5349734997071883 4.114196271600956 
0.49010626030697285 5.320809987798983 
0.41106234002096076 8.047272905593479 
0.4532267433433698 6.451135360753834 
0.42013037169601314 7.693809634003011 
0.5946495914335308 2.824852871521331 
0.5303465903202351 4.215311325902821 
0.40537732550427186 8.327830944061366 
0.6371764075459947 2.053487550920036 
0.5751354751299603 3.1980348062188124 
0.4320424628865383 7.204140440555279 
0.46304822882873486 6.151224715399525 
0.46478038536032024 6.061261220929905 
0.4513821487814266 6.536429914587914 
0.6240685787144122 2.2643619903223375 
0.48039641524525933 5.595651826715946 
0.477553702508627 5.669325606479899 
0.470400023934702 5.881983643479118 
0.5429383197444074 3.8945382608018497 
0.5474512266473317 3.7921299944771945 
0.5376413611415326 4.027639372444539 
0.4690591701631664 5.95734669495265 
0.5268657774786982 4.28667108410906 
0.45742174242382616 6.305122752303504 
0.6391167623871694 1.9589895953410341 
0.612510760773633 2.4325099780487465 
0.42924821863855783 7.308483870828318 
0.524741852010929 4.383141433382883 
0.48279308073451677 5.511580828393423 
0.4272886059699654 7.3930621565810295 
0.4594799393009443 6.239794088235924 
0.3916539770216793 8.880982734222131 
0.3900839849149092 8.94599168048822 
