0.7402301346139996 9.376615342298843E-4 
0.40254828387911623 2.386131675372668 
0.41352373866528347 2.3079308313605313 
0.5211336478256646 1.3117426395939948 
0.6909227528708264 1.0144392414979109E-5 
0.4406632668772781 2.0348228798718866 
0.4926170418029584 1.568540196959339 
0.9640133845671166 3.946000927322434E-9 
0.6559331612019944 0.11213581467763202 
0.4490516942292054 1.9670258900404336 
0.710476643417057 4.490061998184614E-6 
0.48735808029110406 1.6395070246659977 
0.9999999999921402 2.3768408531553252E-8 
0.6489336704895569 0.16281607578346236 
0.3982275834432392 2.427559938606037 
0.5708481934673033 0.8872710238002389 
0.40129882000355455 2.410784039863812 
0.8492076017771295 1.0496801567299761E-5 
0.41025388325185297 2.3285579576735818 
0.4371858633105956 2.112494578918014 
0.5887970516835268 0.7147391266839245 
0.46824296590247716 1.8086801467974711 
0.8131200664713709 1.33313197518961E-6 
0.5979892752048823 0.6338706613458239 
0.43936457319745004 2.0523126761682047 
0.43798806788800815 2.0846969435280656 
0.446955327905718 1.9828079048115486 
0.7792066573014983 1.3457232979377364E-6 
0.4137162489560123 2.277579177400873 
0.5641590483554517 0.9325701252664537 
0.5012459282075318 1.5010529545836577 
0.6278391135835316 0.3543131664729111 
0.9239331800279728 1.4869409771443674E-8 
0.6031394039930993 0.5878743443931939 
0.4453809643695681 2.0023128262717775 
0.5155846303193483 1.3806821704219445 
0.6602448252188573 0.08420061017375882 
0.6652332004177763 0.05296569169372173 
0.3930106109009434 2.466025867393419 
0.45630674492106793 1.9010812633858818 
0.47375490093106265 1.7466740949567976 
0.40666282977601687 2.340580628998155 
0.5413525944494375 1.1440097367034991 
0.6086468888712016 0.5521257148364961 
0.5062370094371748 1.4563189285166445 
0.6668285582462311 1.4671850792882579E-5 
0.4166632845243761 2.250323033223715 
0.4228412902073363 2.19444061238887 
0.5543045970249264 1.0570492624275925 
0.891373887482143 2.5283079142711205E-8 
0.5127999369623664 1.4123856743486343 
0.6459532869903977 0.2088018730303265 
0.5548322493719485 1.008757712608949 
0.5792875933699942 0.8180378783539686 
0.47533253551081645 1.7241088508477915 
0.42235638120429264 2.214583739919147 
0.6004515533549576 0.6099893004502916 
0.6225887093615347 0.4622870333120602 
0.5805857929241678 0.7760785896964681 
0.5876543761148263 0.7517874194991476 
0.49716821915146947 1.5424854040055263 
0.4428014615585277 2.0162573392839427 
0.5080014743356217 1.4298001060228251 
0.42488437213891145 2.1775648585834775 
0.5175626046731099 1.35526371954306 
0.39701424953021935 2.448858325804057 
0.3941509998689332 2.454193493024163 
0.5349734997071883 1.200985977900629 
0.49010626030697285 1.6077622849241493 
0.41106234002096076 2.3079308313605313 
0.4532267433433698 1.9238270704217153 
0.42013037169601314 2.2324031012920518 
0.5946495914335308 0.6797976059099957 
0.5303465903202351 1.2355759888308302 
0.40537732550427186 2.375913835355312 
0.6371764075459947 0.3084338206356513 
0.5751354751299603 0.8393032677568073 
0.4320424628865383 2.112494578918014 
0.46304822882873486 1.8483137095932893 
0.46478038536032024 1.8171553260333662 
0.4513821487814266 1.9504277802058891 
0.6240685787144122 0.41311716899539885 
0.48039641524525933 1.6881310785149275 
0.477553702508627 1.7074074341014431 
0.470400023934702 1.7668852466761025 
0.5429383197444074 1.114494059500063 
0.5474512266473317 1.0760062170826794 
0.5376413611415326 1.16542551438831 
0.4690591701631664 1.794348097108772 
0.5268657774786982 1.2585002935245742 
0.45742174242382616 1.8841002355547793 
0.6391167623871694 0.2520230877245129 
0.612510760773633 0.489938537244091 
0.42924821863855783 2.1371536825016872 
0.524741852010929 1.300017753379172 
0.48279308073451677 1.6609530878573606 
0.4272886059699654 2.158971222734814 
0.4594799393009443 1.8670602089130335 
0.3916539770216793 2.478272207718965 
0.3900839849149092 2.48968808374047 
