-18.1717737616091 -3.2614022407774845 
-16.116775823940962 -7.372177895715119 
-16.257346474219673 -6.900657284816223 
-15.451059112387727 -8.355452366131349 
-16.2992353863423 -6.728627437258943 
-18.616606092388846 -1.2075530809044894 
-15.423089514170758 -8.43456579564188 
-18.75284509213177 -0.721595692057492 
-16.33719320216111 -6.520617726851622 
-16.461733407957446 -5.914038507900409 
-18.202084924623332 -3.1365736362531345 
-16.595375750595885 -5.335409451783465 
-15.595973965673595 -7.880531635795303 
-16.050551025918015 -7.549366149258088 
-16.77309783327531 -4.559960907936752 
-16.844303923983386 -4.311968565756388 
-16.148783270997995 -7.231847937716803 
-18.354838876258725 -2.3614040193208137 
-15.23447265602356 -9.224776188648871 
-18.276215587513875 -2.7639060530920196 
-14.928762895535616 -10.49466720567731 
-15.209122368648035 -9.322271020000965 
-16.20441014152954 -7.070729497702774 
-15.405910919368829 -8.515186083958135 
-15.320951286686249 -8.866779894627067 
-18.637261847918055 -1.0901429560483051 
-14.899502763045248 -10.60139612898629 
-16.449290971213944 -5.990677899951965 
-18.528349153642118 -1.5682853686067169 
-14.546488869463953 -11.516281728507117 
-15.642803350465716 -7.751213054835996 
-16.52635363537954 -5.7024255455743695 
-18.41197070598448 -2.117275651007498 
-16.620979230708542 -5.1498934683142545 
-15.048801472289258 -9.994714638175505 
-16.81308182705208 -4.41975140822056 
-15.348942533521356 -8.753308787939602 
-17.94298714478418 -3.8702443790550682 
-15.003579692518523 -10.194751448792081 
-15.030319347595547 -10.088432663491776 
-14.613120137021355 -11.405210046639638 
-18.229735097913384 -3.0076353555895565 
-19.06767647330438 0.0036528942232455057 
-16.379705311043377 -6.383067781989043 
-18.03436210243554 -3.7489474033310195 
-18.4724727504484 -1.8294900111884973 
-18.971694977127335 -0.12785630396496644 
-16.70832880971397 -4.805587298394237 
-15.981674256708011 -7.6619292438412385 
-15.160594610570787 -9.539379755692158 
-16.5420723344846 -5.55500896005495 
-14.872110255547616 -10.708201171578539 
-18.081469449208328 -3.610879112407977 
-16.6607648788254 -5.037515800755217 
-14.791797001975667 -10.936753237411747 
-16.73741397651021 -4.674339130510701 
-14.948137814325825 -10.393222078573137 
-15.290028450648144 -8.990232413680491 
-18.436189369209643 -1.9809284221141978 
-16.68434939701828 -4.921346318464187 
-15.18499482000955 -9.435589290766128 
-16.583034027876813 -5.4112610611037475 
-18.845012277802034 -0.46028703023429185 
-15.260197149235289 -9.117702448751782 
-16.430559090019237 -6.137795821305329 
-16.896103587757786 -4.17893071647314 
-16.41220366741951 -6.24283961886462 
-16.60954170861823 -5.262006169791093 
-18.547238306649213 -1.4592527201990313 
-18.29964187037023 -2.6378132769145752 
-18.146953590357775 -3.3610509497442127 
-15.137625855700328 -9.63778289784769 
-14.45962895325435 -11.616272147443844 
-15.376358645059009 -8.635792740705206 
-18.93084748323291 -0.24815664362418322 
-18.582641908187732 -1.3381303821651827 
-14.683130262953288 -11.281501009380385 
-18.793296427018923 -0.6038839375796776 
-14.825761446322662 -10.825415370737186 
-14.71786835815504 -11.182087742001691 
-16.31938231055581 -6.634166537207598 
-19.991167826511848 0.016470714573900883 
-14.763379551933262 -11.061774995762413 
-16.956448206287654 -4.034163951262133 
-15.534575918735818 -8.003488991691722 
-15.503065739216186 -8.152391994085274 
-15.474234050102083 -8.26117644888431 
-18.672963643622428 -0.9660138053522885 
-16.491095469324627 -5.843972157516992 
-18.49266792469394 -1.681082098775589 
-18.1125207808024 -3.49709504870038 
-15.109507632597861 -9.747079971105471 
-14.980256076949939 -10.291945789440804 
-18.323604753482947 -2.504421291417208 
-18.24429805298115 -2.8928452372233475 
-15.877929667350207 -7.745730037744016 
-18.71476433841925 -0.8401090909915699 
-18.3819042145346 -2.2458863079837896 
-18.873807300067085 -0.36961979792897726 
-15.083824536000439 -9.86107663606854 
