-1.0082375704693245 2.7483515670546747E-4 9.907465549996546E-4 
-1.065406190843666 -0.001584060556488898 -1.0933461901121682 
-1.0298994861293813 -0.0015199239643697044 -1.0419793420939423 
-1.0745682181403164 -0.7023820302799534 -1.090110544546317 
-1.0042326354664337 1.41262203460842E-4 -1.0419793420939423 
-0.7438562355822693 4.2294562178065787E-4 -3.160668099023711E-4 
-1.0519948992780392 -0.7271743479071904 -1.101514445729133 
-0.664856302778818 2.771210625731877E-4 9.907465549996546E-4 
-0.9763051434070315 -0.011528211246610964 -1.0466907202154507 
-1.0519948992780392 -0.005910535909412151 -0.8961214724458669 
-1.5587624835065048E-5 2.754160063574383E-4 -0.9906472168458249 
-0.8603771519723225 -0.0022990320272216727 -1.0067705198907966 
-1.0902896787921932 -0.5930002874547302 -1.0959260194843072 
-1.1065669462992476 -7.696681676749688E-4 -1.0933322003831494 
-0.7052886660836897 2.5166935573288764E-4 -1.0605814811419814 
-0.6757514894970666 -0.0015469562522370517 -1.0483839147667682 
-1.0364614085956312 -0.003931295151012179 -1.1026186214953992 
0.0021779649218803387 -0.0015575566547401348 -0.8955167656423517 
-1.0745682181403164 -0.833339080600737 -1.077155219942575 
-0.9440404816205051 -0.0012778845456604597 9.934790743705451E-4 
-1.0851084146131642 -0.9839242451223122 -1.07818106125843 
-1.0819500405830471 -0.835589032382928 -1.0873404375146773 
-1.0225077097618112 2.441293714310561E-4 -1.082158517487504 
-1.0678848992306242 -0.7286204346805809 -1.0971658056543758 
-1.0689576896678186 -0.7945574526368369 -1.070557571254211 
-0.7276258029091203 -1.266790403632867E-4 0.004209617886985373 
-1.0888661888948776 -0.9983646603477487 -1.0745587353767023 
-0.949045717667556 0.03153791941822821 -1.0045885609899232 
-0.7947410643751682 2.7483515670546747E-4 9.907465549996546E-4 
-1.1338096972318423 -1.1318338821746339 -1.104999994735811 
-1.0891026956611092 -0.5626149786698905 -1.0953316168122 
-0.9562828852447185 3.060023224420882E-4 -0.9514779387244221 
-1.5587624835065048E-5 2.754814488094199E-4 -0.8643185525034283 
-1.068326382694838 2.441293714310561E-4 -0.7863152098074078 
-1.0890685077423732 -0.9367030343403517 -1.051076690376454 
-0.6822914335741962 -0.001205657338848812 -1.060611498456895 
-1.0689576896678186 -0.7791542803335536 -1.070557571254211 
-1.150166193524279 2.2939882516579497E-4 0.0010169337381441953 
-1.092914208399146 -0.9424820376835819 -1.077159136624182 
-1.0695443490148904 -0.942056132549414 -1.0776463357328765 
-1.1190546705639863 -1.112760510064911 -1.0933322003831494 
-1.437564690604015E-4 2.2386200225176422E-4 -0.9738330510415311 
0.0027343390691384533 -0.0015575566547401348 -0.4858746012410135 
-0.9800381019541118 4.784159402500752E-4 -1.0169215486966952 
-1.437564690604015E-4 -7.53807468574611E-4 -1.0933322003831494 
-1.8045905596672258E-4 2.6483349313849035E-4 -0.8284351570220913 
0.0072718039203177745 0.0018134537391630637 -0.5342089998151432 
-1.0364614085956312 -0.003931295151012179 -0.7654425535998417 
-1.1338096972318423 0.002318889328012271 -1.1091116737360076 
-1.0653298230457107 -0.8781279707685066 -1.077155219942575 
-0.8603771519723225 -0.0022990320272216727 -1.039473916484665 
-1.0905802020000641 -0.9999946527453061 -1.0948543690460377 
-1.063760333690471 2.53340360152242E-4 0.0010169337381441953 
-0.8711065178132964 -0.0015509182043071349 -0.956008523454825 
-1.0897794932006275 -1.0546677280110641 -1.0666924068800585 
-0.9498101427304295 -6.594098809270167E-4 -0.8317433598255319 
-1.1118761782071298 -0.9652004510838178 -1.067476898721595 
-1.0568604567059856 -0.8173355584975198 -1.0735632107384612 
-0.8482845860044541 -0.001547686083643196 6.430743234805994E-4 
-0.9045465823154749 -0.001511233506275933 -0.9080630699991459 
-1.0727543705376625 -0.860777388120184 -1.077155219942575 
-0.8810491272371952 1.1356211720302419E-4 -0.9931000902272589 
-0.6128410539553398 3.7567763574208564E-4 6.161110966831553E-4 
-1.0699829470941264 -0.8235688638843578 -1.0755026355553465 
-0.961059978677377 -0.004991248342483545 -1.0049039115110792 
-0.6020068340107232 -6.491680304819049E-4 -1.0967168808794776 
-0.980915459163798 1.1805455199257462E-4 -0.9961670511471712 
-1.0225077097618112 2.5104178509705987E-4 -0.8367665278194351 
0.002631189987925638 -0.0016835351459348268 -0.7812303766433211 
0.002631189987925638 -2.0448769316109487E-4 -0.9286856582536523 
-1.6898268351600576E-4 -0.0015508345409827233 -1.0227897873969156 
-1.0780164609274872 -0.886439706947463 -1.07043205541142 
-1.1366804270478497 -1.1476473178073678 -1.155306942039918 
-1.0697988644912724 -0.7488399368649885 -1.0908927520687197 
-0.5633957827498238 0.0014541761894342029 9.93631081080929E-4 
-0.7630248446318576 2.548430659718371E-4 9.907465549996546E-4 
-1.1249887136772836 -1.073932850074908 -1.0968481044512204 
-0.6423092341974563 4.949157147577314E-4 -3.160668099023711E-4 
-1.0691842548065704 -1.0443063611854821 -1.0755026355553465 
-1.0916551045349738 -1.073932850074908 -1.0972510915240756 
-0.9942504208950257 -0.0022990320272216727 -1.039635100131322 
0.0027177495957952935 -0.0012638838556425 6.47139851356982E-4 
-1.089596914223185 -1.0528558662902792 -1.0972257869683242 
-1.096763118063818 0.002060920299640251 -0.5680427358584782 
-1.1351072537934601 -0.5930002874547302 -1.0958741021292027 
-1.1093071992776509 -0.6585018717823061 -1.0706717557516574 
-1.0559203180995835 -0.7028085545909208 -1.0902841671001429 
-0.7081431012582092 0.003078627740219006 9.807800743806571E-4 
-0.9572219999565936 0.01162643921512736 -0.9717654894489033 
0.003791835893093402 0.0025069101646831918 -0.8115585151148946 
-1.7176920124478885E-4 -0.0015252947945728393 -1.0439897227186279 
-1.0519948992780392 -0.9163793486392005 -1.0702153566674697 
-1.0851084146131642 -0.9610124984498277 -1.0730929525736843 
-0.9131158798834245 -0.0011797995273917748 0.003410076376348034 
-0.961059978677377 0.002622145800656419 -0.0023316502196693667 
-1.1543465473325032 -0.001552415597916557 -1.1536733852297711 
-1.717507267784772E-4 -0.0015557342811425112 -0.6860350994765276 
-1.6898268351600576E-4 -0.00155376014679826 -0.8806844850885192 
0.0021779649218803387 -0.0015575566547401348 -0.594388039891654 
-1.0888569208863843 -0.9061565231661062 -1.0730929525736843 
