0.5128476491320444 4.65046127162383 
0.49675482197025955 5.092903308420743 
0.39168756360483065 8.922250499919548 
0.46920428089167954 5.919377305424487 
0.527707764053971 4.2680190234108615 
0.42053053056082385 7.645811919083771 
0.42053053056082385 7.645811919083771 
0.38916223671053685 8.990300028405608 
0.40857144919252825 8.140618076493519 
0.4115716237667963 8.008688773144005 
0.4423820482405185 6.823845696660396 
0.48309827217682855 5.49521557110947 
0.6291671243388361 2.1278291503638838 
0.5771257350866918 3.1298890010467884 
0.6667957461242923 1.4997548338620184 
0.6667957461242923 1.4997548338620184 
0.49842027072851447 5.046893635145364 
0.5211994324847474 4.433564621271533 
0.5128476491320444 4.65046127162383 
0.42775938112476886 7.379041891299548 
0.5206141630217147 4.446748967470152 
0.4145281598274473 7.886709355254216 
0.5035907268285714 4.900594309716856 
0.6408238646490563 1.9235730920444887 
0.5849244263832419 2.96808809182034 
0.42775938112476886 7.379041891299548 
0.5384424513675926 4.0075051350597715 
0.44843464026947477 6.611448863767287 
0.5206141630217147 4.446748967470152 
0.5663681379042966 3.3612462408413735 
0.46920428089167954 5.919377305424487 
0.4828801000181659 5.499844088523541 
0.6480679453798421 1.802810729841086 
0.4033210268544387 8.357838185315813 
0.5909372522606398 2.849684791275477 
0.43541995483260143 7.079046156701842 
0.6230894214194436 2.2353556173900464 
0.38916223671053685 8.990300028405608 
0.4423820482405185 6.823845696660396 
0.5989401985678763 2.6896140486446978 
0.46920428089167954 5.919377305424487 
0.4922520571722314 5.22660860244813 
0.630253642720839 2.1089108169144475 
0.38916223671053685 8.990300028405608 
0.5522876146243823 3.680740554347706 
0.606633228305163 2.540905319724922 
0.6181014129806272 2.326547859472783 
0.5849236377292566 2.9680920937008444 
0.3963778332978641 8.66003890320614 
0.527707764053971 4.2680190234108615 
0.6125679185675834 2.4275925369368534 
0.6125679185675834 2.4275925369368534 
0.40815945663579384 8.150406464121266 
0.5582889012390944 3.538670100925838 
0.6667957461242923 1.4997548338620184 
0.5931886590292228 2.8029463595356425 
0.4145281598274473 7.886709355254216 
0.5537087235713473 3.6448418106047984 
0.5663681379042966 3.3612462408413735 
0.5955275118561906 2.756783354733435 
0.43541995483260143 7.079046156701842 
0.49842027072851447 5.046893635145364 
0.4614805822176148 6.183894099887266 
0.572554948974955 3.227870691238235 
0.606633228305163 2.540905319724922 
0.5444353569299194 3.8576085253591472 
0.466731835582941 6.0115539979150485 
0.45630819183500543 6.340951432420186 
0.4046513869657384 8.30186886428268 
0.6586889633874031 1.6332806030488904 
0.5093393430512475 4.755794790449642 
0.45630819183500543 6.340951432420186 
0.47889750257556263 5.617951009294732 
0.42055130215443315 7.644888562142795 
0.6524521623727344 1.7292184317043389 
0.47889750257556263 5.617951009294732 
0.5420197129450848 3.914669588585345 
0.43782861656071176 6.988414271845712 
0.4614805822176148 6.183894099887266 
0.572554948974955 3.227870691238235 
0.5444353569299194 3.8576085253591472 
0.39646540924701634 8.656866538000529 
0.5582889012390944 3.538670100925838 
0.5035907268285714 4.900594309716856 
0.5774809185293219 3.1224956108068898 
0.6392385563691045 1.9516974831322875 
0.6408238646490563 1.9235730920444887 
0.5289726119453796 4.241629178543696 
0.4922520571722314 5.22660860244813 
0.44843464026947477 6.611448863767287 
0.48309827217682855 5.49521557110947 
0.42421910491504483 7.504772157514281 
0.392979913066231 8.8132633750438 
0.5384424513675926 4.0075051350597715 
0.4520450906323799 6.4885234770745175 
0.4457489828451145 6.70557108722658 
0.47528429288990715 5.739075076494273 
0.6625139569195928 1.566847882050041 
