0.5128476491320444 1.3849781305318989 
0.49675482197025955 1.5299242762862917 
0.39168756360483065 2.49473456018547 
0.46920428089167954 1.7773971719182244 
0.527707764053971 1.2522667757839585 
0.42053053056082385 2.215297342900569 
0.42053053056082385 2.215297342900569 
0.38916223671053685 2.4986852677531295 
0.40857144919252825 2.326024124835849 
0.4115716237667963 2.29614904260579 
0.4423820482405185 2.018746836165874 
0.48309827217682855 1.6547291476421886 
0.6291671243388361 0.33876014761879375 
0.5771257350866918 0.8063394904688794 
0.6667957461242923 3.01434485386054E-5 
0.6667957461242923 3.01434485386054E-5 
0.49842027072851447 1.5154740919671688 
0.5211994324847474 1.3107713644911774 
0.5128476491320444 1.3849781305318989 
0.42775938112476886 2.1564543927160384 
0.5206141630217147 1.3150404918671477 
0.4145281598274473 2.2692631161274432 
0.5035907268285714 1.4678938503222727 
0.6408238646490563 0.23267154277888413 
0.5849244263832419 0.7361072245629435 
0.42775938112476886 2.1564543927160384 
0.5384424513675926 1.1578108887897984 
0.44843464026947477 1.964802692883511 
0.5206141630217147 1.3150404918671477 
0.5663681379042966 0.9037027744631456 
0.46920428089167954 1.7773971719182244 
0.4828801000181659 1.655765263550566 
0.6480679453798421 0.16834384559684623 
0.4033210268544387 2.3708918791848124 
0.5909372522606398 0.683984900365265 
0.43541995483260143 2.0823579578090166 
0.6230894214194436 0.3928264383062673 
0.38916223671053685 2.4986852677531295 
0.4423820482405185 2.018746836165874 
0.5989401985678763 0.6109179723662048 
0.46920428089167954 1.7773971719182244 
0.4922520571722314 1.5728088365891737 
0.630253642720839 0.3291487245337109 
0.38916223671053685 2.4986852677531295 
0.5522876146243823 1.032827420811921 
0.606633228305163 0.5413975969224918 
0.6181014129806272 0.43804251930718074 
0.5849236377292566 0.7361072245629435 
0.3963778332978641 2.4326474567280605 
0.527707764053971 1.2522667757839585 
0.6125679185675834 0.4870653074816075 
0.6125679185675834 0.4870653074816075 
0.40815945663579384 2.3266654737565977 
0.5582889012390944 0.9756002424935213 
0.6667957461242923 3.01434485386054E-5 
0.5931886590292228 0.6626759923437896 
0.4145281598274473 2.2692631161274432 
0.5537087235713473 1.0181807065694612 
0.5663681379042966 0.9037027744631456 
0.5955275118561906 0.6417403319709645 
0.43541995483260143 2.0823579578090166 
0.49842027072851447 1.5154740919671688 
0.4614805822176148 1.8537470495880486 
0.572554948974955 0.8481333389196603 
0.606633228305163 0.5413975969224918 
0.5444353569299194 1.1002184743998074 
0.466731835582941 1.805783632152858 
0.45630819183500543 1.8934280826412428 
0.4046513869657384 2.359362750339666 
0.6586889633874031 0.07582390734302635 
0.5093393430512475 1.4223133942541657 
0.45630819183500543 1.8934280826412428 
0.47889750257556263 1.6904227079431084 
0.42055130215443315 2.215067839634685 
0.6524521623727344 0.12823230498028446 
0.47889750257556263 1.6904227079431084 
0.5420197129450848 1.1218280866798815 
0.43782861656071176 2.0597277525953417 
0.4614805822176148 1.8537470495880486 
0.572554948974955 0.8481333389196603 
0.5444353569299194 1.1002184743998074 
0.39646540924701634 2.432148134785181 
0.5582889012390944 0.9756002424935213 
0.5035907268285714 1.4678938503222727 
0.5774809185293219 0.8031816334325388 
0.6392385563691045 0.24760028158669817 
0.6408238646490563 0.23267154277888413 
0.5289726119453796 1.2437056654779937 
0.4922520571722314 1.5728088365891737 
0.44843464026947477 1.964802692883511 
0.48309827217682855 1.6547291476421886 
0.42421910491504483 2.183667727252058 
0.392979913066231 2.4634354749545095 
0.5384424513675926 1.1578108887897984 
0.4520450906323799 1.9331051832644752 
0.4457489828451145 1.9890014915268568 
0.47528429288990715 1.72769223957367 
0.6625139569195928 0.038058590228056244 
