0.02948634039553577 0.8048589021639474 
0.6435618841201654 -0.43255811769182717 
0.06932878650064728 0.679914080381022 
0.0539131991295325 0.7144560935066436 
0.2521916686206036 0.24631616155851008 
0.8337270553449714 -0.6401154445722297 
0.8476486805797656 -0.7659338138222981 
0.1993541285633122 0.557688667840562 
0.8430989516559891 -0.741470229262055 
0.8452200399041041 -0.7549920161561882 
0.8499925887303835 -0.7718714300546865 
0.6322057470411526 -0.330989365036843 
0.01639770311874894 0.864047443000391 
0.06266074505303404 0.6920690552442076 
0.08122847853839578 0.6700077634111092 
0.23506179254338821 0.30564153301144315 
0.43428135314772476 -0.04125581580028062 
0.06253878531691048 0.6922996620351666 
0.6515723518349167 -0.45787557493660247 
0.22716090533852742 0.35236309306239666 
0.8354161043490067 -0.6631938676706236 
0.8392197165243929 -0.7075843699617568 
0.20939862662877604 0.4816225650401284 
0.649997187100243 -0.4561280665674805 
0.24847268903278094 0.25344998034545146 
0.0222292510775131 0.8367845754339271 
0.23672390380960362 0.29715368231939365 
0.21291377206816958 0.45469119243789 
0.837547120284396 -0.6893412111842752 
0.8499051515560571 -0.7717286279768317 
0.03444697305210831 0.7841334147684985 
0.2542466568928582 0.24387734923520257 
0.4506116823714048 -0.1217031108939 
0.6346745504772551 -0.35909012231471304 
0.24027086644353185 0.2808236563819021 
0.07876088669098028 0.6707783275334204 
0.6511434705765877 -0.45756095618042103 
0.247063205898305 0.25703809862108373 
0.07696883398906722 0.6718094606352935 
0.2306263435469349 0.33070252956862195 
0.20332272761485531 0.5280390434632427 
0.24468900480024347 0.2641690534019592 
0.24353877540175564 0.26807163237674037 
0.025719234987606074 0.8211823640206221 
0.21666523828699016 0.4263339767106774 
0.05809165418977738 0.7029388971714058 
0.05040104352683511 0.7252430925292833 
0.42910053161114214 0.005150731273453851 
0.4316254018373032 -0.018579414818588325 
0.6517205299462038 -0.45793383310062163 
0.6380014953508375 -0.3918659705449027 
0.06989403610132927 0.6791231723739264 
0.6448373852885977 -0.43926224448834666 
0.45347797628867687 -0.12406309834305779 
0.2230168187144176 0.38031750139097914 
0.07453393510090861 0.6736867965245406 
0.6489523828582462 -0.454052319936919 
0.6299560180720237 -0.30271612915677804 
0.45283200077080954 -0.12384430551876935 
0.06712756801112624 0.6834219135685788 
0.25046501253277614 0.2491999358674448 
0.4494768917133848 -0.11973617055606064 
0.2196086385192214 0.40462355496615054 
0.0020903910365979534 0.9542733941987274 
0.04000414375723471 0.7621241758654635 
0.6505626360438683 -0.45692200785186876 
0.008761037136733443 0.9041092923733388 
0.004639177711421874 0.9313507654809894 
0.2536889240002987 0.24442327537742015 
0.8488705580597731 -0.7695959385582638 
0.8507744109717575 -0.7728115664708044 
0.6464855280798976 -0.44651927777694167 
0.6413362609615214 -0.4184707166346189 
0.25595260966183947 0.2427028878588988 
0.6479559302055342 -0.4514800463631103 
0.8515266288023629 -0.7732585587671157 
0.4220171891158215 0.0813089953464054 
0.04242856948666984 0.7529167581898596 
0.07406889310147816 0.6741457302294821 
0.44451851448528923 -0.10453585341280082 
0.45177463939338586 -0.1230925172870286 
0.8457082583950147 -0.7575724078618942 
0.4506116823714048 -0.1217031108939 
0.046155715358481814 0.7395508485936867 
0.012493018213066531 0.8836534333888512 
0.8419902772887444 -0.7329944459521256 
0.4426734357632162 -0.09615390952447403 
0.4477473569161165 -0.11566013217232042 
0.8468358190568109 -0.7628025697316284 
0.42580804321189375 0.03896799179892049 
0.4464807566877539 -0.1118016129321828 
0.07892369006078956 0.6707212074216982 
0.4371552188886315 -0.06305708970888618 
0.2571200094667521 0.24234502847136674 
0.6390992959858379 -0.4013152300659734 
0.44060996205600755 -0.0852217268647093 
