1.0 1.0 
0.3896495764134634 8.975504812778267 
1.0 1.0 
0.3896495764134634 8.975504812778267 
0.8493672559627551 1.177347012763064 
0.4398862949246575 6.936712271324471 
0.4343485239297158 7.285395858335476 
0.491997313008299 5.276755221028128 
0.8221223307924689 1.2163639924424472 
0.45908157746497724 6.2602993158276785 
0.454870616568276 6.52087159665759 
0.5528082562293919 3.8196170814583508 
0.6260010998185069 2.301535395512012 
0.42486234269540324 7.513910435346085 
0.4970604471802513 5.084544077249263 
0.5562327466321098 3.5853430677351277 
0.6141127146765616 2.4550715339630673 
0.6023843441562607 2.6226749636573903 
0.6579452993005671 1.641689784639446 
0.6566281475515706 1.7977267772280512 
0.519117573758401 4.6746180468726015 
0.40082052515084254 8.594306338862431 
0.9512294638094925 1.0512710529376197 
0.4445398588700293 6.795270212305932 
0.8030487311017611 1.2452544467155071 
0.5628209302892955 3.502019055673759 
0.5019542096480074 4.957141743616194 
0.5443333077562696 3.921228434232054 
0.3931261906038178 8.85366337113245 
0.40324539272109716 8.392349185537947 
0.4696641549486439 5.924126856546491 
0.8683978862119486 1.1515458707809378 
0.525223897159421 4.3513071660107565 
0.5886955989429724 2.97532704694031 
0.5672981660920102 3.3538947149227143 
0.7447857323600193 1.3426680406947533 
0.6090284258913837 2.520539057291932 
0.6443005083325304 1.8686429475592246 
0.5309335968848203 4.201494242278933 
0.666742784259956 1.499828754967428 
0.7641781819737652 1.3085953297138762 
0.5949035966485313 2.7708437672310064 
0.5858813383003095 2.9884637458806473 
0.5216084526508578 4.423807657570028 
0.7838658757745054 1.2757284516460992 
0.579809676521758 3.158065084061169 
0.8896839864677099 1.1239946057061745 
0.41121385403087585 8.226564378141154 
0.4657686882331759 6.044754066621595 
0.724591538917566 1.380087878885707 
0.4051768115972251 8.298915702506735 
0.9350284816585256 1.0694861382578116 
0.9199477311055599 1.0870182796724954 
0.7281002674463972 1.3734372101141767 
0.5066564870382388 4.836491575195489 
0.48388253349089033 5.4932703693191085 
0.7714009980190993 1.296342631873785 
0.6979675018144171 1.432731463005968 
0.6697271989375451 1.493145271069175 
0.6360462728771153 2.016790868415234 
0.9936930138036997 1.0063470167467912 
0.7427737181367092 1.3503754327947077 
0.6360462728771153 2.016790868415234 
0.48388253349089033 5.4932703693191085 
0.480141133174071 5.630960741485628 
0.5137233386121453 4.723702811119217 
0.5349672798235936 4.169814742837354 
0.8843906829730153 1.131202853807755 
0.6284143232807721 2.165683245199519 
0.41874300007521237 7.727413636737875 
0.41874300007521237 7.727413636737875 
0.9726797835657273 1.0280875751062244 
0.8732658150142901 1.1451267293153145 
0.5949035966485313 2.7708437672310064 
0.44739939594689154 6.651142187333279 
0.41720589877359465 7.880941871892656 
0.44830136716032043 6.616037855163159 
0.5415822477533723 4.037957864470126 
0.5400587544899084 4.085039564587209 
0.6836178818601061 1.462805503681423 
0.3959672495163459 8.699644690962884 
0.9134744742588936 1.0947213394457582 
0.4764571007643311 5.839016378117295 
0.9041310666421711 1.1060343316994274 
0.6836178818601061 1.462805503681423 
0.41125159027989777 8.09977886229645 
0.42842996806230826 7.386040130720891 
0.5705327905953581 3.2707261894040074 
0.4773927318296965 5.808690850750432 
0.579809676521758 3.158065084061169 
0.7100893827383232 1.4082734305288536 
0.9628062705331796 1.0386305434639915 
0.7830582292126496 1.2770442384711356 
0.47784279691845416 5.658044630391292 
0.6284143232807721 2.165683245199519 
0.6443005083325304 1.8686429475592246 
0.8101637876733121 1.2343183134330507 
0.9811565568198253 1.0192053378731434 
0.9322918836101766 1.0726254487249558 
0.41720589877359465 7.880941871892656 
