1.0 0.0 
0.3896495764134634 2.497301648396054 
1.0 0.0 
0.3896495764134634 2.497301648396054 
0.8493672559627551 1.546510583690537E-9 
0.4398862949246575 2.051364659991327 
0.4343485239297158 2.1644009373116786 
0.491997313008299 1.5961493901483519 
0.8221223307924689 5.588177051388712E-10 
0.45908157746497724 1.8739880853130884 
0.454870616568276 1.966152883734196 
0.5528082562293919 1.11151585826499 
0.6260010998185069 0.4407636888617418 
0.42486234269540324 2.1923775903645746 
0.4970604471802513 1.5273257527452164 
0.5562327466321098 0.9942852221847043 
0.6141127146765616 0.5076906444472096 
0.6023843441562607 0.5798583379178018 
0.6579452993005671 0.08014207671328391 
0.6566281475515706 0.18043800353511025 
0.519117573758401 1.42667637873974 
0.40082052515084254 2.4447743800500543 
0.9512294638094925 4.292633155902501E-12 
0.4445398588700293 2.020768461162193 
0.8030487311017611 3.333713573779086E-9 
0.5628209302892955 0.9710096228051451 
0.5019542096480074 1.4882581660300123 
0.5443333077562696 1.134455244073472 
0.3931261906038178 2.4806069539818556 
0.40324539272109716 2.3841761431748294 
0.4696641549486439 1.782350033888474 
0.8683978862119486 6.226414391769942E-11 
0.525223897159421 1.285410507469885 
0.5886955989429724 0.7515619379497511 
0.5672981660920102 0.9026583210413414 
0.7447857323600193 5.234052867567576E-12 
0.6090284258913837 0.5350799344602578 
0.6443005083325304 0.20396760100440636 
0.5309335968848203 1.2307144503440166 
0.666742784259956 1.263242879719593E-13 
0.7641781819737652 1.0960222626251584E-13 
0.5949035966485313 0.6483849228768916 
0.5858813383003095 0.7508851388985099 
0.5216084526508578 1.3074954670901182 
0.7838658757745054 2.3372149615273127E-14 
0.579809676521758 0.8310766948241648 
0.8896839864677099 1.5728709909249474E-9 
0.41121385403087585 2.3828772433685392 
0.4657686882331759 1.8154571723024957 
0.724591538917566 3.273737846444212E-12 
0.4051768115972251 2.362528204055824 
0.9350284816585256 1.0041584145500121E-11 
0.9199477311055599 5.4981080876158394E-11 
0.7281002674463972 4.9657177359729506E-12 
0.5066564870382388 1.4504398310785849 
0.48388253349089033 1.6580975834565692 
0.7714009980190993 2.1436463727946403E-12 
0.6979675018144171 5.190573219400712E-12 
0.6697271989375451 0.0 
0.6360462728771153 0.2827723150281104 
0.9936930138036997 3.481178445602631E-12 
0.7427737181367092 0.003023381097392964 
0.6360462728771153 0.2827723150281104 
0.48388253349089033 1.6580975834565692 
0.480141133174071 1.7036558712756167 
0.5137233386121453 1.42667637873974 
0.5349672798235936 1.2307144503440166 
0.8843906829730153 4.2526446006441176E-4 
0.6284143232807721 0.360946370972562 
0.41874300007521237 2.2358003690697252 
0.41874300007521237 2.2358003690697252 
0.9726797835657273 4.0935706606992584E-11 
0.8732658150142901 2.6570186554631184E-8 
0.5949035966485313 0.6483849228768916 
0.44739939594689154 1.9757169969697959 
0.41720589877359465 2.287975436845431 
0.44830136716032043 1.9659788156540785 
0.5415822477533723 1.186886296573138 
0.5400587544899084 1.2061613792929655 
0.6836178818601061 0.0 
0.3959672495163459 2.4447743800500543 
0.9134744742588936 1.0205897153144645E-11 
0.4764571007643311 1.7820408148332116 
0.9041310666421711 6.226414391769942E-11 
0.6836178818601061 0.0 
0.41125159027989777 2.331046938034916 
0.42842996806230826 2.1644009373116786 
0.5705327905953581 0.8660565401139901 
0.4773927318296965 1.7730267935939126 
0.579809676521758 0.8310766948241648 
0.7100893827383232 1.101101463963687E-8 
0.9628062705331796 1.4415196890892111E-11 
0.7830582292126496 3.4239766287274016E-12 
0.47784279691845416 1.7036558712756167 
0.6284143232807721 0.360946370972562 
0.6443005083325304 0.20396760100440636 
0.8101637876733121 5.454741605202955E-12 
0.9811565568198253 0.0 
0.9322918836101766 0.0 
0.41720589877359465 2.287975436845431 
