3.08319057435674 -4.991471826312618 0.2918434240275569 
-3.141592653589793 -4.9999999999999405 3.3722622322009935E-4 
3.08319057435674 -4.991471826312618 0.2918434240275569 
-3.141592653589793 -4.9999999999999405 3.3722622322009935E-4 
0.6898730425230983 3.8418426611136436 3.1820491849807255 
0.7037066107299834 3.809534933524093 3.235155308438506 
2.400935270933733 -3.6913825549246813 3.3680525440148426 
2.520167840332038 -4.065249036111162 2.9101919405215155 
3.0782709150363887 -4.99019969723364 0.315483397758862 
2.5201368767735373 -4.0652491846352845 2.909959851826752 
2.8483929535202113 -4.787490441059467 1.4456083386933003 
3.078271148462329 -4.99023153872839 0.3163544356653155 
2.4330424876045695 -3.7963045507655053 3.2569382532298103 
0.6912944165141708 3.845600254045765 3.1876587002130408 
2.4020359243936587 -3.6913825549246813 3.3680525177907565 
2.5198441258335342 -4.064628297892022 2.9100406973342414 
3.003804781932791 -4.9564099014173655 0.6868452269199197 
2.8483929535202113 -4.787490441059467 1.4456083386933003 
3.0782517596386794 -4.9914350277791275 0.3158069406028853 
2.4020359243936587 -3.6913825549246813 3.3680525177907565 
3.003804781932791 -4.9564099014173655 0.6868452269199197 
3.0828848909783653 -4.991471942267104 0.29328959859958786 
2.440676705788387 -3.8208169891446797 3.226706325337316 
2.519840384768255 -4.064628650260078 2.9100406973342414 
0.6909172017010048 3.843004667712298 3.186382285778214 
0.6910023204307008 3.8455288737230395 3.1868148660741378 
0.6912944153161876 3.8418528591735313 3.1876800993303127 
3.0831851430876984 -4.991471899457861 0.2918434240275569 
0.6912944164767844 3.8418528591735313 3.1876800993303127 
2.440676705788387 -3.8208169891446797 3.226706325337316 
3.0828914704081116 -4.991417880443336 0.29327676674267983 
3.083176195849062 -4.991471935853506 0.2918434240275569 
3.0780977596862176 -4.9914353692495155 0.3165560287379573 
3.0828914704081116 -4.991417880443336 0.29327676674267983 
3.0780977596862176 -4.9914353692495155 0.3165560287379573 
2.519840384768255 -4.064628650260078 2.9100406973342414 
2.4330424876045695 -3.7963045507655053 3.2569382532298103 
0.6909878852120888 3.8457316506334873 3.1868148989754275 
0.6909172017010048 3.843004667712298 3.186382285778214 
3.0831771753197965 -4.991471941835481 0.2918434240275569 
0.691002140079146 3.8455288737230395 3.1868147584050908 
3.0831771753197965 -4.991471941835481 0.2918434240275569 
3.083176246676085 -4.991471942267104 0.2918434240275569 
3.0782517596386794 -4.9914350277791275 0.3158069406028853 
2.5198441258335342 -4.064628297892022 2.9100406973342414 
3.083176195849062 -4.991471935853506 0.2918434240275569 
3.083176246676085 -4.991471942267104 0.2918434240275569 
0.691002140079146 3.8455288737230395 3.1868147584050908 
0.6912944153161876 3.8418528591735313 3.1876800993303127 
3.08319057435674 -4.991471826312618 0.2918434240275569 
2.8483929535202113 -4.787490441059467 1.4456083386933003 
2.4330424876045695 -3.7963045507655053 3.2569382532298103 
3.083176246676085 -4.991471942267104 0.2918434240275569 
3.0831771753197965 -4.991471941835481 0.2918434240275569 
3.08319057435674 -4.991471826312618 0.2918434240275569 
2.4330424876045695 -3.7963045507655053 3.2569382532298103 
3.083176246676085 -4.991471942267104 0.2918434240275569 
2.4330424876045695 -3.7963045507655053 3.2569382532298103 
3.0831771753197965 -4.991471941835481 0.2918434240275569 
2.4330424876045695 -3.7963045507655053 3.2569382532298103 
3.08319057435674 -4.991471826312618 0.2918434240275569 
2.440676705788387 -3.8208169891446797 3.226706325337316 
3.08319057435674 -4.991471826312618 0.2918434240275569 
2.4330424876045695 -3.7963045507655053 3.2569382532298103 
2.8483929535202113 -4.787490441059467 1.4456083386933003 
3.08319057435674 -4.991471826312618 0.2918434240275569 
3.083176246676085 -4.991471942267104 0.2918434240275569 
2.5198441258335342 -4.064628297892022 2.9100406973342414 
3.0828914704081116 -4.991417880443336 0.29327676674267983 
2.8483929535202113 -4.787490441059467 1.4456083386933003 
2.440676705788387 -3.8208169891446797 3.226706325337316 
2.4330424876045695 -3.7963045507655053 3.2569382532298103 
3.003804781932791 -4.9564099014173655 0.6868452269199197 
0.6909172017010048 3.843004667712298 3.186382285778214 
2.8483929535202113 -4.787490441059467 1.4456083386933003 
2.4330424876045695 -3.7963045507655053 3.2569382532298103 
3.08319057435674 -4.991471826312618 0.2918434240275569 
0.6909172017010048 3.843004667712298 3.186382285778214 
3.08319057435674 -4.991471826312618 0.2918434240275569 
3.08319057435674 -4.991471826312618 0.2918434240275569 
3.003804781932791 -4.9564099014173655 0.6868452269199197 
3.08319057435674 -4.991471826312618 0.2918434240275569 
2.8483929535202113 -4.787490441059467 1.4456083386933003 
2.4330424876045695 -3.7963045507655053 3.2569382532298103 
3.0828914704081116 -4.991417880443336 0.29327676674267983 
2.8483929535202113 -4.787490441059467 1.4456083386933003 
3.003804781932791 -4.9564099014173655 0.6868452269199197 
2.4330424876045695 -3.7963045507655053 3.2569382532298103 
2.5198441258335342 -4.064628297892022 2.9100406973342414 
0.6909172017010048 3.843004667712298 3.186382285778214 
-3.141592653589793 -4.9999999999999405 3.3722622322009935E-4 
-3.141592653589793 -4.9999999999999405 3.3722622322009935E-4 
2.4330424876045695 -3.7963045507655053 3.2569382532298103 
0.6909172017010048 3.843004667712298 3.186382285778214 
3.0831771753197965 -4.991471941835481 0.2918434240275569 
2.4020359243936587 -3.6913825549246813 3.3680525177907565 
2.4330424876045695 -3.7963045507655053 3.2569382532298103 
2.4330424876045695 -3.7963045507655053 3.2569382532298103 
3.0831771753197965 -4.991471941835481 0.2918434240275569 
2.4020359243936587 -3.6913825549246813 3.3680525177907565 
