-15.133946211618554 -9.653854050231857 
-18.651543427723563 -1.0635388945165527 
-18.068054889177443 -3.652033584504751 
-16.232226646831734 -6.988871090496299 
-16.684831169504626 -4.927024550607919 
-15.015294530996936 -10.13958670986128 
-16.168255736390932 -7.223983816986378 
-18.715616080502457 -0.8413150426097348 
-18.96676165775054 -0.1827973416735589 
-16.605622401348633 -5.305303949293382 
-16.909472600799273 -4.142950528896143 
-16.131303369630018 -7.334259268850134 
-16.531375650260816 -5.65653166980082 
-16.509477676315115 -5.77645701426734 
-16.807128572807127 -4.432104833759922 
-16.347425195386556 -6.454143431191973 
-18.446927999730626 -1.9415254799453987 
-16.713274948151287 -4.791700067645767 
-18.56450247900164 -1.4138364825858973 
-15.36321900902506 -8.691992854591215 
-14.948322481656387 -10.370067573185441 
-18.901648565270833 -0.3227947540493765 
-16.092357293638038 -7.41912164349925 
-16.871977145804767 -4.222092825695768 
-18.105690266310834 -3.5155881149850217 
-16.324541963373253 -6.615357087156454 
-16.376571733744342 -6.369688320175213 
-16.834745743870343 -4.348825916523638 
-18.75515997502196 -0.7153341438556398 
-19.996775423351245 0.007249415686069292 
-15.441248217059478 -8.388428638954387 
-18.26707480867539 -2.8134905315996406 
-15.187513233447536 -9.425163936078189 
-15.63570035652298 -7.75316512100117 
-16.961558453764 -3.9923781654860235 
-14.586720740498922 -11.420691436733685 
-16.24700580204335 -6.865128472631717 
-18.6259047386863 -1.16181346920239 
-15.612707973434958 -7.833575811601453 
-16.461358480171654 -6.011967049276826 
-15.069236721744275 -9.90909329939955 
-16.487144259509506 -5.874739529043288 
-18.24473603112429 -2.9190800927998954 
-18.324289376559193 -2.5266127063018673 
-15.885220582995412 -7.750127863351785 
-19.044475314717765 -0.04747202228225621 
-18.59888259063065 -1.2736349060602667 
-15.27732412162938 -9.044132486231518 
-18.35584534446624 -2.371423054569302 
-16.069478093933533 -7.508840280716825 
-14.921558706136867 -10.523215956458367 
-16.571423903104268 -5.47524265246815 
-16.285921534612548 -6.743923227896119 
-14.810166832738032 -10.9234076438849 
-18.011933752418702 -3.787222014599385 
-15.522990322031422 -8.095658936626826 
-18.417772893797654 -2.0805009701255748 
-15.384146699450522 -8.570396231241403 
-18.844685621444675 -0.45483218678135673 
-18.166009156779623 -3.2737805873275834 
-16.631854385962583 -5.1693103227385855 
-18.292330269436576 -2.6894253310653475 
-16.013709741041865 -7.601513253236822 
-15.218186490622795 -9.293077906280736 
-15.332489317364448 -8.81846675137313 
-15.098600492173095 -9.788649530133775 
-16.409251330366896 -6.253987466164717 
-15.304268961911063 -8.934329338994866 
-16.433512838720702 -6.135383050146983 
-15.496776700672722 -8.19068225807703 
-18.52880271675672 -1.5532711914368942 
-15.043816082082913 -10.017812590619528 
-18.4696350915532 -1.8318991054541205 
-18.678162556108674 -0.9601226459020326 
-16.200732375984387 -7.102918780474461 
-16.769794334324054 -4.564343773091515 
-14.724480270537335 -11.152365379071512 
-14.556156908254128 -11.495476521948607 
-18.387362718303233 -2.216744216896779 
-18.198856500902536 -3.1348361142326304 
-15.551567602596037 -7.993658980524724 
-18.14093185423844 -3.389599479635078 
-18.2114483135342 -3.0042114474667234 
-14.68154691331868 -11.27965536111369 
-14.984032867130153 -10.263886693771186 
-15.968025491506179 -7.693543232105372 
-16.740876210765883 -4.6646289459745205 
-15.15461546727912 -9.526799190447456 
-17.03819982033926 -3.8733575633006936 
-17.93935165712687 -3.8709915810280506 
-15.418185994283863 -8.478533811566694 
-15.247976006715897 -9.16597842410729 
-14.87683148921557 -10.674682510486026 
-18.499820652941 -1.6939890410654135 
-18.797767088406545 -0.5842590088939251 
-14.77301686682842 -11.038175262842199 
-14.840917715654289 -10.799046689587879 
-15.470370453481502 -8.282942126745183 
-16.658671242739373 -5.045940689990377 
-14.435986605586548 -11.625064347347914 
