-1.0670756872163343 -0.8928404222260229 -1.0739119580308865 
-0.722470851217965 1.8892027074627525E-4 0.0015165656439213187 
-1.0720100759520623 -7.542482322370654E-4 -7.895010734733159E-4 
-1.0635043348204771 2.2698968457248342E-4 -1.023911078523391 
-0.8308165659699006 2.3663087175795043E-4 -0.9826589337076993 
-1.0692714282252618 -0.9593052880915808 -1.0606292465195106 
-1.067465711278975 0.0010456810679377315 -1.0593613058924845 
-0.6861433367578033 -5.336213869247737E-4 -8.998528795465967E-4 
-0.5443085372984992 4.3954290585859214E-4 -7.753563255801716E-4 
-0.8778001308292281 2.3663087175795043E-4 -0.9826589337076993 
-0.6122269052654564 5.247464242735568E-4 -1.0771599814568968 
-1.0891569840826383 2.291979524151377E-4 -1.0605895779388956 
-1.0034797649900733 4.4043022633705187E-4 -0.9017588168567465 
-0.9300418451074643 2.2909885316730087E-4 -0.9881031844105729 
-0.7145507520697838 2.2878821140903143E-4 -1.0297060810641567 
-1.0661909576718696 -0.001152325731873034 -0.951088821309856 
-0.8428774655156602 2.034832945004497E-4 -8.494195805402241E-4 
-0.9645480918507763 4.648134345321059E-4 -0.8316246996897299 
-0.7736283278512386 2.0538167644934828E-4 -9.782798508616614E-4 
-1.0702647140641872 -0.760150422600699 -1.0850482116565883 
-1.044618169485941 -0.9989888407647224 -1.072853390730506 
-0.5810043285990781 2.239297944937098E-4 -6.182973149337356E-4 
-1.089394414125277 -0.01448836263911596 -1.0842919204383838 
-0.6664782287023598 2.149967467158757E-4 -1.041327518182976 
-1.047615000077203 7.956234768063048E-4 -0.0018457852100203906 
-1.041184500142394 2.302035932535447E-4 -0.9895751846956621 
-1.0407840906302837 4.6427873980351645E-4 -0.9583605008309196 
-1.0906926649181259 1.85395164252438E-4 -0.642232967108977 
-0.6636191968893654 2.0244262300472918E-4 -9.328347648733794E-4 
-0.0010410741822337033 -4.412220413517394E-4 -1.9334739051053392E-4 
-1.083741803288882 -0.6992557590378705 -1.0925401078985868 
-0.9499915242600113 8.774660709477855E-4 -9.113340604158656E-4 
-1.0635043348204771 -0.8706522789064055 -1.06829940486494 
-1.068821873897906 -0.588831503620243 -1.09296540769714 
-1.089394414125277 -0.01448836263911596 -0.5715508130050078 
-1.0875401165961387 -1.1118370669244737 -1.1519940061462717 
-1.0891569840826383 2.291979524151377E-4 -0.9895751846956621 
-0.7374335675929753 1.791877318325513E-4 0.0014059540800637645 
-1.0926838806342325 -0.582189459157648 -1.0929805991929014 
-0.9603575778774154 2.3233880261009631E-4 -0.9868429353419008 
-1.0634723411290823 -0.9128465695227346 -1.0998046610560461 
-1.0030526770438462 -6.416320710150705E-4 -0.9287363603663426 
-0.9632420700093749 4.973138071746297E-4 0.0014062623446085727 
-0.9150425817474591 8.921999619309097E-4 0.0014004939679635672 
-1.1514371523800335 2.489714949091689E-4 -1.1519940061462717 
-0.5011364379587081 1.9741351877078042E-4 -8.999088472425531E-4 
-0.753693860343099 1.8892027074627525E-4 -9.008947669081511E-4 
-1.0688152533857254 -0.8119142192394688 -1.080319070126675 
-0.8961751893347931 -7.542482322370654E-4 0.0014386250301174465 
-1.088824298790787 2.2906153375946848E-4 -1.09928684022767 
-1.0840193001463083 -0.9803348154001391 -1.0922787321353087 
-0.9050659007910933 4.8162900094897914E-4 -0.975708501018727 
-1.0684999167292393 2.2909885316730087E-4 -0.9861515755763439 
-1.098531362747698 -1.0225200652505086 -1.1021338264946057 
-1.1058527171447028 0.0011809600779083035 0.0015300664717585758 
-1.0635043348204771 -0.6850325167592777 -1.06829940486494 
-0.8601615536108818 2.034832945004497E-4 -8.494195805402241E-4 
-1.0271686424297444 -0.793297486055373 -1.0627031814088486 
-0.6122269052654564 4.400632204508151E-4 0.001358915557817867 
-1.0106573194735844 0.0011809600779083035 0.0015300664717585758 
-1.0034797649900733 4.4043022633705187E-4 -0.8419493507616951 
-0.9345624669044569 1.713221110799965E-4 0.0014062623446085727 
-1.0906926649181259 1.85395164252438E-4 -1.1322643079011556 
-1.0684697935917855 -0.8439113431761323 -1.080319070126675 
-1.0693031580471424 -0.793297486055373 -1.0627031814088486 
-1.0974087513246256 -0.8928404222260229 -1.0739119580308865 
-1.0029022821580893 1.77066900994928E-4 -0.9760037851750278 
-1.0635043348204771 -0.8087659288804767 -1.06829940486494 
-1.0054741753003824 5.294456404114557E-4 -0.9587303677085278 
-1.0830337419250518 -0.6887503240637857 -1.0640723643886554 
-0.7933244703817155 7.956234768063048E-4 -0.0018457852100203906 
-1.065624204909754 -0.9248440916104849 -1.0994357585259822 
-0.82924067136165 7.114946013493624E-4 -7.812931266457897E-4 
-0.7065608100715948 7.956234768063048E-4 -0.0018457852100203906 
-1.071140298383727 8.008420409114738E-4 -1.035680202798711 
-1.0738079998761023 4.4043022633705187E-4 -0.6948982964159969 
-1.086887518727588 -1.075546920938575 -1.0925401078985868 
-1.150958780986537 -1.0913341842994848 -1.1578138073810738 
-0.8773584856934641 -7.542482322370654E-4 0.0014386250301174465 
-0.9910885868955104 1.8892027074627525E-4 0.0015165656439213187 
-1.067465711278975 -0.6718236636779358 -1.0593613058924845 
-1.0270501439561979 7.560192310746272E-4 -8.000501115717685E-4 
0.007615635823695288 -4.513420286170192E-4 -0.9760037851750278 
-1.0991634263932981 -1.0852529461457467 -1.1021338264946057 
-1.0693031580471424 -0.973656208851049 -1.0627031814088486 
-1.1191837911283942 1.8891970378564777E-4 -1.1322643079011556 
-1.074212145336347 7.497339996818209E-4 -0.711164597153397 
-1.06962619204193 -0.9069954022907393 -1.0293217116295157 
-1.089832526872974 2.1512327588336756E-4 -0.5286494897650693 
-1.1526054370070193 2.0265489227655882E-4 -9.001567590154469E-4 
-1.0830337419250518 -0.7344237532099973 -1.0645320187045868 
-1.0684697935917855 -0.8267798415327163 -1.0821777504808625 
-1.0676700336219698 -1.0112738395129828 -1.0925153491679553 
-0.8114658760803388 6.802577610277069E-4 -7.986682927836547E-4 
-0.6390620537518577 8.066887537410972E-4 -8.996890865700816E-4 
-1.098913503276256 -1.045495576248263 -1.0929805991929014 
-1.0696566982255313 -1.0225200652505086 -1.1025311230428367 
-1.068821873897906 -0.6936817155597617 -1.0922142991216095 
-0.8421928074515743 -0.0011348196214972218 -0.9868662307007601 
-1.1529226419121965 -1.1490923183859554 -1.1593193072875976 
