-3.141592653589793 -4.999999999999534 5.514449135848067E-4 
2.8339032946335885 -4.765090769784204 1.5142851631914322 
-3.141592653589793 -4.999999999999534 5.514449135848067E-4 
2.8339032946335885 -4.765090769784204 1.5142851631914322 
1.6037250657870556 -0.24683622711549086 4.998284874908407 
1.6324212156590558 -0.33791476154889727 4.991389750610576 
2.7795643462901567 -4.6794915399110835 1.7640728559001222 
2.0971135856798933 -2.5093942050886886 4.3233206712833665 
1.636331271212562 -0.33791476154889727 4.991389750610576 
2.781368105092048 -4.679390578779307 1.7593780724274992 
1.6037250657870556 -0.24683622711549086 4.998284874908407 
1.7139913513881182 -0.7133707030663832 4.951733399532428 
1.7325877896483868 -0.805484642165049 4.934291176879477 
1.6413190533242579 -0.3545817495096717 4.98576597757564 
2.7796251673384362 -4.676435047840197 1.7640728559001222 
2.7820320371304237 -4.68022764360077 1.7601650170476462 
1.6413376818868641 -0.3545817495096717 4.987696892624043 
2.782421897815069 -4.680883795839528 1.7574911191562534 
1.641044630821142 -0.3545817495096717 4.98576597757564 
2.782413106275512 -4.680289705147841 1.7574856471047453 
1.7908614779210015 -1.092253679265214 4.879429919236778 
1.7908614779210015 -1.092253679265214 4.879429919236778 
2.7796533805482433 -4.676435047840197 1.7764167819375158 
2.0971135856798933 -2.5093942050886886 4.3233206712833665 
1.6411381950605255 -0.3545817495096717 4.985577447314438 
1.7325877896483868 -0.805484642165049 4.934291176879477 
2.833902248199987 -4.765090769784204 1.5142848534276356 
2.7820320371304237 -4.68022764360077 1.7601650170476462 
2.782413106275512 -4.680289705147841 1.7574856471047453 
1.7139913513881182 -0.7133707030663832 4.951733399532428 
2.833902428637153 -4.765093466790291 1.5142848534230904 
1.6411381950605255 -0.3545817495096717 4.985577447314438 
2.8339032815328995 -4.765090802378077 1.5142848534230904 
2.8339029836081138 -4.765092721620634 1.5142848384432241 
2.8339029884837617 -4.765092721620634 1.5142848384432241 
2.782421897815069 -4.680883795839528 1.7574911191562534 
1.6413376818868641 -0.3545817495096717 4.987696892624043 
2.833902358399227 -4.765090769784204 1.5142848534230904 
2.833902305082979 -4.765090802378077 1.5142848534230904 
2.8339022642718215 -4.765090769784204 1.5142848534275146 
2.8339022792599957 -4.765090769784204 1.5142848534230904 
2.8339022792599957 -4.765090769784204 1.5142848534230904 
2.833902293198275 -4.765090769784204 1.5142848534230904 
2.833902305082979 -4.765090802378077 1.5142848534230904 
2.833902293678615 -4.765090769784204 1.5142848534230904 
2.8339029836081138 -4.765092721620634 1.5142848384432241 
2.833902293198275 -4.765090769784204 1.5142848534230904 
2.833902293678615 -4.765090769784204 1.5142848534230904 
2.8339032946335885 -4.765090769784204 1.5142851631914322 
1.7908614779210015 -1.092253679265214 4.879429919236778 
2.0971135856798933 -2.5093942050886886 4.3233206712833665 
1.7325877896483868 -0.805484642165049 4.934291176879477 
2.7820320371304237 -4.68022764360077 1.7601650170476462 
2.782413106275512 -4.680289705147841 1.7574856471047453 
1.7139913513881182 -0.7133707030663832 4.951733399532428 
1.6411381950605255 -0.3545817495096717 4.985577447314438 
2.8339022792599957 -4.765090769784204 1.5142848534230904 
2.8339029836081138 -4.765092721620634 1.5142848384432241 
2.833902293198275 -4.765090769784204 1.5142848534230904 
1.7908614779210015 -1.092253679265214 4.879429919236778 
2.0971135856798933 -2.5093942050886886 4.3233206712833665 
1.7325877896483868 -0.805484642165049 4.934291176879477 
2.782413106275512 -4.680289705147841 1.7574856471047453 
1.7139913513881182 -0.7133707030663832 4.951733399532428 
2.8339022792599957 -4.765090769784204 1.5142848534230904 
2.8339029836081138 -4.765092721620634 1.5142848384432241 
2.833902293198275 -4.765090769784204 1.5142848534230904 
1.7908614779210015 -1.092253679265214 4.879429919236778 
2.0971135856798933 -2.5093942050886886 4.3233206712833665 
2.782413106275512 -4.680289705147841 1.7574856471047453 
1.7325877896483868 -0.805484642165049 4.934291176879477 
2.833902293198275 -4.765090769784204 1.5142848534230904 
2.0971135856798933 -2.5093942050886886 4.3233206712833665 
1.7908614779210015 -1.092253679265214 4.879429919236778 
2.782413106275512 -4.680289705147841 1.7574856471047453 
1.7325877896483868 -0.805484642165049 4.934291176879477 
2.833902293198275 -4.765090769784204 1.5142848534230904 
2.0971135856798933 -2.5093942050886886 4.3233206712833665 
1.7908614779210015 -1.092253679265214 4.879429919236778 
1.7325877896483868 -0.805484642165049 4.934291176879477 
2.833902293198275 -4.765090769784204 1.5142848534230904 
2.0971135856798933 -2.5093942050886886 4.3233206712833665 
1.7908614779210015 -1.092253679265214 4.879429919236778 
1.7325877896483868 -0.805484642165049 4.934291176879477 
2.833902293198275 -4.765090769784204 1.5142848534230904 
2.0971135856798933 -2.5093942050886886 4.3233206712833665 
1.7908614779210015 -1.092253679265214 4.879429919236778 
1.7325877896483868 -0.805484642165049 4.934291176879477 
2.833902293198275 -4.765090769784204 1.5142848534230904 
2.0971135856798933 -2.5093942050886886 4.3233206712833665 
1.7908614779210015 -1.092253679265214 4.879429919236778 
1.7325877896483868 -0.805484642165049 4.934291176879477 
2.833902293198275 -4.765090769784204 1.5142848534230904 
2.0971135856798933 -2.5093942050886886 4.3233206712833665 
1.7908614779210015 -1.092253679265214 4.879429919236778 
1.7325877896483868 -0.805484642165049 4.934291176879477 
2.833902293198275 -4.765090769784204 1.5142848534230904 
2.0971135856798933 -2.5093942050886886 4.3233206712833665 
1.7908614779210015 -1.092253679265214 4.879429919236778 
2.833902293198275 -4.765090769784204 1.5142848534230904 
