0.38965742768486233 8.969052460171845 
0.5165951279921808 4.5503159853496316 
0.47202871113501793 5.830923134385339 
0.47987215653532866 5.589469720183596 
0.5558492813518296 3.5960594179040535 
0.47987215653532866 5.589469720183596 
0.4131257129148287 7.945002904889539 
0.5760213731109176 3.1574418735626577 
0.5840198114186356 2.9877244004690215 
0.7064574556466562 1.4155736134906913 
0.7648890718883332 1.3074519279483758 
0.3898506948503206 8.956866991430312 
0.7324490244327062 1.3654261343442098 
0.8001977143816398 1.2566787336404313 
0.4858676666384776 5.410760335616315 
0.6584189079937051 1.6316049118397462 
0.4643036090340149 6.077714438815388 
0.4473222228746372 6.6493208410559665 
0.5591039511617678 3.5257682464622375 
0.6837158018664171 1.4626795114067137 
0.6033978998660835 2.601852392845519 
0.5955562775678404 2.7553920734370996 
0.39770572381754893 8.60221183198333 
0.6383846949638808 1.9655637067708531 
0.4048028978005722 8.293351195289523 
0.47196964569315153 5.831652855151418 
0.43778166276179087 6.992078882464561 
0.6666550753924826 1.500183643612916 
0.5083296566818655 4.7855575033817095 
0.6666550753924826 1.500183643612916 
0.5434665924665062 3.8842134936131165 
0.6666550753924826 1.500183643612916 
0.6383846949638808 1.9655637067708531 
0.5146938979536227 4.603176450197761 
0.4965867623462455 5.096743103126799 
0.5146938979536227 4.603176450197761 
0.424227736582254 7.501560259309855 
0.5278978621242961 4.2613348925287955 
0.6160325792762832 2.364646878436085 
0.45869204140283487 6.261634762437558 
0.6348637251027546 2.0297847101370636 
0.4361311178186109 7.050535664137762 
0.4931047983308614 5.196634807210866 
0.6253637167969979 2.1959750908473055 
0.5558492813518296 3.5960594179040535 
0.5957405512762152 2.7512095266655967 
0.6482429975551894 1.7991206942704674 
0.4858676666384776 5.410760335616315 
0.4308107194880051 7.248737950116151 
0.4308107194880051 7.248737950116151 
0.424227736582254 7.501560259309855 
0.5243151030389952 4.350916679179482 
0.5456118017150826 3.830087539881012 
0.5214669593822945 4.42622266106703 
0.5733779431095797 3.208633536887446 
0.6584189079937051 1.6316049118397462 
0.45289584029834157 6.4624742554917 
0.3898506948503206 8.956866991430312 
0.4131257129148287 7.945002904889539 
0.6294591914036549 2.1285171615769576 
0.6666550753924826 1.500183643612916 
0.44609227588079986 6.695378173292707 
0.6666550753924826 1.500183643612916 
0.6584189079937051 1.6316049118397462 
0.4048028978005722 8.293351195289523 
0.49924389555716864 5.022179764499023 
0.4643036090340149 6.077714438815388 
0.4183545151069201 7.732336243718477 
0.6033978998660835 2.601852392845519 
0.41189556370771335 7.994924736086516 
0.4499905555852583 6.55933903987427 
0.4898857523991475 5.289196272239201 
0.5840198114186356 2.9877244004690215 
0.5957405512762152 2.7512095266655967 
0.5645259147492304 3.4000195284693984 
0.5456118017150826 3.830087539881012 
0.5713933908970747 3.2530148778490457 
0.43778166276179087 6.992078882464561 
0.62183537594885 2.2588080767149536 
0.6621112829285377 1.5737065438147892 
0.6482429975551894 1.7991206942704674 
0.6393203578861759 1.949648208867431 
0.609828569589379 2.4793774457803672 
0.4706331033802647 5.875306911530137 
0.5083296566818655 4.7855575033817095 
0.5346248258123399 4.093305007298807 
0.5733779431095797 3.208633536887446 
0.5434665924665062 3.8842134936131165 
0.5346248258123399 4.093305007298807 
0.5851298450913178 2.96530255762664 
0.3994465365251429 8.525316952521404 
0.5278978621242961 4.2613348925287955 
0.5165951279921808 4.5503159853496316 
0.5558492813518296 3.5960594179040535 
0.4615194583224279 6.167296020392264 
0.48126375428714285 5.5451959872209216 
0.6083826359282671 2.5064804914617915 
0.5645259147492304 3.4000195284693984 
0.49924389555716864 5.022179764499023 
0.6160325792762832 2.364646878436085 
