0.38965742768486233 2.4948579104011475 
0.5165951279921808 1.350671068856559 
0.47202871113501793 1.7523631318512705 
0.47987215653532866 1.682230888513422 
0.5558492813518296 0.9988670431404469 
0.47987215653532866 1.682230888513422 
0.4131257129148287 2.282284989192876 
0.5760213731109176 0.8187540035274703 
0.5840198114186356 0.744890240932774 
0.7064574556466562 4.253326717693854E-5 
0.7648890718883332 5.5691707045204576E-5 
0.3898506948503206 2.491840820291008 
0.7324490244327062 1.050400353378245E-4 
0.8001977143816398 0.005591450371086437 
0.4858676666384776 1.6289134990059249 
0.6584189079937051 0.07427952433069099 
0.4643036090340149 1.8219047486201272 
0.4473222228746372 1.974388979227807 
0.5591039511617678 0.9712709574777344 
0.6837158018664171 5.709501502058293E-5 
0.6033978998660835 0.5699522696045302 
0.5955562775678404 0.6409910464961323 
0.39770572381754893 2.4211488830708143 
0.6383846949638808 0.25478578737898594 
0.4048028978005722 2.357172596331038 
0.47196964569315153 1.7523631318512705 
0.43778166276179087 2.0610039193269403 
0.6666550753924826 1.050400353378245E-4 
0.5083296566818655 1.4326408027253492 
0.6666550753924826 1.050400353378245E-4 
0.5434665924665062 1.1109402717863441 
0.6666550753924826 1.050400353378245E-4 
0.6383846949638808 0.25478578737898594 
0.5146938979536227 1.3692268301206059 
0.4965867623462455 1.5309751560922935 
0.5146938979536227 1.3692268301206059 
0.424227736582254 2.182369929642406 
0.5278978621242961 1.2495495795616183 
0.6160325792762832 0.4566995156005931 
0.45869204140283487 1.8721620317014387 
0.6348637251027546 0.28863668223423133 
0.4361311178186109 2.0749580004203843 
0.4931047983308614 1.5624855586088484 
0.6253637167969979 0.37328314480589586 
0.5558492813518296 0.9988670431404469 
0.5957405512762152 0.6390070800921376 
0.6482429975551894 0.16626739181746136 
0.4858676666384776 1.6289134990059249 
0.4308107194880051 2.1228340116695463 
0.4308107194880051 2.1228340116695463 
0.424227736582254 2.182369929642406 
0.5243151030389952 1.2812513269580734 
0.5456118017150826 1.0897409633609674 
0.5214669593822945 1.3081288726156322 
0.5733779431095797 0.8397596975729392 
0.6584189079937051 0.07427952433069099 
0.45289584029834157 1.9268277083473127 
0.3898506948503206 2.491840820291008 
0.4131257129148287 2.282284989192876 
0.6294591914036549 0.3398146914150344 
0.6666550753924826 1.050400353378245E-4 
0.44609227588079986 1.986756487206776 
0.6666550753924826 1.050400353378245E-4 
0.6584189079937051 0.07427952433069099 
0.4048028978005722 2.357172596331038 
0.49924389555716864 1.5072925898168756 
0.4643036090340149 1.8219047486201272 
0.4183545151069201 2.2348577798845075 
0.6033978998660835 0.5699522696045302 
0.41189556370771335 2.293074030971097 
0.4499905555852583 1.9516406188250972 
0.4898857523991475 1.5911018954126672 
0.5840198114186356 0.744890240932774 
0.5957405512762152 0.6390070800921376 
0.5645259147492304 0.9193991344744341 
0.5456118017150826 1.0897409633609674 
0.5713933908970747 0.8587512016927995 
0.43778166276179087 2.0610039193269403 
0.62183537594885 0.40460676958034203 
0.6621112829285377 0.041968858678245125 
0.6482429975551894 0.16626739181746136 
0.6393203578861759 0.24644979064526779 
0.609828569589379 0.5119952012324096 
0.4706331033802647 1.7651139250849468 
0.5083296566818655 1.4326408027253492 
0.5346248258123399 1.1883824765239037 
0.5733779431095797 0.8397596975729392 
0.5434665924665062 1.1109402717863441 
0.5346248258123399 1.1883824765239037 
0.5851298450913178 0.7350870261929644 
0.3994465365251429 2.405408329463761 
0.5278978621242961 1.2495495795616183 
0.5165951279921808 1.350671068856559 
0.5558492813518296 0.9988670431404469 
0.4615194583224279 1.8463271186455033 
0.48126375428714285 1.66870183906794 
0.6083826359282671 0.5248992082983033 
0.5645259147492304 0.9193991344744341 
0.49924389555716864 1.5072925898168756 
0.6160325792762832 0.4566995156005931 
