-19.995885807852993 0.006422231039127189 
-14.434768235489654 -11.627282679568744 
-14.434768235489654 -11.627282679568744 
-19.995885807852993 0.006422231039127189 
-19.07879053982055 -9.667666477321344E-5 
-17.046747944897355 -3.8749901396002064 
-17.935260102329373 -3.8728806090545276 
-15.641816976403678 -7.754322869285048 
-18.523585407673146 -1.5871926875510962 
-18.917898623953214 -0.28903595412521615 
-18.994094701720826 -0.028424379075672163 
-15.21231861934056 -9.21818626561295 
-16.860929419941385 -4.2528182306594005 
-16.370926397637497 -6.424710702331654 
-14.951632514143828 -10.392480704406523 
-15.88317204800384 -7.7511237763762875 
-18.729974929 -0.7926826725046726 
-18.47801107126928 -1.7921535828078494 
-16.932575567688335 -4.064146559149516 
-14.58615680297315 -11.462962744113934 
-16.209053746653726 -7.0499743772594385 
-18.81213206597603 -0.5526585549075376 
-16.428482652068546 -6.121181676211647 
-15.299851676843442 -8.940121589446896 
-14.736172511411295 -11.104060281064527 
-14.799533573812589 -10.945052383284107 
-16.662722205183996 -5.019052451848969 
-16.4946392151222 -5.833352210358892 
-15.266570034908426 -9.047259136988302 
-14.90275087455133 -10.568048560752857 
-15.562204382868664 -7.928527177712128 
-16.97749484978628 -3.9831396604622493 
-18.624219267299228 -1.1798432323041392 
-14.82249522488897 -10.813182588722032 
-18.115985604263848 -3.495763273899865 
-14.876752258955204 -10.688244700959348 
-16.17052856777787 -7.155429024973779 
-15.042879261274942 -10.009786932043234 
-18.582982454819973 -1.3344840058666394 
-18.869590161782092 -0.40163340858774293 
-18.30695042540259 -2.6308458808167288 
-16.1145191045694 -7.264023660692076 
-16.28671186717549 -6.736756326484464 
-15.381128391412144 -8.588343601146063 
-16.531770810208535 -5.634227261763986 
-18.447465147672695 -1.944776700043548 
-18.201634452371362 -3.1283528944427754 
-14.996268401856733 -10.210843041924 
-15.175579854616048 -9.436592444613265 
-18.074805253241607 -3.638487915511351 
-15.504840886272365 -8.135095591957958 
-16.798625049837128 -4.361813266296647 
-16.46727951105611 -5.964496136586758 
-16.096003704284882 -7.407122474413441 
-18.157659803942213 -3.329942114825517 
-15.41106423072026 -8.37043417768378 
-15.452630957926992 -8.175153052745632 
-16.62177902517629 -5.193868422673712 
-16.325068773264565 -6.598405526248316 
-16.594023291991668 -5.363950095080067 
-15.086674153816798 -9.828073824252368 
-18.709723644681624 -0.8599143498316097 
-18.34372508767164 -2.4392868384752298 
-14.688032746849627 -11.183341429381455 
-18.281094965589723 -2.715933539499512 
-15.547835660550005 -8.004731221791872 
-16.74371208880344 -4.636183381036707 
-16.063167930223518 -7.51721224459404 
-14.542299626975092 -11.52406472697694 
-15.092492613682694 -9.768742940965787 
-18.24690621445532 -2.923747857002263 
-18.21419310841352 -3.0688540654218346 
-16.774126932022085 -4.438105955430491 
-15.997796177579339 -7.629535945906486 
-14.64845785552806 -11.251269539134134 
-16.577341581098644 -5.44967590726685 
-16.71256508236548 -4.794447139573199 
-18.000064492933564 -3.815763559071496 
-15.447451996706867 -8.368968894083178 
-16.550247696067096 -5.566819488079913 
-18.25974775922173 -2.8620053587569156 
-18.35334531362433 -2.3917921676839065 
-15.16391685389823 -9.487544799503201 
-18.827937367786685 -0.5087110702277948 
-16.339808194427825 -6.4989644557480615 
-15.12038425809445 -9.59638348385268 
-16.71256508236548 -4.794447139573199 
-16.760052318252573 -4.580353498717333 
-16.644910141719045 -5.119124973495064 
-18.41207818940386 -2.1143779849698046 
-18.14538320222323 -3.370476051993098 
-18.66834721040867 -1.0048406117242012 
-16.03255834248349 -7.578793636909133 
-18.661759836963256 -1.0375256907541734 
-16.26257994008415 -6.856606844186119 
-18.42341940064533 -2.0598070067616376 
-18.046527456675697 -3.720981959311049 
-18.588477735464622 -1.3120480339077145 
-16.434522350884844 -6.070477928967821 
-15.34947537282829 -8.741927097024249 
