-4.612446864517356E-4 -9.762245494646021E-4 -5.191663655856882E-5 
-1.152709585110349 -1.1529968996491229 -1.1529411903301714 
-1.152709585110349 -1.1529968996491229 -1.1529411903301714 
-4.612446864517356E-4 -9.762245494646021E-4 -5.191663655856882E-5 
-4.7580420555890467E-4 6.517730734120178E-5 -0.48269162007572586 
-1.1082752031045 4.956023381941466E-5 -0.507489371664964 
-4.1575901685622033E-4 8.226500796270389E-5 -1.1558107536587159 
-1.0963893125145394 -0.544123004001293 -1.107406612605185 
-4.426317878542137E-4 -0.001065000981488377 -0.7973866246544825 
-3.617212509119246E-4 1.0752451950515537E-4 -0.5722006421266852 
-0.019834627438339057 6.508493319858463E-5 -0.5081232920746727 
-1.1139023483455277 -0.7958169638201682 -1.1118244903244416 
-1.0925086837656932 -0.00845358770185195 -0.625627284025717 
-1.0122221709930563 9.801568131969115E-4 -0.9900543657192243 
-1.0813995847120166 -0.9838590199802186 -1.0612460779868107 
-1.1522778088476588 5.4627808021193226E-5 -1.1524430554166203 
-4.7621459736096216E-4 -0.0010739927235730211 -0.6777667129349152 
-4.4246983275345335E-4 -0.0010835403777214637 -0.8241651966514424 
-1.0660027458239831 -0.004228022373080176 -0.6093274918423749 
-1.1115693360539303 -1.0985983670217585 -1.154663620257895 
-1.0290518758609375 0.00788206570086153 -1.0726069661636177 
-4.17660289358602E-4 6.431805531063936E-5 -0.6317988779608908 
-1.0145849213672864 0.013452037705525277 -0.9525800997073355 
-1.093055638221454 -0.7902728123005587 -1.0698686234141825 
-1.1412998056669184 -1.0284791638981166 -1.116423736052105 
-1.1187741911185012 -1.0159426311788033 -1.1037699399600132 
-0.872059690113655 -0.005014379646310463 -0.9538295396113267 
-0.9713810428115337 -0.00865890959646871 -0.9555221216969326 
-1.1109084763888049 -0.7983301625801837 -1.0671526906287356 
-1.0662635725549028 -0.9886728717057411 -1.1118244903244416 
-1.1005372410713157 -0.5712235491345176 -1.1331232117911734 
-1.0790763891577635 9.351656402067568E-5 -0.5722006421266852 
-4.17660289358602E-4 6.431805531063936E-5 -0.739563315054872 
-1.1362167656205653 -1.0143375361051807 -1.0679360748780657 
-4.1575901685622033E-4 1.8460711413128926E-4 -1.043186763884941 
-1.0814900735980277 -1.0058170890055018 -1.0889746705749026 
-1.0652211664893803 0.03018319470081887 -1.0593422381969824 
-1.079968021265547 -0.9493961708394849 -1.042970550391578 
-4.4150382873792365E-4 -0.0010845052852064612 -0.7626535006701691 
-4.1573682285698675E-4 6.441600556445387E-5 -0.5993082379477602 
-4.1575901685622033E-4 8.226500796270389E-5 -0.926952484985266 
-1.043074984488825 -0.030916281948878577 -1.116423736052105 
-1.0105206524081343 -0.019974242542516285 -1.042970550391578 
-1.0295126650383428 -0.7858963805986166 -1.0739352728745242 
-1.0105206524081343 -0.005551355675074741 -0.8946011084645882 
-4.612446864517356E-4 7.644372445241222E-5 -0.8430399852326375 
-3.089505441490058E-4 9.37582044171913E-4 -0.9900543657192243 
-1.1005372410713157 -0.9505066109035335 -1.0619056887681837 
-1.0674175096280756 -0.8487679320199826 -1.1092953220485484 
-4.1575901685622033E-4 1.845147399886721E-4 -1.0686184358838877 
-1.0419927956045822 -0.7117410318130669 -1.068622742181014 
-1.1314209748185553 -0.00845358770185195 -0.625627284025717 
-0.9713810428115337 -0.008646261015887759 -0.9721112684226488 
-1.1026557111165567 -0.008896927078319128 -1.0689406981373286 
-4.1575901685622033E-4 8.226500796270389E-5 -1.0176192792754313 
-0.985857769960814 -0.7983208383914386 -1.0739352728745242 
-1.0503948224623798 -0.6704057830416037 -1.1530866860101707 
-1.0145849213672864 0.006592163495967763 -0.837126603315982 
-1.0434479442946474 -0.004228022373080176 -0.9869976188131647 
-0.9701880937152734 9.515414184861335E-4 -0.8969757910703086 
-1.1005372410713157 -0.9090062429694307 -1.0540392695442071 
-4.7605184194376635E-4 -0.0010739927235730211 -0.689375855993477 
-4.415088450257013E-4 -9.710485988264668E-4 -0.9040979389307144 
-1.1632091678878553 -1.0411911534982896 -1.1155078576259836 
-0.0033075338261120205 0.001086404751493012 -0.9388480377214836 
-1.0674175096280756 -0.6332985585106212 -1.1089301673880925 
-0.9151791476224376 1.5007892442923807E-4 -0.8620567601990606 
-1.108878190606121 4.956023381941466E-5 -1.0831880917604644 
-1.1534578492739154 -1.0985983670217585 -1.154663620257895 
-1.1179357369183203 -0.8955084806693485 -1.0540392695442071 
-4.139264943948405E-4 1.0752451950515537E-4 -0.9632163041889978 
-4.612446864517356E-4 -9.762245494646021E-4 -0.9822932326093257 
-1.135132375477075 -7.397297973597726E-4 -0.6362522337571063 
-1.1180903221600973 0.010170537657847811 -1.1146306168954985 
-1.093055638221454 -1.1182020214932225 -1.0737815866667264 
-0.9524079384111876 -0.0011498809500303658 -0.9245841165354246 
-0.8408497070375991 1.1185773570956313E-4 -0.9555221216969326 
-4.426317878542137E-4 -0.001065000981488377 -1.1142356736922632 
-1.0813995847120166 -0.7001108321833709 -1.0890041631904956 
-0.9968338762632535 9.515414184861335E-4 -0.8969757910703086 
-4.1575901685622033E-4 8.226500796270389E-5 -0.9554421477755506 
-4.415088450257013E-4 -9.710485988264668E-4 -0.8983377816873365 
-1.0674175096280756 -0.8552371284326223 -1.1089301673880925 
-4.7580420555890467E-4 6.517730734120178E-5 -0.6227745402381091 
-0.9671642917083995 -0.009180856275595062 -1.0544119634114493 
-1.0105206524081343 -0.9493961708394849 -1.042970550391578 
-0.8408497070375991 1.1185773570956313E-4 -0.9555221216969326 
-0.7052254081132203 -0.008896927078319128 -1.068622742181014 
-0.9611063034104703 1.5028651425705178E-4 -0.8755377766672499 
-4.1575901685622033E-4 8.226500796270389E-5 -0.864078921120994 
-4.612446864517356E-4 -0.0011236972188879008 -1.0241775625528724 
-4.415088450257013E-4 -0.001084134174870303 -0.7131838671153768 
-1.1015041004422677 -0.004399664550587712 -1.1095888835580223 
-4.772129046166049E-4 6.517730734120178E-5 -0.7177798808550993 
-1.0145849213672864 0.006592163495967763 -1.0541062848053455 
-4.1442049965768603E-4 8.226500796270389E-5 -0.8573446696489657 
-4.612446864517356E-4 7.644372445241222E-5 -1.0861413493651155 
-4.4150382873792365E-4 -0.0010845052852064612 -0.7594541291374017 
-0.9151791476224376 1.5007892442923807E-4 -1.0492001821345962 
-1.0523774093121883 -0.7958169638201682 -1.0620249889538733 
