0.4516350508408445 6.501051141084044 
0.6747409964995468 1.4820501573076905 
0.4892004876950342 5.309914955312955 
0.6559580358076925 1.6739280059252915 
0.43563014378884274 7.082221701625679 
0.39132733455300384 8.897104245949095 
0.5600720688543604 3.4999484971767525 
0.6293936480529541 2.123336525932816 
0.40935991300485813 8.102861040174242 
0.5298561525404801 4.2240070674903505 
0.5982340590511638 2.704657427258514 
0.6519654820243701 1.737580562113828 
0.4983723363467398 5.04649132840891 
0.44256962561018426 6.818299014531885 
0.48230506447225535 5.515533474656453 
0.6293936480529541 2.123336525932816 
0.4805688244265356 5.56736419103002 
0.39132733455300384 8.897104245949095 
0.5721056450000368 3.236941699138647 
0.39266147449534555 8.827101774184978 
0.4762257842892667 5.701693232181674 
0.4104669812386373 8.06080507253954 
0.4496510843400222 6.57161191094855 
0.4694485485935515 5.91141834358882 
0.43338286946315263 7.1533967627947845 
0.4159567978877889 7.8344445194399555 
0.5113009328295886 4.69139643238314 
0.42194240126267885 7.590414893089222 
0.5675217201765326 3.3346845831980123 
0.6668267865409025 1.4996398167978546 
0.6668267865409025 1.4996398167978546 
0.4891332523876011 5.31193326446369 
0.4010434827611559 8.4573883696106 
0.5748548543941843 3.1791244523386832 
0.4010434827611559 8.4573883696106 
0.5895254974069015 2.874864296967998 
0.5844141056568661 2.9802053450951007 
0.42194240126267885 7.590414893089222 
0.5600720688543604 3.4999484971767525 
0.404772796937247 8.298321664186126 
0.5333902329696119 4.126156280234818 
0.6668267865409025 1.4996398167978546 
0.6601186213967192 1.6054271268194789 
0.5135494524126378 4.634564815727479 
0.5240372259455827 4.370364620169245 
0.5540131333910483 3.6354263647457934 
0.5438251232804894 3.8745173637747525 
0.4626784538721986 6.134120581403134 
0.5982340590511638 2.704657427258514 
0.44066256835972495 6.885347845569366 
0.45572199097304644 6.360989178139405 
0.5440004484386287 3.8699289180965595 
0.6060437035873076 2.5533039998887728 
0.6402169196841552 1.9340994112745167 
0.6200759736386875 2.2891228613979546 
0.5333902329696119 4.126156280234818 
0.5982340590511638 2.704657427258514 
0.6402169196841552 1.9340994112745167 
0.44444384473609294 6.750472334094041 
0.6200759736386875 2.2891228613979546 
0.5488432925265514 3.755546593787619 
0.5222536045446661 4.410411557518688 
0.4983723363467398 5.04649132840891 
0.5191539421148321 4.4840677032582885 
0.43563014378884274 7.082221701625679 
0.4605424790426488 6.2049154655716405 
0.5797964771275029 3.073338341446525 
0.4762257842892667 5.701693232181674 
0.4715857760053927 5.8451859541279445 
0.40935991300485813 8.102861040174242 
0.6402169196841552 1.9340994112745167 
0.4626784538721986 6.134120581403134 
0.5191539421148321 4.4840677032582885 
0.5488432925265514 3.755546593787619 
0.5797964771275029 3.073338341446525 
0.5675217201765326 3.3346845831980123 
0.48230506447225535 5.515533474656453 
0.5358347395014639 4.065167092550224 
0.4264144575541952 7.416643671017548 
0.45572199097304644 6.360989178139405 
0.6519654820243701 1.737580562113828 
0.4978187004679614 5.061613377179936 
0.4978187004679614 5.061613377179936 
0.4516350508408445 6.501051141084044 
0.49250660339845465 5.214367877816094 
0.6248908390299011 2.204565369279587 
0.5113009328295886 4.69139643238314 
0.5113009328295886 4.69139643238314 
0.6223677484225051 2.248283538661863 
0.5895254974069015 2.874864296967998 
0.4264144575541952 7.416643671017548 
0.5358347395014639 4.065167092550224 
0.5540131333910483 3.6354263647457934 
0.39266147449534555 8.827101774184978 
0.6070748560427159 2.530961366235783 
0.6070748560427159 2.530961366235783 
0.41856431135433525 7.725344850051207 
0.4694485485935515 5.91141834358882 
0.43338286946315263 7.1533967627947845 
