-0.6936581093392605 0.9590248641421214 
-0.6942629615014186 1.0585118966510711 
-0.6936595230523285 0.968830180401786 
-0.6936585419770158 0.9638884640270675 
-0.6936880424984497 0.9966822680607179 
-0.6936582979097576 0.9611688357931268 
-0.6936589111574545 0.9662449844031975 
-0.6936582980560992 0.9618771464330281 
-0.6936585075708868 0.963618413529555 
-0.6936742697373144 0.9891408394424046 
-0.6936735828023929 0.9889009335071844 
-0.6936734998815269 0.9885726003419218 
-0.6936745262292832 0.989574942120613 
-0.6936779726247397 0.9910858457392323 
-0.6936729789228525 0.9881894531841363 
-0.6936583608837456 0.9623052177550216 
-0.6936831780546465 0.9944267175699605 
-0.6936580591368405 0.9575585262296332 
-0.6936586660365895 0.9647772484539631 
-0.6941814085501519 1.0265186778637814 
-0.6942289921781071 1.0505703850603287 
-0.6936591700742551 0.9675294312508133 
-0.6936601673766953 0.9714157740150514 
-0.6942368317422016 1.0526831163525123 
-0.6936580760801149 0.9579780539769094 
-0.6936606440409069 0.9727666156380355 
-0.6936611521176851 0.9738454071218531 
-0.6936584382562364 0.9630396711714664 
-0.6936580806883693 0.9583448729544968 
-0.693672409694104 0.9877623019110712 
-0.6942423579471477 1.0535007937820262 
-0.694230124940108 1.050902317379365 
-0.6936763504629238 0.9908018022621642 
-0.6936599004476323 0.9705834658937054 
-0.6936592445115067 0.9681112751528287 
-0.6936597616865954 0.9701227060103956 
-0.6936608742896978 0.9733537254451687 
-0.693658144339514 0.9597125099683328 
-0.6940846655464605 1.0004982839153034 
-0.6936585663564924 0.9640739090890512 
-0.694215972199421 1.0375533454901469 
-0.6936860357882473 0.9958581218743068 
-0.6942321367207389 1.0513991605764679 
-0.6936610808937085 0.9736089473779631 
-0.6936587614665808 0.9656295792457154 
-0.6936585968691925 0.9643030815540855 
-0.6936721325677034 0.9753605556652328 
-0.6936597360983309 0.9697779746250152 
-0.6936590448396825 0.9668903667900699 
-0.694142990191653 1.0220442612088527 
-0.6936611966878399 0.9741211302201995 
-0.6942032184806196 1.0333595041679235 
-0.6936783224676574 0.9919854140936468 
-0.693682196208669 0.9939002090714114 
-0.6942565576389566 1.0568504383314945 
-0.6936868364090817 0.996152282795843 
-0.6942258562469247 1.0496402925926167 
-0.6936812625966067 0.9934347212489572 
-0.6936858747164149 0.9957147928992924 
-0.6936826252186197 0.9941466065281312 
-0.6936607814053117 0.9731210120363057 
-0.6936581978340697 0.9603445653343543 
-0.6936590998884108 0.9671965845180819 
-0.6936605335150438 0.9722187524005337 
-0.6936790278627805 0.992189197908001 
-0.6936615744510547 0.9749566724079145 
-0.693659857789863 0.9704480051458426 
-0.6936584481219494 0.9633616893767498 
-0.6936580308171555 0.9566831282956992 
-0.6936582303954681 0.9608042332385228 
-0.6936803690876799 0.9932025646845325 
-0.6940394627789015 0.9970693709544478 
-0.6936601477901571 0.9711165822005738 
-0.6942458783966404 1.0542805348645095 
-0.6936602400713892 0.9716537954091201 
-0.6936763455822217 0.9900708450197643 
-0.6942168457862675 1.0470264659753774 
-0.694139265752991 1.0201334658672734 
-0.6941834117268812 1.0281019894702532 
2.121197671432766 0.411667275527372 
-0.6936595912261854 0.9695090414418982 
-0.6936588428481991 0.9661105113849581 
-0.6936580062476095 0.9552131483134468 
-0.6936592913855627 0.9683145665512427 
-0.6936839679927288 0.9948180362227642 
-0.6936812722889052 0.9936940464799412 
2.081370583471413 0.8159024100216001 
-0.6936580014861274 0.9547529283659169 
-0.6936797885081555 0.9928722472070929 
-0.6936847350448729 0.995445665140717 
-0.6936613733073048 0.9745220601852624 
2.121287543467485 0.40157735729061284 
-0.6936581533801395 0.9598735440219581 
2.120008216178156 0.6193902751527279 
-0.6936790445759123 0.9924522689411928 
-3.141592653589793 1.070154889354317 
2.0820468435668844 0.6968062450412509 
2.082047221330792 0.6541857804437674 
2.3086968983260303 0.39694664820444636 
2.3707740355452804 0.3908428911929628 
