-0.6936581093392605 3.8434649199390725 -3.1967706417319506 
-0.6942629615014186 3.843097297550495 -3.1967706417319506 
-0.6936595230523285 3.8434783818196423 -3.1967706417319506 
-0.6936585419770158 3.843472788987996 -3.1967706417319506 
-0.6936880424984497 3.843473088409738 -3.1967706417319506 
-0.6936582979097576 3.8434875659551273 -3.1967706417319506 
-0.6936589111574545 3.8434728226182915 -3.1967706417319506 
-0.6936582980560992 3.843465186168827 -3.1967706417319506 
-0.6936585075708868 3.8434728002460052 -3.1967706417319506 
-0.6936742697373144 3.8434728226182915 -3.1967706417319506 
-0.6936735828023929 3.8434649439299946 -3.1967706417319506 
-0.6936734998815269 3.8434731960784094 -3.1967706417319506 
-0.6936745262292832 3.8434650204412817 -3.1967706417319506 
-0.6936779726247397 3.843487277462322 -3.1967706417319506 
-0.6936729789228525 3.8434730338642136 -3.1967706417319506 
-0.6936583608837456 3.843472899697057 -3.1967706417319506 
-0.6936831780546465 3.8434727582105213 -3.1967706417319506 
-0.6936580591368405 3.8434705516056926 -3.1967706417319506 
-0.6936586660365895 3.8434727371202575 -3.1967706417319506 
-0.6941814085501519 3.843132846091788 -3.197233400419708 
-0.6942289921781071 3.8431145334441434 -3.1967706417319506 
-0.6936591700742551 3.843472899697057 -3.1967706417319506 
-0.6936601673766953 3.8434654477201065 -3.1967706417319506 
-0.6942368317422016 3.8431138158393985 -3.1967706417319506 
-0.6936580760801149 3.8434728149764554 -3.1967706417319506 
-0.6936606440409069 3.843465026431989 -3.1967706417319506 
-0.6936611521176851 3.8434705516056926 -3.1967706417319506 
-0.6936584382562364 3.8434726777689714 -3.1967706417319506 
-0.6936580806883693 3.8434650204412817 -3.1967706417319506 
-0.693672409694104 3.8434727498757795 -3.1967706417319506 
-0.6942423579471477 3.843102767136215 -3.1967706417319506 
-0.694230124940108 3.8431147831602104 -3.1967706417319506 
-0.6936763504629238 3.843465049388905 -3.1967706417319506 
-0.6936599004476323 3.8434652138882486 -3.1967706417319506 
-0.6936592445115067 3.8434650204412817 -3.1967706417319506 
-0.6936597616865954 3.843464959098943 -3.1967706417319506 
-0.6936608742896978 3.8434650204412817 -3.1967706417319506 
-0.693658144339514 3.8434650253971174 -3.1967706417319506 
-0.6940846655464605 3.8431573634168754 -3.1967706417319506 
-0.6936585663564924 3.8434727521510865 -3.1967706417319506 
-0.694215972199421 3.8431216744092738 -3.197221295004252 
-0.6936860357882473 3.8434709621260623 -3.1967706417319506 
-0.6942321367207389 3.8431138158393985 -3.1967706417319506 
-0.6936610808937085 3.8434727521510865 -3.1967706417319506 
-0.6936587614665808 3.8434650263331838 -3.1967706417319506 
-0.6936585968691925 3.8434725675225048 -3.1967706417319506 
-0.6936721325677034 3.843470486271755 -3.1968418357501465 
-0.6936597360983309 3.8434730665866366 -3.1967706417319506 
-0.6936590448396825 3.8434742809800975 -3.1967706417319506 
-0.694142990191653 3.8431414965142383 -3.1967706417319506 
-0.6936611966878399 3.8434650853349894 -3.1967706417319506 
-0.6942032184806196 3.8431237650782406 -3.1972337143860883 
-0.6936783224676574 3.843466302231587 -3.1967706417319506 
-0.693682196208669 3.8434735345798923 -3.1967706417319506 
-0.6942565576389566 3.8430965060559217 -3.1967706417319506 
-0.6936868364090817 3.8434730382045386 -3.1967706417319506 
-0.6942258562469247 3.8431138158393985 -3.1967706417319506 
-0.6936812625966067 3.843472739623033 -3.1967706417319506 
-0.6936858747164149 3.8434730382045386 -3.1967706417319506 
-0.6936826252186197 3.843472761757056 -3.1967706417319506 
-0.6936607814053117 3.8434650204412817 -3.1967706417319506 
-0.6936581978340697 3.8434727521510865 -3.1967706417319506 
-0.6936590998884108 3.843473050402382 -3.1967706417319506 
-0.6936605335150438 3.843473056682282 -3.1967706417319506 
-0.6936790278627805 3.8434727522253898 -3.1967706417319506 
-0.6936615744510547 3.8434650947162816 -3.1967706417319506 
-0.693659857789863 3.8434650204412817 -3.1967706417319506 
-0.6936584481219494 3.843465186168827 -3.1967706417319506 
-0.6936580308171555 3.843465026431989 -3.1967706417319506 
-0.6936582303954681 3.8434727521510865 -3.1967706417319506 
-0.6936803690876799 3.8434650204412817 -3.1967706417319506 
-0.6940394627789015 3.8434650204412817 -3.1992107642565624 
-0.6936601477901571 3.843473056682282 -3.1967706417319506 
-0.6942458783966404 3.8431001154477027 -3.1967706417319506 
-0.6936602400713892 3.8434647566657865 -3.1967706417319506 
-0.6936763455822217 3.843487277462322 -3.1967706417319506 
-0.6942168457862675 3.8431138158393985 -3.1967706417319506 
-0.694139265752991 3.8431414965142383 -3.1967706417319506 
-0.6941834117268812 3.843139819291695 -3.1972224397376214 
2.121197671432766 -2.615316629693541 4.261379754357249 
-0.6936595912261854 3.8434650204412817 -3.1967706417319506 
-0.6936588428481991 3.8434650204412817 -3.1967706417319506 
-0.6936580062476095 3.843465020261963 -3.1967706417319506 
-0.6936592913855627 3.8434650204412817 -3.1967706417319506 
-0.6936839679927288 3.8434727627780556 -3.1967706417319506 
-0.6936812722889052 3.8434650204412817 -3.1967706417319506 
2.081370583471413 -2.4295169987751075 4.343370723933095 
-0.6936580014861274 3.8434650273858475 -3.1967706417319506 
-0.6936797885081555 3.8434652013715405 -3.1967706417319506 
-0.6936847350448729 3.8434650204412817 -3.1967706417319506 
-0.6936613733073048 3.8434650204412817 -3.1967706417319506 
2.121287543467485 -2.6152172260572764 4.261382375622802 
-0.6936581533801395 3.8434650204412817 -3.1967706417319506 
2.120008216178156 -2.6050187912653824 4.261373074532615 
-0.6936790445759123 3.8434650204412817 -3.1967706417319506 
-3.141592653589793 -4.999999999053105 -3.309849243011585E-4 
2.0820468435668844 -2.4403492684555776 4.351880541663315 
2.082047221330792 -2.443318716585365 4.3687558777715 
2.3086968983260303 -3.3641247352122403 3.699022332394009 
2.3707740355452804 -3.5868486279693768 3.482357337510894 
