0.45193186443279665 -0.12321969367373034 
0.8402037209111134 -0.7172509418493705 
0.4509228820794318 -0.1220989980138909 
0.22668128799574616 0.3554531555044644 
0.4479134891277609 -0.1161099985884741 
0.8468485291222106 -0.7628689887307266 
0.024723597935078778 0.8256268623631245 
0.07824389236807809 0.671037290345764 
0.6332873476399234 -0.343663032863687 
0.4393189839671646 -0.07752571690537421 
0.8386968909750763 -0.7020516439880627 
0.6438581258761497 -0.4342200762335535 
0.6423892592590473 -0.4254965811736119 
0.4465627286112622 -0.11211718920224692 
0.6493843882267744 -0.45496564355725816 
0.42385293923215084 0.060363898843133326 
0.0731951259736019 0.6750284722811406 
0.4452708749180961 -0.10755287556007584 
0.846821089366579 -0.7627264892134383 
0.42603975512355896 0.036464980824283566 
0.04524248174863754 0.7427200050718215 
0.07563192628407171 0.6727528961422155 
0.24809393586973688 0.25437657119112295 
0.8512184995591198 -0.7731018748820894 
0.6473090433246598 -0.44947312732729156 
0.42887582513924716 0.007425228806561277 
0.8415020346204465 -0.7288944211299703 
0.635293160245566 -0.3655571196972596 
0.8500347004336397 -0.7719337734337595 
0.6482181071909031 -0.452217163721339 
0.4535834804964099 -0.12408223464365548 
0.22067674317453606 0.3969059455135726 
0.06732271936098214 0.6831182567357145 
0.243703760612536 0.26748245052678205 
0.8433803348941564 -0.7434896263578962 
0.21621837624590584 0.42971074974157675 
0.6398834157514894 -0.4076493860379963 
0.651694130840459 -0.45793886145870566 
0.049602411705577575 0.7278238710422684 
0.25029478085182827 0.24954488652150172 
0.053752952537132304 0.7149334852663568 
0.23830497177572418 0.28960047682703016 
0.22463899877552101 0.36917030972745174 
0.07759426320070059 0.6714303547896885 
0.010788909889533842 0.8927540329467134 
0.8456129096324166 -0.7570465402255887 
0.032766269975762805 0.791049989354926 
0.434788936520619 -0.04535280558512067 
0.4432968263594982 -0.09921262047270257 
0.05952469330024707 0.699342081216622 
0.04151221691769605 0.7564021142115951 
0.25543586440267 0.24300000326170582 
0.028051194572653898 0.8110457788557864 
0.25455260151238807 0.2436288008205595 
0.4510907375762583 -0.12232544134208088 
0.6504567895322024 -0.4568043496155119 
0.6515250298116124 -0.4578412732816984 
0.45279278186814115 -0.1238397407030097 
0.05766470223514513 0.7040796632934646 
0.6384870102412412 -0.3961350191928606 
0.03661333436477138 0.7754391741249211 
0.06412409861482359 0.6890144319351861 
0.2411069563001524 0.277369544514728 
0.2570762765292808 0.24242157384731708 
0.6296436340509824 -0.29860277765474563 
0.8487496747545114 -0.7692534503483452 
0.08099661684136163 0.6699772703146485 
0.6456074523499402 -0.44281185989100774 
0.6501329306018332 -0.45633580799137735 
0.4415105662291908 -0.09021173659070934 
0.008915673114701483 0.9033189704557372 
0.231246836711197 0.32706513305439633 
0.2516357881326653 0.24719799170429485 
0.4373149684761808 -0.06422818397136554 
0.43186017513827574 -0.020652619175979662 
0.23606644066077898 0.30046345244908407 
0.25351497994062977 0.24464487804501997 
0.44954403124330333 -0.11984380509143998 
0.24566635288006483 0.26114931500409083 
0.20597389714778153 0.5078872854273411 
0.07095042842023878 0.677640787998511 
0.8500712361299569 -0.7719667996356891 
0.8478447939223066 -0.7665752051496432 
0.07991727693081463 0.670339806730205 
0.016903171041649928 0.8616256789143814 
0.23362534677291147 0.3134031997825157 
0.25611106945920614 0.24268757714315664 
0.21063844688809832 0.4721044632203572 
0.0021663087245359647 0.953561104305443 
0.8360861867680406 -0.6717455184779452 
0.005466640157295515 0.9252970316953038 
