-8.706309791507948E-4 7.635915114629435E-4 -1.0448574050860073 
-0.0015698593091012607 -3.850573289485437E-4 -0.7798188357863487 
-1.0270925471380232 -6.347376890237336E-4 -0.9166966173962642 
-1.0688500132908536 -4.419455511850236E-4 -0.6175661209990579 
-0.9817179039362107 -4.6596682645450667E-4 -0.9943745671286655 
-1.0720749943747723 -0.6644907988742843 -1.0843747472025913 
-0.8096910638663536 0.006702821074019649 -1.00492978218092 
-1.0729774959733012 -2.889418362240644E-4 -1.0261655480712295 
-0.7527695178144804 6.612036686315069E-4 -1.0261655480712295 
-8.915339943310376E-4 -3.0373279445433665E-4 -1.1109104389394397 
-0.7093245965392525 8.396233579444079E-4 -1.0589190237741353 
-1.10859178868993 -0.034875028373566874 -1.0959487877208536 
-1.019777398482199 -4.666069972724516E-4 -1.01372846775036 
-1.0756684049500433 5.608974306275938E-5 -1.0879687396405058 
-0.0011574136171305593 -3.0020663718846E-4 -0.9166966173962642 
-1.076456114367476 -0.8173078465946398 -1.09194179568223 
-1.0750464366094283 -0.9656221733054722 -1.087292260640236 
-1.0841684970105103 -2.8160434814089304E-4 -6.915166049781263E-5 
-0.0015559558623463943 9.165308345110692E-4 -0.8877160198772399 
-1.0978533899668776 -1.1554018367500778 -1.0845408303172495 
-8.998555143289597E-4 7.634651101076813E-4 -0.9805210129390565 
-1.049460322148924 -0.9261360624574113 -1.0852249905005096 
-1.0978533899668776 -0.616290037158222 -1.0845408303172495 
-0.9453322657879928 0.006902321756707679 -1.017333826066485 
-0.9916462817129741 -4.6596682645450667E-4 -1.0214644589726454 
-8.752709988252983E-4 -4.5550091188078606E-4 -0.741629299932421 
-1.0698760605558797 -0.7957405610175483 -1.0841882646787082 
-0.8818961760869626 -6.347376890237336E-4 -0.9166966173962642 
-0.9358646986526815 5.204156825849731E-4 -0.9397453985840677 
-1.0688277747233084 -0.7988071034125408 -1.109038613418586 
-9.046491087061648E-4 -5.176211470379779E-4 -0.8354980275783408 
-4.58543123211684E-6 5.667379616116536E-4 -0.623651304472625 
-1.0729774959733012 6.612036686315069E-4 -1.0447357354876545 
-1.141060678018949 -1.1436140329217397 -1.086728220231466 
-1.0670490985833638 0.0014233645407375987 -0.6709129777276818 
-1.0978533899668776 -0.9669462634820184 -1.0845408303172495 
-0.8305040165083409 0.006702821074019649 -1.00492978218092 
-1.0699650737614026 -1.0136343286250316 -1.0898670355205526 
-0.0011652561782180921 4.888419369014224E-4 -0.5660024775040213 
-0.8402288571112896 -4.7625986147175004E-4 -1.00492978218092 
-0.0015421176560917057 7.838239161454866E-4 0.0016321723841451474 
-1.076296492790347 -0.8765012106517844 -1.040770206278357 
-1.0688500132908536 -4.419455511850236E-4 -0.6423784190052246 
-1.0599871335546345 -0.011478516495733504 -1.086728220231466 
-0.0015433354386908175 -2.021778134112845E-4 -1.0618004304009478 
-1.153082305221266 0.0037816440452832127 -1.1533608696192408 
-1.100626001615931 -3.0162377514775403E-4 -1.1127138858938228 
-8.37468716921143E-4 -2.5168757252012544E-4 -0.9523427160635776 
-1.1111679222480142 -1.008561276373619 -1.0848774335910023 
-1.093144037118766 -1.070357916559593 -1.1300558541537074 
-1.05686803332374 -0.7321643224176683 -1.0845710717817958 
-0.0015763263380621278 -4.4127496943514237E-4 -0.7615947535140961 
-1.0455217772907557 -0.7840413296942783 -1.0716589237107637 
-1.1418155357117268 0.00615199382157422 -1.112799377511575 
-1.092310805616821 -1.033562531144869 -1.1285382254557659 
-4.58543123211684E-6 5.667379616116536E-4 -0.8716113301457995 
-0.0011652561782180921 -3.9858857096936745E-4 -0.5999097454114346 
-1.0959708816770717 -0.5961072937207649 -1.0866960666945351 
-8.832865465095006E-4 -4.7091860675514924E-4 -0.5278042726152968 
-1.096100483688325 -0.821365018898511 -1.0867553178346592 
-1.1115510295671185 -1.018886993357413 -1.1008665441817542 
-1.1098391304162114 -0.9737008012042292 -1.0949268142224202 
-0.0015416496037226857 -2.9617291247568527E-4 -0.9306275824287955 
-1.0992276469051867 -1.0812116947379087 -1.1519725263666265 
-1.0989095575734305 -0.9203682589132374 -1.1067084424731557 
-1.0742036429483552 -0.8948973528466391 -1.0869582326150697 
-1.0730937681287025 -0.864342550263574 -1.0856113718098124 
-0.00155595586136692 -2.8487908968783076E-4 -0.7007484812474438 
-1.0721521528866857 0.0027061662018301167 -0.6868639971032142 
-8.37468716921143E-4 -2.5168757252012544E-4 -0.4811213433409911 
-8.915339943310376E-4 -3.0373279445433665E-4 -0.8147132918682051 
-1.1240238579277986 -2.711868532342282E-4 -0.4942590250995892 
-0.0011652561782180921 -4.419455511850236E-4 -0.9676145908021785 
-0.0012030803168548985 8.193943539949836E-4 -0.7981873075833248 
-1.0303964376526158 -0.004802684681023739 -1.0297897829256026 
-0.9744708567841915 7.560769196078669E-4 -0.8808769269884312 
-1.0475978194637316 6.726627216119818E-4 -1.0296672973309038 
-8.716312712135423E-4 7.635915114629435E-4 -1.0300696103529474 
-1.0494630704427266 -0.7556355241494771 -1.085388202053483 
9.814591975618181E-5 9.126613111719532E-4 -0.7213863317322776 
-8.964024564005468E-4 3.862424048488946E-4 -1.1522628962203394 
-1.0741554833335598 -0.8823086309893584 -1.0808044044917011 
-0.9641151530732325 5.204156825849731E-4 -0.9397453985840677 
-1.1302141107946502 -1.0302846794935507 -1.1367623808147747 
-1.1377859491893862 -1.1430162248420876 -1.1435941621806414 
-0.9916462817129741 -4.6596682645450667E-4 -1.0024020798929147 
-0.9476086759871575 5.204156825849731E-4 -0.9397453985840677 
-0.0015416496037226857 -2.9617291247568527E-4 -0.9044477678387473 
-0.0011652561782180921 -4.419455511850236E-4 -0.6484036487139007 
-1.0750464366094283 -0.9234759824366255 -1.0879778473446369 
-8.277523912061784E-4 7.802469575217484E-4 -0.8544154388881383 
-0.9323193168434871 -6.308381688628596E-4 -0.9895968463459119 
-1.0750780173970458 -0.7685905658348904 -1.086219803687555 
-0.0011652561782180921 -4.6881861873227784E-4 -0.6753071868335191 
-8.413919637828102E-4 8.735869869149074E-4 -0.9939977115237254 
-1.0706336106461027 -0.6660508327595969 -1.1085885587149655 
-1.0978533899668776 -0.5628129848041052 -1.0845408303172495 
-1.138433459108378 -3.148164911367849E-4 -0.5213581057858141 
-1.0725845583576468 -0.6861867226791464 -1.1077574104803605 
-8.998555143289597E-4 7.634651101076813E-4 -1.0109403676821678 
