0.42583300364328164 0.038689115935390005 
0.2287479886410924 0.3422489239486014 
0.42469840245584 0.050968217248139824 
0.6388620647289325 -0.3993178612430956 
0.43220664812338183 -0.023700029752969753 
0.0597011740412422 0.6989163092336195 
0.23561936724067434 0.3027466436069395 
0.6376563753080381 -0.3887210703953643 
0.44725133437611736 -0.11424147997789946 
0.6312105319816683 -0.3187676950758232 
0.20243036921307617 0.535042409914548 
0.22378883991014517 0.37502678582383575 
0.23143725204721907 0.3258674117643763 
0.2417551420298806 0.27475309456693237 
0.009887048707592078 0.8976960608798452 
0.233021062856075 0.3167510273885755 
0.03355179206949749 0.7877898507228486 
0.0017218657245277047 0.9586414159301261 
0.20554207103215572 0.5111577324571871 
0.6355559424943524 -0.36832175617622237 
0.6498786506226735 -0.45594422376472477 
0.42774109155609163 0.018737575157167244 
0.035412819442865645 0.7801837079601538 
0.6416217043450168 -0.4203996864895181 
0.2527607761214286 0.2455511172214054 
0.021587273667190016 0.8396745875042847 
0.24594979232723338 0.26025776189742206 
0.6511474970781634 -0.45755200880281327 
0.4483653648181122 -0.11725314937776979 
0.6486312766605044 -0.4532912503070132 
0.2178459570278521 0.4176065184706252 
0.013578235874117661 0.8781152357280724 
0.24391959157515222 0.2667794805252765 
0.05107197567839661 0.7230954038872691 
0.4427669002105681 -0.09666830315356335 
0.6326538932719437 -0.3363084919353347 
0.6281410943012247 -0.27818564792634953 
0.016611525628563467 0.8630192035858281 
0.6482092427359906 -0.45220822839257235 
0.646057791842763 -0.44475991179339974 
0.6292058450077738 -0.292757357765618 
0.037208693031200946 0.7731000045645359 
0.2153956901297272 0.43583797082419307 
0.20975898189905892 0.4788296966441711 
0.2139552512559551 0.446731979266672 
0.4357719542808158 -0.05300420732268344 
0.04427539324373188 0.7462515811913465 
0.22635443735748922 0.35761982832924255 
0.4397139953040183 -0.07993763728657617 
0.07005224293751305 0.6788699917200915 
0.23947396626422707 0.2842913987277222 
0.19930174910166537 0.5580900259447064 
0.45049356429272075 -0.12150397788541828 
0.4204255442551378 0.10009622542377107 
0.07235412548690137 0.6759273609082311 
0.43758163691397206 -0.06608793902838692 
0.02585448077757732 0.8205809711302301 
0.04845266206873283 0.7316189407690827 
0.44472212859300586 -0.10535535308126162 
0.6520208616944506 -0.45807544733790073 
0.642802228430402 -0.42806267062120823 
0.22094647227261666 0.3949578022702998 
0.24974469629685928 0.2506554621367835 
0.4535279309246846 -0.12404600266194908 
0.4336989886454806 -0.036487635754363014 
0.2507353151338996 0.24872722996360017 
0.08146346817989678 0.6699472775855079 
0.44964495257441955 -0.12002728359651517 
0.6340887934712113 -0.352700126575958 
0.021587273667190016 0.8396745875042847 
0.03017759509710989 0.801942576783589 
0.20749629128015545 0.49622859326796803 
0.002432915790953158 0.9507444539411254 
0.05704850649212556 0.7056844714433349 
0.06275307450034527 0.6918473021270751 
0.05485095708847146 0.711787105000084 
0.422321006687973 0.07780714107620351 
0.6470261406809135 -0.44847021646257745 
0.07508920751724385 0.6732178044515932 
0.006082756489558902 0.9210055497538011 
0.2552776569628366 0.24310940509049384 
0.4293519621671448 0.0027705479425519657 
0.25270122665161 0.24563172347431086 
0.4529124224135869 -0.12386555381936436 
0.2547753321493502 0.24344634455253836 
0.6508264693292265 -0.4572226867583291 
0.0798678679011727 0.6703527540882074 
0.45157816715497856 -0.12288649483816921 
0.2568673122758406 0.24241071823658092 
0.07586400542206864 0.6725765860741981 
0.44177580404698064 -0.0916230965873693 
0.041838035755270356 0.7551890600523152 
0.24776291729015745 0.2552707509718459 
0.6445851698845096 -0.43803847382984906 
0.06535171854397204 0.6867394012755614 
0.07784527260024572 0.6712555623907567 
0.0809337002370308 0.670060260531887 
0.06638275867766721 0.6847540716267979 
