0.5487846290009096 3.756400653234945 
0.518251030633024 4.507169670462645 
0.46583489005022505 6.0268598329801515 
0.8173812600471995 1.2362087356484093 
0.4396686675520035 6.923385029807833 
0.5408111079893514 3.9487872167648757 
0.5950233869626269 2.764540730841941 
0.3923330891915998 8.842256352127961 
0.49317996387198515 5.194045494972053 
0.45223898604068136 6.479361951894262 
0.4117415981545018 8.004465236874934 
0.6221639029750702 2.2513154882643085 
0.6025333435297693 2.6184028346495483 
0.6291557737199738 2.129520644381342 
0.41887900316427 7.7120351747341624 
0.667004011432028 1.499282949837872 
0.4447416617229584 6.740428402911996 
0.43466894156214275 7.107122248685875 
0.5487846290009096 3.756400653234945 
0.6007688468534201 2.652771814391821 
0.6165622509927157 2.3546786024015973 
0.46025494103404 6.211446644897618 
0.6670226279315635 1.499199514566742 
0.485465929826731 5.426673340406151 
0.6383126421019742 1.9669488028406303 
0.6586667035506516 1.6284761431391122 
0.5112561314949938 4.694630171723779 
0.5566263520058046 3.576888745271496 
0.6221639029750702 2.2513154882643085 
0.4756915753776655 5.716187157826507 
0.6464136783176336 1.8294410910898848 
0.7126808557603026 1.4031526059910513 
0.6395605892822553 1.9456552455681784 
0.6025333435297693 2.6184028346495483 
0.5688450323917859 3.3059631046706346 
0.6506603021774096 1.7613501471541135 
0.3989555239085019 8.5482077108294 
0.6106559101328105 2.4637918017466447 
0.4996350000829628 5.011464609385221 
0.5869493327858845 2.927154569269831 
0.5616536531682558 3.463673799197984 
0.4410942119229729 6.8744748836674905 
0.4756915753776655 5.716187157826507 
0.43184551575041397 7.213153063411821 
0.4263665640814912 7.418958591709489 
0.6291557737199738 2.129520644381342 
0.5303248414336127 4.201296925248962 
0.6653600095861708 1.5207593523258298 
0.4038927183185792 8.332786694676306 
0.6586667035506516 1.6284761431391122 
0.3898275879745187 8.957305040107139 
0.4996350000829628 5.011464609385221 
0.3898275879745187 8.957305040107139 
0.40652348995466336 8.220131512232557 
0.5360367910539519 4.059722701061021 
0.41887900316427 7.7120351747341624 
0.46025494103404 6.211446644897618 
0.4355232440465211 7.076955990915147 
0.5364991784870963 4.047733703901592 
0.4557264572691764 6.36364516373121 
0.518251030633024 4.507169670462645 
0.518251030633024 4.507169670462645 
0.5364991784870963 4.047733703901592 
0.4263665640814912 7.418958591709489 
0.5700653566500021 3.2822004237454045 
0.6106559101328105 2.4637918017466447 
0.5058064828589951 4.840408038100138 
0.5779034126506098 3.1137794254981435 
0.5112561314949938 4.694630171723779 
0.6487503772048021 1.7902884188895787 
0.5869493327858845 2.927154569269831 
0.5291103993261603 4.241071880388078 
0.547629073718536 3.7908210762134797 
0.6637418426494048 1.5466032263000957 
0.5950233869626269 2.764540730841941 
0.5547529856222717 3.619590026240849 
0.6383126421019742 1.9669488028406303 
0.46804040049912204 5.959560276186617 
0.3989555239085019 8.5482077108294 
0.5779034126506098 3.1137794254981435 
0.5614671091846496 3.4679498257462247 
0.6145309840514823 2.391266228309997 
0.49317996387198515 5.194045494972053 
0.5688450323917859 3.3059631046706346 
0.3923330891915998 8.842256352127961 
0.4117415981545018 8.004465236874934 
0.4486298939371185 6.604165936339965 
0.41887900316427 7.7120351747341624 
0.46583489005022505 6.0268598329801515 
0.48394985038103766 5.467111100391617 
0.5146623413151316 4.60162157965744 
0.5045696668228987 4.87465312950131 
0.5821150667889521 3.0262056789273157 
0.45223898604068136 6.479361951894262 
0.4803746677518506 5.57547300700479 
0.4756915753776655 5.716187157826507 
0.49317996387198515 5.194045494972053 
0.5303248414336127 4.201296925248962 
