0.5487846290009096 1.061454938864314 
0.518251030633024 1.3358453269551733 
0.46583489005022505 1.8075215876444264 
0.8173812600471995 0.01045385402565191 
0.4396686675520035 2.0439954710050983 
0.5408111079893514 1.1355479899127996 
0.5950233869626269 0.6449663890617077 
0.3923330891915998 2.4691097500544092 
0.49317996387198515 1.5615991695597642 
0.45223898604068136 1.930220079315231 
0.4117415981545018 2.295771309003038 
0.6221639029750702 0.40068723100674797 
0.6025333435297693 0.577675014669218 
0.6291557737199738 0.3398002086684001 
0.41887900316427 2.230409606360433 
0.667004011432028 2.774181350467808E-5 
0.4447416617229584 1.9977493286357078 
0.43466894156214275 2.089245305389045 
0.5487846290009096 1.061454938864314 
0.6007688468534201 0.5937026638974295 
0.6165622509927157 0.4518059394611105 
0.46025494103404 1.8588490092834393 
0.6670226279315635 3.265970664485113E-14 
0.485465929826731 1.6344650190662047 
0.6383126421019742 0.2555282872205179 
0.6586667035506516 0.07262301301231802 
0.5112561314949938 1.4001584603951778 
0.5566263520058046 0.9909905338110924 
0.6221639029750702 0.40068723100674797 
0.4756915753776655 1.7191420742600712 
0.6464136783176336 0.1825757449568375 
0.7126808557603026 1.0183504430341661E-15 
0.6395605892822553 0.2443644153956954 
0.6025333435297693 0.577675014669218 
0.5688450323917859 0.8805806893624163 
0.6506603021774096 0.1460406189875203 
0.3989555239085019 2.4103546857526394 
0.6106559101328105 0.5045290250733542 
0.4996350000829628 1.5039031205259499 
0.5869493327858845 0.7180914213940803 
0.5616536531682558 0.9453850427027193 
0.4410942119229729 2.0322910811955825 
0.4756915753776655 1.7191420742600712 
0.43184551575041397 2.1149678048557563 
0.4263665640814912 2.1631958838100336 
0.6291557737199738 0.3398002086684001 
0.5303248414336127 1.2280521256981802 
0.6653600095861708 0.011852457241773084 
0.4038927183185792 2.365551869281702 
0.6586667035506516 0.07262301301231802 
0.3898275879745187 2.4918046185369653 
0.4996350000829628 1.5039031205259499 
0.3898275879745187 2.4918046185369653 
0.40652348995466336 2.3416765502390837 
0.5360367910539519 1.1761607292456313 
0.41887900316427 2.230409606360433 
0.46025494103404 1.8588490092834393 
0.4355232440465211 2.0821788311378273 
0.5364991784870963 1.1716058068777355 
0.4557264572691764 1.9000814657853522 
0.518251030633024 1.3358453269551733 
0.518251030633024 1.3358453269551733 
0.5364991784870963 1.1716058068777355 
0.4263665640814912 2.1631958838100336 
0.5700653566500021 0.8710687551592123 
0.6106559101328105 0.5045290250733542 
0.5058064828589951 1.4483097653538395 
0.5779034126506098 0.7994637562366325 
0.5112561314949938 1.4001584603951778 
0.6487503772048021 0.16145028706000294 
0.5869493327858845 0.7180914213940803 
0.5291103993261603 1.2439952362030857 
0.547629073718536 1.0759638345994917 
0.6637418426494048 0.02654527527194006 
0.5950233869626269 0.6449663890617077 
0.5547529856222717 1.0079783737857075 
0.6383126421019742 0.2555282872205179 
0.46804040049912204 1.7893149784650428 
0.3989555239085019 2.4103546857526394 
0.5779034126506098 0.7994637562366325 
0.5614671091846496 0.9471397634591422 
0.6145309840514823 0.46950718841241906 
0.49317996387198515 1.5615991695597642 
0.5688450323917859 0.8805806893624163 
0.3923330891915998 2.4691097500544092 
0.4117415981545018 2.295771309003038 
0.4486298939371185 1.962826263563329 
0.41887900316427 2.230409606360433 
0.46583489005022505 1.8075215876444264 
0.48394985038103766 1.645807599051033 
0.5146623413151316 1.3682813360327324 
0.5045696668228987 1.4596021054296764 
0.5821150667889521 0.7615999209058806 
0.45223898604068136 1.930220079315231 
0.4803746677518506 1.6783159932993374 
0.4756915753776655 1.7191420742600712 
0.49317996387198515 1.5615991695597642 
0.5303248414336127 1.2280521256981802 
