1.1962522735849344 0.6655828356172353 
1.1965464662641159 0.6063527723539518 
2.4910964836417704 0.2802146544850583 
1.1768352526229815 0.8731522770468536 
2.49101135135648 0.36032103748865163 
1.1959106593662021 0.7176759958714285 
1.1774934532589265 0.7690136378931832 
1.177312065944409 0.814539724791885 
1.1768262940309404 0.874024491097483 
1.19649668660096 0.646000964091382 
1.1965445700880866 0.6078667496632348 
1.195851358507974 0.736695737155745 
2.491095517106515 0.28026107044671605 
1.1765910730620157 0.894280976857643 
-3.141592653589793 1.056204820031922 
1.1761608480192978 0.89981359251417 
2.491092109933907 0.30749166724183297 
1.1768354316483378 0.8731347497776315 
1.1754563739797907 0.9624093966473682 
1.1760823144635317 0.90538675465736 
2.49101135135648 0.36032103748865163 
2.511525410715861 0.251733047638856 
1.1965464662641159 0.6063527723539518 
1.176835250778714 0.8731524575876521 
1.1760823144635317 0.90538675465736 
1.176158655042984 0.899972944162263 
1.1768353330239396 0.873144405961368 
1.1768395140364576 0.872734016703363 
2.4884595403425247 0.4144884373531587 
2.511525641296552 0.2510029844499479 
2.4889675530048776 0.3746250373391241 
1.1768354316483378 0.8731347497776315 
1.177312065944409 0.814539724791885 
2.4910964836417704 0.2802146544850583 
2.4910964836417704 0.2802146544850583 
2.4888514254353473 0.39594968270601066 
1.1768353337015205 0.8731443396242942 
1.1965445700880866 0.6078667496632348 
1.1768262940309404 0.874024491097483 
1.1965445700880866 0.6078667496632348 
1.1765919008603822 0.8942167159533991 
1.176158655042984 0.899972944162263 
1.1965445700880866 0.6078667496632348 
1.1768262940309404 0.874024491097483 
2.4910964836417704 0.2802146544850583 
2.5115253411254823 0.2519478268376925 
2.4889675530048776 0.3746250373391241 
2.4911880645631634 0.27855449008199923 
2.4910964836417704 0.2802146544850583 
1.1768262940309404 0.874024491097483 
2.49101135135648 0.36032103748865163 
2.485965690827967 0.504161980479005 
1.1768263044402265 0.874023483117235 
1.1768262940309404 0.874024491097483 
2.4910964836417704 0.2802146544850583 
1.1965445700880866 0.6078667496632348 
1.1768262940309404 0.874024491097483 
1.176158655042984 0.899972944162263 
1.17539094374892 0.9655159074182593 
2.4889675530048776 0.3746250373391241 
1.1773217712019546 0.8046048831502031 
1.176158655042984 0.899972944162263 
1.1965445700880866 0.6078667496632348 
2.4889675530048776 0.3746250373391241 
2.4910964836417704 0.2802146544850583 
2.4911880645631634 0.27855449008199923 
2.5115216142015373 0.26112793863670136 
1.1768262940309404 0.874024491097483 
1.1768352526229815 0.8731522770468536 
1.1768352526229815 0.8731522770468536 
1.1768352526229815 0.8731522770468536 
1.1768104829465365 0.8755412929001088 
2.511521752262885 0.2608429285084826 
2.511521752262885 0.2608429285084826 
1.1965445700880866 0.6078667496632348 
1.1768352526229815 0.8731522770468536 
2.4910964836417704 0.2802146544850583 
2.511521752262885 0.2608429285084826 
2.511521752262885 0.2608429285084826 
2.511521752262885 0.2608429285084826 
1.1768352526229815 0.8731522770468536 
2.511521752262885 0.2608429285084826 
1.1768352526229815 0.8731522770468536 
