1.1962522735849344 1.8278208489881327 4.653399129532729 
1.1965464662641159 1.8278208331840282 4.6540073530245385 
2.4910964836417704 -3.9789157219137197 3.02752277452074 
1.1768352526229815 1.9031991511346433 4.617791596059787 
2.49101135135648 -3.9789164227402054 3.027234194031141 
1.1959106593662021 1.8298380069564342 4.653590911565452 
1.1774934532589265 1.9248895535148223 4.618194873786237 
1.177312065944409 1.903150414489548 4.617792510429464 
1.1768262940309404 1.9031991511346433 4.617791596059787 
1.19649668660096 1.8281264549924272 4.65466011896106 
1.1965445700880866 1.827822330995857 4.654002763195961 
1.195851358507974 1.8329420608766815 4.6533876893961965 
2.491095517106515 -3.978915713065197 3.0275303512854856 
1.1765910730620157 1.9031991511346433 4.617791596059787 
-3.141592653589793 -4.9999999999999964 -1.7740543580711183E-4 
1.1761608480192978 1.9051511086212751 4.617160597236125 
2.491092109933907 -3.9789157217182165 3.027234194031141 
1.1768354316483378 1.9031991511346433 4.617791596059787 
1.1754563739797907 1.9028979843820955 4.617791596059787 
1.1760823144635317 1.9051511086212751 4.617160597236125 
2.49101135135648 -3.9789164227402054 3.027234194031141 
2.511525410715861 -4.039992558606856 2.9459822347899047 
1.1965464662641159 1.8278208331840282 4.6540073530245385 
1.176835250778714 1.9031991511346433 4.617791596059787 
1.1760823144635317 1.9051511086212751 4.617160597236125 
1.176158655042984 1.9051511086212751 4.617160597236125 
1.1768353330239396 1.9031991511346433 4.617791596059787 
1.1768395140364576 1.9031991511346433 4.617791596059787 
2.4884595403425247 -3.9715040493690763 3.035995446013284 
2.511525641296552 -4.039992558606856 2.9459822348623166 
2.4889675530048776 -3.97234376478209 3.034243425273252 
1.1768354316483378 1.9031991511346433 4.617791596059787 
1.177312065944409 1.903150414489548 4.617792510429464 
2.4910964836417704 -3.9789157219137197 3.02752277452074 
2.4910964836417704 -3.9789157219137197 3.02752277452074 
2.4888514254353473 -3.97234376478209 3.034243425273252 
1.1768353337015205 1.9031991511346433 4.617791596059787 
1.1965445700880866 1.827822330995857 4.654002763195961 
1.1768262940309404 1.9031991511346433 4.617791596059787 
1.1965445700880866 1.827822330995857 4.654002763195961 
1.1765919008603822 1.9031991511346433 4.617791596059787 
1.176158655042984 1.9051511086212751 4.617160597236125 
1.1965445700880866 1.827822330995857 4.654002763195961 
1.1768262940309404 1.9031991511346433 4.617791596059787 
2.4910964836417704 -3.9789157219137197 3.02752277452074 
2.5115253411254823 -4.039992558606856 2.9459822347899047 
2.4889675530048776 -3.97234376478209 3.034243425273252 
2.4911880645631634 -3.9789769798009784 3.0275314096789048 
2.4910964836417704 -3.9789157219137197 3.02752277452074 
1.1768262940309404 1.9031991511346433 4.617791596059787 
2.49101135135648 -3.9789164227402054 3.027234194031141 
2.485965690827967 -3.963969198047947 3.037607082283056 
1.1768263044402265 1.9031991511346433 4.617791596059787 
1.1768262940309404 1.9031991511346433 4.617791596059787 
2.4910964836417704 -3.9789157219137197 3.02752277452074 
1.1965445700880866 1.827822330995857 4.654002763195961 
1.1768262940309404 1.9031991511346433 4.617791596059787 
1.176158655042984 1.9051511086212751 4.617160597236125 
1.17539094374892 1.9028907566720352 4.617791596059787 
2.4889675530048776 -3.97234376478209 3.034243425273252 
1.1773217712019546 1.9051820835036704 4.617792498741389 
1.176158655042984 1.9051511086212751 4.617160597236125 
1.1965445700880866 1.827822330995857 4.654002763195961 
2.4889675530048776 -3.97234376478209 3.034243425273252 
2.4910964836417704 -3.9789157219137197 3.02752277452074 
2.4911880645631634 -3.9789769798009784 3.0275314096789048 
2.5115216142015373 -4.039992558606856 2.9459822347899047 
1.1768262940309404 1.9031991511346433 4.617791596059787 
1.1768352526229815 1.9031991511346433 4.617791596059787 
1.1768352526229815 1.9031991511346433 4.617791596059787 
1.1768352526229815 1.9031991511346433 4.617791596059787 
1.1768104829465365 1.9031991511346433 4.617791596059787 
2.511521752262885 -4.039992558606856 2.9459822347899047 
2.511521752262885 -4.039992558606856 2.9459822347899047 
1.1965445700880866 1.827822330995857 4.654002763195961 
1.1768352526229815 1.9031991511346433 4.617791596059787 
2.4910964836417704 -3.9789157219137197 3.02752277452074 
2.511521752262885 -4.039992558606856 2.9459822347899047 
2.511521752262885 -4.039992558606856 2.9459822347899047 
2.511521752262885 -4.039992558606856 2.9459822347899047 
1.1768352526229815 1.9031991511346433 4.617791596059787 
2.511521752262885 -4.039992558606856 2.9459822347899047 
1.1768352526229815 1.9031991511346433 4.617791596059787 
