-15.44081493009908 -8.368897548953987 
-16.042580784803352 -7.563225326413553 
-18.485169243509034 -1.7697728845768357 
-15.178251564987434 -9.46037057591719 
-16.08893348981125 -7.40408989523039 
-16.136941647615107 -7.293168149184399 
-14.900942044002923 -10.585961475761884 
-14.765905655827579 -11.01576932959042 
-18.789813449378144 -0.6147282788230198 
-19.9971858379715 0.006004106050022887 
-16.689565987623915 -4.904167957683862 
-16.71634219192621 -4.780142660586242 
-16.956820073766437 -4.038638587466254 
-15.99190337287944 -7.663348012455311 
-15.595657587462565 -7.8683488354707105 
-18.376215791244654 -2.2847047751072194 
-16.45003276914371 -6.064671444400703 
-16.339312926213417 -6.537355829663587 
-16.95763369285698 -3.9228904939623774 
-18.62225730945867 -1.179881455624681 
-16.427195823477135 -6.165993875459046 
-18.127957904825216 -3.454196029583047 
-16.78986729217101 -4.482933352267497 
-18.0027103742666 -3.816267301300524 
-15.551252767770798 -7.975471467245085 
-15.313283310857456 -8.884756583524085 
-18.65628072251795 -1.0557085690921617 
-18.903146497545073 -0.32221753363085937 
-15.516089203383773 -8.122042957687018 
-15.081424085456714 -9.874326067981272 
-16.54584409928814 -5.604148629242845 
-16.867982248400793 -4.226901372348967 
-16.47223977078299 -5.962542863609368 
-19.081929738034614 0.00581376264212861 
-14.808899999443433 -10.859083334781552 
-16.82097928228731 -4.385843497089752 
-19.008433273818618 -0.10782410182876735 
-16.20881245509951 -7.056030812386977 
-15.284440622092276 -9.008690885475534 
-18.05269223714573 -3.7028297111757906 
-18.8442089205079 -0.4687561404524906 
-14.681763586457269 -11.223645343884156 
-16.627544631388556 -5.148318511177614 
-15.0384183627832 -10.054411648147813 
-16.620056724334134 -5.243204622956654 
-16.303794191961686 -6.677945843111312 
-16.746890787222863 -4.660518732931827 
-16.381100213556294 -6.375760734695941 
-18.212660886695243 -3.0893423924607117 
-18.186271008352875 -3.2049859842783217 
-18.428212756228202 -2.0298533299309995 
-18.252356117854802 -2.8461323724648255 
-15.009710023826134 -10.1469392680064 
-14.740247759122056 -11.102157625458537 
-14.93137962625007 -10.452103811589412 
-18.553308051630744 -1.469101250477072 
-15.381967615822266 -8.616208931209526 
-18.40066118348961 -2.1668062790365985 
-18.679372603096176 -0.9681769101413955 
-16.522384780351246 -5.721494319432219 
-18.748216980484777 -0.735440185390535 
-16.597298031789922 -5.355416894733398 
-14.538146500370955 -11.529991948493883 
-15.470937314621931 -8.263757107240469 
-18.284162723000073 -2.738430989487622 
-18.326848059133038 -2.5253169033995757 
-17.93966938509344 -3.8727297609722813 
-14.978517594966723 -10.297889254783838 
-15.101945348317273 -9.779274794421356 
-15.126700054213918 -9.684184960388482 
-18.455773308355763 -1.90632381365082 
-18.71249783893021 -0.8592588149248488 
-18.15860976788303 -3.3215985614121357 
-17.045394048724734 -3.878106519970561 
-18.589939225770934 -1.3194456342356524 
-18.352822561306418 -2.4015991377887933 
-15.409058712978032 -8.49321114109444 
-16.662458145905422 -5.033619327185434 
-16.252136635277886 -6.924583429883783 
-15.635928662263584 -7.756178297390772 
-16.40357143985627 -6.274231873458976 
-16.275904403753426 -6.7889455110773405 
-18.947214817300924 -0.22653778612321196 
-14.863416548235431 -10.73696995655466 
-18.30489996257119 -2.6448029166637106 
-16.178071619240974 -7.189488765996623 
-15.219208712702699 -9.256537169845704 
-15.349600497984932 -8.734906138801449 
-18.08844366232617 -3.5927976060069176 
-16.496549035477518 -5.845436743683516 
-15.251478397751068 -9.144503881592138 
-15.149153223673476 -9.58899675523701 
-14.632732342852936 -11.407564124476947 
-18.51626243110043 -1.6335347073292852 
-14.451831805044234 -11.625167831542129 
-15.199048371023071 -9.376591001880731 
-16.57136522200831 -5.478961034010477 
-15.05239170357676 -9.965244355894484 
-15.891709844272874 -7.749034732230101 
-18.233812824861502 -2.9817181869495553 
