-1.0881430788516175 -0.7344739003477815 -1.0414977162088848 
-1.114950909217358 -1.839337664252748E-5 -1.0899382446119976 
-0.8208524256170425 2.935535678314287E-4 -2.7469187090487467E-4 
-1.0848191084596202 -0.8627231509839385 -1.0676498384277133 
-1.0695961899836592 0.018280619133525633 -1.1061694089763967 
-1.0719520648705712 -0.014403362124839392 -1.07406600248797 
-1.093309652444687 -1.0003720124124906 -1.0650440978954585 
-1.0859488661686685 -1.065467556413853 -1.0738926345884845 
-0.6443647141533424 2.929745971112347E-4 -4.3143401766110724E-4 
-1.4499275969928258E-4 5.674132389468865E-4 -5.941091696529318E-4 
-0.9708236892135027 2.9259918836468967E-4 -0.83952358229873 
-0.9727478792744316 2.9345598898834833E-4 -0.8218451450583799 
-0.5568125688904575 3.0182564732276785E-4 -1.1090494021583037 
-1.1141769254019582 -2.7208739902378652E-5 -1.122323578236148 
-1.0848191084596202 -0.6232986863161961 -1.0676498384277133 
-0.8851380934356197 5.342492342254631E-4 -4.129607350185083E-4 
-0.9940674332523742 -1.736117401779144E-5 -0.9600385077097994 
-1.0109912708165019 -0.013107005538877725 -1.0104211146006172 
-0.623144264559673 0.017100242758751574 -1.0351008332313407 
-0.7400406175077823 3.9345132106790166E-4 -9.105265996222633E-4 
-1.0084375439343973 -5.439161702387144E-6 -0.95962190624461 
1.646126176608302E-4 -4.8899457106472445E-6 -1.0361742976951664 
-1.09304139240618 -3.2691767966469716E-5 -0.6656558137050591 
-1.1133876025358473 2.851846869883608E-4 -4.220482001969999E-4 
-1.0601416786718183 -0.6859748654601985 -1.0487787166340052 
-1.086155900358283 -0.7998678900733118 -1.0516333070814472 
-0.7207576649066506 -1.1186121844073728E-4 -6.32595711144985E-4 
-0.5804717287733524 -7.555142252459342E-5 -3.753060583792757E-4 
-1.0649207010288693 -0.6859748654601985 -1.0709572246340244 
-1.0678689107348824 -0.9230906750173457 -1.0673509455710015 
-0.9708236892135027 2.9345598898834833E-4 -0.9252532038875159 
-1.042871577312456 0.003335458680292715 -0.6673150200354742 
-0.9702860183817263 2.658488877084696E-4 -0.9702713854914282 
-0.48085371977858715 3.9723798834503243E-4 -4.220482001969999E-4 
-1.0644290419579066 -1.0557925887847328 -1.0736634796464855 
-1.054233215157086 0.0035747939732788114 -0.6836695510905602 
-0.5213344649964469 3.427315836339142E-4 -6.187214619630923E-4 
-1.0453446559985173 -0.013107005538877725 -1.0562698308139875 
-1.0878430152638063 -0.7998678900733118 -1.0734906983364574 
-1.0822176914610317 3.427315836339142E-4 -4.223303287444099E-4 
-1.4518605528445827E-4 -3.606122585700769E-5 -0.6139418940878132 
-1.0686279142911423 -1.0911661181127417 -1.1205264420174526 
-0.9254412152914001 0.025690760189202334 -0.9205614147687067 
-1.0683738337469326 -0.9402536090987015 -1.074814858048097 
-0.9254412152914001 2.9356825656776716E-4 -0.9257794084788739 
-1.016697118326803 0.017652588823408227 -1.0263467064725746 
-1.0373844124988083 -4.4074845203797723E-4 -0.7421689102927032 
-0.9785913168893222 5.709446452520463E-4 -1.0175244383550104 
1.6184405050106987E-4 -2.9915996388059578E-5 -0.984340196528541 
-1.000090476277403 3.894738474483957E-4 2.1348031556027067E-4 
-0.8538380102382052 -2.9877874637132643E-5 9.805938190425845E-4 
-0.004494438709175097 2.8101099621421523E-4 -0.954980220925726 
-1.0477772900029496 -0.9668043147118981 -1.0735117076678196 
-1.1148190913407219 -1.0635336065146266 -1.07303327671965 
-1.1180264229279624 -0.9668043147118981 -1.0734638773091545 
-0.7808873376789399 -7.555142252459342E-5 -3.753060583792757E-4 
-1.088147351705067 -0.7478372871606105 -1.0694999018227838 
-0.8706860478884431 3.9405370302531386E-4 -4.220482001969999E-4 
8.952542585333179E-4 2.8013675690072065E-4 -0.7070986085310799 
-0.9551812326324298 -3.5989668549503157E-4 -0.954980220925726 
-0.0011887190103587368 -7.135440080150178E-5 -0.6673150200354742 
-0.9296758090412724 2.919083447790159E-4 -0.9352492588337469 
-1.1141769254019582 -1.1370304935456972 -1.122323578236148 
-1.0646570269896758 -0.6856329738857531 -1.1061694089763967 
-0.9402884379196677 -1.1186121844073728E-4 7.448763686402342E-4 
-0.9143222147573618 -3.7770907608381964E-5 9.805938190425845E-4 
-1.153007880779683 3.894738474483957E-4 2.1348031556027067E-4 
-1.0759358593440893 -0.9668043147118981 -1.0734638773091545 
-1.0684034681271453 -0.8969075962287036 -1.0933197620435224 
-1.0678689107348824 -0.9000066859514521 -1.0673533245272029 
-0.8381821176096381 -7.416312048545769E-5 -4.129607350185083E-4 
-0.6886698689532967 2.953292834255873E-4 -2.7469187090487467E-4 
-1.016697118326803 5.599123680755078E-4 -4.220482001969999E-4 
-1.119092863477847 3.024147733430527E-4 -0.49866377907051473 
1.6184405050106987E-4 -2.9915996388059578E-5 -0.7597755634303759 
4.737643979502715E-4 3.0178606222306027E-4 -0.8992554428400084 
-1.0462035893215262 -0.7729647864022767 -1.0539249973088545 
-0.9230950563193004 3.008214902284834E-4 -0.902666709648857 
-1.044494192828611 2.9233852092985064E-4 -1.0305942669295194 
-1.0850862384267788 -0.5912431384074208 -1.0739041061428543 
-1.0129255181923797 2.971407552986128E-4 -0.96950059567448 
-1.0692804394617683 -4.4503719763856146E-5 -0.9914873128901078 
-0.555745666030305 -7.131814056506727E-5 -4.129607350185083E-4 
-1.0868117579271352 -1.0029993668291155 -1.1010354270808178 
1.646126176608302E-4 -3.2691767966469716E-5 -0.9284949016444984 
-1.0714662641461143 -3.5989668549503157E-4 -1.0493136706916277 
-1.0695961899836592 -0.8258609762262401 -1.1061694089763967 
-1.0484569483698425 -0.8022169383512404 -1.0561481526464862 
-1.0600803291577492 3.427315836339142E-4 -4.129607350185083E-4 
-0.970842864589092 -3.5989668549503157E-4 -0.954980220925726 
-1.0901378040248784 -0.8190566680117368 -1.069405669512693 
-1.0678689107348824 -0.8885877839731156 -1.0671355247556897 
-1.1140206616831918 -1.0911661181127417 -1.122323578236148 
-1.4518605528445827E-4 -4.0864513953918074E-5 -0.8028605506190356 
-1.1522362137599564 -1.1453790843547424 -1.1519228895885631 
-1.0683738337469326 -0.8575733273037572 -1.074814858048097 
-0.9687501222287412 2.1960082758446555E-4 -0.9119715590294587 
-1.0484569483698425 -0.9548980510193181 -1.0561481526464862 
-1.1522140836321664 -2.390068115039743E-4 -1.1471340944205421 
-0.9708236892135027 5.70945017400061E-4 -4.129607350185083E-4 
