1.5857312326347652 0.5074088839963693 
1.5857312326347652 0.5074088839963693 
1.5857312326347652 0.5074088839963693 
1.5857312326347652 0.5074088839963693 
1.5857312326347652 0.5074088839963693 
1.5857312326347652 0.5074088839963693 
1.5857312326347652 0.5074088839963693 
1.5857312326347652 0.5074088839963693 
1.5857312326347652 0.5074088839963693 
1.5857312326347652 0.5074088839963693 
1.5857312326347652 0.5074088839963693 
1.5857312326347652 0.5074088839963693 
1.5857312326347652 0.5074088839963693 
-3.140672230368483 1.0136548195316286 
-3.140672230368483 1.0136548195316286 
-3.140672230368483 1.0136548195316286 
-3.140672230368483 1.0136548195316286 
-3.140672230368483 1.0136548195316286 
-3.140672230368483 1.0136548195316286 
-3.140672230368483 1.0136548195316286 
-3.140672230368483 1.0136548195316286 
-3.140672230368483 1.0136548195316286 
-3.140672230368483 1.0136548195316286 
-3.140672230368483 1.0136548195316286 
-3.140672230368483 1.0136548195316286 
-3.140672230368483 1.0136548195316286 
-3.140672230368483 1.0136548195316286 
-3.140672230368483 1.0136548195316286 
-3.140672230368483 1.0136548195316286 
-3.140672230368483 1.0136548195316286 
-3.140672230368483 1.0136548195316286 
-3.140672230368483 1.0136548195316286 
-3.140672230368483 1.0136548195316286 
-3.140672230368483 1.0136548195316286 
-3.140672230368483 1.0136548195316286 
-3.140672230368483 1.0136548195316286 
-3.140672230368483 1.0136548195316286 
1.5857312326347652 0.5074088839963693 
1.5857312326347652 0.5074088839963693 
-3.140672230368483 1.0136548195316286 
-3.140672230368483 1.0136548195316286 
-3.140672230368483 1.0136548195316286 
-3.140672230368483 1.0136548195316286 
-3.140672230368483 1.0136548195316286 
-3.140672230368483 1.0136548195316286 
-3.140672230368483 1.0136548195316286 
-3.140672230368483 1.0136548195316286 
-3.140672230368483 1.0136548195316286 
-3.140672230368483 1.0136548195316286 
-3.140672230368483 1.0136548195316286 
-3.140672230368483 1.0136548195316286 
-3.140672230368483 1.0136548195316286 
-3.140672230368483 1.0136548195316286 
-3.140672230368483 1.0136548195316286 
-3.140672230368483 1.0136548195316286 
-3.140672230368483 1.0136548195316286 
-3.140672230368483 1.0136548195316286 
-3.140672230368483 1.0136548195316286 
-3.140672230368483 1.0136548195316286 
-3.140672230368483 1.0136548195316286 
-3.140672230368483 1.0136548195316286 
-3.140672230368483 1.0136548195316286 
-3.140672230368483 1.0136548195316286 
-3.140672230368483 1.0136548195316286 
-3.140672230368483 1.0136548195316286 
-3.140672230368483 1.0136548195316286 
-3.140672230368483 1.0136548195316286 
-3.140672230368483 1.0136548195316286 
-3.140672230368483 1.0136548195316286 
-3.140672230368483 1.0136548195316286 
1.5857312326347652 0.5074088839963693 
1.5857312326347652 0.5074088839963693 
1.5857312326347652 0.5074088839963693 
-3.140672230368483 1.0136548195316286 
-3.140672230368483 1.0136548195316286 
-3.140672230368483 1.0136548195316286 
-3.140672230368483 1.0136548195316286 
1.5857312326347652 0.5074088839963693 
1.5857312326347652 0.5074088839963693 
1.5857312326347652 0.5074088839963693 
1.5857312326347652 0.5074088839963693 
1.5857312326347652 0.5074088839963693 
1.5857312326347652 0.5074088839963693 
1.5857312326347652 0.5074088839963693 
1.5857312326347652 0.5074088839963693 
1.5857312326347652 0.5074088839963693 
1.5857312326347652 0.5074088839963693 
1.5857312326347652 0.5074088839963693 
1.5857312326347652 0.5074088839963693 
1.5857312326347652 0.5074088839963693 
1.5857312326347652 0.5074088839963693 
1.5857312326347652 0.5074088839963693 
1.5857312326347652 0.5074088839963693 
1.5857312326347652 0.5074088839963693 
1.5857312326347652 0.5074088839963693 
1.5857312326347652 0.5074088839963693 
1.5857312326347652 0.5074088839963693 
1.5857312326347652 0.5074088839963693 
1.5857312326347652 0.5074088839963693 
1.5857312326347652 0.5074088839963693 
