1.5857312326347652 -0.07454716640628098 4.999455418008774 
1.5857312326347652 -0.07454716640628098 4.999455418008774 
1.5857312326347652 -0.07454716640628098 4.999455418008774 
1.5857312326347652 -0.07454716640628098 4.999455418008774 
1.5857312326347652 -0.07454716640628098 4.999455418008774 
1.5857312326347652 -0.07454716640628098 4.999455418008774 
1.5857312326347652 -0.07454716640628098 4.999455418008774 
1.5857312326347652 -0.07454716640628098 4.999455418008774 
1.5857312326347652 -0.07454716640628098 4.999455418008774 
1.5857312326347652 -0.07454716640628098 4.999455418008774 
1.5857312326347652 -0.07454716640628098 4.999455418008774 
1.5857312326347652 -0.07454716640628098 4.999455418008774 
1.5857312326347652 -0.07454716640628098 4.999455418008774 
-3.140672230368483 -4.999997883154238 -0.004604126394849817 
-3.140672230368483 -4.999997883154238 -0.004604126394849817 
-3.140672230368483 -4.999997883154238 -0.004604126394849817 
-3.140672230368483 -4.999997883154238 -0.004604126394849817 
-3.140672230368483 -4.999997883154238 -0.004604126394849817 
-3.140672230368483 -4.999997883154238 -0.004604126394849817 
-3.140672230368483 -4.999997883154238 -0.004604126394849817 
-3.140672230368483 -4.999997883154238 -0.004604126394849817 
-3.140672230368483 -4.999997883154238 -0.004604126394849817 
-3.140672230368483 -4.999997883154238 -0.004604126394849817 
-3.140672230368483 -4.999997883154238 -0.004604126394849817 
-3.140672230368483 -4.999997883154238 -0.004604126394849817 
-3.140672230368483 -4.999997883154238 -0.004604126394849817 
-3.140672230368483 -4.999997883154238 -0.004604126394849817 
-3.140672230368483 -4.999997883154238 -0.004604126394849817 
-3.140672230368483 -4.999997883154238 -0.004604126394849817 
-3.140672230368483 -4.999997883154238 -0.004604126394849817 
-3.140672230368483 -4.999997883154238 -0.004604126394849817 
-3.140672230368483 -4.999997883154238 -0.004604126394849817 
-3.140672230368483 -4.999997883154238 -0.004604126394849817 
-3.140672230368483 -4.999997883154238 -0.004604126394849817 
-3.140672230368483 -4.999997883154238 -0.004604126394849817 
-3.140672230368483 -4.999997883154238 -0.004604126394849817 
-3.140672230368483 -4.999997883154238 -0.004604126394849817 
1.5857312326347652 -0.07454716640628098 4.999455418008774 
1.5857312326347652 -0.07454716640628098 4.999455418008774 
-3.140672230368483 -4.999997883154238 -0.004604126394849817 
-3.140672230368483 -4.999997883154238 -0.004604126394849817 
-3.140672230368483 -4.999997883154238 -0.004604126394849817 
-3.140672230368483 -4.999997883154238 -0.004604126394849817 
-3.140672230368483 -4.999997883154238 -0.004604126394849817 
-3.140672230368483 -4.999997883154238 -0.004604126394849817 
-3.140672230368483 -4.999997883154238 -0.004604126394849817 
-3.140672230368483 -4.999997883154238 -0.004604126394849817 
-3.140672230368483 -4.999997883154238 -0.004604126394849817 
-3.140672230368483 -4.999997883154238 -0.004604126394849817 
-3.140672230368483 -4.999997883154238 -0.004604126394849817 
-3.140672230368483 -4.999997883154238 -0.004604126394849817 
-3.140672230368483 -4.999997883154238 -0.004604126394849817 
-3.140672230368483 -4.999997883154238 -0.004604126394849817 
-3.140672230368483 -4.999997883154238 -0.004604126394849817 
-3.140672230368483 -4.999997883154238 -0.004604126394849817 
-3.140672230368483 -4.999997883154238 -0.004604126394849817 
-3.140672230368483 -4.999997883154238 -0.004604126394849817 
-3.140672230368483 -4.999997883154238 -0.004604126394849817 
-3.140672230368483 -4.999997883154238 -0.004604126394849817 
-3.140672230368483 -4.999997883154238 -0.004604126394849817 
-3.140672230368483 -4.999997883154238 -0.004604126394849817 
-3.140672230368483 -4.999997883154238 -0.004604126394849817 
-3.140672230368483 -4.999997883154238 -0.004604126394849817 
-3.140672230368483 -4.999997883154238 -0.004604126394849817 
-3.140672230368483 -4.999997883154238 -0.004604126394849817 
-3.140672230368483 -4.999997883154238 -0.004604126394849817 
-3.140672230368483 -4.999997883154238 -0.004604126394849817 
-3.140672230368483 -4.999997883154238 -0.004604126394849817 
-3.140672230368483 -4.999997883154238 -0.004604126394849817 
-3.140672230368483 -4.999997883154238 -0.004604126394849817 
1.5857312326347652 -0.07454716640628098 4.999455418008774 
1.5857312326347652 -0.07454716640628098 4.999455418008774 
1.5857312326347652 -0.07454716640628098 4.999455418008774 
-3.140672230368483 -4.999997883154238 -0.004604126394849817 
-3.140672230368483 -4.999997883154238 -0.004604126394849817 
-3.140672230368483 -4.999997883154238 -0.004604126394849817 
-3.140672230368483 -4.999997883154238 -0.004604126394849817 
1.5857312326347652 -0.07454716640628098 4.999455418008774 
1.5857312326347652 -0.07454716640628098 4.999455418008774 
1.5857312326347652 -0.07454716640628098 4.999455418008774 
1.5857312326347652 -0.07454716640628098 4.999455418008774 
1.5857312326347652 -0.07454716640628098 4.999455418008774 
1.5857312326347652 -0.07454716640628098 4.999455418008774 
1.5857312326347652 -0.07454716640628098 4.999455418008774 
1.5857312326347652 -0.07454716640628098 4.999455418008774 
1.5857312326347652 -0.07454716640628098 4.999455418008774 
1.5857312326347652 -0.07454716640628098 4.999455418008774 
1.5857312326347652 -0.07454716640628098 4.999455418008774 
1.5857312326347652 -0.07454716640628098 4.999455418008774 
1.5857312326347652 -0.07454716640628098 4.999455418008774 
1.5857312326347652 -0.07454716640628098 4.999455418008774 
1.5857312326347652 -0.07454716640628098 4.999455418008774 
1.5857312326347652 -0.07454716640628098 4.999455418008774 
1.5857312326347652 -0.07454716640628098 4.999455418008774 
1.5857312326347652 -0.07454716640628098 4.999455418008774 
1.5857312326347652 -0.07454716640628098 4.999455418008774 
1.5857312326347652 -0.07454716640628098 4.999455418008774 
1.5857312326347652 -0.07454716640628098 4.999455418008774 
1.5857312326347652 -0.07454716640628098 4.999455418008774 
1.5857312326347652 -0.07454716640628098 4.999455418008774 
