0.48369937282535735 2.743533980038722 
0.8324200518597207 2.390551069066 
0.015877090197669252 4.548681348188466 
0.19782367325271266 3.9274641347896924 
0.2256713062617438 3.7906268162439174 
0.8666504057356528 2.046080914885561 
0.8460299161489341 2.3269245950053827 
0.4193866001205666 3.2770730662746335 
0.08101065817684128 4.100147816424744 
0.010852032634445785 4.9900936552463575 
0.21139520065473416 3.819105451499483 
0.4698608878582671 2.9291179407304226 
0.34125037394682645 3.631315930404068 
