0.48369937282535735 0.5189332202674238 0.15561108742591745 0.03807765052667411 0.047298134548466764 0.026624699515839456 0.041804660334930244 0.008625256613683518 0.2630241589850639 0.7673011795933402 0.10017692925783683 0.34235262577318226 0.5115545609056229 0.9177278610377025 0.6407954615098438 0.09060655500027182 0.27511842315754764 0.6019391875939448 0.9241896885653731 0.8586022508776138 0.42182724130823 0.7938731729337176 0.15420179558186264 0.03710504742049636 0.5939802400116283 0.09354150194533717 0.43348984091579357 0.45153114945471495 0.7769846347520906 0.2208089516247811 
0.8324200518597207 0.4037424542207243 0.34367822186891894 0.20929728206941345 0.11685120223182388 0.5327538123893194 0.7499816801583928 0.3559666709367202 0.06876839326495054 0.5618461539317139 0.08559621373318349 0.2558104635859173 0.0710494614971886 0.2137780503294482 0.7000090197125881 0.8780351516886098 0.5381911644417977 0.06672862173722327 0.5908848731756812 0.9031345707333877 0.8419253442629765 0.9199509834646958 0.8211241503374836 0.30864166974114604 0.07995691860463305 0.1752549983985049 0.946313805356504 0.9212264482948502 0.5145443221591474 0.2766430193574466 
0.015877090197669252 0.4127034302042397 0.06923576566324319 0.0906938604334071 0.5557648141366979 0.9500951262473621 0.19549487649654707 0.9841801434888094 0.3303226123394877 0.3743987634269573 0.11617367989906002 0.24694902906904137 0.25312347270934354 0.8246382123550495 0.5773618144677615 0.5666015208125695 0.9957145946035297 0.16082229943649395 0.15952136798759908 0.07276422146000694 0.9252046993525426 0.597002750242301 0.46726120774474034 0.04219326005172097 0.12261687623763218 0.7606870344736184 0.6410956248685935 0.5276714813718236 0.274704790646803 0.05672719460679887 
0.19782367325271266 0.37594209208595264 0.3885066916652131 0.09575938606987189 0.7183806886226757 0.04383212852636442 0.7228737162999722 0.08316084831069448 0.18278877445945196 0.7389248416913027 0.03565953206947858 0.4547029582306531 0.057530481186747084 0.839961748618253 0.08077687635468489 0.23251387136134827 0.9488667212748009 0.4312839668462666 0.35820502456572834 0.5774403419936458 0.16618182821772265 0.5736494006904175 0.825554477198832 0.709547295621674 0.11889899309001883 0.0893661897330511 0.4487498352166782 0.7385665019137398 0.6350275549393765 0.8886329383627642 
0.2256713062617438 0.7113271834661468 0.3264973759504791 0.03845906845472691 0.7469044137754226 0.24199567400395483 0.07822999675796394 0.893339679237626 0.5280419208184156 0.9441340640784778 0.7135713086144853 0.4050407098016212 0.9318488267731544 0.36911168444835574 0.2434836049298753 0.3231461046042048 0.010715007088474504 0.006737046919051415 0.2637767216203146 0.49201518182829374 0.11092026282219436 0.9721417815612382 0.4417045799319438 0.16626390970812233 0.18268216157774242 0.8455778133658982 0.15379101796618788 0.14354344720985512 0.7691532626997041 0.8915879682877319 
0.8666504057356528 0.23608167766229293 0.6959377635877293 0.5661319953101768 0.5762201432168063 0.5571124505140279 0.248692847979874 0.5386144121035427 0.43486876625488513 0.9193823062858603 0.08927190661616269 0.12907211585752254 0.23455372032173705 0.08432624145446643 0.3113280070596841 0.6422605636548369 0.6671737069616347 0.14936245625708156 0.5680207112821755 0.23546241352100084 0.3685433731673523 0.6129419186253028 0.8474344255163405 0.9226806896666263 0.8402441905527759 0.1274476220078289 0.0981860422192935 0.20465522039530548 0.09481434661631749 0.3925877001205834 
0.8460299161489341 0.20122395151616823 0.5305315782024892 0.3614908556841592 0.5313939994576053 0.3826174815263287 0.5950636807939274 0.4977917735327425 0.160903130643669 0.08341806530017859 0.9253001953006531 0.2226312780006946 0.5936296352365082 0.895660743471599 0.24953968712742514 0.4446791113517078 0.16502402337308664 0.5614711400194868 0.773804466531643 0.5225827162447152 0.053426418058580505 0.76723876638917 0.99047203625802 0.96660054549579 0.20357510477980723 0.3533649286175744 0.23172482500882818 0.28268889478071624 0.6115900216720805 0.631347498647109 
0.4193866001205666 0.47597279465022624 0.2884952896625512 0.402859948835695 0.26844759987006916 0.49754061589584686 0.45714224885039123 0.35797180301774156 0.7920672069164608 0.7727611725998552 0.6612864058037178 0.9616841206183815 0.6546449014387891 0.9653474863198362 0.8604973558888457 0.8211973884727626 0.24615820389606258 0.23823066343490495 0.4185071666177115 0.007922154387603797 0.08857837202511731 0.16872903948399764 0.024509388887735684 0.5757873538732745 0.37005712149870784 0.912728661853617 0.12767162936679421 0.09304325581409001 0.03385338356175849 0.21356907141096737 
0.08101065817684128 0.23114841687625232 0.42814648853704484 0.01830911265804147 0.27849531109273207 0.09194369389408585 0.6441476489327577 0.25467436836697366 0.07297323112128817 0.2716937492182929 0.6146537137968554 0.250974114462316 0.39702440515611725 0.1762915368684168 0.8724724260223005 0.3716924214799453 0.9065129125643395 0.5223759581681116 0.10222712144709445 0.46254957860578594 0.08418942544612573 0.89451158169547 0.042116252358993966 0.2578763194079703 0.7051589158227335 0.6332497644980214 0.5300744881813367 0.938559150964381 0.12047877496146997 0.9639079812777642 
0.010852032634445785 0.7840963980233111 0.4558201789301084 0.15851529588291968 0.643182596507792 0.30829826059139376 0.8860820635776699 0.65523752753214 0.1795672306241065 0.8653730160226658 0.42603517421735515 0.6459069820797414 0.2499463680942282 0.9151181268831933 0.25570790075059624 0.20841627676284535 0.7070316575361812 0.0772963568797248 0.9280192815154262 0.139919737798601 0.48670677358049463 0.47422933177132687 0.15237573462603515 0.1405136615733743 0.2969142601535302 0.7753282379461439 0.26963119265412516 0.3751265161502495 0.9701970505013383 0.2058616303164159 
0.21139520065473416 0.2359272510920417 0.6722100987304965 0.8485345002410208 0.23808064093189274 0.20569332410821672 0.6127927258145519 0.7999280026028976 0.041940292180587035 0.8812242753100045 0.5597969114425739 0.07656904410300558 0.6455587308835478 0.3830776916644626 0.9267856992085536 0.6990056584651071 0.26120614573181744 0.0943269655449992 0.4774333814309313 0.2700926513630263 0.5786972019440828 0.744363671509046 0.14509528709103037 0.2334428337895732 0.3813161620604164 0.4464897443261465 0.0148661236613028 0.16941714743460023 0.5792778272656284 0.3828407896634075 
0.4698608878582671 0.32307721904358866 0.4599186581320843 0.378037566589398 0.4110062035558436 0.9613548152097005 0.1345642019109864 0.24898930310775524 0.8827460361914673 0.399232029285465 0.74449569614502 0.07795772660371048 0.1399479546953739 0.6369652178566769 0.27391348811618743 0.13641432936032616 0.8441322684240927 0.4960197439847277 0.5025172974414079 0.18869529093892679 0.28014623188235055 0.014592486218555245 0.9926137412222849 0.09012428958168228 0.173320194636434 0.6728934829109069 0.6823759557853473 0.48944818402970636 0.4916671820770666 0.16396055499785112 
0.34125037394682645 0.15782159105448534 0.0825028462177857 0.040390291460125294 0.9324186586700831 9.740906631977575E-4 0.5682570835033217 0.06584200256699746 0.7233199450609349 0.2778069817000629 0.04549735320320336 0.8542574859357085 0.6728309365164488 0.10471477295331821 0.04046186791774764 0.7038720149990096 0.8135949980638187 0.8591303792215458 0.31892666370440215 0.513077088128349 0.7778733196621971 0.0977345328461724 0.37921204667310093 0.5667485464116466 0.43277708957095185 0.4576457658717499 0.08075797804324503 0.5150257305488088 0.05390525673578095 0.29757697748868017 
