2.4708333645323477 0.389316800442273 
2.4708333645323477 0.389316800442273 
2.4708333645323477 0.389316800442273 
2.4708333645323477 0.389316800442273 
2.4708333645323477 0.389316800442273 
-0.11162107619840651 1.0048738412141358 
2.4708333645323477 0.389316800442273 
3.0341508964637836 0.174571452621543 
-0.11162107619840651 1.0048738412141358 
-0.03337909153128365 0.8045812015738741 
3.0341508964637836 0.174571452621543 
2.4708333645323477 0.389316800442273 
3.033471728168262 0.24784653822876807 
3.0341508964637836 0.174571452621543 
3.0398532159284226 0.13807021232814476 
-0.03391360134630901 0.871714689400253 
-0.03337909153128365 0.8045812015738741 
-0.03391360612071681 0.9219675807832323 
-0.03337909153128365 0.8045812015738741 
-0.11054667716083638 0.9403141659899327 
2.563257524524494 0.3742257459052041 
3.0398532159284226 0.13807021232814476 
2.563257524524494 0.3742257459052041 
-0.03391360134630901 0.871714689400253 
-0.11054667716083638 0.9403141659899327 
-0.03340772511146456 0.8297791466520542 
-0.03339616162711907 0.8226280691149824 
2.4708127801085915 0.5704772246040382 
2.4708333645323477 0.389316800442273 
-3.141592653589793 1.068070880351273 
-0.033913606234262726 0.9219675983436166 
3.033471728168262 0.24784653822876807 
3.0341508964637836 0.174571452621543 
-0.11162879060367534 1.007451032071379 
-3.141592653589793 1.068070880351273 
2.563257524524494 0.3742257459052041 
-0.11162107619840651 1.0048738412141358 
-0.11054667716083638 0.9403141659899327 
-0.03337909153128365 0.8045812015738741 
3.033471728168262 0.24784653822876807 
-0.11058155755641777 1.003277808623976 
2.4708333645323477 0.389316800442273 
2.563257524524494 0.3742257459052041 
2.563257524524494 0.3742257459052041 
-0.11162107619840651 1.0048738412141358 
-3.141592653589793 1.068070880351273 
2.563257524524494 0.3742257459052041 
2.456522805684055 0.598208688213748 
-0.03358841140998354 0.8659384104397476 
-0.11167936282984199 1.0089388269816628 
-0.11054667716083638 0.9403141659899327 
2.4708333645323477 0.389316800442273 
3.0398532159284226 0.13807021232814476 
2.456522805684055 0.598208688213748 
-0.11186149510945823 1.0117369170225892 
-0.03337909153128365 0.8045812015738741 
2.4708333645323477 0.389316800442273 
2.4708333645323477 0.389316800442273 
-3.141592653589793 1.068070880351273 
-0.03391360134630901 0.871714689400253 
3.0332052917851517 0.3029343785436326 
3.034085549296257 0.18906015420321826 
-0.11162107619840651 1.0048738412141358 
-3.141592653589793 1.068070880351273 
3.032196272206903 0.3352887319804928 
3.0398532159284226 0.13807021232814476 
-3.141592653589793 1.068070880351273 
-0.03391360611934688 0.9006271120182432 
-0.03358841140998354 0.8659384104397476 
2.563257524524494 0.3742257459052041 
2.47063272044516 0.583776911047974 
-0.03341061716765316 0.8337010271961823 
-3.141592653589793 1.068070880351273 
3.0332052917851517 0.3029343785436326 
3.0334154828648776 0.25696625828436465 
2.47063272044516 0.583776911047974 
2.47063272044516 0.583776911047974 
2.4708333645323477 0.389316800442273 
