2.4708333645323477 -3.916786794625517 3.1042637676987526 
2.4708333645323477 -3.916786794625517 3.1042637676987526 
2.4708333645323477 -3.916786794625517 3.1042637676987526 
2.4708333645323477 -3.916786794625517 3.1042637676987526 
2.4708333645323477 -3.916786794625517 3.1042637676987526 
-0.11162107619840651 4.972852534302915 -0.5564521869477377 
2.4708333645323477 -3.916786794625517 3.1042637676987526 
3.0341508964637836 -4.971104816154336 0.5371983660390578 
-0.11162107619840651 4.972852534302915 -0.5564521869477377 
-0.03337909153128365 4.997295715940819 -0.16686424610413045 
3.0341508964637836 -4.971104816154336 0.5371983660390578 
2.4708333645323477 -3.916786794625517 3.1042637676987526 
3.033471728168262 -4.971104816154336 0.5363975669830685 
3.0341508964637836 -4.971104816154336 0.5371983660390578 
3.0398532159284226 -4.974216519016453 0.5075524145061382 
-0.03391360134630901 4.997302120203637 -0.1693175433161833 
-0.03337909153128365 4.997295715940819 -0.16686424610413045 
-0.03391360612071681 4.997302120203637 -0.16818871784355058 
-0.03337909153128365 4.997295715940819 -0.16686424610413045 
-0.11054667716083638 4.972857709608381 -0.5515961446134445 
2.563257524524494 -4.186592356954621 2.735527780151158 
3.0398532159284226 -4.974216519016453 0.5075524145061382 
2.563257524524494 -4.186592356954621 2.735527780151158 
-0.03391360134630901 4.997302120203637 -0.1693175433161833 
-0.11054667716083638 4.972857709608381 -0.5515961446134445 
-0.03340772511146456 4.997220941367324 -0.16686419538612643 
-0.03339616162711907 4.997299709495229 -0.16696179644479234 
2.4708127801085915 -3.9264024268172557 3.1042637676987526 
2.4708333645323477 -3.916786794625517 3.1042637676987526 
-3.141592653589793 -5.0 3.1541627748928915E-4 
-0.033913606234262726 4.997302120203637 -0.16818871784355058 
3.033471728168262 -4.971104816154336 0.5363975669830685 
3.0341508964637836 -4.971104816154336 0.5371983660390578 
-0.11162879060367534 4.972852534302915 -0.5564417120672327 
-3.141592653589793 -5.0 3.1541627748928915E-4 
2.563257524524494 -4.186592356954621 2.735527780151158 
-0.11162107619840651 4.972852534302915 -0.5564521869477377 
-0.11054667716083638 4.972857709608381 -0.5515961446134445 
-0.03337909153128365 4.997295715940819 -0.16686424610413045 
3.033471728168262 -4.971104816154336 0.5363975669830685 
-0.11058155755641777 4.9730933466389855 -0.5512249856905427 
2.4708333645323477 -3.916786794625517 3.1042637676987526 
2.563257524524494 -4.186592356954621 2.735527780151158 
2.563257524524494 -4.186592356954621 2.735527780151158 
-0.11162107619840651 4.972852534302915 -0.5564521869477377 
-3.141592653589793 -5.0 3.1541627748928915E-4 
2.563257524524494 -4.186592356954621 2.735527780151158 
2.456522805684055 -3.8982164627470106 3.1644791109079677 
-0.03358841140998354 4.997451845679063 -0.16800671810914647 
-0.11167936282984199 4.973091269559149 -0.556731816656925 
-0.11054667716083638 4.972857709608381 -0.5515961446134445 
2.4708333645323477 -3.916786794625517 3.1042637676987526 
3.0398532159284226 -4.974216519016453 0.5075524145061382 
2.456522805684055 -3.8982164627470106 3.1644791109079677 
-0.11186149510945823 4.972852534302915 -0.557545521672147 
-0.03337909153128365 4.997295715940819 -0.16686424610413045 
2.4708333645323477 -3.916786794625517 3.1042637676987526 
2.4708333645323477 -3.916786794625517 3.1042637676987526 
-3.141592653589793 -5.0 3.1541627748928915E-4 
-0.03391360134630901 4.997302120203637 -0.1693175433161833 
3.0332052917851517 -4.9741864046201965 0.5424578794351608 
3.034085549296257 -4.971104816154336 0.5345678301605842 
-0.11162107619840651 4.972852534302915 -0.5564521869477377 
-3.141592653589793 -5.0 3.1541627748928915E-4 
3.032196272206903 -4.971104816154336 0.554008919626988 
3.0398532159284226 -4.974216519016453 0.5075524145061382 
-3.141592653589793 -5.0 3.1541627748928915E-4 
-0.03391360611934688 4.996503369405013 -0.1693204296045652 
-0.03358841140998354 4.997451845679063 -0.16800671810914647 
2.563257524524494 -4.186592356954621 2.735527780151158 
2.47063272044516 -3.9264024268172557 3.1042637676987526 
-0.03341061716765316 4.997305185152673 -0.16698708370304816 
-3.141592653589793 -5.0 3.1541627748928915E-4 
3.0332052917851517 -4.9741864046201965 0.5424578794351608 
3.0334154828648776 -4.971104816154336 0.5362089363255218 
2.47063272044516 -3.9264024268172557 3.1042637676987526 
2.47063272044516 -3.9264024268172557 3.1042637676987526 
2.4708333645323477 -3.916786794625517 3.1042637676987526 
