-3.1415561975804493 1.0120177702727375 
-3.1415561975804622 1.0120177704244882 
-3.1415561975804476 1.0120177702513804 
-3.141556197580462 1.0120177704191489 
-3.1415561975804605 1.0120177704067626 
-3.1415561975804476 1.0120177702513804 
3.140970597311663 0.00548049130029086 
-3.1415561975797544 1.0120177619173636 
-3.141556197579727 1.0120177516327677 
-3.141556197580462 1.0120177704191489 
-3.1415561975804684 1.0120177705028688 
-3.1415561975805915 1.012017771978207 
-3.1415561975804476 1.0120177702513804 
3.140970597311663 0.00548049130029086 
-3.1415561975804613 1.0120177704138096 
-3.141556197580462 1.0120177704191489 
-3.141556197579727 1.0120177516327677 
2.351803856332001 0.3487331714087518 
3.140970597311663 0.00548049130029086 
-3.1415561975804493 1.0120177702727375 
-3.1415561975804285 1.0120177700187059 
-3.1415561975804285 1.0120177700187059 
-3.141556197579727 1.0120177516327677 
-3.1415561975804285 1.0120177700187059 
3.140970597311663 0.00548049130029086 
