-3.1415561975804493 -4.999999996691905 -1.8391219332424441E-4 
-3.1415561975804622 -4.999999996691905 -1.839121933229605E-4 
-3.1415561975804476 -4.999999996691905 -1.8391219332424441E-4 
-3.141556197580462 -4.999999996691905 -1.839121933229605E-4 
-3.1415561975804605 -4.999999996691905 -1.839121933244707E-4 
-3.1415561975804476 -4.999999996691905 -1.8391219332424441E-4 
3.140970597311663 -4.999999032911039 0.0031103795465349192 
-3.1415561975797544 -4.999999996691905 -1.839121933244707E-4 
-3.141556197579727 -4.999999996691903 -1.8391219332514457E-4 
-3.141556197580462 -4.999999996691905 -1.839121933229605E-4 
-3.1415561975804684 -4.999999996691905 -1.839121933244707E-4 
-3.1415561975805915 -4.999999996691905 -1.839121933229605E-4 
-3.1415561975804476 -4.999999996691905 -1.8391219332424441E-4 
3.140970597311663 -4.999999032911039 0.0031103795465349192 
-3.1415561975804613 -4.999999996691905 -1.839121933229605E-4 
-3.141556197580462 -4.999999996691905 -1.839121933229605E-4 
-3.141556197579727 -4.999999996691903 -1.8391219332514457E-4 
2.351803856332001 -3.520001510992939 3.5516145950041005 
3.140970597311663 -4.999999032911039 0.0031103795465349192 
-3.1415561975804493 -4.999999996691905 -1.8391219332424441E-4 
-3.1415561975804285 -4.999999996691905 -1.839121933229605E-4 
-3.1415561975804285 -4.999999996691905 -1.839121933229605E-4 
-3.141556197579727 -4.999999996691903 -1.8391219332514457E-4 
-3.1415561975804285 -4.999999996691905 -1.839121933229605E-4 
3.140970597311663 -4.999999032911039 0.0031103795465349192 
