0.0011697432019110998 5.963777149007488E-5 -1.0044864400391313 
-1.0963802830598257 -0.0032905865594131667 -0.7042631102058889 
-1.0053447939513716 1.916388194835213E-5 -1.052950816328449 
-1.0024807915481146 1.1045487504141252E-4 -0.9919637143174891 
-1.0838783546939257 1.0454561872199837E-4 -1.0138696213331577 
-0.9533623960142106 1.0159191070199237E-4 -4.779621934266674E-4 
-1.067526256541522 -0.9019928964550931 -1.064052666527197 
-1.1054502076102208 -0.6348876681419745 -1.0640300758714312 
-1.0776776169317048 -0.7680901423895699 -1.0654030843070235 
-0.8388318538682598 -0.0073530203099373415 -1.0104170248393585 
-1.000928502451811 1.1505976863214965E-5 -0.8611578188045492 
-1.0793479805584518 -0.9589178182142583 -1.0633725250442485 
6.390492201458486E-4 -0.0015110428168659817 -1.1035813589805217 
-1.0796280316491123 -0.013205624900817947 -1.0654029434837653 
-0.9896965786541722 -1.9924740756399553E-5 -1.0350867226951097 
-0.6059035407849241 1.3842070221927377E-4 -1.0826948432131691 
-0.8409061976941002 8.040636358189223E-5 1.2103370348597454E-4 
-1.096341435401803 -0.8987024419683349 -1.0921788066103983 
-0.6687857674052433 1.0159191070199237E-4 -4.779621934266674E-4 
-1.0805427881491299 -1.071455406384081 -1.065374039085604 
-1.000928502451811 9.612807053243834E-5 -1.0104170248393585 
-1.0774572351701068 -0.898527749684749 -1.0833127490960939 
-0.6548536173061092 1.8733006860821107E-5 -1.0921718481164169 
-0.7911665011492554 6.149226928677678E-5 -4.820772090349954E-4 
-1.1270994002321502 -1.0168438587171402 -1.0815375643587672 
-1.0004912266579624 1.933773705772255E-5 -1.039644402791969 
-1.1246975308323097 -4.292579662973368E-5 -1.1154487889505922 
-1.0664725405646547 -1.0168438587171402 -1.082116284249818 
-1.1319847627027628 -1.1146602977970441 -1.1089179799132303 
-1.0542953675584676 -0.0017376832891198852 -1.0597624553279208 
-1.1052864937645055 -0.8668663159420635 -1.0654029434837653 
-0.8656899041049139 1.1725928026253956E-4 -0.9098291639579248 
-0.9205334952443062 1.0492160163645144E-4 -4.776958265164074E-4 
-1.0931184449764464 -0.706279660756011 -1.0659954152057258 
-0.9200362224938612 -0.0073530203099373415 -1.0104170248393585 
8.380661773971232E-4 3.36546848749464E-6 -0.8577363050781954 
-0.7190592151580646 6.510329994536353E-6 -5.290471038867308E-4 
6.390492201458486E-4 -1.4811216308181752E-5 -0.7373839452309252 
6.934986776679468E-4 4.835912666795552E-5 -0.9724187963617723 
-1.1319847627027628 -1.164672586266824 -1.1089365899413177 
-1.000928502451811 8.761286753280985E-6 -0.8273993727980063 
-1.1479292299360542 -1.160915613601738 -1.1585092832199972 
-1.0580341123881016 -1.1089118880898543E-4 0.0017490158704744937 
-1.0012423989592143 8.761286753280985E-6 -0.9580184292773717 
-1.0963802830598257 -9.801590859369411E-5 -1.0922955091456266 
-1.000928502451811 -1.8370241223436376E-5 -0.8925794977300434 
6.390492201458486E-4 -1.988148401368248E-5 -0.8247253403235388 
-1.1421318281200201 1.0656331871221079E-4 -0.48424809074025355 
-1.0638455630750416 -0.8855877054404823 -1.048324880544023 
-0.9691310894471845 5.5700354220554705E-6 -0.9440983710786852 
-1.0793428260011326 -0.6813353265261157 -1.0609333932444656 
-0.6994205547877448 -0.01229847803445272 -1.0659954152057258 
-1.0774572351701068 -0.8289380245048892 -1.1036133147330784 
-1.1319847627027628 -1.095643009901519 -1.0958486168318196 
-0.9684828277140534 1.230068005869429E-4 -0.8284834429329457 
-0.6609151409997356 -1.1481118835496427E-4 -1.0569859800257593 
-0.9324715653739223 -1.900920544919676E-5 -1.0092139579177954 
0.0011697432019110998 5.397786318577585E-6 -1.0369131608606688 
-1.0124038147141816 -0.0061947034881347784 -1.0658044843146623 
-1.1052864937645055 9.580815331011055E-5 -1.0654029434837653 
-0.5216679724704509 2.5109641448484057E-6 8.773628061549688E-4 
-1.0774572351701068 -1.096960094105704 -1.1036133147330784 
-0.59337081277068 8.432576385467542E-5 0.0017185679182563085 
-1.1480454285846113 2.761960709419941E-5 -1.1583601699829449 
-0.9598214502587997 0.001661436125324968 -0.9422558077268763 
-1.0632311510882055 -1.0001700943890905 -1.082116284249818 
-0.9896965786541722 -4.391977901849507E-5 0.002686516513904502 
5.43577249460626E-4 8.194641107003549E-5 1.7108519150710322E-4 
-1.1246975308323097 7.984447687902317E-5 -0.5395911178939872 
6.390492201458486E-4 -1.988148401368248E-5 -1.0802537553016058 
-1.0779711865724455 -0.6928096606174058 -1.0721909307552928 
-1.07927992926535 -0.8138891527847112 -1.065590066420984 
-1.0682897207566275 -0.7432450710071296 -1.0642164452011187 
-1.073944617727699 -0.7539792289920697 -1.0653159760015565 
-1.1323306788360448 -1.0686334765018983 -1.0655867779203827 
-1.0963802830598257 -0.9501925383883807 -1.0892899347529557 
0.0011697432019110998 5.963777149007488E-5 -0.4889934080918241 
-0.8725869057485561 8.32500873372253E-4 9.167399367352661E-4 
6.390492201458486E-4 -1.4811216308181752E-5 -0.6203137739729587 
-1.131521743697337 -1.0001700943890905 -1.0826858063629214 
-0.8066932050414497 1.0492160163645144E-4 -4.776958265164074E-4 
-1.074644526405157 -0.6335347533437438 -1.0654029434837653 
-0.6425721622732681 3.079027092240461E-6 -4.654015080223676E-4 
-0.7563460864086725 6.0078236179278286E-5 -6.224374495458543E-4 
-0.8656899041049139 1.1725928026253956E-4 -1.0138696213331577 
-1.0796280316491123 -0.8312130073175251 -1.0654029434837653 
-0.9906270304072725 1.1305253408386275E-4 -0.9856655372938485 
6.390492201458486E-4 -1.988148401368248E-5 -0.5551250125657583 
-1.0684626518183793 -0.9477855009562589 -1.0642557720102908 
-1.0196367924219754 0.0011456835546947704 -6.224738412861995E-4 
-0.9791759421479875 1.2719374357375373E-4 -0.8339649018514961 
-0.903148753219484 0.0011456835546947704 -6.224738412861995E-4 
-1.0931184449764464 -0.7900106362542084 -1.0659954152057258 
-0.8874719946621257 -1.1955227095741198E-4 9.172181698234255E-4 
-0.9373625295083974 1.0492160163645144E-4 -4.776958265164074E-4 
-0.7761488739296356 1.1071236741100358E-4 -4.607042576755798E-4 
-1.1499508328913577 1.6550248317257973E-5 -6.224738412861995E-4 
-1.0684626518183793 -0.7900106362542084 -1.0642164452011187 
-1.0826291175362601 -0.5796019204780054 -1.085473918834365 
-0.7005536079172185 6.212767156968304E-5 -7.113578339819071E-4 
