-14.902115267374967 -10.597813931914562 
-18.01200671501807 -3.8038097736240233 
-14.779891086719033 -11.019623787655519 
-15.162516458964426 -9.529361716705239 
-15.013645433561118 -10.158382056544731 
-19.99883088465489 0.002894147467221531 
-14.538153874021262 -11.565012812130377 
-14.60614017352315 -11.462232453796076 
-18.547138011143876 -1.499745894737638 
-14.843157711719169 -10.811129604900556 
-16.1115873142505 -7.401236093969485 
-18.41357384373836 -2.1123293801730227 
-17.966831729657038 -3.8650508979096716 
-18.006289729665053 -3.814373483737552 
-18.088153068246257 -3.5998925454734656 
-15.04158187209313 -10.04307352173102 
-16.24650739799909 -6.948653757239096 
-18.007379530999295 -3.812389801859963 
-17.967907173210374 -3.8641842001571236 
-18.60476896930801 -1.2609112890859808 
-16.49780359737138 -5.8407608892567415 
-15.224329176518175 -9.269220033960892 
-18.071007767854525 -3.6550515917853432 
-18.005979053852528 -3.814887339424737 
-16.522378261551594 -5.71998089409886 
-18.164615210175953 -3.3052399914809047 
-15.936545490307477 -7.728672667361538 
-15.964216342784276 -7.700892679154313 
-16.0000383315446 -7.65112263922388 
-16.057028944791377 -7.539672368223801 
-15.18115048942321 -9.453377033195176 
-18.244905697732957 -2.9386288297468237 
-14.60614017352315 -11.462232453796076 
-14.49448354017467 -11.605227352300723 
-17.987569638935838 -3.84335232142157 
-14.823877284451978 -10.877669806811248 
-16.202639358379447 -7.1105628708639905 
-15.122194554369305 -9.703566039391484 
-16.079374728096802 -7.486712603247632 
-14.686799535420658 -11.285725504283015 
-14.656406425729612 -11.35877775842844 
-18.49415023587741 -1.7340124565705857 
-17.950214996426553 -3.873808884237869 
-18.3245946617823 -2.5489194210165254 
-18.3598811000695 -2.3745838349247657 
-16.001268451615573 -7.6491322747987365 
-16.335439581468997 -6.584818801821877 
-15.307657541120063 -8.920435519455115 
-18.45870306848557 -1.8976138189995677 
-14.536867560597464 -11.566637835815353 
-15.26895442987383 -9.081179281774713 
-17.976413121432955 -3.856438057765199 
-14.981198859557097 -10.290240795639868 
-18.030661965278895 -3.764382618850819 
-16.165614528351185 -7.236904032126247 
-16.544713458818975 -5.613411583390169 
-16.39000853403242 -6.344336961565469 
-15.937117546500321 -7.7282002620407955 
-18.138952254337124 -3.4115222403355085 
-18.048675238338546 -3.7193323693130487 
-15.089562213076404 -9.84204646185692 
-14.466478876715389 -11.61699179365832 
-18.192971907921137 -3.1805876411036595 
-18.228021752749434 -3.018863091727685 
-17.956593367359197 -3.8713635717935375 
-14.72734742056047 -11.174816680603817 
-16.462485511826713 -6.009540341944268 
-18.293244385985318 -2.703615737813624 
-14.79328641344689 -10.978095134194717 
-16.367354987999015 -6.44639111943569 
-14.570884590076792 -11.521174347192831 
-18.109137620280755 -3.5262464865235685 
-16.416491602704703 -6.2247932592114115 
-16.1115873142505 -7.401236093969485 
-16.02528196225787 -7.606533795245699 
-14.764204677243878 -11.070089187414784 
-14.5100937007095 -11.593696975024297 
-16.24480670355267 -6.955111113387465 
-16.147150193706988 -7.295448009427786 
-14.943163784078621 -10.440430576291115 
-16.279970407560196 -6.817076839736573 
