-3.141561068046276 -4.9999999974981115 -1.5800688726383966E-4 
2.3241456474017506 -3.4202758450873527 3.6470370038765765 
-3.141561068046276 -4.9999999974981115 -1.5800688726383966E-4 
-3.1415610680462698 -4.9999999974981115 -1.5800688726383966E-4 
-3.1415610680462764 -4.9999999974981115 -1.5800688726383966E-4 
-3.141561068046276 -4.9999999974981115 -1.5800688726383966E-4 
-3.1415610680462764 -4.9999999974981115 -1.5800688726383966E-4 
-3.141561068046276 -4.9999999974981115 -1.5800688726383966E-4 
-3.1415610680462764 -4.9999999974981115 -1.5800688726383966E-4 
-3.1415610680462698 -4.9999999974981115 -1.5800688726383966E-4 
-3.141561068046276 -4.9999999974981115 -1.5800688726383966E-4 
-3.1415610680462764 -4.9999999974981115 -1.5800688726383966E-4 
-3.141561068046276 -4.9999999974981115 -1.5800688726383966E-4 
-3.1415610680462804 -4.9999999974981115 -1.5800688726383966E-4 
1.5126147675962964 0.2914675174502719 4.991535577102737 
2.3241456474017506 -3.4202758450873527 3.6470370038765765 
2.3241456474017506 -3.4202758450873527 3.6470370038765765 
2.3241456474017506 -3.4202758450873527 3.6470370038765765 
2.3241456474017506 -3.4202758450873527 3.6470370038765765 
-3.1415610680462804 -4.9999999974981115 -1.5800688726383966E-4 
-3.1415610680462698 -4.9999999974981115 -1.5800688726383966E-4 
-3.1415610680462804 -4.9999999974981115 -1.5800688726383966E-4 
-3.1415610680462804 -4.9999999974981115 -1.5800688726383966E-4 
-3.1415610680462804 -4.9999999974981115 -1.5800688726383966E-4 
-3.1415610680462804 -4.9999999974981115 -1.5800688726383966E-4 
-3.1415610680462698 -4.9999999974981115 -1.5800688726383966E-4 
-3.1415610680462804 -4.9999999974981115 -1.5800688726383966E-4 
-3.1415610680462804 -4.9999999974981115 -1.5800688726383966E-4 
-3.1415610680462804 -4.9999999974981115 -1.5800688726383966E-4 
-3.1415610680462804 -4.9999999974981115 -1.5800688726383966E-4 
-3.1415610680462804 -4.9999999974981115 -1.5800688726383966E-4 
1.5126147675962964 0.2914675174502719 4.991535577102737 
2.3241456474017506 -3.4202758450873527 3.6470370038765765 
2.3241456474017506 -3.4202758450873527 3.6470370038765765 
2.3241456474017506 -3.4202758450873527 3.6470370038765765 
2.3241456474017506 -3.4202758450873527 3.6470370038765765 
-3.141561068046276 -4.9999999974981115 -1.5800688726383966E-4 
-3.1415610680462804 -4.9999999974981115 -1.5800688726383966E-4 
-3.1415610680462804 -4.9999999974981115 -1.5800688726383966E-4 
-3.1415610680462804 -4.9999999974981115 -1.5800688726383966E-4 
-3.1415610680462804 -4.9999999974981115 -1.5800688726383966E-4 
-3.141561068046276 -4.9999999974981115 -1.5800688726383966E-4 
-3.1415610680462804 -4.9999999974981115 -1.5800688726383966E-4 
-3.1415610680462764 -4.9999999974981115 -1.5800688726383966E-4 
-3.1415610680462804 -4.9999999974981115 -1.5800688726383966E-4 
-3.1415610680462804 -4.9999999974981115 -1.5800688726383966E-4 
-3.1415610680462804 -4.9999999974981115 -1.5800688726383966E-4 
-3.1415610680462764 -4.9999999974981115 -1.5800688726383966E-4 
-3.1415610680462804 -4.9999999974981115 -1.5800688726383966E-4 
-3.1415610680462804 -4.9999999974981115 -1.5800688726383966E-4 
-3.1415610680462804 -4.9999999974981115 -1.5800688726383966E-4 
-3.1415610680462804 -4.9999999974981115 -1.5800688726383966E-4 
-3.1415610680462804 -4.9999999974981115 -1.5800688726383966E-4 
-3.1415610680462804 -4.9999999974981115 -1.5800688726383966E-4 
-3.1415610680462804 -4.9999999974981115 -1.5800688726383966E-4 
-3.1415610680462804 -4.9999999974981115 -1.5800688726383966E-4 
-3.1415610680462804 -4.9999999974981115 -1.5800688726383966E-4 
-3.1415610680462804 -4.9999999974981115 -1.5800688726383966E-4 
-3.1415610680462804 -4.9999999974981115 -1.5800688726383966E-4 
-3.1415610680462804 -4.9999999974981115 -1.5800688726383966E-4 
-3.1415610680462804 -4.9999999974981115 -1.5800688726383966E-4 
2.3241456474017506 -3.4202758450873527 3.6470370038765765 
2.3241456474017506 -3.4202758450873527 3.6470370038765765 
2.3241456474017506 -3.4202758450873527 3.6470370038765765 
2.3241456474017506 -3.4202758450873527 3.6470370038765765 
2.3241456474017506 -3.4202758450873527 3.6470370038765765 
2.3241456474017506 -3.4202758450873527 3.6470370038765765 
2.3241456474017506 -3.4202758450873527 3.6470370038765765 
2.3241456474017506 -3.4202758450873527 3.6470370038765765 
2.3241456474017506 -3.4202758450873527 3.6470370038765765 
2.3241456474017506 -3.4202758450873527 3.6470370038765765 
