0.6319171559750923 -0.3275085066416102 
0.6485127277277715 -0.452976229813693 
0.07947241014444176 0.6704313859990814 
0.2524821521265911 0.24591593575359888 
0.42400276528833 0.05868790909758125 
0.25620551920095247 0.24261214666767383 
0.2455898646188599 0.2613105594962097 
0.23647967646504855 0.298374664029171 
0.6440400091781892 -0.43519254515703587 
0.4376869039853993 -0.06681353613337652 
0.03373341332044699 0.7870533152165169 
0.6302436607284451 -0.3064651835696891 
0.6375310493684128 -0.3875611017377027 
0.6497285668743481 -0.45566479261872633 
0.650544828625683 -0.4568996074058962 
0.08143781218176713 0.6698895174158822 
0.21486563105532255 0.4398715284300842 
0.25410633894400414 0.2440458069217041 
0.24366503863152633 0.2676518169999039 
0.6398373284137051 -0.4071928980198185 
0.24161835921259203 0.27528539893140747 
0.06633996453385071 0.6847516451275275 
0.6519943981133084 -0.45803753431818545 
0.021085399438639407 0.8419510353670155 
0.22058743050004986 0.39749427522524433 
0.002338766972381945 0.9517821198242764 
0.45209038966905635 -0.12337932677525883 
0.05163413475798852 0.721349181359558 
0.004921801772642287 0.9292263065500974 
0.4487069523310453 -0.11807916890760481 
0.198817811417907 0.5616037771186603 
0.07767032757357853 0.6713155039742886 
0.43172272069643114 -0.019423047277401656 
0.23012034881182786 0.3337326538569714 
0.43599378136746547 -0.054661101180660664 
0.24885978026730116 0.25259001996417546 
0.07457458645700188 0.6736328952649699 
0.22802914414922038 0.34678125300726875 
0.45277689071774274 -0.1238466493454354 
0.00978458801742984 0.898242026199203 
0.6335968941057137 -0.34719315233029674 
0.06159256304248922 0.6943965226087154 
0.2509298069345375 0.24840413866846894 
0.20767697199006843 0.4948272112541764 
0.4437418554688683 -0.10122817168815866 
0.007257973316163749 0.9132963994646802 
0.4217686198475571 0.0841944730920808 
0.23258158950451435 0.3192596580255196 
0.25706911660452303 0.24236717120498366 
0.014053404870640496 0.875642917991616 
0.04355928930663283 0.7488051322514804 
0.21695982817590886 0.4241640380400705 
0.05476919569911158 0.7119927845628158 
0.439730967257044 -0.08003779864045966 
0.447376895927049 -0.11460201977908971 
0.026894576251412172 0.8160347896945297 
0.06925923348556866 0.6800221571245386 
0.4525161045594672 -0.12368519123916132 
0.0782554602222928 0.6710171577914056 
0.43374653020110854 -0.03690896072532598 
0.44625240071826544 -0.11105469692264948 
0.25560725909095583 0.24290883427490784 
0.223070211832899 0.3799015351016718 
0.4509854223287429 -0.12220439772260495 
0.23396025012160077 0.31157188487187076 
0.4499507905203076 -0.12060753378039317 
0.42785945844060375 0.017547135976030248 
0.05844468224027757 0.7019566662337314 
0.4252123931410653 0.045347687679817804 
0.4537998092338271 -0.1240808413231117 
0.01674863776166255 0.8623417367858943 
0.06399103408874535 0.6892770485058899 
0.23869093844614214 0.2877516176106096 
0.6276664364739037 -0.2715376171739943 
0.04743324560474199 0.7350708260188321 
0.20483024322576082 0.516621439053442 
0.21109590429618216 0.4685860439569818 
0.6488411707187642 -0.4537819546587886 
0.4413584400234965 -0.08938515070501811 
0.6417739121784407 -0.4214108022930474 
0.22531923201843274 0.36453387548167887 
0.6458316019417348 -0.4438304871682952 
0.4425606786581924 -0.09559289425127118 
0.07111084108299515 0.6774016226273603 
0.07304422023169765 0.6751377508542571 
0.08123710498313172 0.6699289703641071 
0.644286614944647 -0.43650037607841713 
0.030357775669002544 0.8012062950060634 
0.6513243024400506 -0.4576988743612743 
0.2474214341578566 0.2561076427046544 
0.04091427086056976 0.7586774749487296 
0.6427077261684806 -0.42747972482912616 
0.42933368601707755 0.0029138410323442067 
0.647149320459973 -0.4488931488387901 
0.03828149820526172 0.7688420779924638 
0.6352038884264424 -0.3646493208693615 
