0.5169355659519628 4.543130592282276 
0.6875221535274102 1.454498585782854 
0.6125558052484426 2.4276864978223136 
0.6534654797048179 1.7130004767717861 
0.40676813431694414 8.218486918784837 
0.4274151884211729 7.397800162675249 
0.6718346464003025 1.4884614917644265 
0.4192168567123809 7.698137821564592 
0.3894726004701976 8.973081353048915 
0.47868015410118614 5.624291361832362 
0.39266942720998366 8.827142045472401 
0.5738124276794553 3.199222818370234 
0.4458928136399958 6.699132918100249 
0.4907054703714607 5.265397097811311 
0.5514761809783149 3.697756901491602 
0.49796840078438237 5.0578491721610295 
0.5921531645633293 2.821276522191219 
0.5921531645633293 2.821276522191219 
0.6053534320331424 2.5634972522204755 
0.7123967468911434 1.4037121931900178 
0.7468819747193245 1.3396806828758827 
0.4907054703714607 5.265397097811311 
0.5139353841699291 4.620464272838735 
0.6667034317475692 1.4999172831296244 
0.4363023548982491 7.0444034806362446 
0.5351339441221837 4.0814060720442376 
0.4192168567123809 7.698137821564592 
0.5351339441221837 4.0814060720442376 
0.5603662808534193 3.4926255646301274 
0.4529817910390068 6.455125086357832 
0.5254928750108652 4.32221125778181 
0.47868015410118614 5.624291361832362 
0.4398884788898105 6.913358782829143 
0.5627757380059315 3.440295593194727 
0.5774095427691617 3.124644817879971 
0.6438382391500388 1.873076452349413 
0.4529817910390068 6.455125086357832 
0.5438166301228435 3.872498454447357 
0.5963101967154345 2.74388592205648 
0.46063794062842395 6.197050811581978 
0.49796840078438237 5.0578491721610295 
0.46063794062842395 6.197050811581978 
0.4428769798036947 6.805801112162361 
0.4140434302044812 7.906544055410441 
0.6534654797048179 1.7130004767717861 
0.6403087312422464 1.9327214268262776 
0.6174051422977217 2.339340927927417 
0.43050360750581607 7.260860420802835 
0.6343288933830714 2.037257785467682 
0.4140434302044812 7.906544055410441 
0.5368570516808893 4.04087627504181 
0.6292117437048431 2.125506281489427 
0.5514761809783149 3.697756901491602 
0.6217050936843541 2.2619906192767916 
0.39080089421428577 8.912742792154576 
0.6125558052484426 2.4276864978223136 
0.4999540075126893 5.003425486568353 
0.46877021832530946 5.935659892081597 
0.5478031037635983 3.778449104670074 
0.3983085820924454 8.586063616026795 
0.6618069393392806 1.577386422004509 
0.39266942720998366 8.827142045472401 
0.47868015410118614 5.624291361832362 
0.5963101967154345 2.74388592205648 
0.5139353841699291 4.620464272838735 
0.6292117437048431 2.125506281489427 
0.6438382391500388 1.873076452349413 
0.5823191995585544 3.0257477254746927 
0.4871628447227273 5.374011185161882 
0.40195127952596077 8.415941068172403 
0.47695076609269366 5.680588332315681 
0.5169910503288798 4.542643015621123 
0.503818317237155 4.8941648209940505 
0.5652994576269992 3.389624010437598 
0.4871628447227273 5.374011185161882 
0.5774095427691617 3.124644817879971 
0.3894726004701976 8.973081353048915 
0.42425159943560997 7.506280138210717 
0.4317370716728755 7.216359269387124 
0.5849398566394113 2.9695000829841516 
0.46877021832530946 5.935659892081597 
0.46877021832530946 5.935659892081597 
0.503818317237155 4.8941648209940505 
0.6618069393392806 1.577386422004509 
0.6053534320331424 2.5634972522204755 
0.40926812699548804 8.104523651268089 
0.6403087312422464 1.9327214268262776 
0.5295607926926532 4.218862389142763 
0.5139353841699291 4.620464272838735 
0.5438166301228435 3.872498454447357 
0.4594414648215709 6.236612688694109 
0.4458928136399958 6.699132918100249 
0.5603662808534193 3.4926255646301274 
0.5727719491502651 3.2251198041411864 
0.5277723453908924 4.265832101923113 
