0.5169355659519628 1.3485057839151144 
0.6875221535274102 3.930641568657004E-16 
0.6125558052484426 0.48709345756431854 
0.6534654797048179 0.119386678288257 
0.40676813431694414 2.3430185908623193 
0.4274151884211729 2.1619321504320252 
0.6718346464003025 2.0377078600118518E-14 
0.4192168567123809 2.2271891400950037 
0.3894726004701976 2.4947693288026 
0.47868015410118614 1.6922366557918849 
0.39266942720998366 2.466148810896811 
0.5738124276794553 0.835753812096533 
0.4458928136399958 1.9870952258000352 
0.4907054703714607 1.5837591595740235 
0.5514761809783149 1.0392248542207954 
0.49796840078438237 1.5186490636696404 
0.5921531645633293 0.6706278207237544 
0.5921531645633293 0.6706278207237544 
0.6053534320331424 0.5518218596391948 
0.7123967468911434 9.481756691782786E-16 
0.7468819747193245 5.833539196725551E-4 
0.4907054703714607 1.5837591595740235 
0.5139353841699291 1.3746200811048075 
0.6667034317475692 1.0940182890804688E-14 
0.4363023548982491 2.073489827455016 
0.5351339441221837 1.1840989288972623 
0.4192168567123809 2.2271891400950037 
0.5351339441221837 1.1840989288972623 
0.5603662808534193 0.9571495980653582 
0.4529817910390068 1.9240541229991943 
0.5254928750108652 1.2712912202560913 
0.47868015410118614 1.6922366557918849 
0.4398884788898105 2.0411068789982236 
0.5627757380059315 0.9361148914187165 
0.5774095427691617 0.8041997356081043 
0.6438382391500388 0.20595824487404768 
0.4529817910390068 1.9240541229991943 
0.5438166301228435 1.1059290596534814 
0.5963101967154345 0.6362071539462111 
0.46063794062842395 1.8545967238168255 
0.49796840078438237 1.5186490636696404 
0.46063794062842395 1.8545967238168255 
0.4428769798036947 2.014132641699093 
0.4140434302044812 2.2736526217649886 
0.6534654797048179 0.119386678288257 
0.6403087312422464 0.2375384046558381 
0.6174051422977217 0.4443211184899113 
0.43050360750581607 2.1258266047518184 
0.6343288933830714 0.29229147659176136 
0.4140434302044812 2.2736526217649886 
0.5368570516808893 1.1693729232262 
0.6292117437048431 0.33739351363155956 
0.5514761809783149 1.0392248542207954 
0.6217050936843541 0.40629108987060775 
0.39080089421428577 2.4831078530759383 
0.6125558052484426 0.48709345756431854 
0.4999540075126893 1.5014826233009757 
0.46877021832530946 1.782460583515873 
0.5478031037635983 1.0698461469510556 
0.3983085820924454 2.4199028246551673 
0.6618069393392806 0.04392528010214314 
0.39266942720998366 2.466148810896811 
0.47868015410118614 1.6922366557918849 
0.5963101967154345 0.6362071539462111 
0.5139353841699291 1.3746200811048075 
0.6292117437048431 0.33739351363155956 
0.6438382391500388 0.20595824487404768 
0.5823191995585544 0.7619509935645397 
0.4871628447227273 1.6180185765352175 
0.40195127952596077 2.3827982807669787 
0.47695076609269366 1.709360956955181 
0.5169910503288798 1.3485057839151144 
0.503818317237155 1.4657698843945044 
0.5652994576269992 0.9161526146598278 
0.4871628447227273 1.6180185765352175 
0.5774095427691617 0.8041997356081043 
0.3894726004701976 2.4947693288026 
0.42425159943560997 2.184551354447648 
0.4317370716728755 2.1155698191046084 
0.5849398566394113 0.7369789528314694 
0.46877021832530946 1.782460583515873 
0.46877021832530946 1.782460583515873 
0.503818317237155 1.4657698843945044 
0.6618069393392806 0.04392528010214314 
0.6053534320331424 0.5518218596391948 
0.40926812699548804 2.3169232149451244 
0.6403087312422464 0.2375384046558381 
0.5295607926926532 1.2341441110556626 
0.5139353841699291 1.3746200811048075 
0.5438166301228435 1.1059290596534814 
0.4594414648215709 1.865358469218417 
0.4458928136399958 1.9870952258000352 
0.5603662808534193 0.9571495980653582 
0.5727719491502651 0.8472581564610684 
0.5277723453908924 1.2513882134757215 
