0.8429014263148249 -0.7400262436904037 
0.83794358443856 -0.6938202968188542 
0.4513052504109196 -0.12263964726072007 
0.050589967340948394 0.7246550825243057 
0.2568348446845091 0.24239059108849514 
0.6495752746928021 -0.4553411537602652 
0.05420084872130443 0.7136438760643142 
0.4207815135382049 0.09585478858028852 
0.8473118490531414 -0.7647089660310915 
0.44044270731181734 -0.08425442852800216 
0.8502480996206516 -0.7722093804594885 
0.6320324525959784 -0.3288846746526886 
0.4424620118996912 -0.09518205064477471 
0.8499146328944214 -0.7717226075840999 
0.6505661795900604 -0.45692756069389057 
0.45280310001429497 -0.12386113104162608 
0.05795312170487135 0.7032524978893853 
0.016219044333269567 0.8648478731440773 
0.2266923851646999 0.35541810409949176 
0.4524232560020078 -0.12364223600247425 
0.8485765845474289 -0.7688292950364981 
0.4304196784913762 -0.007213958110495647 
0.022023507372569556 0.837643948211879 
0.850996010119446 -0.7729974337454295 
0.6445256450234697 -0.43774695558626114 
0.42473662005872886 0.05055772546274234 
0.008713368842524383 0.9044186854085683 
0.0048185314919423905 0.9300284156353069 
0.21589906040283752 0.43207262738021845 
0.44368986020824663 -0.10100153998255558 
0.43763694368759587 -0.06643672411246711 
0.20496111381288717 0.5156082506237374 
0.43291606256768667 -0.0299236825443674 
0.20372669212642625 0.5249976348909764 
0.42829577677907127 0.0131529456494146 
0.06059968399720292 0.6967674625895774 
0.011962703073464295 0.8863868612768253 
0.0449498850012377 0.7437352189566097 
0.6381408895333283 -0.3930788401593807 
0.8439686427332771 -0.7474440597955301 
0.0023985185496671335 0.9510203942995878 
0.04115594507358341 0.7576926335768859 
0.0669128339989217 0.6837907877850059 
0.44523815054310184 -0.10737224917495894 
0.8454777669434327 -0.7563775573710189 
0.25494937354311614 0.24335184458135253 
0.4506959480675752 -0.12184289405803879 
0.02619105810746615 0.8190779028105315 
0.4356767833510451 -0.05225674883827857 
0.448675622600586 -0.11801660422022944 
0.6479033338505629 -0.4513044750608094 
0.03561613133457975 0.7794349031303117 
0.839711621312448 -0.71250689184206 
0.6490822096153178 -0.4543339559798242 
0.44759388902504926 -0.11524659277566789 
0.8410957216948136 -0.7254240375331649 
0.2457538542373667 0.2608373497874634 
0.24280686606819687 0.2707387709473624 
0.2206616917049193 0.3970478637432028 
0.21274189341928207 0.4560027601823499 
0.6407623984129132 -0.41434326293453794 
0.07179782232063747 0.6766468512245236 
0.651838110383009 -0.4579854435309818 
0.06907548388097451 0.6802886048258071 
0.031269682790003694 0.7973194054317341 
0.23883837194332574 0.2871017010710073 
0.6515759156461469 -0.45786817210275055 
0.6297842875344652 -0.300415539408013 
0.25390889336765315 0.2442843767076509 
0.835582629649394 -0.6653232255089148 
0.453511902039166 -0.12407254368647704 
0.06402071315761068 0.6892171382546484 
0.08069450677391109 0.6700533158733186 
0.25033625042740093 0.24947998904234966 
0.22163820163802317 0.3900141776283223 
0.2557506590055336 0.2427963530091345 
0.07642575850603778 0.6721338527182892 
0.6426116933143429 -0.42690226539084186 
0.2557506590055336 0.2427963530091345 
0.0798583489889108 0.6703138255725721 
0.07709762277202468 0.671715974105245 
0.6456719896128613 -0.44315084801967564 
0.2412926965253293 0.2766042408010409 
0.8339230408168504 -0.6428895833986178 
0.2303455334844187 0.33238658073299676 
0.23392090612555244 0.3117979835301896 
0.45004876243244907 -0.12078837250272226 
0.08069450677391109 0.6700533158733186 
0.6349104641347528 -0.3615965996976241 
0.6468923334201606 -0.44800761634947683 
0.2526969812136287 0.2456725004594508 
0.6509577494886838 -0.4573185599344209 
0.25133887756623463 0.24769521989309473 
0.6365597101549619 -0.3783661724414074 
0.23481362156154312 0.30696540381495585 
0.24801742832198448 0.25458135922866987 
0.20766690065296395 0.4949362198849474 
0.07448516865458933 0.6737500594884499 
