0.4284746346103435 7.337376571096849 
0.597974082284897 2.706335820746467 
0.4586494933333752 6.262483206793501 
0.4813383677297011 5.560145551695831 
0.4083362980216598 8.14312196067924 
0.6666826773909392 1.499963976741167 
0.722214923968159 1.3846293767172844 
0.5432522031921346 3.8856232295724813 
0.5361406680648141 4.056676504588003 
0.40159683413065034 8.432159373374297 
0.4177543646535351 7.756719830990544 
0.5542392348797686 3.6318159299604535 
0.438854959173579 6.987440976369935 
0.4108338995518147 8.038975909285682 
0.4284746346103435 7.337376571096849 
0.48782317110245405 5.352173991464142 
0.5715236972535069 3.248226149316378 
0.6441751897442587 1.8666610149118805 
0.3912978501301338 8.918546623188213 
0.4467667781037859 6.671057039228786 
0.40159683413065034 8.432159373374297 
0.48559968417822236 5.415560091174944 
0.48559968417822236 5.415560091174944 
0.5225963171255594 4.39557081175389 
0.3912978501301338 8.918546623188213 
0.6181457040306839 2.3251001124735806 
0.6553199131253241 1.6857509036439904 
0.5139126015633663 4.621488804342851 
0.4371428640291729 7.014807690439569 
0.44336927677923343 6.79799833019414 
0.4650686381102852 6.053433910463071 
0.4284746346103435 7.337376571096849 
0.4974259113331117 5.07266266193748 
0.5631896783936066 3.429759521101131 
0.5139126015633663 4.621488804342851 
0.4177543646535351 7.756719830990544 
0.4650686381102852 6.053433910463071 
0.5542392348797686 3.6318159299604535 
0.5139126015633663 4.621488804342851 
0.6061848764501009 2.547851762241287 
0.5225963171255594 4.39557081175389 
0.4946924071194979 5.161465416639611 
0.43196750788563876 7.204968329967072 
0.4813383677297011 5.560145551695831 
0.6566111849214636 1.6617394620467387 
0.5276157046006182 4.268567428234369 
0.3962731124593887 8.664764203108183 
0.6421039114230043 1.9035959052401943 
0.5764987946120549 3.1428928107362517 
0.4974259113331117 5.07266266193748 
0.45467968823944266 6.396801879040113 
0.591238822764115 2.842340273031054 
0.508324041918395 4.772635079077732 
0.5022063430826892 4.9388657288376185 
0.4177543646535351 7.756719830990544 
0.6311119746871265 2.0918391655805966 
0.3943805205426977 8.74990111702122 
0.5334538150188055 4.123572509424029 
0.5631896783936066 3.429759521101131 
0.6061848764501009 2.547851762241287 
0.5631896783936066 3.429759521101131 
0.5276157046006182 4.268567428234369 
0.597974082284897 2.706335820746467 
0.5465339343788956 3.8097621751313606 
0.5542392348797686 3.6318159299604535 
0.5432522031921346 3.8856232295724813 
0.580102669756443 3.067042420043108 
0.5873967886402692 2.9248739428739525 
0.6104649740018088 2.466946411092064 
0.6104649740018088 2.466946411092064 
0.47252622408225714 5.814388027246317 
0.6251234772856511 2.1989740589988327 
0.5033618667124387 4.906684012547103 
0.591238822764115 2.842340273031054 
0.48782317110245405 5.352173991464142 
0.42273611914191117 7.559561278470646 
0.43562187345880576 7.069500647415155 
0.6421039114230043 1.9035959052401943 
0.45467968823944266 6.396801879040113 
0.40159683413065034 8.432159373374297 
0.6181457040306839 2.3251001124735806 
0.6598592044911781 1.6107667198765678 
0.6311119746871265 2.0918391655805966 
0.580102669756443 3.067042420043108 
0.4108338995518147 8.038975909285682 
0.6251234772856511 2.1989740589988327 
0.47252622408225714 5.814388027246317 
0.4669502970661339 5.992534587977382 
0.47252622408225714 5.814388027246317 
0.5715236972535069 3.248226149316378 
0.5503256666479259 3.720751475809207 
0.5361406680648141 4.056676504588003 
0.6441751897442587 1.8666610149118805 
