0.4284746346103435 2.1438797452992175 
0.597974082284897 0.6183186787656122 
0.4586494933333752 1.8722847498046102 
0.4813383677297011 1.6763113841928297 
0.4083362980216598 2.325132275762641 
0.6666826773909392 3.761706759678317E-12 
0.722214923968159 2.995291894312091E-11 
0.5432522031921346 1.1108733802397877 
0.5361406680648141 1.1749492512926467 
0.40159683413065034 2.3863285092322064 
0.4177543646535351 2.240403564790931 
0.5542392348797686 1.012894882245437 
0.438854959173579 2.066473124412621 
0.4108338995518147 2.302683821214932 
0.4284746346103435 2.1438797452992175 
0.48782317110245405 1.6109144888081168 
0.5715236972535069 0.8564382183728184 
0.6441751897442587 0.20245671346907113 
0.3912978501301338 2.4898081199389126 
0.4467667781037859 1.980406659962826 
0.40159683413065034 2.3863285092322064 
0.48559968417822236 1.629794269922738 
0.48559968417822236 1.629794269922738 
0.5225963171255594 1.2971091178871887 
0.3912978501301338 2.4898081199389126 
0.6181457040306839 0.43725064596680385 
0.6553199131253241 0.10470613572691642 
0.5139126015633663 1.3750413345358055 
0.4371428640291729 2.066473124412621 
0.44336927677923343 2.0140236032046124 
0.4650686381102852 1.815262264629679 
0.4284746346103435 2.1438797452992175 
0.4974259113331117 1.5232738474996996 
0.5631896783936066 0.9316051616563562 
0.5139126015633663 1.3750413345358055 
0.4177543646535351 2.240403564790931 
0.4650686381102852 1.815262264629679 
0.5542392348797686 1.012894882245437 
0.5139126015633663 1.3750413345358055 
0.6061848764501009 0.5444692057074063 
0.5225963171255594 1.2971091178871887 
0.4946924071194979 1.5533377512214912 
0.43196750788563876 2.112312213890829 
0.4813383677297011 1.6763113841928297 
0.6566111849214636 0.09111671720526471 
0.5276157046006182 1.2521632112831258 
0.3962731124593887 2.433613079492374 
0.6421039114230043 0.22230637652354332 
0.5764987946120549 0.8118739169843423 
0.4974259113331117 1.5232738474996996 
0.45467968823944266 1.9084958840914394 
0.591238822764115 0.6805019169219134 
0.508324041918395 1.4260451539983112 
0.5022063430826892 1.4803296966559607 
0.4177543646535351 2.240403564790931 
0.6311119746871265 0.32018474651744144 
0.3943805205426977 2.450790557227961 
0.5334538150188055 1.1997354866589176 
0.5631896783936066 0.9316051616563562 
0.6061848764501009 0.5444692057074063 
0.5631896783936066 0.9316051616563562 
0.5276157046006182 1.2521632112831258 
0.597974082284897 0.6183186787656122 
0.5465339343788956 1.0821643106224417 
0.5542392348797686 1.012894882245437 
0.5432522031921346 1.1108733802397877 
0.580102669756443 0.779199496123269 
0.5873967886402692 0.7180615612217621 
0.6104649740018088 0.5059843767111724 
0.6104649740018088 0.5059843767111724 
0.47252622408225714 1.7474508198637864 
0.6251234772856511 0.37463031022229276 
0.5033618667124387 1.4698376239237887 
0.591238822764115 0.6805019169219134 
0.48782317110245405 1.6109144888081168 
0.42273611914191117 2.1956995972761453 
0.43562187345880576 2.07962911644523 
0.6421039114230043 0.22230637652354332 
0.45467968823944266 1.9084958840914394 
0.40159683413065034 2.3863285092322064 
0.6181457040306839 0.43725064596680385 
0.6598592044911781 0.0628792463986162 
0.6311119746871265 0.32018474651744144 
0.580102669756443 0.779199496123269 
0.4108338995518147 2.302683821214932 
0.6251234772856511 0.37463031022229276 
0.47252622408225714 1.7474508198637864 
0.4669502970661339 1.7982158060351208 
0.47252622408225714 1.7474508198637864 
0.5715236972535069 0.8564382183728184 
0.5503256666479259 1.047625036355956 
0.5361406680648141 1.1749492512926467 
0.6441751897442587 0.20245671346907113 
