-18.378979050120876 -2.2744473986532125 
-14.835161180061627 -10.808932941129449 
-16.089313708124504 -7.4538571858095946 
-15.100222223646393 -9.78065693690952 
-18.281810699454102 -2.7505438000856053 
-14.811690804219001 -10.91253518836641 
-17.04327668194197 -3.880011144819598 
-15.130761468974939 -9.650209992799537 
-18.234449872657542 -2.9674927536614253 
-16.97490706052951 -3.9671087563770002 
-18.61388022075886 -1.2110299909874644 
-15.556621498591738 -7.991745542278591 
-16.86912626891648 -4.251339485655963 
-18.6417425852446 -1.1009851740013348 
-18.469370101890643 -1.8406540579454007 
-16.20119623350425 -7.076233420818776 
-16.937961363210043 -4.048462536010432 
-16.82053393218672 -4.397258834090944 
-15.390023504689832 -8.566135987351062 
-16.75415900290288 -4.612300931125428 
-16.66494163733771 -5.019688972334903 
-16.715371966414473 -4.761877814803487 
-18.220250184836907 -3.0471281012558245 
-17.940929373551093 -3.871784350205808 
-18.151707187514155 -3.3495495741126966 
-16.460155054181392 -6.017607259539098 
-16.29476703285092 -6.713108520244507 
-18.494588203311835 -1.7243361564674655 
-16.26587025818687 -6.801799738481453 
-14.686660282161595 -11.278256818036393 
-18.01756732017842 -3.7742546996126096 
-16.34682801281972 -6.520338437886604 
-19.027096290425412 -0.07700038900765872 
-15.475695535696843 -8.231138572862132 
-16.611325482877735 -5.272120693162934 
-14.449201051145636 -11.62566307364274 
-16.23368862630722 -6.921327691125933 
-16.63657851589756 -5.152460485305802 
-16.91327750780333 -4.137158775534114 
-16.37929652557136 -6.374555253255934 
-15.981802109652833 -7.667765759360266 
-18.335144465939436 -2.493304879953897 
-15.306311077951442 -8.923907005565477 
-18.252571516376527 -2.8835201527573173 
-14.97504897503358 -10.313008351981091 
-18.07320396715484 -3.639708151178143 
-14.939981100088685 -10.428636111720177 
-15.524796907845058 -8.097894468950464 
-16.590583719615886 -5.385582032886659 
-18.674883713507914 -0.9849407954412839 
-15.250133017682188 -9.160746635122262 
-15.037143204733026 -10.059672840106176 
-19.99468773783225 0.01059944585424492 
-15.166286194876935 -9.516189102171358 
-16.037041106115197 -7.573342162165931 
-15.214058084811617 -9.273464337474127 
-16.327854308257727 -6.6160806211855885 
-18.854287663369917 -0.4317400964121486 
-18.438957020243347 -1.9767326798228215 
-16.179444319390953 -7.183845543508144 
-16.514123972154067 -5.76195843320801 
-18.910025884160213 -0.304165091150202 
-18.566629214336377 -1.3987296079165943 
-18.31067438448155 -2.5976876706714784 
-15.18143523207306 -9.39528182253801 
-18.714807269911176 -0.8489346471800852 
-15.063549094711645 -9.9118367753996 
-18.354412991904738 -2.3842799022422123 
-16.43352321281092 -6.142982277243329 
-16.410704115014717 -6.248480288707821 
-15.423130402401203 -8.46070098788373 
-14.91024401731362 -10.54593106121775 
-16.563593625771766 -5.511455586744061 
-15.33681630095175 -8.802174678625141 
-18.51775504467812 -1.6170060216372117 
-14.872745305463594 -10.683751559760516 
-15.361156854897345 -8.677210513521743 
-16.14191219830391 -7.309380890539037 
-18.757131621368238 -0.6997255346810158 
-14.745491175905354 -11.051395467172592 
-15.00572902787433 -10.176840738849856 
-16.48591314470579 -5.889027574096255 
-18.969563979300688 -0.17895264025402755 
-18.114497917975417 -3.4969341237504676 
-18.591706109173565 -1.3024163816576606 
-16.538631461878765 -5.639545452494612 
-16.683680194502358 -4.915951077327881 
-15.887388459234732 -7.748704346046356 
-18.542120992823328 -1.5030776198002649 
-19.08389660992691 0.008632522737033839 
-15.451118044947162 -8.34922601417621 
-14.730111085903154 -11.167999769318795 
-15.640088127763244 -7.75549424518028 
-15.595617076225622 -7.879718323680547 
-15.272543162405494 -9.05430188842509 
-18.409505740570665 -2.1108009634574465 
-14.628524603338178 -11.410386167611765 
-14.550129095388264 -11.517141599274323 
-18.185476826793643 -3.2049043420950674 
-18.810298326359398 -0.5528887204691065 
