-4.533329647318458E-4 -1.546481839932332E-4 -0.8837234837223304 
-1.1032883902884794 -1.0277495274490824 -1.0643217009160884 
-1.0773550736262982 -5.653305534328691E-4 -1.0984365216862761 
-1.0718977389109245 -0.8926766551057987 -1.098293781027944 
-6.773186157483821E-4 -1.5702320996105622E-4 -0.9417779119793158 
-1.0847206248357872 -1.0295605467199038 -1.1013428394811355 
-1.1088574981033859 -2.2624914862710648E-4 -0.5088942083171126 
-1.097752302846238 -0.8778582551077876 -1.0705479791486963 
-5.668524180267426E-4 -0.0014257830960074326 -0.9694289499847948 
-1.1033302528977056 0.015477723844906366 -0.5515160425517425 
-0.7447556972859042 0.0010121056317088826 -4.6898672953255005E-4 
-1.0739620356023754 -0.6528416800487403 -1.0725796741231388 
-1.0730455695489287 -5.462757613969931E-4 -0.6388491244209322 
-0.7282241724768523 -1.9131629605711296E-4 -0.0014396233608958689 
-5.668509321569694E-4 -1.1161245818289069E-4 -0.8299627086399796 
-1.0849742160958529 -6.095967793213803E-4 -1.0216975508835098 
-0.6158779689167084 -3.282461080312256E-4 -1.0555329660593222 
-0.6688132679847834 -6.681849319432183E-4 -1.070573328040186 
-1.0391804259742186 -0.7807641657345833 -1.0647630181833039 
-0.9800847862364294 -6.626207469788629E-4 -0.792530905802265 
-0.8556748315011911 -6.464543127469855E-4 -0.9692199584369283 
-0.7284189482940182 -6.279026132614372E-4 -1.071499663623174 
-5.457358718932146E-4 -2.781387774258734E-4 -0.9791771595499168 
-5.729358393930083E-4 -2.7212561229874666E-4 -1.1519752128517382 
-5.397255995322086E-4 -5.551199314128952E-4 -1.0208387967777028 
-0.9628792366199852 -4.0963103887608067E-4 -0.9850417327593807 
-1.062309261404863 0.0013265995163286794 -0.9868562554023087 
-4.8073058814257003E-4 -3.2174030656347116E-4 -0.815098115859205 
-1.0802986942331876 0.0013313698271819158 -0.9867690706281775 
-1.100988553600906 -1.0772464982795635 -1.1111182813218503 
-5.696078550416841E-4 0.002211256413653717 -1.1019014123009137 
-1.0317259418923361 0.0012188729072919189 -0.9853640585781703 
-5.729358393930083E-4 -2.7212561229874666E-4 -0.5110690832315496 
-1.1173516674444663 -0.6688480540382405 -1.0707145692337314 
-0.8702966613220555 0.00132622203622422 -0.9868562554023087 
-1.1473645011286855 -1.149379995173251 -1.151385754837766 
-1.0608698337570088 -0.03000149030744531 -1.0247685241392166 
-0.9776340637912156 -0.001421103994226862 -0.8642908275748731 
-1.097418475657721 -5.505034552129109E-4 -0.5916965002573888 
-1.0282011856198183 -4.2202194148677674E-4 -0.9691146279812631 
-1.1321120885803446 -0.0010856238043238653 -1.1107253973911735 
-2.2210739010905815E-4 -1.6763839843457495E-4 -0.9101873757452712 
-1.0805804514011892 -0.7934106007691639 -1.0725216590162259 
-5.375792201359748E-4 0.0012029066483730938 -0.9587043717040961 
-1.0900520446005153 -0.9565116823181792 -1.080772332531291 
-5.397255995322086E-4 -5.417486809022432E-4 -1.0692261313657825 
-1.0901034278914614 -0.9565116823181792 -1.1118506300302433 
-1.0742681135833458 -0.6720891920656651 -1.0725796741231388 
-0.9473844281079745 9.220027570022639E-4 -0.9216177075982958 
-5.671212243766846E-4 -5.978546795865887E-4 -0.7098158517884096 
-1.066714467788462 -0.8342532996188667 -1.0705716808703607 
-1.0707191572488437 -0.9416047698888378 -1.0712272796129199 
-2.3542431442835632E-4 -6.437558900312172E-4 -0.0018630259516118502 
-1.0658865828338118 -0.878844450970779 -1.070571210571073 
-1.1090933937320424 0.0027625024750898564 -1.0992161508146079 
-1.0265634866503297 -0.8778582551077876 -1.0705479791486963 
-1.0167365179853167 -6.150761679454502E-4 -1.0118620060942765 
0.0010597069977428789 -5.73053709595927E-4 -0.6070558109335957 
0.001069451152767363 -1.6574851249900129E-4 -0.847349717392401 
-1.0493874816150854 7.678906828753052E-4 -1.0705413982642433 
-0.9514558631301464 -1.5916966290153192E-4 -0.963714228712908 
-5.364501081227082E-4 -2.703397367125757E-4 -0.576365550064122 
-5.649780630727746E-4 0.0013272937912207432 -0.7718692922025332 
-4.8113254462984426E-4 0.0013525935633972338 -0.9234937878015507 
-1.1153873738670537 -0.8361125377784802 -1.0759931466956254 
-5.72157975053343E-4 -2.6803359572892256E-4 -0.6870826859290239 
-1.1033302528977056 -0.8926766551057987 -1.098293781027944 
0.001069451152767363 -5.743434748287828E-4 -0.8975231364821258 
-0.9799268476456144 -6.879595938152855E-4 -0.9841628346703452 
-0.9926661834595091 -6.171538608469617E-4 -0.9853207461222853 
-1.0860227220688607 -0.7197170201735767 -1.0775266817837759 
-1.1114468791529297 -0.9814288137387022 -1.0729948791275075 
-0.9799268476456144 -6.879595938152855E-4 -0.9056002862682601 
-1.0716885444187607 -0.7826280233600963 -1.0725423760410022 
-4.8113427466551476E-4 -6.679456193746719E-4 -0.8011948509773088 
-1.1114632810437268 -0.9817806324848103 -1.10618788208186 
-1.035405499437445 -0.7973629038808316 -1.0670827101359515 
-1.0719036129684114 7.678906828753052E-4 -1.0712272796129199 
-0.6615010525650662 -6.681849319432183E-4 0.00169716767247996 
-1.1511246483821322 -1.0276807155154664 -1.0993664939123238 
-1.058600111413121 -0.9635808201020485 -1.0721592409796452 
-0.9454875514002096 0.0013265995163286794 -0.9868562554023087 
-5.670339443463734E-4 -4.088531205927315E-4 -0.5429607238985144 
-5.457358718932146E-4 -5.600793717746248E-4 -1.0437001406134683 
-5.457358718932146E-4 -6.691537100898962E-4 -0.7579336838034497 
-0.9343778722003131 -6.952501229934055E-4 -0.9660049173516463 
-0.774659221307872 -2.672201598869214E-4 -1.0419244664462275 
-1.1525982691872287 -5.325226104234571E-4 -1.1494685514478882 
-4.8113254462984426E-4 0.0013481103447073174 -0.7862024560264277 
-5.591718642111798E-4 -2.6738208977467417E-4 -0.4797269471625244 
-1.097418475657721 -0.6918157576744861 -1.0807831293008772 
-1.1166335633717626 -1.048631174885685 -1.1093928031995306 
-1.112949434255683 -0.5295946682683612 -1.1061830515038775 
-1.1010091140568663 -0.5814741532514242 -1.097814873360265 
-1.0918550900934392 -0.8050344072827922 -1.0714980266659926 
-5.696078550416841E-4 -0.001421103994226862 -0.8642908275748731 
-1.1243495734103865 -1.095265219815764 -1.1079813361810018 
-1.1245575419193208 -1.1320386438295016 -1.1103263746189895 
-6.773186157483821E-4 -2.427329904570708E-4 -1.0002392540358906 
-4.8584970259177773E-4 -6.610246970491726E-4 -0.6323876278393071 
