0.011117026320821677 4.837131249751868 
0.8361626622930255 2.5220170387347056 
0.6583474242235464 2.5297337590871343 
0.6473680297691217 2.7551401265859092 
0.24445354562554467 3.9146120883686795 
0.4302165290747787 3.4696693793469757 
0.17448277621565556 4.367103451036654 
0.18376730358356597 4.13569413110245 
6.815439159255643E-4 5.347721111083032 
0.4575145017808936 2.9797803842698394 
0.25276476448666885 3.853809146240053 
0.4083929197966528 3.553689378987226 
0.8680467931013186 2.3551758646569736 
0.13753343754682668 4.620742102765099 
0.24319362250671073 3.9666927665006635 
0.04249881141399703 4.653653369951949 
0.8684859182672112 2.195067965967706 
0.46752276595027786 2.82885548744499 
