0.011117026320821677 0.749102290430564 0.1762297888527805 0.4961972601550646 0.18975646296835247 0.05529375846050644 0.23587830887434547 0.5052272474176187 0.09281607806036662 0.5625058899639719 0.714648018642915 0.6858841609785871 0.24027684965328833 0.7161999302115439 0.04970334651708297 0.965323915550504 0.6089206609838866 0.030025516906267313 0.47992398582096907 0.4119109393037048 0.6023843626137315 0.5481688235598671 0.09315063748578534 0.7671754738434924 0.777858485044495 0.45218015535298695 0.3872043423175151 0.8168052985783338 0.6057259681341838 0.12550047697119204 
0.8361626622930255 0.6167142646058825 0.5228904602802964 0.32808809221263324 0.8889334575299748 0.3502112959107433 0.2887901174482308 0.4734562423781953 0.6153757422437559 0.049814231859818925 0.506814115423751 0.7157941824097367 0.3943874051771664 0.6594349361051869 0.9177188659762829 0.35511748619267414 0.1368935293893201 0.6306910742515628 0.04483845591089264 0.7034824307801216 0.3156866772823469 0.7648014818131055 0.5723641829142905 0.06006951154110762 0.6416462006654834 0.2914465711915415 0.1979833043090199 0.9740758908839996 0.47266157601479664 0.7089656868986891 
0.6583474242235464 0.38643280977756933 0.5039444995935339 0.7146620956009989 0.7895063643730758 0.2088692341769458 0.6618272900084462 0.3714302821431398 0.003526456371126696 0.9037542679409312 0.3310109951791369 0.19287809204742223 0.3253694906108474 0.9609565468444498 0.25505347972117887 0.2936483390106176 0.6553582234618858 0.2843049424615408 0.3882323346596084 0.3608747177931273 0.420914970064187 0.7230982494678261 0.6600506573037229 0.16275770964909975 0.47971445042724015 0.4552887668015462 0.23279876072198957 0.010803420415644305 0.5755833584953429 0.49704559905745704 
0.6473680297691217 0.9912379090729624 0.9014000771360345 0.11377582271164621 0.13036329437245076 0.028814287480871337 0.12546264576150024 0.6847193348320885 0.10434320269790276 0.15525952172027213 0.10846878674564076 0.9025510134851406 0.904153957518986 0.7776339306098513 0.48636697116680905 0.858357261504852 0.6248761089500494 0.6951808896689495 0.34551623309350044 0.36870452251037433 0.0035458847438087915 0.10257602838409452 0.24334459703436995 0.7004420961493484 0.7656780388602897 0.18017674353600222 0.9229005906402952 0.4605984068657488 0.4173536902837003 0.5665956341443912 
0.24445354562554467 0.185379807676623 0.6842404069410841 0.2740304361503435 0.5756094294806852 0.02677558054442164 0.4200375974826722 0.6699420051013754 0.6070679849008308 0.764185225145804 0.4856832000116844 0.15787801516071598 0.9397106206140586 0.14822801854790613 0.16277948889132487 0.783397966348088 0.24793302002300022 0.4398692948005719 0.626324850226926 0.5660497056406255 0.6319481404555515 0.9694396065966955 0.34413143145222935 0.7478045289026551 0.07502985390081629 0.7982725695456759 0.3306122161285143 0.48146630721196637 0.25100516045427135 0.4376547829551505 
0.4302165290747787 0.12135203825822882 0.8675700269732272 0.09663316912499065 0.24628856785462372 0.5683346822758721 0.7822580553298936 0.8566463338704979 0.21727763059233762 0.7106331579433499 0.02341261682569662 0.8135179360832832 0.8387603924722582 0.16122232410261683 0.017880459221955358 0.037423261795708984 0.7065338008402254 0.9588277031979162 0.6342164067558846 0.8723850666191566 0.8276902500487351 0.5552887258260794 0.5552798876593488 0.28409476267278233 0.05718335079759951 0.6574211581686257 0.09575969037080456 0.5040907485580025 0.7711371842252175 0.12706367251241024 
0.17448277621565556 0.7712563884951119 0.1572445179783004 0.38991722508285465 0.9708467212675029 0.01792698874653409 0.8344047999141149 0.8975473439325156 0.26160084226027736 0.5200132728480189 0.6232985596076982 0.41595837250482304 0.07919923288747632 0.20437600314980076 0.8313112472080789 0.4343595905191643 0.8376098164895255 0.029594641977740976 0.5665779389164264 0.5518311435857853 0.5927277422326308 0.1216038908686532 0.07734340919748506 0.47772193131547236 0.25573375285912314 0.3500956497631169 0.7103255089949267 0.706715944042136 0.2754418465871208 0.550407693529338 
0.18376730358356597 0.8414883418259332 0.0033505203987398424 0.049898652998704995 0.10744356061858196 0.5749117657509034 0.5552047780113883 0.11496757845991334 0.5108868652653997 0.5362809139874471 0.38760139872849697 0.9276463305151275 0.7564042475206256 0.2657323696851831 0.12094578958910351 0.5392483171693426 0.5297636954333872 0.3149450138730371 0.4000494809195482 0.12719783150427455 0.5988920645717464 0.878110937888026 0.07129909369099341 0.16679435189018077 0.6493761305444777 0.01127441125531381 0.6134515165483653 0.7301480081284738 0.5311330547232864 0.9906508444318332 
6.815439159255643E-4 0.27431572842279583 0.11645489735251213 0.32954289199852227 0.9324348634232033 0.45943141990630554 0.7872140280727291 0.4820072277447096 0.22288009294834032 0.6466180679116172 0.6084945924697318 0.6830057446549337 0.10700950750132954 0.49267370503536834 0.4341651030129713 0.17753842636920725 0.34293501459930853 0.9826067138768092 0.9635163654735671 0.590743378487666 0.11596434017924773 0.03695704647293685 0.07919754230990905 0.773467500375597 0.6522263121642411 0.5830947426440193 0.528209927057591 0.5245059720815953 0.39157983597376456 0.8862111058491534 
0.4575145017808936 0.3467918037335278 0.09157530530326763 0.027009530303554463 0.584803077583744 0.09227166114853769 0.2752913962996496 0.4340557661053649 0.9958988679620483 0.2271205603561811 0.8094943144113923 0.2721798655858245 0.476327571483402 0.4701470732223876 0.0823582609173803 0.25932655868113186 0.7902405568277627 0.7889281073080078 0.8821342810947588 0.4724377432850533 0.12983614150300504 0.6857637732788603 0.11222985604701752 0.8307312876210353 0.543167042135032 0.927523924689268 0.024879592049244503 0.3025333616949678 0.3476317858394593 0.36715975875776785 
0.25276476448666885 0.0822489240097739 0.0776870002739729 0.6744261025846353 0.6158157078425909 0.7560258668683009 0.9852489492948882 0.009239836237726617 0.6521576940169929 0.3345993682552125 0.541774302138889 0.5586276490674428 0.1574318936197857 0.9142225926902785 0.9041595761403819 0.5088895870367243 0.08780977883102081 0.4564428135449614 0.1336040019934831 0.8077133459420323 0.352801794301413 0.07452410944975285 0.17365458732482453 0.9055700336271577 0.25915786728641066 0.9657025376295708 0.14929422471231912 0.7450714049708008 0.18318457021574863 0.6548000122008083 
0.4083929197966528 0.45249217539344755 0.7308467141533297 0.497681956660314 0.7497508609949767 0.4619311928203609 0.2404428520868449 0.7088092363969167 0.7530071202275116 0.5056699881194128 0.9689597352421818 0.34131220675529816 0.689743499481505 0.8371969919071156 0.42579540152438233 0.02969942742028653 0.654477401010998 0.08941329521958696 0.019679898374995952 0.583102761698395 0.6552197238712091 0.08156545801882231 0.2024198198745164 0.2574962504302454 0.23704006692638657 0.5607946201818066 0.9688024339252684 0.08593054277254886 0.2611692946376801 0.17311976468099777 
0.8680467931013186 0.8037405406167675 0.4156409917442504 0.8679576763527167 0.45071123438861416 0.40695295676557686 0.0797920496258252 0.7796179547689794 0.12145302849258377 0.34874219790631344 0.02943674836925203 0.0954507084146673 0.860757740813583 0.31529663016370757 0.8454409347582084 0.8424048621549499 0.2616809358835811 0.5791166714811842 0.6786833487296081 0.41379734200590734 0.4081439580685612 0.4023366523142984 0.8076449856602345 0.2790245087596699 0.5403461266953342 0.6487516347766801 0.3152057224090793 0.6297242803075973 0.2990396266063625 0.054978236054784024 
0.13753343754682668 0.45367949738234836 0.41414233771248954 0.7396645373246686 0.10958727091441134 0.627873892488271 0.5743561863209062 0.4091047892027695 0.29513807019903826 0.23902182142154316 0.7052713771802612 0.6570756834607789 0.09520332500909945 0.4354777995102861 0.5971041906382609 0.7549166716371412 0.8679397774729384 0.6411304906690846 0.20892771784824948 0.474790820374159 0.05773114409694824 0.5080518272377064 0.7134423964766319 0.44043376055082817 0.1042121905000688 0.7851211502903159 0.19449392590257852 0.8463584618644852 0.8912662321425783 0.18009797244837322 
0.24319362250671073 0.24600834935131222 0.09811704623256978 0.6667546146115008 0.6568984108153251 0.6905489612222532 0.702640427635396 0.43370343398960465 0.5983428138572809 0.5616789080470371 0.48719228339119103 0.6045532132627836 0.2641210745134336 0.9718891177690568 0.7031075485272306 0.9789351971382041 0.4021330293536537 0.5852478549223273 0.42361548727974185 0.29816912020996766 0.19718803933831663 0.3629047017023005 0.05061174589533968 0.9369043499416625 0.03633918256701363 0.6749657479294516 0.2604356930206405 0.08546023994508167 0.9355845495299735 0.08457897860563635 
0.04249881141399703 0.6458041839546222 0.5347052518624855 0.31646166698361633 0.24449285225056494 0.3026388680092307 0.6245443943143044 0.5238924479185433 0.2458783283318654 0.6224061790913872 0.04884110444264533 0.7390763081640336 0.9358943762433867 0.03738166162746892 0.6735734153910957 0.9498988868420795 0.10370858302888808 0.44714004052706846 0.45353255059798403 0.5436408283810493 0.6544616862470154 0.018805738648412285 0.8223004621676664 0.2043692649678237 0.46845946005768746 0.717905609294731 0.04955992173145052 0.3974105865342421 0.7063936003051907 0.38228942261390286 
0.8684859182672112 0.6497055280779224 0.15631315078667385 0.5334854501415731 0.2502860111586217 0.34051530966650856 0.06034512165794492 0.51703419188564 0.6871965676026126 0.8497166536199161 0.05654653237209084 0.8523591672813142 0.13132976690408826 0.8747769381029044 0.41836818470397874 0.1675079728462613 0.7362943846258929 0.11232770517942481 0.4770529406997355 0.8465943675558925 0.06913189357490568 0.2160764610584056 0.5060595998123653 0.607518442212895 0.1639165922284097 0.4013867639781227 0.6181797914291098 0.020791773564367566 0.8848415303491581 0.7036435420912309 
0.46752276595027786 0.23902428416145316 0.1869903522380083 0.23984852392527545 0.032374196577723224 0.9461959260027094 0.26723123159343676 7.72316482537394E-4 0.10197928503785014 0.8188688749422218 0.36388784859627044 0.9348343454773724 0.11772793254601877 0.4756084161380033 0.5997319967032393 0.020017040484631043 0.34523816598978574 0.4784876353288785 0.5900197553798293 0.2531314503097287 0.9596362545921773 0.29649259512667836 0.49669045840159454 0.30724821445073003 0.6294616341057581 0.46271517583991406 0.9164646268613984 0.5011112535638499 0.3040900851559123 0.0732840780730718 
