0.06785627413152345 0.959682939504151 
0.07198758528578765 0.796676579940119 
0.07182678793121312 0.8257522632667441 
0.07198200679418573 0.8073320398184981 
2.188774791864463 0.4167778217012507 
0.06775861445264988 0.9791685603300053 
2.18859926438949 0.5402535148701113 
2.188774791864463 0.4167778217012507 
2.2079250804803747 0.33958848708129236 
2.2079250804803747 0.33958848708129236 
2.2079250804803747 0.33958848708129236 
0.06807006564675035 0.92770950003474 
0.07182678793121312 0.8257522632667441 
0.07198517267003082 0.8048009232500047 
2.188774791864463 0.4167778217012507 
2.2079250804803747 0.33958848708129236 
0.07182678793121312 0.8257522632667441 
2.188774791864463 0.4167778217012507 
2.2078919596155977 0.3480020148747276 
0.06798243091224597 0.9297879647761358 
2.207890695411812 0.38102780171643025 
2.188610181991628 0.5385449244783546 
0.06878562582018818 0.8636439251224676 
0.06798243091224597 0.9297879647761358 
0.07198200679418573 0.8073320398184981 
2.188774791864463 0.4167778217012507 
2.18859926438949 0.5402535148701113 
0.07198629819269135 0.8019563492477669 
0.07182678793121312 0.8257522632667441 
2.1885625675706044 0.5625548360677655 
2.207890695411812 0.38102780171643025 
0.0719054237906202 0.8092493855476457 
2.188774791864463 0.4167778217012507 
0.07183347950148669 0.8183970380042389 
-3.141592653589793 1.0220539198865934 
2.18859926438949 0.5402535148701113 
2.188774791864463 0.4167778217012507 
2.18859926438949 0.5402535148701113 
0.07201069967208608 0.7879355124914532 
2.2077076293157845 0.41129746731019123 
0.06784420173059763 0.9773155230773904 
2.2079250804803747 0.33958848708129236 
2.20770498346675 0.4140974721134242 
0.07182678793121312 0.8257522632667441 
0.07182678793121312 0.8257522632667441 
0.07198517267003082 0.8048009232500047 
0.07201069967208608 0.7879355124914532 
0.07202588758889454 0.7845359724419254 
2.2079250804803747 0.33958848708129236 
2.1885625675706044 0.5625548360677655 
