0.06785627413152345 4.989692832856205 0.3405161030658151 
0.07198758528578765 4.987022831909007 0.3596047503401023 
0.07182678793121312 4.987023544977937 0.3589073651484696 
0.07198200679418573 4.987033089167912 0.35967470001054536 
2.188774791864463 -2.896392234722513 4.075418670756146 
0.06775861445264988 4.987027103578315 0.3405161030658151 
2.18859926438949 -2.9006050664974237 4.074871327872644 
2.188774791864463 -2.896392234722513 4.075418670756146 
2.2079250804803747 -2.9744411185837594 4.019120261629741 
2.2079250804803747 -2.9744411185837594 4.019120261629741 
2.2079250804803747 -2.9744411185837594 4.019120261629741 
0.06807006564675035 4.987022937304022 0.3405414740806024 
0.07182678793121312 4.987023544977937 0.3589073651484696 
0.07198517267003082 4.987033152653508 0.3596804974325034 
2.188774791864463 -2.896392234722513 4.075418670756146 
2.2079250804803747 -2.9744411185837594 4.019120261629741 
0.07182678793121312 4.987023544977937 0.3589073651484696 
2.188774791864463 -2.896392234722513 4.075418670756146 
2.2078919596155977 -2.974435189894234 4.019120813129172 
0.06798243091224597 4.987597285766043 0.3405318576986854 
2.207890695411812 -2.974020528037353 4.019075764710839 
2.188610181991628 -2.9006050664974237 4.074871327872644 
0.06878562582018818 4.98815403766232 0.3427526411834728 
0.06798243091224597 4.987597285766043 0.3405318576986854 
0.07198200679418573 4.987033089167912 0.35967470001054536 
2.188774791864463 -2.896392234722513 4.075418670756146 
2.18859926438949 -2.9006050664974237 4.074871327872644 
0.07198629819269135 4.987033461632516 0.35967471714774624 
0.07182678793121312 4.987023544977937 0.3589073651484696 
2.1885625675706044 -2.9008662919796913 4.074403283502705 
2.207890695411812 -2.974020528037353 4.019075764710839 
0.0719054237906202 4.987022910379164 0.35918333657240403 
2.188774791864463 -2.896392234722513 4.075418670756146 
0.07183347950148669 4.987023544977937 0.3589073651484696 
-3.141592653589793 -4.999999999904593 1.007346753822787E-5 
2.18859926438949 -2.9006050664974237 4.074871327872644 
2.188774791864463 -2.896392234722513 4.075418670756146 
2.18859926438949 -2.9006050664974237 4.074871327872644 
0.07201069967208608 4.987023603347687 0.3597298325048189 
2.2077076293157845 -2.9740005885728515 4.019455961577854 
0.06784420173059763 4.987026820511855 0.34089125900385775 
2.2079250804803747 -2.9744411185837594 4.019120261629741 
2.20770498346675 -2.9740093115296626 4.019444650754903 
0.07182678793121312 4.987023544977937 0.3589073651484696 
0.07182678793121312 4.987023544977937 0.3589073651484696 
0.07198517267003082 4.987033152653508 0.3596804974325034 
0.07201069967208608 4.987023603347687 0.3597298325048189 
0.07202588758889454 4.987032792887165 0.3598478180538877 
2.2079250804803747 -2.9744411185837594 4.019120261629741 
2.1885625675706044 -2.9008662919796913 4.074403283502705 
