0.2445232630647618 0.2647108300836517 
0.8454482777350141 -0.7562198308285538 
0.43925756711338926 -0.07715122283653841 
0.8496315841690667 -0.7712517645251717 
0.8460048320564973 -0.7590624645999626 
0.06218310553433615 0.6930688163397025 
0.03719078399099935 0.77306134640601 
0.03179177396138372 0.7951065977879422 
0.08064701255931571 0.6700488741140099 
0.25515507453188774 0.24317669919385404 
0.643429776866952 -0.431826276760381 
0.4314296406507717 -0.016791127073631944 
0.8388520789214147 -0.7037390006462471 
0.6507466193266817 -0.457190538361626 
0.007845824175918087 0.909640798413144 
0.05540708025341562 0.7101467883183951 
0.07471861691696688 0.6734587542228492 
0.07841142244482524 0.670879240234688 
0.07729974861208211 0.6715004245109975 
0.850572250108904 -0.772615789455363 
0.004832003342061841 0.9299095526030301 
0.8400780778829897 -0.7160554347081144 
0.001963739554739219 0.9556963686627287 
0.04650828059145995 0.7382325560868871 
0.06779993136167782 0.6822634278107137 
0.4503465393506483 -0.12131265230423707 
0.23305860775316312 0.31654179941855043 
0.6390049768312398 -0.40055876653623945 
0.2570143832010059 0.24232411820113617 
0.010955189624360678 0.8917850784096186 
0.23735847240991637 0.2940411560327467 
0.020452240922520737 0.8448702750691095 
0.22030269947843623 0.39959167076789603 
0.22916256937056378 0.33962383545767316 
0.8422755950612772 -0.735276014148573 
0.22394402979743497 0.37386553351210305 
0.22688333132038843 0.35415117968529736 
0.25184125931330276 0.24685597462993925 
0.8353853190646293 -0.6627636306287005 
0.4478757347783613 -0.1160295534043442 
0.6315902475292532 -0.3234328875788463 
0.8437330289300873 -0.7459007726022685 
0.45362639060908866 -0.12412668820607933 
0.638011754155148 -0.39195963967171116 
0.45263458185421274 -0.12377944882269244 
0.07592145134936093 0.6724610081222312 
0.05067803141220237 0.7243746126695226 
0.25465123180124727 0.24353352549859306 
0.6480997054686766 -0.4518965231195187 
0.45079506150473647 -0.12195716106330572 
0.6513491450121298 -0.45773930967788545 
0.6495372804914504 -0.4553045460681055 
0.8474681833259892 -0.7652767935039012 
0.45263458185421274 -0.12377944882269244 
0.8516441779324837 -0.7732627950395401 
0.8501316956590448 -0.7720691497610138 
0.6498030479905839 -0.4558047867176431 
0.4485631668102836 -0.11776252398804665 
0.4283389432256621 0.012727015236245651 
0.8482352095843755 -0.767846969091344 
0.4256549033910934 0.040575263280073284 
0.6455280508569768 -0.44251406685235195 
0.23952981455021133 0.2840057652292657 
0.634626795790395 -0.35856188574515013 
0.43806200710163407 -0.06933978060059617 
0.21638403554246471 0.42841010064118346 
0.6523107817438202 -0.458161430945242 
0.25342795464953444 0.24476293673159513 
0.44585447620215035 -0.10969326315766283 
0.07198101272593249 0.67631246403217 
0.01519857769427475 0.8698626320387813 
0.0711014848126633 0.6774776805637219 
0.058223698651772376 0.7025728664557381 
0.6417981100767286 -0.42166753373304294 
0.44251788965583505 -0.09545801343390532 
0.24546322580254254 0.26170643571094215 
0.06534789240301642 0.6866337727824822 
0.20740482901274965 0.4968775270125759 
0.4367476767551002 -0.06017292963228124 
0.028159323655407936 0.8105371581099029 
0.6469486967829168 -0.44820449072297897 
0.04239113941164467 0.7531010693932222 
0.4512619804997565 -0.12256621537677216 
0.21189969734584127 0.46240388316050396 
0.8509213164883885 -0.7729300993941671 
0.434396153051112 -0.042219090299867895 
0.44093749737325283 -0.08707180266909269 
0.24929584034235497 0.25155958426877817 
0.24713102215201857 0.25686921146796915 
0.242336714104469 0.27248786791060275 
0.44404440709460025 -0.10255970360653725 
0.6516986088031791 -0.4579270577793312 
