0.42241856919187054 7.5731575279139465 
0.4999604643549369 5.012244285100362 
0.4198337094520108 7.678269752351409 
0.6300226517593103 2.111026371874137 
0.5200305939705139 4.461541464463001 
0.48654941558243925 5.395104700487573 
0.4489130338061991 6.594966825533113 
0.4296898095391999 7.290885548210477 
0.532177369092398 4.154710474558737 
0.5747689703008477 3.1861793365860924 
0.4142677414879284 7.898594546799892 
0.5136417239275565 4.629826618504718 
0.40274657285697524 8.3830991368024 
0.48345328176599944 5.483037584828559 
0.7405461525908161 1.3638304435133317 
0.6612994120086103 1.5869915540942747 
0.4412154746216292 6.865278079812545 
0.6132208923617376 2.4162260545415895 
0.5246033928609124 4.344250275463392 
0.5051363905040752 4.857732448779606 
0.45325893863556077 6.451406998426559 
0.5486038282269834 3.761555295109473 
0.5366926022958207 4.042950407899808 
0.4812546793889808 5.548071141124092 
0.6458105087107141 1.841724286408337 
0.5899446664677588 2.8659743231188313 
0.49403400880912973 5.16936236336895 
0.426762615780442 7.404195982508701 
0.3963826566579492 8.663710490631265 
0.4489130338061991 6.594966825533113 
0.5979514930713081 2.7087235842086073 
0.6524457954332065 1.7306701650501048 
0.6667168982833578 1.4998869873776581 
0.6226629260238671 2.2426281582690377 
0.4412154746216292 6.865278079812545 
0.43346945329231734 7.150027930201625 
0.5141788791365414 4.614703960701831 
0.6458105087107141 1.841724286408337 
0.5033870178085633 4.906858351702977 
0.6390789056433178 1.9541431797898234 
0.41002371477564314 8.080132522708926 
0.5540428682463688 3.634840753865462 
0.4412154746216292 6.865278079812545 
0.43346945329231734 7.150027930201625 
0.6112481990766141 2.455846264710732 
0.5822982729961068 3.0238334410273495 
0.5540428682463688 3.634840753865462 
0.532177369092398 4.154710474558737 
0.6173850133064241 2.3385631635639546 
0.4495358805768149 6.573131762022824 
0.6300226517593103 2.111026371874137 
0.6390789056433178 1.9541431797898234 
0.6528299259401127 1.7251437175971849 
0.5977472965088778 2.7118594185181983 
0.5899446664677588 2.8659743231188313 
0.40130283544723194 8.445403442709338 
0.6667168982833578 1.4998869873776581 
0.5246033928609124 4.344250275463392 
0.4198337094520108 7.678269752351409 
0.4638078339974355 6.093391410841026 
0.47474966882435393 5.74853646714672 
0.39154965594905883 8.877789738133414 
0.6300226517593103 2.111026371874137 
0.532177369092398 4.154710474558737 
0.4864523127409237 5.396181640575984 
0.4142677414879284 7.898594546799892 
0.4626652046256647 6.13157443055796 
0.5445537307868002 3.8559405098114277 
0.5077192933560253 4.791585787801753 
0.5762275450781503 3.151033568514559 
0.6226629260238671 2.2426281582690377 
0.5949599912258682 2.7656458594858857 
0.4960767523935016 5.113211254557365 
0.3963826566579492 8.663710490631265 
0.5671317581497437 3.354045547062372 
0.5665105876546848 3.3712642087077884 
0.4592979158730487 6.242852646740116 
0.4638078339974355 6.093391410841026 
0.47317423636331934 5.793980808699037 
0.4079468868436907 8.162208758229287 
0.42241856919187054 7.5731575279139465 
0.5540428682463688 3.634840753865462 
0.5671317581497437 3.354045547062372 
0.5445537307868002 3.8559405098114277 
0.4814562086711049 5.539656524894478 
0.5200305939705139 4.461541464463001 
0.5486038282269834 3.761555295109473 
0.454993378071964 6.390237665964004 
0.6612994120086103 1.5869915540942747 
0.3922807079076839 8.84502727965497 
0.5366926022958207 4.042950407899808 
0.5899446664677588 2.8659743231188313 
0.5051363905040752 4.857732448779606 
0.49216106071149746 5.22394297468887 
0.5775887112704706 3.1203775039074726 
0.5762275450781503 3.151033568514559 
0.47317423636331934 5.793980808699037 
