0.42241856919187054 2.1990423672060526 
0.4999604643549369 1.5059239802391557 
0.4198337094520108 2.2235964723028645 
0.6300226517593103 0.3299944327419798 
0.5200305939705139 1.3201380577887707 
0.48654941558243925 1.6249850390282992 
0.4489130338061991 1.960566565501308 
0.4296898095391999 2.1328192225826648 
0.532177369092398 1.211042889691297 
0.5747689703008477 0.8313170164834265 
0.4142677414879284 2.2721329238316583 
0.5136417239275565 1.3780721258144528 
0.40274657285697524 2.376264447267434 
0.48345328176599944 1.6507925144316866 
0.7405461525908161 0.009979387730024186 
0.6612994120086103 0.049476581585174456 
0.4412154746216292 2.029066926393959 
0.6132208923617376 0.4816802973136741 
0.5246033928609124 1.279008433945049 
0.5051363905040752 1.4538174352110524 
0.45325893863556077 1.9241578888128512 
0.5486038282269834 1.063603634984537 
0.5366926022958207 1.169821575368698 
0.4812546793889808 1.6700351982489319 
0.6458105087107141 0.1894048983102451 
0.5899446664677588 0.6907662661574996 
0.49403400880912973 1.5538408113621993 
0.426762615780442 2.159834045246453 
0.3963826566579492 2.434144580791765 
0.4489130338061991 1.960566565501308 
0.5979514930713081 0.6196853114950018 
0.6524457954332065 0.12916847246863444 
0.6667168982833578 2.089166626594469E-15 
0.6226629260238671 0.3964014110113153 
0.4412154746216292 2.029066926393959 
0.43346945329231734 2.0993186979292977 
0.5141788791365414 1.3727833100606257 
0.6458105087107141 0.1894048983102451 
0.5033870178085633 1.4700487924728038 
0.6390789056433178 0.24885168481043354 
0.41002371477564314 2.3130459528406027 
0.5540428682463688 1.013857596890414 
0.4412154746216292 2.029066926393959 
0.43346945329231734 2.0993186979292977 
0.6112481990766141 0.5011316065134647 
0.5822982729961068 0.7607729905381005 
0.5540428682463688 1.013857596890414 
0.532177369092398 1.211042889691297 
0.6173850133064241 0.4437938498548455 
0.4495358805768149 1.954858574788361 
0.6300226517593103 0.3299944327419798 
0.6390789056433178 0.24885168481043354 
0.6528299259401127 0.1262254453950208 
0.5977472965088778 0.6210066359313906 
0.5899446664677588 0.6907662661574996 
0.40130283544723194 2.3891643480550715 
0.6667168982833578 2.089166626594469E-15 
0.5246033928609124 1.279008433945049 
0.4198337094520108 2.2235964723028645 
0.4638078339974355 1.8261626719607535 
0.47474966882435393 1.729115784002627 
0.39154965594905883 2.4760955175542234 
0.6300226517593103 0.3299944327419798 
0.532177369092398 1.211042889691297 
0.4864523127409237 1.6249850390282992 
0.4142677414879284 2.2721329238316583 
0.4626652046256647 1.8368661385915916 
0.5445537307868002 1.0997667903097692 
0.5077192933560253 1.4327805502374797 
0.5762275450781503 0.8157123376439879 
0.6226629260238671 0.3964014110113153 
0.5949599912258682 0.6454486362935812 
0.4960767523935016 1.5365452334627194 
0.3963826566579492 2.434144580791765 
0.5671317581497437 0.9021857480198019 
0.5665105876546848 0.9098568680142549 
0.4592979158730487 1.8673292097502807 
0.4638078339974355 1.8261626719607535 
0.47317423636331934 1.7415624446598943 
0.4079468868436907 2.329747652687944 
0.42241856919187054 2.1990423672060526 
0.5540428682463688 1.013857596890414 
0.5671317581497437 0.9021857480198019 
0.5445537307868002 1.0997667903097692 
0.4814562086711049 1.6671020278158437 
0.5200305939705139 1.3201380577887707 
0.5486038282269834 1.063603634984537 
0.454993378071964 1.9075158223196647 
0.6612994120086103 0.049476581585174456 
0.3922807079076839 2.4697335627258266 
0.5366926022958207 1.169821575368698 
0.5899446664677588 0.6907662661574996 
0.5051363905040752 1.4538174352110524 
0.49216106071149746 1.57102131551925 
0.5775887112704706 0.8022948211592851 
0.5762275450781503 0.8157123376439879 
0.47317423636331934 1.7415624446598943 
