0.23691196805002884 0.30162077322496933 
0.41250881449512466 0.20376153854693907 
0.6300294958309578 -0.30109419110924035 
0.42103999142510506 0.09670212116849483 
0.824909397660789 -0.4871865894142242 
0.4431501442786718 -0.09540182617448476 
0.20428517666579832 0.5241495542383008 
0.22008900722039867 0.40425244863281706 
0.8290975533017164 -0.5649698015878887 
0.02305180231136044 0.8384942101821117 
0.2247578162379111 0.3732750177827569 
0.05014709696032993 0.7302304981154009 
0.21759989412327488 0.4226371513043338 
9.567780506516018E-8 1.0049929907409563 
0.4188559771802417 0.13764944016322195 
0.1990749986525343 0.5634973864626878 
0.20072446771810817 0.5502873903557549 
0.6212005839628018 -0.15667250727823337 
0.18910560989277725 0.6311758728522726 
0.18645369471672632 0.6496766474506774 
0.4172888883222106 0.1546354931556469 
0.43300387985800537 -0.028029460870226102 
0.832537971385819 -0.6203578450941855 
0.6283987333716715 -0.2792648902155881 
0.03194177099427483 0.7992134920360763 
0.44688077182264246 -0.11041837586044208 
0.4272962694822194 0.02581973204555047 
0.8446717738798676 -0.7485764622386136 
0.6262420554364828 -0.24785316533435975 
0.07453399742221054 0.6780664100678201 
0.8311519989137102 -0.5994295989663139 
0.6348657763661087 -0.35826149568807336 
0.19439161048303016 0.5996303287713718 
0.42437650130154164 0.05718698013586201 
0.6402711903486633 -0.4030034528733184 
0.41096713710312466 0.22260669966734628 
0.8525990064889231 -0.7708400592487898 
0.4145788980460061 0.17542082722314387 
0.23394424394130559 0.3161674132698581 
0.2124863323396873 0.4631901587458954 
0.41355158034503925 0.1894619894799046 
3.9360478603878493E-4 0.9869891956493684 
0.8340574165166134 -0.6416397124263842 
0.028578171473217798 0.8167117400143618 
0.637655196800186 -0.3860413862546987 
0.43093931979691696 -0.009639943879768615 
0.4549945770197492 -0.12130052453523388 
0.8268780621079989 -0.5251941931944221 
0.20594128066059503 0.5116741632857322 
0.6195097884042768 -0.1415184773239759 
0.0013480076202127267 0.9676809433572706 
0.4403152682166525 -0.08003954580224908 
0.42286007854217433 0.0744884709997369 
0.6254016423601625 -0.23583299006557348 
0.2150948037861332 0.4431394083273341 
0.062054339990460956 0.6974004156413782 
0.41894286119597085 0.12186950951762257 
0.6270564073481938 -0.2597328246775627 
0.8236299940339177 -0.4613322270235389 
0.6224317417431504 -0.18868792056729727 
0.6432713141097987 -0.42748764742152157 
0.24583646846841706 0.26474902012969725 
0.08815380908381465 0.6742001891456166 
0.4256284747115012 0.043323419573119845 
0.4377506350471668 -0.062946766613878 
0.830078284402722 -0.5812356638258215 
0.6213865301036086 -0.1721539065139175 
0.6332327295564821 -0.34083944476066547 
0.8355114474464556 -0.6627864555482665 
0.003434084833848161 0.9446539292146903 
0.2592209574826829 0.24518736983786624 
0.8420816142419233 -0.7309715691056289 
0.6362079738996353 -0.3722997672986703 
0.6521334262382278 -0.4554111484813545 
0.055166295900399454 0.7139900595864739 
0.8283122642292323 -0.5476351427392256 
0.18249896505727714 0.6718189663784104 
0.24025487677484775 0.2856445444497806 
0.03619960685823487 0.7815813336591922 
0.041451750502487734 0.7611826496726221 
0.8259638955464862 -0.5080295476236653 
0.20809239658770962 0.49518717311009797 
0.018509168106495333 0.860112293180065 
0.1969375174184698 0.5792054311893535 
0.4095460703111782 0.2418448745454953 
0.8392056447676817 -0.7047030013516268 
0.6462200480354243 -0.4427073963736414 
0.623873166681832 -0.21104053099196934 
0.19147008986623293 0.6165614223149807 
0.4353994542188541 -0.04607774530580767 
0.8375685760962059 -0.6865432969476025 
0.010329714020548768 0.9011144223374078 
0.23097051431692836 0.33234097084737735 
0.4288310524205654 0.010543198206544879 
0.006536425731115028 0.9223222432474939 
0.04671731322518605 0.7428193284410181 
0.013188242281050006 0.884581459104623 
0.21005332633035362 0.48106798047595417 
0.22816409404463628 0.3499941329887165 
0.6316785387774658 -0.321531819474041 
