-2.877677711534266 4.324305815830723 -1.6733000929190913 
-1.976060903552929 -1.7427324939068454 -1.4112594189404772 
0.7767051178833118 -0.21623110777520882 3.445471301927963 
2.054693456930422 -1.0576792933034906 4.333661263375998 
-0.3061796896992841 4.035274828946537 -2.3710494551875003 
-3.0929922659197358 4.279007332736706 -2.5228285959289733 
-2.9407634658188653 2.9225512265350684 0.912332956322663 
-0.996374091923514 3.50456719316149 -3.5575381052695154 
1.74404106640727 -0.5816933083415172 2.794175271607119 
-2.97752670802489 -0.033428308135759366 3.8506903321347217 
-2.5994370825015793 -4.837228068692423 0.5293360564005836 
