1.5421834323369332 0.4855012270882323 
1.5422351361095668 0.4607972787011404 
1.5421834323369332 0.4855012270882323 
1.5421834323369332 0.4855012270882323 
1.5422351361095668 0.4607972787011404 
1.5422351361095668 0.4607972787011404 
1.5422351361095668 0.4607972787011404 
1.5421884704185767 0.4673864851331162 
1.5422351361095668 0.4607972787011404 
1.5422351361095668 0.4607972787011404 
1.5422351361095668 0.4607972787011404 
1.5422351361095668 0.4607972787011404 
1.5422351361095668 0.4607972787011404 
1.5422351361095668 0.4607972787011404 
1.5421834323369332 0.4855012270882323 
1.5422351361095668 0.4607972787011404 
1.5419887328974735 0.486858172403218 
1.5421884704185767 0.4673864851331162 
1.5295888956458503 0.5324137330745358 
0.9003330919573267 0.7673380199134062 
1.5419857281977494 0.5015193238023405 
1.5295888956458503 0.5324137330745358 
1.5422351361095668 0.4607972787011404 
1.5192159872540867 0.6149887675342828 
0.9009249521202805 0.7251325463635253 
0.900930973452076 0.6896714784610284 
0.8986173172829698 0.8542313590805206 
0.9001055979843019 0.782355468946908 
1.5419887328974735 0.486858172403218 
1.5422351361095668 0.4607972787011404 
0.9000303405737023 0.7961594074304426 
1.5419857281977494 0.5015193238023405 
1.5422351361095668 0.4607972787011404 
0.9003330919573267 0.7673380199134062 
0.8986173172829698 0.8542313590805206 
0.9004019885045095 0.754732816150823 
0.8986173172829698 0.8542313590805206 
1.5421884704185767 0.4673864851331162 
1.5422351361095668 0.4607972787011404 
0.9064108870491574 0.6576934772915296 
1.542187477830609 0.47951062255301136 
1.5419857281977494 0.5015193238023405 
1.5421834323369332 0.4855012270882323 
0.9004028526185359 0.7541161246334732 
-3.141592653589793 1.0120436669243558 
1.5421834323369332 0.4855012270882323 
0.9001055979843019 0.782355468946908 
1.5421834323369332 0.4855012270882323 
0.9009249521202805 0.7251325463635253 
1.5421884704185767 0.4673864851331162 
0.9000303405737023 0.7961594074304426 
0.9064108870491574 0.6576934772915296 
0.900930973452076 0.6896714784610284 
0.8969655362532313 0.9187907373953588 
1.5422351361095668 0.4607972787011404 
0.8996461416383144 0.8000813983510278 
1.5295902265532182 0.5298278090320201 
0.9001086795672129 0.7725591119219187 
1.5422351361095668 0.4607972787011404 
0.9004264548887378 0.7311096874529889 
