1.5421834323369332 0.14302135500136817 4.997955352430643 
1.5422351361095668 0.1427874211961976 4.997961114216514 
1.5421834323369332 0.14302135500136817 4.997955352430643 
1.5421834323369332 0.14302135500136817 4.997955352430643 
1.5422351361095668 0.1427874211961976 4.997961114216514 
1.5422351361095668 0.1427874211961976 4.997961114216514 
1.5422351361095668 0.1427874211961976 4.997961114216514 
1.5421884704185767 0.14302143759018637 4.997955529744675 
1.5422351361095668 0.1427874211961976 4.997961114216514 
1.5422351361095668 0.1427874211961976 4.997961114216514 
1.5422351361095668 0.1427874211961976 4.997961114216514 
1.5422351361095668 0.1427874211961976 4.997961114216514 
1.5422351361095668 0.1427874211961976 4.997961114216514 
1.5422351361095668 0.1427874211961976 4.997961114216514 
1.5421834323369332 0.14302135500136817 4.997955352430643 
1.5422351361095668 0.1427874211961976 4.997961114216514 
1.5419887328974735 0.14400496158222226 4.997932240323664 
1.5421884704185767 0.14302143759018637 4.997955529744675 
1.5295888956458503 0.20599563508415197 4.995966278071104 
0.9003330919573267 3.1035371462336387 3.9177078033590993 
1.5419857281977494 0.14401674892594313 4.997892862905397 
1.5295888956458503 0.20599563508415197 4.995966278071104 
1.5422351361095668 0.1427874211961976 4.997961114216514 
1.5192159872540867 0.25616955141455294 4.993240591891044 
0.9009249521202805 3.1044132934931303 3.917952459303592 
0.900930973452076 3.1043973349884073 3.9201771858994805 
0.8986173172829698 3.1144660234186654 3.917039717915764 
0.9001055979843019 3.1042768162793983 3.917062403255066 
1.5419887328974735 0.14400496158222226 4.997932240323664 
1.5422351361095668 0.1427874211961976 4.997961114216514 
0.9000303405737023 3.1107540179242363 3.91705155633839 
1.5419857281977494 0.14401674892594313 4.997892862905397 
1.5422351361095668 0.1427874211961976 4.997961114216514 
0.9003330919573267 3.1035371462336387 3.9177078033590993 
0.8986173172829698 3.1144660234186654 3.917039717915764 
0.9004019885045095 3.104368932882571 3.9179495124167514 
0.8986173172829698 3.1144660234186654 3.917039717915764 
1.5421884704185767 0.14302143759018637 4.997955529744675 
1.5422351361095668 0.1427874211961976 4.997961114216514 
0.9064108870491574 3.0831509155457244 3.9364797614480294 
1.542187477830609 0.14301156486509065 4.997955529744675 
1.5419857281977494 0.14401674892594313 4.997892862905397 
1.5421834323369332 0.14302135500136817 4.997955352430643 
0.9004028526185359 3.1043685205962084 3.9179495124167514 
-3.141592653589793 -4.999999999999715 -1.718449015266618E-6 
1.5421834323369332 0.14302135500136817 4.997955352430643 
0.9001055979843019 3.1042768162793983 3.917062403255066 
1.5421834323369332 0.14302135500136817 4.997955352430643 
0.9009249521202805 3.1044132934931303 3.917952459303592 
1.5421884704185767 0.14302143759018637 4.997955529744675 
0.9000303405737023 3.1107540179242363 3.91705155633839 
0.9064108870491574 3.0831509155457244 3.9364797614480294 
0.900930973452076 3.1043973349884073 3.9201771858994805 
0.8969655362532313 3.121403580593551 3.917529064334811 
1.5422351361095668 0.1427874211961976 4.997961114216514 
0.8996461416383144 3.1100303447036763 3.9177147408755046 
1.5295902265532182 0.20599563508415197 4.995912485689462 
0.9001086795672129 3.110461156393227 3.9170620678581245 
1.5422351361095668 0.1427874211961976 4.997961114216514 
0.9004264548887378 3.104394782308288 3.917952459303592 
