0.39030670358311326 2.4881677533481876 
1.0 0.0 
1.0 0.0 
0.39030670358311326 2.4881677533481876 
0.4754236066156291 1.7324777690323319 
0.7302322899106737 5.106614601503162E-4 
0.46795167514308994 1.7964663057659478 
0.43607878195451505 2.082456063327097 
0.6008875515950765 0.5938166645718497 
0.4534227716461535 1.9433316297704557 
0.5961862808996465 0.7204450314647616 
0.4016665889856942 2.392097447380001 
0.44516414845940333 1.9967187095572403 
0.7846680355311013 0.0 
0.8083605444191422 1.7894382178340693E-8 
0.5638692798996751 0.9272289948941479 
0.8418553262461527 1.4859184579008271E-5 
0.6868983888017686 6.812993796304623E-4 
0.44038437097464755 2.0552862472534286 
0.41476192962059244 2.2953064954653373 
0.48347295458422745 1.7169180133633928 
0.5092180413355615 1.4194799687332942 
0.4246513467190062 2.2111969101674567 
0.39843867351299544 2.4614529122460644 
0.6442723740508565 0.20467695581015588 
0.4042244743277019 2.372103348061678 
0.40841301252015044 2.3398692742118286 
0.695235975651927 1.1826462360038322E-5 
0.45498567735640194 1.9266260631466572 
0.6637579427724275 0.044511452330946624 
0.5329766589599602 1.3138932595709538 
0.8611226060088245 1.1021347170033446E-5 
0.8921509846361075 1.3546200292733065E-13 
0.4174231949305015 2.247997651038764 
0.5184168488057141 1.3859676576658888 
0.5730202683130375 0.8520597293276496 
0.4313569961205807 2.1555388257881125 
0.5546088688245419 1.0260200361948124 
0.42719545072617515 2.165245421123339 
0.5422201885480097 1.1582628828660693 
0.4124616636823983 2.339119277040953 
0.4201675582261579 2.2268311031274495 
0.48357781279838724 1.6484505630961066 
0.6367261242755746 0.27350387008157406 
0.4929257586272164 1.5725627200580532 
0.6693985933567234 6.4171336011541636E-6 
0.5705223435887131 0.9227611597186066 
0.5208995052147781 1.3129816897082298 
0.6206943356697855 0.4988029939996332 
0.9816594830430893 0.0025965777488604624 
0.7129238553126748 1.1105004743962137E-5 
0.5585112864901757 1.0233746188344075 
0.6559758002876102 0.11763808037375989 
0.5035179506577594 1.4735913220150039 
0.5854028579745811 0.732398058057687 
0.937418555954217 0.0 
0.7798452989506062 0.0 
0.9544971670662694 8.798325628323875E-11 
0.580885245137013 0.8057278509944055 
0.39430160882281273 2.4881677533481876 
0.5466750233974726 1.0814421331454525 
0.6122029302928312 0.4988029939996332 
0.9034661982351835 0.004076681054613757 
0.5153285555942092 1.4194799687332942 
0.7106997138711645 0.0044448696378848185 
0.9714918042943158 0.0 
0.8655078268765187 1.1835325218718954E-6 
0.9241822511124385 7.88766005111795E-7 
0.651573445674496 0.19705909646310904 
0.5035179506577594 1.4735913220150039 
0.7491461951251118 0.0 
0.49604841355565343 1.5443750685953175 
0.5248670221099317 1.3002141701643501 
0.7653338075071013 2.3282284257304508E-7 
0.538036485232407 1.1582628828660693 
0.6275784206384771 0.35256739489919786 
0.9513816849829515 0.0 
0.4606994855882107 1.8741703283999251 
0.5336293715702051 1.2169834374089976 
0.5782558880589639 0.820007866929604 
0.6067211048066108 0.5655808256432492 
0.5899220020560278 0.732398058057687 
0.4920014485463261 1.6484505630961066 
0.3962307734981909 2.4614529122460644 
0.5466750233974726 1.0814421331454525 
0.9945086479690654 5.110420677490872E-4 
0.6111935026499807 0.5655808256432492 
0.49045492935379176 1.6484505630961066 
0.5341286269667186 1.204411156506911 
0.8795093733526549 1.1826462360038322E-5 
0.756307161751358 5.106614601503162E-4 
0.46399199979513506 1.8426491374976526 
0.6251142158706289 0.4313853231546403 
0.6531650973102293 0.12796697847799576 
0.9310828190399757 1.2567238857313794E-5 
0.49604841355565343 1.5443750685953175 
0.4606994855882107 1.8741703283999251 
0.9126310953387315 0.0 
0.6329270927793577 0.3544185080360209 
0.8795093733526549 1.1826462360038322E-5 
