0.3919198873967975 2.4734315164927834 
1.0 1.428971184081881E-16 
0.3919198873967975 2.4734315164927834 
1.0 1.428971184081881E-16 
0.7036963030303915 5.5544836152443544E-5 
0.6752798266513614 0.010276047596564752 
0.5026433482088405 1.4947038877159655 
0.5952729822104994 0.6605367198530604 
0.4743703662658879 1.7307202936535777 
0.8424042291829577 3.2442784556215784E-10 
0.6081301988710051 0.5771918662509986 
0.4434459819582167 2.051064714477103 
0.5180629420348601 1.385623616564505 
0.5537309373861758 1.0197723905152718 
0.5612677777641321 0.9804013267750965 
0.44558440505801106 1.9971637215696603 
0.937090953491019 7.113161968941295E-5 
0.433490212626357 2.1278720125284147 
0.45450076297433806 1.9178329612143243 
0.7503424245997173 2.071363115947009E-11 
0.41292211323075195 2.3225256823942324 
0.5644521712733824 0.9210276812533766 
0.4646422171142331 1.819728873859894 
0.49143150574907485 1.5967628996309238 
0.5254299379069121 1.2991410796693446 
0.39761337092243276 2.4275365020445507 
0.8928253673197112 2.2476765565140374E-10 
0.6136417611279149 0.4812294485409269 
0.46337183224066175 1.915205324496509 
0.5353358091473698 1.1941986488160863 
0.4646422171142331 1.819728873859894 
0.8212951722618418 2.912775881494349E-10 
0.6336307969397416 0.34197029744789315 
0.668583013480433 0.010276047596564752 
0.5200093308203951 1.3312154830815697 
0.7770514754222676 0.00878930444886572 
0.408283636128711 2.325663288729302 
0.5133186854623653 1.4548673247290198 
0.49603967392025805 1.5617894656159883 
0.9821234480667954 4.472944366495723E-9 
0.6581080894259589 0.08902416729789228 
0.4152691090100036 2.2731644648217917 
0.6425609173110017 0.23893112981333187 
0.4303539052869322 2.1448034146986483 
0.4283596057996208 2.1837506541416762 
0.6618223917135019 0.09063134321112884 
0.4014827021377531 2.406451273431999 
0.6200881844952553 0.4651101750010274 
0.4023931506200605 2.382446073027264 
0.7237218551643857 5.205842204769563E-8 
0.5294770368458273 1.258708098770909 
0.4375916561267602 2.074848233280098 
0.8788392446881468 9.680333787332168E-9 
0.6221957488113333 0.4006949752249795 
0.6362622661396679 0.33231704900079245 
0.41705609737804034 2.2583246696885957 
0.47909987917253216 1.748670080101726 
0.6109475637920636 0.5771918662509986 
0.5446326980876018 1.1202354529072762 
0.9909380354835781 1.7587082319479344E-5 
0.5771140755419677 0.8163240065649676 
0.6495594671445415 0.15868924117656436 
0.5508436525958789 1.0806082887963089 
0.9663676529244009 1.428971184081881E-16 
0.46002979723662174 1.9178329612143243 
0.644889232517147 0.2382486542290223 
0.5771140755419677 0.8163240065649676 
0.7916952063693473 5.1204821274599664E-11 
0.8549463859132709 2.2540663896402708E-10 
0.7387672956570815 8.37576456128096E-11 
0.42431166666963077 2.187151084809278 
0.9693427499546955 1.428971184081881E-16 
0.8196583818661244 9.621032975641866E-4 
0.5699498565884389 0.876193123614577 
0.9026327316844341 2.2476765565140374E-10 
0.4495745018720219 1.9579153029315899 
0.4495745018720219 1.9579153029315899 
0.48709659379102627 1.6373300085541793 
0.9499468073593509 1.5992963973263977E-5 
0.8017169928561471 4.504569320900479E-11 
0.5699498565884389 0.876193123614577 
0.8619788750199641 1.0457366070394828E-10 
0.4196595621819469 2.223115780902806 
0.48709659379102627 1.6373300085541793 
0.9232030581805745 1.428971184081881E-16 
0.480172379964559 1.678663438173336 
0.4375916561267602 2.074848233280098 
0.8061096182258142 2.2476765565140374E-10 
0.7629514160994704 2.9795760608688875E-9 
0.5500909710160846 1.1156209505266055 
0.7637666606464757 1.0774267112124698E-6 
0.5850721846171133 0.75923542621615 
0.5097976253340791 1.4548673247290198 
0.4196595621819469 2.223115780902806 
0.5888994624751049 0.7167793366506612 
0.5400598832025224 1.1423991859015583 
0.5850721846171133 0.75923542621615 
0.6495594671445415 0.15868924117656436 
0.9105930302104117 1.0457366070394828E-10 
0.951914166822648 9.621032975641866E-4 
