-19.998939685973134 0.0027972549926523343 
-19.998939685973134 0.0027972549926523343 
-14.434936711027362 -11.627112698043014 
-17.940505625022546 -3.874509259828392 
-17.030472852330966 -3.8781523560363 
-19.076641119405885 -7.082106790124668E-5 
-15.639667378394465 -7.7602508570253 
-19.004004674878114 -0.12040021558840039 
-15.57190397610443 -7.950774995157058 
-15.0991715496863 -9.75574735794897 
-15.507873495565072 -8.122032664758944 
-15.889989161199484 -7.750565497329163 
-18.888810017826753 -0.33221368951300595 
-16.314724916142453 -6.670555854382346 
-15.377595174299543 -8.638607647767081 
-18.819761458340086 -0.5295419457872806 
-15.169297487778152 -9.498962032831288 
-16.243621769449263 -6.906567463118998 
-16.640852552684887 -5.129133202262237 
-18.335603557708993 -2.482105808162756 
-15.437429912446483 -8.292855068655513 
-18.43943714120072 -1.9851627239910727 
-16.094678079203874 -7.44284257842965 
-16.20897636791507 -6.9994064276255745 
-14.954410769432828 -10.394345623419046 
-14.637054335562219 -11.384814861087813 
-18.14293737392776 -3.3907707279704944 
-18.54013152155212 -1.5257473983073515 
-18.029567499833924 -3.75896597191279 
-14.514901272830166 -11.51421888077104 
-16.991529162793363 -3.9696249019480705 
-15.262376015677114 -9.10174399472388 
-18.49987723609791 -1.7002071136012098 
-16.754942380497763 -4.5966459557300094 
-14.691958931815007 -11.272610294600566 
-14.721355841928563 -11.13803184275383 
-16.927311654099817 -4.09860393126237 
-18.70914682250684 -0.8682228709496138 
-16.69964329636011 -4.8603079144082155 
-16.54923240920957 -5.573523939196896 
-16.148735047924962 -7.258324502516944 
-16.794791733233417 -4.481052222254778 
-16.152558394861305 -7.177430407479656 
-14.575768178381265 -11.483263602570283 
-18.67661585293876 -0.9848565686270071 
-16.34637143744875 -6.538930028247884 
-15.003508076150787 -10.189155086403959 
-16.72323223194908 -4.755887368222076 
-16.617463214642914 -5.2381164449189335 
-15.225286261640022 -9.231708021086067 
-15.29611942752366 -8.946724921650754 
-16.526945667410644 -5.687152051090051 
-18.643478707830866 -1.1066731664433223 
-18.57156663850651 -1.3889128677765832 
-18.859332219755878 -0.40319690558439225 
-16.413118705763367 -6.232915482525428 
-15.320926752962214 -8.845875326006563 
-15.018170636185406 -9.97705160875763 
-14.927734134027 -10.487717018323405 
-18.429188838965068 -2.0339936071735423 
-18.39183602258714 -2.214666200344405 
-18.059632339377348 -3.683089773096058 
-18.362020372261526 -2.271752905766382 
-16.86552541100429 -4.260488878881019 
-15.991804165508544 -7.66057999677406 
-15.958434126586099 -7.6871219752167415 
-15.406509587603654 -8.45640324615153 
-16.887511154120762 -4.167297362968584 
-18.749849587429757 -0.7351421783708821 
-18.57156663850651 -1.3889128677765832 
-18.220391823585068 -3.046604919132496 
-18.25858631138241 -2.8647185125218053 
-18.749849587429757 -0.7351421783708821 
-18.11061138101242 -3.5136830881475554 
-18.08729174927418 -3.552695247178064 
-14.896072485019761 -10.60768981922348 
-15.068434013008124 -9.924313735748987 
-19.067836284433337 -0.012645508564080508 
-18.643478707830866 -1.1066731664433223 
-16.380250547339738 -6.356153465791351 
-16.58326099754073 -5.407054467682549 
-16.461267266223395 -6.010521481523812 
-18.302666663628603 -2.6526011124136457 
-18.501983735797168 -1.6907135403374773 
-16.435340736466127 -6.131772439731522 
-14.802430116475147 -10.934334334884962 
-16.045444708036555 -7.564613132151896 
-16.3653711632165 -6.401615148778148 
-18.302666663628603 -2.6526011124136457 
-16.486462283819094 -5.867797096603813 
-18.183249664920094 -3.212569182074853 
-18.217447658022582 -3.0604997389769832 
-15.0106165398173 -10.139557277854458 
-16.587578812841308 -5.387679314439673 
-18.183249664920094 -3.212569182074853 
-14.824670471195299 -10.872718894703421 
-15.202363660193594 -9.345564980386662 
-14.764397305750903 -11.006537938271407 
-16.05645735860709 -7.539912602280136 
-15.190099548591226 -9.393189966641284 
