3.0612321900169714E-4 4.234345152464506E-6 -2.2397888007633538E-4 
3.0612321900169714E-4 4.234345152464506E-6 -2.2397888007633538E-4 
-1.1547335229430271 -1.1522484352576532 -1.1522480190277617 
-1.152758587707679 4.234345152464506E-6 -2.2397888007633538E-4 
-1.1459533513556905 4.3053818868007985E-6 -0.48326830404437543 
0.001031445943076581 5.493244220815036E-6 -0.48326830404437543 
-1.0959662365693446 -0.5624748445612848 -1.0908673831718996 
-0.5243294663094271 4.234345152464506E-6 -2.2397888007633538E-4 
-1.0960914916744386 -0.6059468828341286 -1.0935479094034994 
-1.0728837540738687 -0.8830584235281772 -1.1138370454832103 
-1.0927099216995044 -0.6279284621456028 -1.1195127948669654 
-1.147928032182081 5.543169924525088E-6 -1.1525027654020592 
-0.5850080126097612 -4.842062206237458E-6 -0.00351506093574272 
-1.030760855266694 4.209965823682234E-6 -1.0059120622604454 
-1.0694343015236614 -0.7578711052214974 -1.0776535017236886 
-0.6271811772022822 -6.729736492321665E-6 6.793342050593449E-4 
-1.068462128356562 -0.8671383421384411 -1.0844829929592883 
-1.0806826607101903 1.3693055449889478E-5 -0.9999626051847366 
-1.003300225603316 4.075104958129631E-6 -0.8368018393344896 
-0.9091014245161837 -8.897818640113502E-5 -9.499737447561049E-4 
-1.0957655773332027 -0.7600058633513287 -1.000137086878506 
3.1941411360335607E-4 7.475670564391992E-6 -0.8479688249738595 
-1.0816359783908096 0.0010156662012413015 -1.0908033769059422 
-1.095731263851887 0.005576521311153881 -1.006309768169968 
-1.0927099216995044 -0.9638329960398732 -1.0835806030739188 
-1.1014886592700346 -1.0966131255258655 -1.1200037626330253 
4.067955282595081E-4 -1.2316815740185966E-4 -1.0266486835315354 
4.1003931994321174E-4 5.434856259969381E-6 -0.7885632915372208 
0.001031445943076581 5.493244220815036E-6 -1.0959878545825776 
-1.1107354944339813 -1.1530463364877461 -1.1158252460439857 
-1.1185418399871119 1.6588290601574703E-6 -0.5289994939543043 
-1.0720479897442614 -0.813587146560998 -1.0868216570810059 
-0.8118549051192712 -4.9148565906421005E-6 6.902396138320863E-4 
-0.687649100298779 6.31442211152633E-4 -1.0908673831718996 
-1.1107354944339813 -1.0676036538322706 -1.1150026228489278 
-1.088958474393812 -1.0481585781415883 -1.145898745024436 
-1.11560262909466 1.6588290601574703E-6 -0.5674521210371855 
-0.6902724944617675 -6.905362211282286E-5 6.792268294254198E-4 
-1.0107449805763014 4.209965823682234E-6 -0.7950306120133519 
-0.9171360408157733 0.0043876165230086195 -0.976948009125949 
-1.041916358662237 6.200268849972285E-6 -1.0971416537755823 
-0.7165654140349614 6.207058782579895E-6 -1.0351428167349694 
-1.0455257539014609 -0.038776350914861146 -1.0897013928965547 
-1.1107354944339813 -1.123780695943962 -1.1158252460439857 
4.1003931994321174E-4 5.434856259969381E-6 -0.7092950155946872 
-1.0113527304874486 4.209965823682234E-6 -1.0059120622604454 
-1.0952305920199503 -0.9340342643375791 -1.089479887018489 
-0.7935157823331233 -1.021641165224984E-4 -0.997906532069465 
-0.8508967828876254 -3.444718734410666E-4 -1.0030417507313238 
-1.0984646866890406 -0.813587146560998 -1.0908033769059422 
-1.0953743882003086 -0.7803293633297752 -1.0849611983152165 
-0.9171360408157733 6.537089989282485E-4 -0.9905344130626723 
4.1003931994321174E-4 5.434856259969381E-6 -0.7284254236776915 
-0.7698676940575222 -4.915626502545153E-6 6.902396138320863E-4 
-0.6016038325582074 5.480311676235749E-6 -0.00351506093574272 
-0.9698721879314814 -3.518873857653299E-4 -1.006708907838408 
-1.0720479897442614 -0.813587146560998 -1.0386324079575855 
-1.1422596040891275 -0.8870173978445246 -1.1069916375669338 
-1.0992459276194728 -0.9642688683310903 -1.1000803860909631 
3.1941411360335607E-4 7.475670564391992E-6 -0.8540437282630258 
3.0612321900169714E-4 6.8459451295689915E-6 -0.8762639554137313 
-1.077743109790057 5.891970964718545E-6 6.792268294254198E-4 
-0.007502698208394221 6.8440352105503525E-6 -0.8854675210464771 
-0.6191668525454438 6.200268849972285E-6 -1.0968441052276274 
-1.1256027996211513 1.3763659977372722E-4 -1.1109671156910403 
-1.1465441575791864 6.82503944932048E-6 -1.1109671156910403 
-1.1107354944339813 -0.6819774075753966 -1.1138334927923832 
-0.6633463208870022 6.207058782579895E-6 -1.0351428167349694 
-0.6669624163723098 -7.188502412186701E-5 6.792268294254198E-4 
-0.7698676940575222 -4.915626502545153E-6 6.902396138320863E-4 
-0.9789965294036296 -4.915626502545153E-6 6.902396138320863E-4 
-0.9558360148831195 -2.0068122133534323E-6 6.792268294254198E-4 
-0.6669624163723098 -7.188502412186701E-5 6.792268294254198E-4 
-1.0462175629449708 -6.905362211282286E-5 6.792268294254198E-4 
-1.0549970985797605 -8.557879696776706E-5 0.005228840036246463 
-1.0685201419680053 -1.0026590154202557 -1.0900714730447714 
-1.087995902966371 -0.9082157987853807 -1.0838332611269499 
0.001031445943076581 5.008422721075536E-6 -0.48811982936450304 
4.1003931994321174E-4 5.434856259969381E-6 -0.7284254236776915 
-1.0172395726951118 0.010208465146119214 -0.9792870035655814 
-0.9983986799003359 -8.557879696776706E-5 -0.8757381791465604 
-0.9534151054908281 -7.274435284316741E-6 -0.9938877018955703 
4.1003931994321174E-4 6.787938762821388E-6 -0.9295478374409776 
-0.8106161244315007 -4.9148565906421005E-6 6.902396138320863E-4 
-0.9650000542452595 -3.419908168989793E-4 -0.9980377437499394 
-1.1014886592700346 -1.015129403810454 -1.1198833788067304 
-1.0978863437862818 -1.2316815740185966E-4 -1.1051891397434204 
-1.0172395726951118 0.021493150025767127 -0.987989246208006 
4.1003931994321174E-4 6.787938762821388E-6 -0.9295478374409776 
-0.9525677525073911 0.010208465146119214 -0.9792870035655814 
-1.0013137288893046 -8.276254677575184E-5 -9.499737447561049E-4 
-0.9808007154142915 5.0142503938708426E-6 6.792268294254198E-4 
-1.0955873597893286 -0.9206276157954183 -1.1055928457109059 
-0.9957633243828079 -7.85577343605428E-5 -0.8757381791465604 
-1.0013137288893046 -8.276254677575184E-5 -9.499737447561049E-4 
-1.0955873597893286 -1.0150345693168115 -1.1055928457109059 
-1.0454677402900177 -0.8642288607530995 -1.0841129128110714 
-1.0899189384021348 -1.026686288295683 -1.144990644337684 
-1.09587223419493 -3.353551507663348E-4 -1.1003404341391712 
-1.0455257539014609 -0.8671383421384411 -1.0897013928965547 
