0.5806041254577482 3.096891202892934 
0.9999999999507161 1.0000000000493199 
0.4583736182656771 6.304879736534871 
0.5629155630865279 3.494447381636038 
0.614563203801308 2.4091018370920234 
0.7853220483553452 1.2733629497627832 
0.635039006374549 2.0949889953369456 
0.396932406914413 8.64690239518262 
0.5736854525883448 3.2109646153973745 
0.4871559545454731 5.374092001760241 
0.42823606777778056 7.417352365626949 
0.4117643064089938 8.017183534081063 
0.4183906385487897 7.790436672988259 
0.8383801283680548 1.192776362610824 
0.4249227870831562 7.47518821521025 
0.45274783906848887 6.481493865911798 
0.512185762916738 4.713479175331151 
0.6661403317536443 1.5085572000414507 
0.4104552643530877 8.09938230285723 
0.6962995530057409 1.4403161745563775 
0.6462015113524093 1.843224199360446 
0.929103369293092 1.0763065071164217 
0.4307941651223535 7.265805810335744 
0.5174492221528735 4.583473909062153 
0.4546862633542893 6.399299532336401 
0.4639920216558021 6.112181643336638 
0.5544369609031615 3.65144327009082 
0.8130206310923613 1.2301531154118412 
0.7360792065346201 1.365221004456803 
0.628242287745026 2.1478959792004506 
0.42903696048037154 7.316703722395326 
0.6488380731413879 1.8025174396993373 
0.49870229151559137 5.036433648869591 
0.8976393620153245 1.1140331459220922 
0.6047027291344512 2.590067623044097 
0.6363193331236939 2.0047936787454774 
0.4911058388561999 5.288399790079053 
0.47637979946938924 5.700363054406692 
0.5455225312766447 3.8936062321893092 
0.5694594949597499 3.292687096979595 
0.4885051990140471 5.3323277662707405 
0.5929784582337058 2.820774876789573 
0.5859242942746933 2.9529761031656987 
0.655600231481853 1.7290611781685503 
0.5982193175476869 2.7452795570482458 
0.5137683830310478 4.633184119757395 
0.4040703538371604 8.358065665986539 
0.44793846379631835 6.657061252072385 
0.557038531974861 3.5782232557208657 
0.4478573533315106 6.71145084493016 
0.6017508041186076 2.6723821351019255 
0.4816058860481496 5.536530424068235 
0.4076400364125582 8.182695941582995 
0.6412241448008447 1.9501630967234913 
0.5219413399306045 4.427087732379946 
0.48579377300548604 5.423890462569212 
0.5470424271818742 3.8084823616732786 
0.590286460058563 2.8808539413625294 
0.7666337257631869 1.3254532543873887 
0.4663595504237598 6.010898935543954 
0.4609965112117291 6.205823808629348 
0.40337939749450735 8.431226422030011 
0.40118889590936774 8.533527085325511 
0.6083023733207054 2.520010236031122 
0.6649074840300718 1.5675167237519558 
0.5376099205332141 4.021218248836499 
0.6180936905269756 2.3289718437178974 
0.6580246031963924 1.6519898236830546 
0.8638727983099831 1.1575778335951288 
0.44556973056862276 6.770808303045552 
0.5181645397205228 4.526716336212154 
0.5654666870258827 3.3981283842506476 
0.5489216688469498 3.7605337800408765 
0.4131390373699639 7.958990766173327 
0.5289956732660801 4.252932266111437 
0.4709543510593963 5.87081030740704 
0.4497499590058906 6.575551675495966 
0.49486588544966365 5.154476626200873 
0.4734540796152975 5.785822288225859 
0.41720971486460656 7.880568708070191 
0.5328153819807048 4.138586450648936 
0.6231014865419158 2.2523034311803705 
0.5405532234955257 3.9518292043352816 
0.4393427219406116 6.937779744280526 
0.5053390716389573 4.855522879374109 
0.4707202343433662 5.950698318677351 
0.4416601881582654 6.85779745896824 
0.39815896911195237 8.588918636340095 
0.5074729626242362 4.794316635446956 
0.41845475095627915 7.744759871641699 
0.43303025189517325 7.200101770068313 
0.5022462793842905 4.938353434155778 
0.4213368653412027 7.616460992742868 
0.4790049258631812 5.61664480319165 
0.5245724304994049 4.344259456943058 
0.4921317235356758 5.227710450266712 
0.434287976353278 7.120692928432122 
0.3924956147947739 8.868534880215101 
0.4373291154470112 7.009494448098269 
0.4055236305950971 8.28087282375609 
