0.5806041254577482 0.7980678084934456 
0.9999999999507161 3.5923948807076886E-14 
0.4583736182656771 1.8899905375654376 
0.5629155630865279 0.9670788155098935 
0.614563203801308 0.4805453432868906 
0.7853220483553452 7.513464936709243E-12 
0.635039006374549 0.3303997299643886 
0.396932406914413 2.43223578007384 
0.5736854525883448 0.8420836886294034 
0.4871559545454731 1.6180209189327024 
0.42823606777778056 2.176377810378303 
0.4117643064089938 2.301190017264495 
0.4183906385487897 2.2594457741854663 
0.8383801283680548 4.4237808259441395E-14 
0.4249227870831562 2.176377810378303 
0.45274783906848887 1.9344823417272323 
0.512185762916738 1.4141769274091427 
0.6661403317536443 0.004910793704960725 
0.4104552643530877 2.3244341042159844 
0.6962995530057409 0.002891508530544429 
0.6462015113524093 0.1910942633880548 
0.929103369293092 2.1539468496316145E-9 
0.4307941651223535 2.130066748004732 
0.5174492221528735 1.3717150090022017 
0.4546862633542893 1.909673592442889 
0.4639920216558021 1.8360035174192493 
0.5544369609031615 1.024495109579456 
0.8130206310923613 1.398622323696419E-4 
0.7360792065346201 0.004910793704960725 
0.628242287745026 0.3493990838112339 
0.42903696048037154 2.139136325791911 
0.6488380731413879 0.16954194237826592 
0.49870229151559137 1.5116810017574962 
0.8976393620153245 2.369431701815648E-9 
0.6047027291344512 0.5662209602975465 
0.6363193331236939 0.27568897670991943 
0.4911058388561999 1.5971640151137247 
0.47637979946938924 1.715537808760975 
0.5455225312766447 1.1240499275784315 
0.5694594949597499 0.8750519313064851 
0.4885051990140471 1.6048698366702174 
0.5929784582337058 0.6726587374630524 
0.5859242942746933 0.7302204392573959 
0.655600231481853 0.13357290865358706 
0.5982193175476869 0.6422792630950178 
0.5137683830310478 1.3803835134928852 
0.4040703538371604 2.377246551049402 
0.44793846379631835 1.9819537906512998 
0.557038531974861 0.9932082294450587 
0.4478573533315106 2.005772612424952 
0.6017508041186076 0.6081080987097851 
0.4816058860481496 1.66642564051592 
0.4076400364125582 2.335594471579784 
0.6412241448008447 0.25049166391868755 
0.5219413399306045 1.3106801030287312 
0.48579377300548604 1.6348922121799683 
0.5470424271818742 1.0834014350091068 
0.590286460058563 0.7005290749926465 
0.7666337257631869 0.016137166735944838 
0.4663595504237598 1.8032401252229346 
0.4609965112117291 1.8608631249728145 
0.40337939749450735 2.4009830342582372 
0.40118889590936774 2.4235563095744266 
0.6083023733207054 0.5329282073702023 
0.6649074840300718 0.04225360096497409 
0.5376099205332141 1.1618468232037005 
0.6180936905269756 0.43952280201700994 
0.6580246031963924 0.0870499482135203 
0.8638727983099831 2.369431701815648E-9 
0.44556973056862276 2.0168672313198006 
0.5181645397205228 1.345583886798742 
0.5654666870258827 0.9215283995308291 
0.5489216688469498 1.0642384782953664 
0.4131390373699639 2.2881697835732795 
0.5289956732660801 1.2497827674666553 
0.4709543510593963 1.7648836585176975 
0.4497499590058906 1.957354096495426 
0.49486588544966365 1.5507746396544897 
0.4734540796152975 1.7393211662896486 
0.41720971486460656 2.287849823664905 
0.5328153819807048 1.2051025205626822 
0.6231014865419158 0.4034136161119465 
0.5405532234955257 1.1361740151071948 
0.4393427219406116 2.0480630370766466 
0.5053390716389573 1.4536854241846293 
0.4707202343433662 1.8011141070744778 
0.4416601881582654 2.028816116079187 
0.39815896911195237 2.4197549900316075 
0.5074729626242362 1.4329860667489267 
0.41845475095627915 2.240831563304012 
0.43303025189517325 2.1178618831635645 
0.5022462793842905 1.4802696385893734 
0.4213368653412027 2.2090957996758247 
0.4790049258631812 1.6904005275526386 
0.5245724304994049 1.278878742048645 
0.4921317235356758 1.5727221540352205 
0.434287976353278 2.0924313221218833 
0.3924956147947739 2.4808610501389228 
0.4373291154470112 2.065456006717552 
0.4055236305950971 2.358089611985843 
