0.39202941256442186 8.939660602479377 
0.4266675085867019 7.406533208704381 
0.4545221764913112 6.401366125317097 
0.39305563975679025 8.810544212702517 
0.3931393382076853 8.808668468327744 
0.41224019124696315 7.98384626940368 
0.6336193188365848 2.0479283033197277 
0.5348864139608192 4.0872588896351 
0.5684360883723808 3.3184143653010834 
0.39305563975679025 8.810544212702517 
0.3936261012476376 8.783412369847676 
0.6336193188365848 2.0479283033197277 
0.4019721644321864 8.414895380006262 
0.42183333776225146 7.5945818950444925 
0.5754035373673106 3.173963962865865 
0.4266675085867019 7.406533208704381 
0.5211451349200373 4.43588046390256 
0.6172650777171651 2.34051530077946 
0.6517256627554285 1.74169986490201 
0.5101660038008767 4.7221387814998055 
0.5350034606640229 4.086364689478753 
0.4073801368091814 8.184969770796348 
0.541181652534825 3.934897013033741 
0.5930478532892535 2.804735654075887 
0.5457694251220733 3.8272432724940164 
0.41210489124759153 7.989225106494022 
0.4517674922040281 6.495085594525689 
0.43537489220674896 7.078428436847419 
0.44376080694437214 6.778234917548873 
0.423433700411332 7.533784141300677 
0.6600008526378534 1.6066838312004612 
0.41210489124759153 7.989225106494022 
0.5930478532892535 2.804735654075887 
0.6420595188697837 1.902964975843907 
0.66664629724833 1.5003551391050542 
0.46741518464616455 5.976745103233164 
0.4545221764913112 6.401366125317097 
0.4512335495027186 6.525168972864252 
0.4598274921127049 6.224096581263775 
0.66664629724833 1.5003551391050542 
0.4745453405717102 5.754422541626841 
0.4175393902303317 7.7758597821638125 
0.4971577107834481 5.084900271745548 
0.4890450887546187 5.313678324286489 
0.552759419872916 3.666976278013339 
0.6517256627554285 1.74169986490201 
0.5175611277835094 4.525609590981371 
0.554470748743457 3.6250996652937384 
0.554470748743457 3.6250996652937384 
0.6004698239875148 2.659902294260802 
0.6063145387634389 2.545440358664697 
0.6294144966365677 2.122558672693756 
0.4637517776963191 6.101709428958163 
0.66664629724833 1.5003551391050542 
0.4019721644321864 8.414895380006262 
0.5684360883723808 3.3184143653010834 
0.47827027069633943 5.6371536778910505 
0.5259179799341646 4.310719203885558 
0.4351724551142692 7.0861194459686185 
0.5399406562180025 3.9644876386090666 
0.4745453405717102 5.754422541626841 
0.44348512532081436 6.786039345216119 
0.5050309466881304 4.862900563795387 
0.6063145387634389 2.545440358664697 
0.4073801368091814 8.184969770796348 
0.4295989053623049 7.296926939641293 
0.5259179799341646 4.310719203885558 
0.43537489220674896 7.078428436847419 
0.5866117131762222 2.9355803028983036 
0.5848883073000342 2.969243375708344 
0.4266675085867019 7.406533208704381 
0.5001567064224146 4.996600972397324 
0.44348512532081436 6.786039345216119 
0.5175611277835094 4.525609590981371 
0.4598274921127049 6.224096581263775 
0.4971577107834481 5.084900271745548 
0.5458097445156892 3.826960551033804 
0.5600393540901484 3.499518822123994 
0.3931393382076853 8.808668468327744 
0.6420595188697837 1.902964975843907 
0.6172650777171651 2.34051530077946 
0.6004698239875148 2.659902294260802 
0.623908688513806 2.2198525779975204 
0.6600008526378534 1.6066838312004612 
0.47827027069633943 5.6371536778910505 
0.4545221764913112 6.401366125317097 
0.49893743471816027 5.031830434485407 
0.39912962922973233 8.551627222297103 
0.48562759551244694 5.414460022230712 
0.5050309466881304 4.862900563795387 
0.5785903297500554 3.099082300413341 
0.52579755356916 4.313744272610356 
0.577726111418275 3.1166153041474334 
0.5600393540901484 3.499518822123994 
0.48562759551244694 5.414460022230712 
0.46983551598347517 5.899628756072738 
