0.39202941256442186 2.5046098945152955 
0.4266675085867019 2.1601270714225693 
0.4545221764913112 1.9095628637968782 
0.39305563975679025 2.463034092129274 
0.3931393382076853 2.463034092129274 
0.41224019124696315 2.2912623129853262 
0.6336193188365848 0.2976069365756089 
0.5348864139608192 1.1862192504063982 
0.5684360883723808 0.8863064814104645 
0.39305563975679025 2.463034092129274 
0.3936261012476376 2.457380366793414 
0.6336193188365848 0.2976069365756089 
0.4019721644321864 2.382553709371523 
0.42183333776225146 2.203647829695383 
0.5754035373673106 0.8263100917093862 
0.4266675085867019 2.1601270714225693 
0.5211451349200373 1.3117375228496573 
0.6172650777171651 0.4447183590338475 
0.6517256627554285 0.1351104987743028 
0.5101660038008767 1.4090746715508973 
0.5350034606640229 1.1862192504063982 
0.4073801368091814 2.33439410500603 
0.541181652534825 1.1294940680679466 
0.5930478532892535 0.6633424586935353 
0.5457694251220733 1.0887923606313819 
0.41210489124759153 2.2923987436642466 
0.4517674922040281 1.9342685306893794 
0.43537489220674896 2.0817700176856317 
0.44376080694437214 2.0079149966700074 
0.423433700411332 2.1900580970511547 
0.6600008526378534 0.060412698511757346 
0.41210489124759153 2.2923987436642466 
0.5930478532892535 0.6633424586935353 
0.6420595188697837 0.22181677681638867 
0.66664629724833 2.061980418874526E-4 
0.46741518464616455 1.793621416010789 
0.4545221764913112 1.9095628637968782 
0.4512335495027186 1.9443751567305447 
0.4598274921127049 1.8620107216297823 
0.66664629724833 2.061980418874526E-4 
0.4745453405717102 1.7307344048098352 
0.4175393902303317 2.246727751961238 
0.4971577107834481 1.5279973786631498 
0.4890450887546187 1.598628287714179 
0.552759419872916 1.026955680122398 
0.6517256627554285 0.1351104987743028 
0.5175611277835094 1.3422796038161846 
0.554470748743457 1.0100117256850747 
0.554470748743457 1.0100117256850747 
0.6004698239875148 0.5971910624587707 
0.6063145387634389 0.5433374970136281 
0.6294144966365677 0.33596919855512175 
0.4637517776963191 1.82967859466574 
0.66664629724833 2.061980418874526E-4 
0.4019721644321864 2.382553709371523 
0.5684360883723808 0.8863064814104645 
0.47827027069633943 1.6960830154818183 
0.5259179799341646 1.2670847357709023 
0.4351724551142692 2.083683996535129 
0.5399406562180025 1.1405880571587383 
0.4745453405717102 1.7307344048098352 
0.44348512532081436 2.0095075094451476 
0.5050309466881304 1.4559152753838274 
0.6063145387634389 0.5433374970136281 
0.4073801368091814 2.33439410500603 
0.4295989053623049 2.1347518257786127 
0.5259179799341646 1.2670847357709023 
0.43537489220674896 2.0817700176856317 
0.5866117131762222 0.7220457906495471 
0.5848883073000342 0.7366757319798928 
0.4266675085867019 2.1601270714225693 
0.5001567064224146 1.4990834856612798 
0.44348512532081436 2.0095075094451476 
0.5175611277835094 1.3422796038161846 
0.4598274921127049 1.8620107216297823 
0.4971577107834481 1.5279973786631498 
0.5458097445156892 1.0887923606313819 
0.5600393540901484 0.9598682607686384 
0.3931393382076853 2.463034092129274 
0.6420595188697837 0.22181677681638867 
0.6172650777171651 0.4447183590338475 
0.6004698239875148 0.5971910624587707 
0.623908688513806 0.38498531063242425 
0.6600008526378534 0.060412698511757346 
0.47827027069633943 1.6960830154818183 
0.4545221764913112 1.9095628637968782 
0.49893743471816027 1.510568568918915 
0.39912962922973233 2.4132078025463284 
0.48562759551244694 1.6294112015941709 
0.5050309466881304 1.4559152753838274 
0.5785903297500554 0.7930990501187154 
0.52579755356916 1.268156185261501 
0.577726111418275 0.8005500404517811 
0.5600393540901484 0.9598682607686384 
0.48562759551244694 1.6294112015941709 
0.46983551598347517 1.7718551207203823 
