2.2913196007403656E-7 1.0019488512362182 
0.8524614696455208 -0.7721254334340136 
0.8233860685941347 -0.4583391435948598 
0.6525190678379854 -0.45709203343994914 
0.453022507634096 -0.12288186937132653 
0.6184759228413677 -0.1244120298419923 
0.2583198939357598 0.24385747304681063 
0.4095053459527822 0.24060665200077858 
0.18260794257151206 0.6691744118680294 
0.08347768990687837 0.671130002356656 
0.8277695298158141 -0.5419592868697993 
0.0039612898513329275 0.9381678041966897 
0.23968726705989646 0.28550349484001036 
0.25002044428581693 0.2519445166007336 
0.8243606724875914 -0.4771572436317042 
0.4161913690618777 0.15386811645454537 
0.1861296177787763 0.6490012584040986 
0.839853759748267 -0.7129258917587994 
0.008619081641275006 0.9071354643803581 
0.07074944428641901 0.6795353290061619 
0.2128224814680999 0.45674508968855715 
0.8428586884693339 -0.7385746931786152 
0.6388181300445975 -0.3972669220655777 
0.0326525351501224 0.8035602048151359 
0.636271556506188 -0.3744373115866412 
0.43362655353525636 -0.03359422759561634 
0.6264801895298082 -0.24799543129259785 
0.020775420337471734 0.8456438140575857 
0.6283444676758408 -0.2746709653519194 
0.21658565854538153 0.4291299258112182 
0.6295422044799963 -0.29558235989585724 
0.05552158463773216 0.7127360258261378 
0.20217685364705484 0.5375555533260796 
0.8468269067820784 -0.7572681355002435 
0.8372627358170137 -0.6843138745218655 
0.6237935438833566 -0.20878965877277234 
0.8320710504445805 -0.6144881176662753 
0.6201289682648192 -0.15298022409976572 
0.8291052501403099 -0.5656865717921591 
0.015279107168289646 0.8717027654209604 
0.4183238449275587 0.12764822814814783 
0.41314249981936435 0.19276615980377856 
0.20521239649400208 0.5145291198957265 
0.19077836461257347 0.6197024308593492 
0.19235778740375375 0.6155679588467388 
6.959916313069442E-4 0.9760778365438866 
0.1959351899813534 0.5840621764988904 
0.6247764406258697 -0.2277083304709457 
0.0642242028324489 0.6905458795833255 
0.2317962312718615 0.32617250779530454 
0.038234471821282374 0.7703344423312486 
0.4234800281128272 0.06608436755860947 
0.22833722345532903 0.3472078943568265 
0.43823623356495894 -0.062391899535204964 
0.2250600780273576 0.3764537970414734 
0.2194079621085621 0.4174404529103623 
0.44605774837084716 -0.10882375855495552 
0.8340060657890472 -0.643253030700073 
0.23579615883382482 0.30345872439736543 
0.4283574016165737 0.016366367699818755 
0.6418738876378043 -0.42119940931066896 
0.05017325659610514 0.7328840686267529 
0.06099192176738555 0.7029688386518023 
0.8360404859336733 -0.6702504110796467 
0.43601500642180735 -0.053263085537263215 
0.011747824783616172 0.88917436947211 
0.026538391401849548 0.840909813910673 
0.8303340746055 -0.5851892888496015 
0.04357054324632151 0.750650734601752 
0.42555600005556765 0.043121035185564545 
0.22739764871006007 0.35970180727621165 
0.6219602885266995 -0.18138937561357715 
0.6316349069804167 -0.3203013829034311 
0.8311204115601046 -0.5990642877840988 
0.421761647244435 0.0864183730893869 
0.44200021323800615 -0.09109297889044199 
0.633847107810032 -0.3483537166110764 
0.8346156628817487 -0.6510147920872548 
0.622077504326621 -0.18282319289286156 
0.6340904852948743 -0.35108710903965873 
0.2337812410939069 0.31481178586266945 
0.41981675804962815 0.11032907729833871 
0.4288570181318682 0.008750430472549794 
0.4409626902118855 -0.08563254291012325 
0.2103428100868136 0.475609064061704 
0.026898645433247992 0.8172363997942804 
0.03631329979977421 0.778755940283621 
0.4492613780869545 -0.11782393336058161 
0.19989615957852558 0.5554694650968218 
0.08347768990687837 0.671130002356656 
0.20985431473751337 0.48063812148697765 
0.43077388777467585 -0.009324487394789714 
0.22098401100297274 0.39636305986482573 
0.41114369785479987 0.22021125901254462 
6.560048362280191E-4 0.9769325596851925 
0.42530991166973486 0.04627358258209089 
0.19945392948123555 0.5604255439878418 
0.20792889424842825 0.49899181886517985 
0.6193387038268995 -0.13762773885994103 
0.048144815177476125 0.7381272180787262 
