-15.30016326507926 -8.95112463563106 
-16.73318920952213 -4.707151186028901 
-16.504989840205972 -5.806821563964408 
-14.780971911391374 -11.01786679634889 
-16.509900087430374 -5.7831024230411225 
-16.595726957938425 -5.364134821375819 
-15.067642151149322 -9.934781433819435 
-18.034874404820123 -3.7547948515263228 
-18.655448509709295 -1.0662546792262426 
-18.492924406550458 -1.740162122676774 
-15.386427506289266 -8.604793599226436 
-15.2674184690261 -9.087928362535118 
-14.879582107472487 -10.680811685833321 
-14.726997925683403 -11.177493214310488 
-14.601262138575201 -11.470228024478395 
-17.950055216489567 -3.8740343590994715 
-16.55318437472728 -5.572320490914272 
-14.535121690708504 -11.567324733136603 
-16.310035646293336 -6.693097339923472 
-15.374559452432964 -8.64922121789932 
-18.57346081972043 -1.3890149748657397 
-14.604636369207292 -11.463167482025955 
-18.492924406550458 -1.740162122676774 
-18.168282386020667 -3.2899961428811113 
-16.114663856608676 -7.392625821368341 
-18.280801603887078 -2.765201769617247 
-16.242142515448943 -6.965660301517086 
-16.233426260695637 -6.998389002438057 
-17.98053653827553 -3.8522762104742996 
-15.93259518270219 -7.732029385782683 
-14.988827933028738 -10.259258631393648 
-16.077598882292673 -7.491200534800283 
-16.63951296280542 -5.1463800508727875 
-16.20880933947284 -7.0887559587828886 
-16.44449763629161 -6.094138718125251 
-18.674846863975283 -0.9948988025581025 
-18.2337681763478 -2.992301823594694 
-19.999770706444533 8.990089114552806E-4 
-17.948072048765614 -3.8745330751386686 
-18.316853879026993 -2.586691549220951 
-18.19462891599015 -3.173317122947974 
-15.157830975633736 -9.551623457399579 
-16.138797489695694 -7.32172031833481 
-15.341699225991034 -8.782463169977635 
-14.636111592694403 -11.402998618518257 
-14.765818109665616 -11.065031108972837 
-15.987803643837962 -7.669435646951821 
-14.518385598392198 -11.585544491660023 
-15.219696567304858 -9.289049812932891 
-18.62017141025776 -1.2005608753123387 
-16.042949496077803 -7.5710198753592755 
-18.05397042024729 -3.7053452037612953 
-16.159733130382165 -7.255936470673701 
-18.080016130266856 -3.6270701519871253 
-18.137313607068183 -3.4187983335697885 
-16.066847686357185 -7.517505498033903 
-18.442849948712457 -1.9728462388597523 
-16.407585299916562 -6.265189268332815 
-18.022526073719884 -3.7828815257630914 
-15.956011001431303 -7.7107347386042075 
-18.39522415468961 -2.2019210550977615 
-15.053246133065796 -9.994943468177073 
-14.671302436468135 -11.323244787203203 
-16.285058353400103 -6.79502306162634 
-17.986615563147577 -3.844899387846575 
-18.110837665558485 -3.5205258955127965 
-16.383672490735748 -6.373695655831753 
-17.955915757772832 -3.8718978120366336 
-14.469903900924484 -11.619528882193647 
-15.111782059342065 -9.748601462326558 
-18.530444006194436 -1.5726899531260807 
-14.941058515185743 -10.448823246192054 
-16.337831745484138 -6.575596802228825 
-17.962339577806436 -3.868432230478238 
-15.202207402303792 -9.362724178417313 
-18.362208770181255 -2.363356329866309 
-16.009787270495615 -7.634483166982928 
-18.005069914606658 -3.8168165364182505 
-14.851301440907186 -10.781490802406587 
-16.593440307688635 -5.375415053918022 
-14.918176917779473 -10.536823087776888 
-15.010882987874613 -10.169694194938561 
-14.69147482021583 -11.274101675407081 
-14.552301309097114 -11.546322978928707 
-14.511530874542368 -11.592348390905059 
-14.812483898456009 -10.915618009613548 
