-1.0737734185221728 -0.7996929565644377 -1.0750244865349519 
-0.9795053299632385 -3.4304787599619565E-5 -0.805391852655325 
-0.964753233930648 -3.230212804731188E-5 -0.955945881530969 
-1.099209029892946 -1.036671123134517 -1.1019991819626387 
-0.9617764873091923 -6.001586862690031E-5 -0.955945881530969 
-0.9275121448913566 -6.114819795462903E-5 -0.9383639742102008 
-1.073561627863933 -0.9223371364414776 -1.0750244865349519 
-1.0939189044611497 -3.440650625261165E-5 -2.0301607884510054E-5 
-0.7219338709799423 -3.5819818296003844E-5 -1.845268245339621E-5 
-0.8167110552908599 -3.57917930277896E-5 -1.8498422231568995E-5 
-1.0725558081930584 -0.7555159979475634 -1.070830216537609 
-1.0654658508917245 -0.827926540517231 -1.0673154711757402 
-1.0875582921114035 -1.0008778301628611 -1.0894409545852126 
-1.1143235473451767 -1.0496950842886938 -1.1126053564346225 
-1.1238288791683544 -1.1008132024560242 -1.1237667768190636 
-1.1469801715417491 -3.50519155253778E-5 -2.025610251368315E-5 
-0.9362199342449602 -7.408156487040644E-5 -0.9553361403086407 
-1.1392212776669655 -1.1215231106546848 -1.1313099778679558 
-1.014561360654117 -6.038674518769953E-5 -1.024960756892228 
-1.065044538900145 -0.7716473034328151 -1.0647663823683993 
-0.7695210935174449 -3.576695206527339E-5 -1.8498422231568995E-5 
-1.1205924887105136 -1.1008132024560242 -1.1237667768190636 
-0.8167110552908599 -3.57917930277896E-5 -1.8498422231568995E-5 
-1.0115826711277993 -3.506003891611817E-5 -2.019111420370155E-5 
-1.0777281734402473 -3.324940073684557E-5 -1.0822990455973787 
-0.9431738360218711 -3.58198183332861E-5 -2.4999665827553193E-5 
-1.0397784387947466 -3.573101924729466E-5 -1.0414518923111058 
-1.041657539070765 -6.0251229150736516E-5 -1.0449410732472089 
-1.1278480218844797 -3.4419938107345633E-5 -1.8926431854925607E-5 
-1.1358720122803376 -3.410307215384654E-5 -1.1377806812805757 
-1.0842576047397239 -0.9531376417934139 -1.080259084293873 
-1.090185293646494 -5.9622229887545767E-5 -1.0928685050129379 
-0.8827610868851625 -6.114819795462903E-5 -0.9570358198182468 
-1.0523714132154378 -6.032184014938969E-5 -1.0494029511771612 
-0.9747828458543618 -6.057410725897443E-5 -0.9826336570777666 
-6.63265843412475E-5 -3.4406589915467856E-5 -0.7107009662697648 
-0.9716584863847889 -3.4304787599619565E-5 -1.9850199574279603E-5 
-6.63265843412475E-5 -3.4401271447650895E-5 -2.0272623348705764E-5 
-1.1482284992363136 -3.4363088223027777E-5 -1.998923849565402E-5 
-6.63265843412475E-5 -7.491073603617634E-5 -0.9213849427838747 
-0.995452311609155 -6.105470092368104E-5 -2.0272621233609512E-5 
-1.0776490887609569 -0.8765865456783304 -1.0697176420648604 
-1.0725691664093346 -6.0548474976913104E-5 -1.0724920151031423 
-1.0725558081930584 -0.7799433285243325 -1.0716491125695113 
-1.120301863706546 -1.0855439734199122 -1.1237525357953568 
-1.1016121716573137 -1.0414658829416055 -1.1046519299581803 
-1.1236259797118262 -3.2632640679919675E-5 -1.1154385135823002 
-1.1433426658421706 -1.122963572680096 -1.140529439046249 
-1.065044538900145 -0.8525588980582717 -1.0687824531129444 
-0.7423538730256574 -3.5819818296003844E-5 -1.845268245339621E-5 
-1.1007618825383285 -3.357786084895122E-5 -1.103866640663001 
-1.082051965442148 -3.249109279356666E-5 -2.0273274145536442E-5 
-1.065338948798487 -8.70718672380318E-5 -1.0667584929092686 
-1.0659060389564103 -3.50511203435738E-5 -2.0221758492566107E-5 
-1.0305754466752777 -3.483621421958676E-5 -2.023557368207248E-5 
-1.094483947806347 -3.440650625261165E-5 -1.0952588255671882 
-0.8462777252323932 -3.5210604790790524E-5 -2.0272679257651162E-5 
-0.9874082215247324 -5.693559335018189E-5 -0.9924783341512617 
-1.1016105386575659 -3.451218146851991E-5 -1.7450795259286274E-5 
-1.130025530557583 -5.6919686589765444E-5 -1.1289410256367929 
-0.8745629307569178 -3.441597897199048E-5 -2.0272679257651162E-5 
-1.0745282526517193 -0.9290987905038772 -1.0750244865349519 
-1.1205924887105136 -1.0734167889651003 -1.1134854102412226 
-1.0354351135120623 -3.6756757151269076E-5 -1.0194202247159074 
-1.1240399190033101 -3.5263603536329574E-5 -1.8935223733156826E-5 
-1.0468701266532805 -3.4733687986073196E-5 -2.0272623348705764E-5 
-1.0003877301508566 -3.423499176903217E-5 -0.9940844000302955 
-1.1432957089734037 -3.506003891611817E-5 -2.025562013566013E-5 
-1.1478378710889028 -1.139583281238946 -1.1502192231492223 
-1.0725558081930584 -0.902332440728757 -1.0716491125695113 
-0.7946715815354497 -3.4412824664746235E-5 -2.0272623348705764E-5 
-1.0837806331506983 -0.9760018071073682 -1.082751159218338 
-1.0091318463238708 -6.105123532856785E-5 -1.0133579333993175 
-1.1392624868811128 -3.451218146851991E-5 -1.7521907241424514E-5 
-1.073506935360101 -0.8525553043300191 -1.0750244865349519 
-0.8942363714982315 -6.05516702162818E-5 -1.9563619196982407E-5 
-1.1151641518516033 -8.70718672380318E-5 -1.110157433926792 
-1.1124994446734742 -3.5084853305416565E-5 -2.0272679257651162E-5 
-1.088705600403274 -1.0134797273332297 -1.0908987208596528 
-0.9288886955900976 -6.114819795462903E-5 -0.9383639742102008 
-1.0842576047397239 -0.9835777838124441 -1.0892405151673539 
-1.0770860970590252 -0.9449693615226438 -1.082206654870887 
-1.1132941332487905 -1.0678451522678643 -1.1124384791809847 
-1.1392212776669655 -1.1131031156946787 -1.1313099778679558 
-1.1433426658421706 -1.1263286680846438 -1.140529439046249 
-1.099209029892946 -1.0210623050170626 -1.1020288138403542 
