0.05219544136881716 0.7195583376154782 
0.8486602779938519 -0.7690471576142295 
0.036863705652469936 0.7744095147122727 
0.6515602667419416 -0.45787100822168986 
0.24152649848911306 0.2756435536429947 
0.6294813164917208 -0.2964769051770309 
0.6519173557973494 -0.4580536901255831 
0.6386655238524479 -0.3976950349989002 
0.07966415218755385 0.6703539258187489 
0.07064731789150086 0.6780035364697908 
0.24858184193682942 0.25318523173292573 
0.8503000457164204 -0.7722934729309572 
0.0591422777963059 0.7002277605698088 
0.8491491313901557 -0.7702568821845694 
0.07206160587991528 0.6762399856009582 
0.6478129595537557 -0.451059419149393 
0.07518296631716362 0.6730685550060523 
0.047189597113409754 0.7358996325687748 
0.05461599556040738 0.712438035356951 
0.45336705565356683 -0.12403971646362091 
0.4361037434698121 -0.05538127213509255 
0.6365255372724348 -0.3780285275368568 
0.21251335815484834 0.4577083820725902 
0.8447672214290424 -0.7524014405572234 
0.2326321996960707 0.31892910497377003 
0.42813478575458014 0.01477024739520146 
0.43879269715933955 -0.07416496392066005 
0.23473070845162378 0.30736329644265725 
0.8470422499604805 -0.7636377682286835 
0.43115059109789555 -0.014193404140209896 
0.2463106579390764 0.25913987458260057 
0.01908704592992949 0.8512382357002414 
0.252596880911166 0.24574708427354844 
0.22322520984458016 0.378868604706596 
0.8343565597206232 -0.6489511820975463 
0.6422605231770793 -0.4246856693715238 
0.009181953122922915 0.9017163208703255 
0.42172437616202796 0.0847086611308687 
0.2573247045444701 0.24229793304624625 
0.2510075149582479 0.24820132568729428 
0.08102787074814521 0.6699822966979654 
0.6341996168816024 -0.3539180606911871 
0.03341898403750687 0.7883851885678098 
0.0684728150869009 0.6811943241934685 
0.21977189736237732 0.40337483144510955 
0.44432239136100016 -0.1037240127563146 
0.07589582346482623 0.6724893292456668 
0.20554310401076661 0.5111618670070821 
0.20717552185725388 0.49869434916388405 
0.4531485485913891 -0.12399831650640603 
0.8427458088555302 -0.7389013312598843 
0.8410746810035309 -0.7252428681260676 
0.022730526993259628 0.8344358081662145 
0.6490173260203725 -0.4541888631241095 
0.4253157307739204 0.04423192591153748 
0.2566064817823405 0.24244798777184542 
0.23814759173552796 0.2903035303111137 
0.007370549368779844 0.9126082743994189 
0.4516298068457432 -0.12295205525560712 
0.8515219446328834 -0.773256231986157 
0.2536161581732128 0.24452947617151446 
0.04083814037218825 0.7589012044741931 
0.2001319324316147 0.5519411826742083 
0.24387371112197276 0.2669286387362013 
0.4529981384505677 -0.12393624410746891 
0.01417256998509509 0.8749941993969822 
0.6321664868962984 -0.33049412005687867 
0.06320901710732504 0.6908759928007737 
0.02801487146247844 0.811215529993937 
0.07855940522213953 0.6708393563113 
0.22708862132633134 0.35286912511873514 
0.0659273990317595 0.6855557418315635 
0.8508978537499543 -0.7729190989805639 
0.6408860920184207 -0.4152037104937562 
0.6452504194227372 -0.4411690121384733 
0.6468907817241591 -0.44798658515453144 
0.2288508031036998 0.3415925117774309 
0.6498808630858903 -0.45589919167552756 
0.216081175388783 0.4306900528433699 
0.8460722403746817 -0.7593661611809024 
0.8480237916637008 -0.7671989670866707 
0.2553088871290664 0.24304559849611035 
0.8364080372349016 -0.6757689903197045 
0.8389911071839622 -0.7051673718264387 
0.4492550099863879 -0.11927577571622353 
0.0466768078424668 0.7376758355365626 
0.4339052988058304 -0.03813068331670106 
0.2557109630638682 0.242814276332596 
0.001283846810059528 0.9643046302783461 
0.0026469022108322245 0.94849468334493 
0.44036802898159805 -0.08373959216343219 
0.4500731400128887 -0.12079179104183724 
0.4473653775984866 -0.11455370062686134 
0.445958951736554 -0.1100548701494887 
0.6507357311719868 -0.45711637220593065 
0.6441080218554789 -0.4355433679784963 
0.8374657606179092 -0.6884048616037086 
0.4426787191273682 -0.09623045080981711 
0.4509002023775057 -0.12211355113154268 
