0.07353600836398959 0.674610319339882 
0.8378681333754293 -0.6930292545270105 
0.8451330906753975 -0.7545190344903425 
0.23146850558228593 0.32563864692998135 
0.4527224378363613 -0.12383145684531573 
0.04082693032314866 0.7589275442164366 
0.451772880864317 -0.12313875042306707 
0.01634846860231534 0.8642308746076552 
0.07054804518475088 0.6781436897587321 
0.6483982253403139 -0.4527469184952517 
0.026639817367472507 0.8171060298620357 
0.24419958570418016 0.2657534303047934 
0.08077678574872274 0.6700094109507228 
0.42589031538069855 0.038036068004350616 
0.011227444874818249 0.8903072986127931 
0.24892124033087995 0.2523867861157283 
0.44088626063261643 -0.08685557369797552 
0.4444092759658218 -0.10411330179389817 
0.049591264359751586 0.7278824885262346 
0.019831115781677316 0.847701630792923 
0.08122030014222259 0.6699229862819109 
0.20717386307957364 0.4986139364493791 
0.6315361786411284 -0.3228361039779412 
0.21703799941155286 0.42351946971062915 
0.20859131401799047 0.4877719625626779 
0.6371179357449412 -0.3837430194395276 
0.07536050350245779 0.6729038674791362 
0.44941245893300275 -0.11962914713261912 
0.044622979083679876 0.7448870411503019 
0.0690983816378325 0.6802172373413583 
0.8512419740693187 -0.7731753521822352 
0.8491436088194431 -0.7702830456017401 
0.4234819347820073 0.0645101518549358 
0.847566846580907 -0.7656696405529411 
0.2127952959617634 0.45555521599111126 
0.8499106809946932 -0.7717702941595737 
0.4478659684937528 -0.11600815866703323 
0.6518493229416092 -0.45804972389221144 
0.846238771260945 -0.7601918652202374 
0.06618748252182571 0.6850520404142347 
0.07659423855676681 0.6719608388349466 
0.4532549930955695 -0.12404138629659354 
0.06140561395566549 0.6948087362576216 
0.42868194410290844 0.00925749240332618 
0.8356366496134515 -0.6660448922251035 
0.028789307853335777 0.8078201399776818 
0.4338362229995617 -0.03766178550517989 
0.06323085249907826 0.6908016446984138 
0.8438181938399741 -0.7464914726308899 
0.8401977599985664 -0.7172504998402401 
0.057307658060604894 0.7049394620536323 
0.03226335986408352 0.7931011818187477 
0.6453684119197868 -0.4418401150580691 
0.6389769388369105 -0.4003226655411995 
0.4394182933319565 -0.07814726502394803 
0.6503813396837687 -0.456737533070411 
0.22273647633928495 0.3822353424085893 
0.6433505391046268 -0.43135858708003716 
0.6418671685674552 -0.4221119256686234 
0.2466299523399265 0.2582292790815546 
0.004910160507641086 0.9293172320911909 
0.23634771675772262 0.2989972933797924 
0.257402430223979 0.2422475493164208 
0.4358246044076163 -0.05342589395999896 
0.2518589815035667 0.24678507181575307 
0.6495650420332346 -0.45538182331884075 
0.6469583924810193 -0.4482501936689391 
0.2331140886771173 0.31620190569823464 
0.6512177241040449 -0.4576502350041589 
0.8480716604613348 -0.7673610774724414 
0.4507342837877559 -0.12189054296311119 
0.22746128130991722 0.3503887853731097 
0.21985391743767008 0.4028092105326993 
0.44705665445324366 -0.11369176576704758 
0.24012001915030076 0.2814500234626532 
0.6360564716261597 -0.3734755573265613 
0.2504631514755475 0.249196813000698 
0.03838842007264254 0.7683197346938191 
0.6334365714821208 -0.34542316537272555 
0.07885222753536765 0.6706877590172745 
0.6523910528142308 -0.4582038678390236 
0.25426088993512513 0.24384687764915783 
0.4435692053836322 -0.10047933952497466 
0.8424132694516117 -0.7363489364300091 
0.4304490104790332 -0.007783725160814761 
0.053734529362792244 0.7149545089599865 
0.008249097999490002 0.9072138351965204 
0.2424920008429591 0.2718955177674354 
0.8504713029301738 -0.7725148365431048 
0.257402430223979 0.2422475493164208 
0.2559036553141466 0.24270295752458249 
0.002072145911643966 0.954449669634496 
0.2535973923373558 0.24453439713151764 
0.6472801046008303 -0.44937672944356016 
