1.5429162345328984E-8 1.0014365418320037 
0.8514405871279769 -0.7722338786241181 
0.8234163249099592 -0.45895121826852364 
0.6531962474419376 -0.4569131635472097 
0.6185322746829335 -0.12576923855674896 
0.45335411118985425 -0.12323558624778648 
0.25851922337958183 0.24346590756510147 
0.40943298475729695 0.2420643859108242 
0.1824900249524114 0.6699381024261366 
0.08399330683949094 0.6709645942013012 
0.1974243777233221 0.5733810367435997 
0.440223858285384 -0.08190126906317935 
0.1926202833345999 0.6075002299058059 
0.20118975946888595 0.5458284372470279 
0.44597626749087094 -0.10685640974087132 
0.027913163472014196 0.8128209622687211 
0.8457661887779542 -0.7567532765183637 
0.8275629183354793 -0.5388166279873557 
0.8243676825197657 -0.4781027552580563 
0.8261358361186173 -0.5123438345668649 
0.4191158209005307 0.12536326156024488 
0.2043585080991906 0.5220064568706675 
0.8318867366288432 -0.6115065619000067 
0.8420522387702689 -0.7324169912552408 
0.4284120700024986 0.013259304642971854 
0.0717843924926454 0.677937342847808 
0.21806152648174587 0.4178060332977728 
0.4254611638077561 0.04388711545166629 
0.4363294795365855 -0.047433189268870905 
0.2141065013405001 0.4470967195102137 
0.6458850809679281 -0.44306320690641104 
0.06288162836362327 0.6937395660298219 
0.040549277092102376 0.7622063462428602 
0.8300776683052311 -0.5826149873123987 
0.6278604380419508 -0.2727585756954464 
0.18927689967047534 0.6291289819412809 
0.012025760059815926 0.8872868488519191 
0.4156217239741915 0.17663228813745616 
0.015818477863528746 0.8732262698787709 
0.03230352434317953 0.7988426826850584 
0.41065088072126554 0.22631394037430186 
1.4103805044841933E-4 0.9896139980275084 
0.6292207109830887 -0.2913639550804708 
0.42072252205230487 0.09788311418065873 
0.05497376867384657 0.7130838167757363 
0.8382291176552593 -0.6959662468812313 
0.41677555639641295 0.1465492573251151 
0.6261433799369013 -0.2486090885629735 
0.8339917376928805 -0.6347093364071071 
0.018697656468315477 0.8545705327228417 
0.0039829658437615136 0.9384385045426942 
0.42430224581416187 0.05658915320473274 
0.2102384637263393 0.47674671310968947 
0.046464976494298926 0.7544619911564283 
0.24010076449710205 0.28299885536654756 
0.6203063576283043 -0.155619347780662 
0.4315958380130998 -0.017394472661246545 
0.02229691928877975 0.8380168586684578 
0.1869364210661768 0.6438559145874704 
0.22443895986468274 0.3716303067919784 
0.2236429068516435 0.39126519352009076 
0.6229865079319492 -0.19955846044133557 
0.6307822355337734 -0.31199539839888213 
0.059957841488475605 0.7039231466977501 
0.8343527853266532 -0.6478726079059558 
0.638266547729785 -0.39276741663899994 
0.63725230232734 -0.3834293507933471 
0.6238691185095032 -0.21354371795366342 
0.0017833788659095962 0.959370423056773 
0.4230917128439072 0.07941819858319456 
0.8358834075615845 -0.6679303305981159 
0.6405721897395187 -0.41209308467575706 
0.23605610843460417 0.3025692780121407 
0.6189971938796899 -0.13338765631190508 
0.840029462586531 -0.7146294036476101 
0.20748436993908512 0.49760271305903453 
0.04997996968838847 0.7280231205206648 
0.6352983076068388 -0.36346037596693875 
0.4156812781878674 0.16080775750550225 
0.6217797022242595 -0.18011486793873085 
0.41250537151035127 0.2016988063415336 
0.8303799732130284 -0.5875418808762191 
0.45220931837289885 -0.12264560178941669 
0.22903684936720364 0.34209819212085246 
0.2435255034621035 0.26931253029267027 
0.20680127374680873 0.5027002177343768 
0.43321256819633613 -0.03137324666315972 
0.2346250699833673 0.32614098657213814 
0.035425001019755376 0.7817200127484605 
0.24772136147761797 0.25710865242362624 
0.07799663395539626 0.6727397289673763 
0.6332653675029078 -0.3419191133431552 
0.8271181039908327 -0.5295354622235088 
0.008599262280018671 0.9062441141619583 
0.41245917040206437 0.2021392981988998 
0.23128840332928452 0.3287887889106406 
0.6518209777535418 -0.4568889431789187 
0.6425786033524044 -0.425263294997983 
0.25123778735486046 0.2488852244992048 
0.2352091797226692 0.30635684324541607 
