-18.273697348311146 -2.7987201319955903 
-16.46801351644517 -5.974624502493462 
-16.472514908871545 -5.960004900860744 
-14.707402215664054 -11.23259291051884 
-15.43904400945428 -8.40418646932186 
-16.160022442710364 -7.254413917708214 
-14.927884306749416 -10.498893501158594 
-18.591097534433505 -1.3152052591642946 
-15.02989935747162 -10.091626717790467 
-15.993788795476107 -7.656830691854589 
-19.999497572793373 8.99394389246059E-4 
-18.19922703435185 -3.150289774802249 
-15.9561121712111 -7.7102479619372595 
-18.030646939957062 -3.7639221137723955 
-16.00023615227931 -7.650613712154864 
-16.42251861596568 -6.196070693249977 
-18.191453826266347 -3.1867761530276177 
-18.24111231041061 -2.9561060242455874 
-16.223317432919316 -7.035623932004924 
-16.370266062796496 -6.43292076490275 
-17.994856088938494 -3.832620017197784 
-14.901843683739136 -10.59859152390418 
-15.244658641441102 -9.182850658934095 
-18.591097534433505 -1.3152052591642946 
-15.221646741897787 -9.279896100191694 
-17.961682515828258 -3.8682168278139657 
-17.986614418241032 -3.8440658754457115 
-18.345785069776586 -2.44346783271289 
-14.708332647718683 -11.229947561432319 
-18.048471888177957 -3.7192903234147594 
-18.37554366011166 -2.2965288861366084 
-14.977030692444188 -10.306204499533449 
-15.43904400945428 -8.40418646932186 
-18.551439281390607 -1.480572726052177 
-16.02094925502254 -7.614482074743174 
-16.10615088877332 -7.41572560828177 
-18.42623416978221 -2.050637768064461 
-16.664821777267267 -5.015612047514737 
-15.128128703695994 -9.678680457177274 
-16.07534246327645 -7.496224226804044 
-18.300346394335556 -2.6676433744152246 
-15.311107033054817 -8.906108462660846 
-16.55150827167286 -5.580601959451247 
-16.322725043895023 -6.639748475568192 
-16.192110672053367 -7.147365732439504 
-17.97817513649025 -3.854074390844526 
-18.089920434251088 -3.5933501855395042 
-18.0137846990188 -3.799866831986207 
-14.62510555756205 -11.425665245003348 
-15.925221437985982 -7.736567025644116 
-14.825867263663195 -10.870644403148152 
-17.965750954274323 -3.86545179153091 
-18.491476054395083 -1.7444593908466537 
-17.94902166973347 -3.873774503429685 
-14.860984914896239 -10.745782827745845 
-14.508393780880603 -11.594788916956364 
-15.079469708417294 -9.885038302111255 
-15.370074010242933 -8.668810560544118 
-18.116321859342257 -3.4989677877975356 
-18.642042834999707 -1.1152454483052214 
-15.141393780556612 -9.622190197156517 
-16.518521097791623 -5.740086351164345 
-16.1238409999824 -7.365869931478205 
-16.603980349200583 -5.32295719249842 
-14.463188365727234 -11.620766889496917 
-14.587196458008322 -11.494736579660366 
-16.258890470788177 -6.900131007997304 
-14.733592368924695 -11.160237049514484 
-16.05079403620104 -7.5520025044629975 
-15.286254233356317 -9.009440624416847 
-16.631022928952966 -5.1883309685408605 
-18.14138056958044 -3.401186237424412 
-14.494220865639768 -11.605950572230052 
-14.552684223572179 -11.547018408948624 
-16.289234273124542 -6.779326736895935 
-18.06998929207422 -3.6575074191476613 
-14.825867263663195 -10.870644403148152 
-14.939701834660296 -10.454116426251694 
-15.191042284310656 -9.410750535780156 
-14.623883579303417 -11.428245009542481 
-15.03273950917389 -10.079657949429567 
-16.351383608188684 -6.51651024758516 
-14.682502892779691 -11.295522632998686 
-15.978584850092144 -7.6825366207666965 
-17.954007063560773 -3.8721444730742713 
-14.775426356411678 -11.035373847394233 
