1.4117679486616841E-5 1.2484142494178404E-4 -0.9473661660594925 
-0.9455450699557882 1.492109149365366E-4 -0.9977144776117604 
-0.9581834605110824 1.488629120981637E-4 -0.982235889304078 
-1.11103388565348 -1.0606091562919935 -1.1135471049980903 
-1.0760506158935637 -0.7192389927313734 -1.0757428237711872 
-1.0629871035538585 1.3575730292001006E-4 -1.0689329636230929 
-1.0820969228494253 -0.9837984838336268 -1.0822200301430367 
1.4117679489835445E-5 1.3474777664339513E-4 -0.7591352698840699 
-1.0768458156590768 -0.9398762026693482 -1.074537651919264 
-1.1256735713778172 1.4931794647094127E-4 -1.109657504049383 
1.4117679489835445E-5 1.2521062147610685E-4 7.312002829759783E-7 
-0.9924894742357271 1.494469204436552E-4 1.236397507198599E-4 
-1.1294548520998096 1.347442719509866E-4 -1.1294482268498693 
1.4117679489835445E-5 1.2521062147610685E-4 -1.096443107895249 
-1.1160881873126296 1.493527197192451E-4 -1.1151997512159924 
-0.9885774104724218 1.3473183428942145E-4 -0.9822125387398984 
1.4117679496292111E-5 1.2521062147610685E-4 -0.9973146652986931 
1.4117702849178752E-5 1.251930853063196E-4 -0.9670959657391588 
-1.0454384506111436 1.4217198064907731E-4 -1.047388905012084 
-1.005741179538078 1.2544449171258317E-4 -0.99691898860375 
1.4117679489835445E-5 1.35093377396974E-4 -1.1187638365047419 
-1.0878978952540497 -0.9883080066637939 -1.091811691491836 
-1.0755558327548864 -0.8305820464131404 -1.0719831671940143 
1.4117679489835445E-5 1.3474777664339513E-4 -0.7591352698840699 
-1.0764542203878709 -0.8422977939410567 -1.0719831671940143 
1.4117701996780054E-5 1.3475813633697934E-4 -1.1395535332614826 
1.4117705419352714E-5 1.4792091143963598E-4 -1.1239046957933794 
1.4117679489835445E-5 1.2598682660387288E-4 -0.9039904102059544 
-1.1097307212088872 -1.0606091562919935 -1.1139752508646945 
1.4117679489835445E-5 1.3509286693119427E-4 -1.0853454692876683 
1.4117679489835445E-5 1.4931794647094127E-4 -0.8861664334798252 
-1.0764087015595256 -0.9623175863342428 -1.082358100216122 
-1.0760506158935637 -0.7192389927313734 -1.0757428237711872 
1.4117702849178752E-5 1.3480763360449957E-4 -0.7822689237722444 
-1.1089353305782113 1.3447779924106825E-4 -1.1094154576266697 
-1.085298386167101 1.4825665820053648E-4 -1.0800133075573544 
1.4117679576058864E-5 1.3485562410099982E-4 -0.8560147694172574 
-0.8174043401331759 1.249569452729187E-4 -1.0087487274213656 
-1.0764542203878709 -0.8907502350668828 -1.0730111485579783 
-1.0900232719383633 1.3496168332868718E-4 -1.0944346800649074 
1.4117701483792685E-5 1.480608408830241E-4 -0.9312600299656235 
-1.0745682830487626 -0.7934826390064411 -1.0745371779879271 
-0.9504586208907054 1.493527197192451E-4 -0.94209526925164 
-1.0184368357962594 1.4337634958078637E-4 -1.0133040835058391 
-1.0565560809372534 1.347367024117216E-4 -1.055525409873893 
1.4117679489835445E-5 1.4932627094488697E-4 -1.129188930011121 
1.411767960435577E-5 1.2521062147610685E-4 -1.0596752279052073 
1.4117679525988332E-5 1.349603840565714E-4 -1.1069404014846178 
-1.1213863816372118 -1.0902747036935023 -1.1239739036293637 
-1.1385310419653618 1.505952662889109E-4 -1.1397506838858795 
-1.0955263068136518 -1.0207205236373067 -1.094014439922882 
1.4117679476206303E-5 1.3475813633697934E-4 -1.1369992610174404 
-0.8174043401331759 1.2482728799495673E-4 1.236397507198599E-4 
1.4117700797180222E-5 1.3465631286099124E-4 -1.1475108305339337 
-1.086557587667516 -1.0118105350662256 -1.0872499614406628 
-1.1396304459541906 -1.131123985683645 -1.137790950677401 
-1.0763497599100071 -0.9158563839480023 -1.07299730955956 
-1.0745682830487626 -0.7606832622374884 -1.0745371779879271 
1.4117679489835445E-5 1.348328190784514E-4 -1.0433730348303494 
1.4117679489835445E-5 1.3508186693433338E-4 -0.7295733274114925 
-1.0748148161684938 -0.8837829123389579 -1.0747894269826783 
-0.9455450699557882 1.492109149365366E-4 -0.9669781896111491 
-1.0759003500441242 1.3485476791924437E-4 -1.0784328480045349 
-0.9379863653017189 1.493662374122136E-4 -0.9229232242434032 
-1.1464175623088362 -1.141451145686224 -1.154468155096167 
-1.1275801063977031 -1.101019419371672 -1.1330832965298554 
-1.031340387219986 1.1186935313234536E-4 -1.039587086009833 
-1.1057446560554063 -1.0527560512755394 -1.1092237275367274 
-1.1047566472842332 -2.1465767534657778E-4 -1.0949876079385694 
-1.0682562016782657 -0.8171175964346666 -1.0656251274069335 
-0.9504586208907054 1.493520908367955E-4 -0.8943236227668416 
1.4117679496292111E-5 1.3485476791924437E-4 -1.0279600709160088 
-1.1424568956253203 -1.135402054039362 -1.14023995742706 
-1.1346286283940112 -1.1141253391596848 -1.1335318796100715 
-1.0269945299951984 1.3525501762099465E-4 -1.0252841783598052 
1.4117679489835445E-5 1.3474476279755725E-4 -1.0719968004496232 
-1.0955263068136518 -1.0207205236373067 -1.094014439922882 
-1.0864469190042594 -0.9729044841741099 -1.0868691709391782 
-1.0653200204510205 -0.8659153810618763 -1.0711965777287824 
-1.1228087993819589 -1.0902747036935023 -1.12371650783886 
-1.0744296834809153 -0.9398228741086997 -1.074537651919264 
-1.005890267000481 1.254111729474526E-4 -1.0083075639198036 
-1.1139631416782856 -1.0732426163134563 -1.1098576148744308 
-1.1199413195274948 1.4955067051277627E-4 -1.1248888314750563 
1.4117679489835445E-5 1.3485476791924437E-4 -1.1443758183461537 
-1.104655656944857 -1.0351065503741288 -1.1046416317123884 
