-15.029254124544153 -10.085350138285744 
-18.3414543147924 -2.462421499495013 
-18.92631529341054 -0.24279307995493035 
-15.143670560012197 -9.55976511225154 
-18.426995064579668 -2.0363796248999324 
-15.54200067571348 -8.044802738779675 
-16.798822129204247 -4.470397656615357 
-18.68167468315153 -0.9589660023646539 
-18.660622511431132 -1.0457598696234283 
-16.141975581376734 -7.300485656505259 
-16.982458181132657 -3.979080326352183 
-16.764976376825523 -4.592056486579656 
-18.22566661538543 -3.028441069688891 
-14.898577587625834 -10.589066200711681 
-14.862687255018196 -10.71029375562567 
-17.04290858384232 -3.879538762236028 
-18.36907771883908 -2.3171209529658148 
-16.736652019226867 -4.6853943245669605 
-16.696231773781662 -4.875446865059556 
-16.93489770422824 -4.085978433144674 
-18.760656557994462 -0.7070924137318647 
-18.451339798634216 -1.9263787856770382 
-16.624560460577058 -5.202803957778342 
-15.318278726633604 -8.875634896981046 
-14.966011510920861 -10.3473904335997 
-15.41292799625927 -8.493839112053749 
-16.072883357535158 -7.4140826430375375 
-16.030985527935243 -7.581910807459677 
-14.502144226827934 -11.552975029886724 
-15.584244841772978 -7.895753433697859 
-18.533247709482236 -1.5492757232858063 
-16.22268342039454 -6.98145503939549 
-15.225997085555875 -9.156543104384784 
-15.269731065706086 -9.068169939695661 
-14.666857085375616 -11.240133634991977 
-18.594143732417564 -1.2986943931293784 
-16.260602421215772 -6.8738845064661405 
-18.314685123218435 -2.5839954923584187 
-15.183137374334652 -9.436109524637343 
-16.579207824456056 -5.442732589429254 
-16.447092171134145 -6.069119176353919 
-14.996586698533243 -10.22104118075409 
-16.184602803367945 -7.17232091395587 
-18.73042598670918 -0.799775059747412 
-16.54937666914778 -5.573774752938796 
-18.044923139129033 -3.7188042065258737 
-18.010938510898733 -3.800917221432703 
-18.404000595965567 -2.147128862491469 
-16.604627334332264 -5.31986233501119 
-14.745228603325717 -11.098171538621031 
-18.150587531038614 -3.2389345741211115 
-19.081003524590912 0.00803037347221546 
-18.47885918585549 -1.79799563864429 
-14.786280409234681 -10.958923300013987 
-15.3547108840343 -8.727583059432533 
-16.41948143422593 -6.186304816496365 
-16.281528970313616 -6.782824588267081 
-18.14542835561367 -3.3707269271861726 
-15.122771426633296 -9.69308736319657 
-19.00324258653638 -0.12216291849032496 
-16.83993962347905 -4.331124196493344 
-18.28383778446306 -2.7332266918216432 
-15.06563090578908 -9.935406882171627 
-16.20774308731726 -7.0771902364844905 
-14.435185197767243 -11.62728432450316 
-16.52604536122673 -5.69873439228995 
-18.2556977251186 -2.886783748092875 
-18.106799573852214 -3.5242389206409044 
-16.340283422668225 -6.560977568401997 
-16.36977561539081 -6.435049528647708 
-16.39632150673635 -6.3127358764491 
-16.315448199905713 -6.667815977801379 
-15.975783004961439 -7.685876927470989 
-15.641306778669652 -7.750567511467058 
-14.6520069238889 -11.361269305347442 
-16.874384592315202 -4.201184508371882 
-16.471768794930668 -5.959228829885996 
-18.629296822796917 -1.1637202152532469 
-18.08038588740155 -3.624580362875288 
-18.19380265809604 -3.1612320331436194 
-14.929852092045254 -10.465561992455982 
-17.94019652318126 -3.8744945520249905 
-18.83983165606218 -0.4726491964106237 
-16.49993252255162 -5.827366333877665 
-14.83564703651611 -10.831984872226359 
-19.994852044260966 0.01013050881921341 
-16.649281783099852 -5.093543336827384 
-15.442258211660343 -8.382875023301507 
-15.085390868151901 -9.819891291441879 
-14.59785610689948 -11.47559903364348 
-15.468093382089176 -8.290589600068817 
-16.671499158738392 -4.983031938614046 
-15.385017371367132 -8.591545167960183 
-18.506105748365556 -1.6747232981863025 
-18.79569795814706 -0.5945794822339036 
-15.881691524233862 -7.749875192457999 
-15.219987718464205 -9.282091709356141 
-15.502748986827665 -8.173008959067516 
-18.560685928137907 -1.4362180937591489 
-18.880330085559162 -0.3709248594357455 
