-1.091909913377861 -0.9240000770382149 -1.087370882116529 
-0.9064281192055506 1.712775766380577E-4 1.9311435636940912E-4 
-0.00406870104462953 4.719672470408681E-4 -0.5633221446555032 
-1.0235317960777495 -0.9176377270458363 -1.066437638183494 
-0.8546304975948791 3.8495767395078353E-5 -9.210512967563478E-4 
-1.0918257496605894 -0.6342110803710614 -1.0878283051423157 
-0.694387806673556 -3.5537776517274855E-4 -1.0563981964887752 
-0.0011201155457630496 6.618115639909075E-5 -0.7055610874794461 
-0.7188400003867872 6.726540422821671E-5 -1.1360974287507209E-4 
-1.0856795958706533 7.458858065556558E-4 -1.0574518788914975 
-1.0857774097272244 5.814277637323858E-5 -0.5633749401840189 
-1.052861949596058 4.2101741280636336E-5 -0.7171743265985067 
-0.9764145296321379 1.7234103311096846E-4 -3.6740598856732985E-5 
-1.0822900795911732 -0.9800635344679235 -1.115129881059088 
-1.0957986028551583 -1.0206221925906396 -1.0597965747960967 
-0.5124583865861597 5.814277637323858E-5 -1.1050716138481718 
-0.8891875694062716 6.859785599331841E-4 5.071990462019104E-4 
-0.9635548110204233 6.857610273874956E-5 -0.818805045279023 
-0.8242889397005327 1.2845050626326742E-5 -0.9824540366713415 
-1.0980557254384389 7.633665869423462E-4 -0.5789683126931573 
-0.661420500002643 6.726540422821671E-5 -1.1360974287507209E-4 
-0.8407155342111361 3.4866792818725914E-5 4.932307914848142E-4 
-1.0081322939637094 6.857610273874956E-5 -0.8417628351371951 
-1.0676371573058814 -0.8034772047621783 -1.0606960445734872 
-1.091909913377861 -0.9562459463030832 -1.0874250836464916 
-1.0912695288394343 -0.7304254708362184 -1.065855291864585 
-1.0887457260038624 0.04347778727328122 -1.0955132241554446 
-1.0908385807273626 9.880934356841246E-5 -1.1212960793511888 
-1.1240810959825274 -1.151618819249178 -1.1180558375670193 
-1.0604115725229109 -0.6342110803710614 -1.087766459128362 
-0.7921358066889899 6.652145938824811E-4 4.472939470001896E-4 
-1.008303731267745 0.0014700606086694434 -1.0852079061184468 
-0.9974629153919552 -0.8802926389663726 -1.084944069644793 
-1.085549996131238 -0.8214799289887511 -1.055227329706986 
-1.0846472934750246 -1.1081150559129553 -1.084944069644793 
-0.7569696034985735 4.7293360701552653E-4 -1.8543037823870164E-5 
-1.0100993432761327 3.046858927140141E-4 -1.0598957590593283 
-0.9216036849464693 3.2960071186222383E-4 -9.468315419858956E-4 
-1.0830942814874027 -0.8689083676324814 -1.055227329706986 
-0.9618692686030641 6.732493267613495E-5 -0.9140739852977018 
-0.9487795228546079 2.839678223879974E-4 -1.0072269957887932 
-1.0909443752633814 -0.9530023042619633 -1.0668746536186202 
-1.0603204583463546 3.046858927140141E-4 -1.0563994977425815 
-0.6783410283122758 7.960369157512868E-5 4.413248144610217E-4 
-0.8968050305681496 1.0742904987883937E-4 -0.9975406916538346 
-0.0011881840602687155 1.0722030122283089E-4 -1.0862367860612872 
-1.1081849577454077 3.103767281669076E-4 4.679458194269644E-4 
-0.8682894915237476 3.8495767395078353E-5 -9.210512967563478E-4 
-0.9467844180774438 9.12697532448252E-6 -0.913778670265665 
-1.1274076543853493 -1.0491122970865314 -1.0834581842246853 
-1.0084070386499886 1.7106917290749343E-4 -0.011494602823118162 
-0.4805473288768286 5.160275714456363E-5 0.0013202806665621111 
-0.824453856887912 6.567447190541909E-5 4.977330106053824E-4 
-1.1267989433814092 -1.0085015824800478 -1.1213234551379752 
-1.067699320409242 -0.7835654453196631 -1.0606960445734872 
-0.9487795228546079 2.839678223879974E-4 -1.0241418806065907 
-1.0596622532343547 1.0742904987883937E-4 -0.9975406916538346 
-0.0011881840602687155 2.839678223879974E-4 -1.0241418806065907 
-1.0846472934750246 -0.8812789403363763 -1.084944069644793 
-0.5248548188491042 6.726540422821671E-5 -1.1360974287507209E-4 
-0.67423911400656 7.458858065556558E-4 -1.0527089663843783 
-0.0011881840602687155 2.8632184675612406E-4 -0.9399186139502839 
-1.0909443752633814 -0.9179429698813008 -1.0668746536186202 
-1.0480715427334004 -0.005411309567963929 -1.0543343338476951 
-1.1525908538018048 -1.1528745250639751 -1.1528961698279525 
-0.9256535813267661 1.014399319101866E-5 -0.9824540366713415 
-0.95831943145434 6.448018239358283E-5 -3.3572159949313285E-5 
-8.321279213488967E-4 -3.5663122337857334E-4 -1.0482930604971596 
-1.0234813321670235 1.0742904987883937E-4 -0.9975406916538346 
-1.008303731267745 3.175592825867149E-5 -0.9946614665631757 
-1.008303731267745 3.175592825867149E-5 -0.9784933231946504 
-1.022350432400655 7.698194034806886E-4 -1.0138513196467211 
-1.1252872504791642 2.755753853492663E-4 -1.1212960793511888 
-1.0889313719100906 -0.5752164662168316 -1.0834181440689952 
-1.1331758145736184 -1.0737808447165058 -1.1184127680828815 
-0.67423911400656 7.458858065556558E-4 -1.0314955088251234 
-0.9467844180774438 1.014399319101866E-5 -0.9941712587752529 
-0.7369573586222966 6.726540422821671E-5 -1.1360974287507209E-4 
-1.0655644237355717 6.726540422821671E-5 -1.1314006290152889E-4 
-0.0011881840602687155 2.7361907841869673E-4 -0.9945473004691854 
-1.0810422843041785 -0.9973912016155673 -1.0563981964887752 
-1.153010670009519 1.7470380649098566E-4 -3.6053274161139404E-5 
-0.615644082898557 6.869591823646817E-4 4.7063545049173025E-4 
-0.9432380949572967 1.1720043725820667E-4 -0.9805914763307032 
-1.0956153363784824 -1.0218684521589991 -1.0827376292060962 
0.0016431118695886537 6.726540422821671E-5 -9.274103956730441E-4 
-0.8572737732381628 7.494530224198946E-4 -0.9770953972438544 
-1.0847453534017573 -0.7243905249182392 -1.0575886968677308 
-1.1101756660718218 -0.886534815132479 -1.0827137948702632 
-1.1265940187826777 -1.1023144454806808 -1.1213234551379752 
-1.0956153363784824 -0.682184823381668 -1.0817578794700389 
-0.8257605786337305 -0.0016291772725597342 -0.9960020072995924 
-1.0433577713159672 -0.7711786545007047 -1.0786805164891646 
-0.8084471510059549 4.7293360701552653E-4 -2.9698279391657175E-5 
-0.6406993512585486 6.64888839953055E-4 4.491758508800649E-4 
-1.153896417947032 3.099262944974544E-4 -1.1517567701314324 
-1.0790371791725153 -0.8352412718472204 -1.0817703115186277 
-1.091909913377861 -0.6592992760716749 -1.087370882116529 
-0.7764348022468972 9.73585421693323E-5 4.948469652787598E-4 
-0.5928137851082795 6.673412917120249E-4 4.679458194269644E-4 
