-3.141592653589793 1.092213028635376 
2.163682127799262 0.3248712148583706 
-3.141592653589793 1.092213028635376 
1.2165402249560417 1.0691769033860172 
1.2196309630980358 0.8920602760329273 
1.2218808960602097 0.6767507864713934 
1.221878309097571 0.8130755344548977 
2.1518512071147313 0.5479672721991448 
1.2934850970490854 0.5888969086042339 
2.1630948384366366 0.3967418910190056 
2.1521536541190542 0.47653505984177214 
1.2211882474729427 0.878240506697266 
1.221878309097571 0.8130755344548977 
2.1521536541190542 0.47653505984177214 
2.152074973590561 0.5200179595391885 
1.2399879918868806 0.6418472431232617 
1.2932011100956744 0.6207386444441914 
2.1518512071147313 0.5479672721991448 
1.2934850970490854 0.5888969086042339 
1.2218808960602097 0.6767507864713934 
2.151860612665979 0.5472612711807572 
2.152073431885944 0.5203598383448559 
1.2399879918868806 0.6418472431232617 
2.163099729950991 0.37588779167503983 
2.1636580673824253 0.3629545834243557 
2.163679582537027 0.34284053193010994 
1.2932013037019443 0.6073370081804395 
2.1636580673824253 0.3629545834243557 
2.163099729950991 0.37588779167503983 
1.293221618134603 0.5897644001106092 
1.2932097336921045 0.6010280749343692 
2.1636819471130004 0.3321173501163129 
2.1636807592983156 0.3384340510292868 
2.1636820091933413 0.32927636767068275 
1.2932097103223632 0.6036393476437302 
1.2932097314942907 0.6010299884914682 
1.2932063039041746 0.604314756530669 
2.1636821274368185 0.32495069548788735 
2.1636821274104037 0.3269444552412464 
2.16368209064444 0.3273675758223695 
1.2932030424306227 0.6060617316872052 
2.1636797463393442 0.34120251279887936 
2.1636802440672387 0.3399605155806004 
2.163679691898133 0.34240501824493885 
1.29320165238673 0.6071295460455716 
2.1636798446605776 0.3408683459778143 
2.1636802401945734 0.3399632867705333 
1.2932028306675383 0.6063674563559895 
1.2932097103223632 0.6036393476437302 
1.2934809616719358 0.5892853154915727 
1.2934809616719358 0.5892853154915727 
2.16368209064444 0.3273675758223695 
2.1636821274101883 0.32694447355392003 
2.152074973590561 0.5200179595391885 
2.1636798446605776 0.3408683459778143 
2.1636796840706967 0.3427014471743725 
2.1636796849653206 0.3424121505526992 
1.29320299899443 0.6060872094608345 
1.2932028959082142 0.6063014343981258 
1.293201347138137 0.6073132572152956 
2.1636796028031977 0.34276428024959477 
2.1636821274368185 0.32495069548788735 
1.2932028306675383 0.6063674563559895 
1.2932028959082142 0.6063014343981258 
2.1636796372514735 0.3427260342510418 
1.2932013037019443 0.6073370081804395 
1.2932030313405753 0.6060686666358532 
1.2932030424306227 0.6060617316872052 
1.2932030313405753 0.6060686666358532 
1.2932097336921045 0.6010280749343692 
2.1636802401945734 0.3399632867705333 
1.2932097314942907 0.6010299884914682 
2.1636821274101883 0.32694447355392003 
2.1636821274104037 0.3269444552412464 
-3.141592653589793 1.092213028635376 
1.221878309097571 0.8130755344548977 
2.1521536541190542 0.47653505984177214 
2.1518512071147313 0.5479672721991448 
1.2934850970490854 0.5888969086042339 
1.2218808960602097 0.6767507864713934 
1.2399879918868806 0.6418472431232617 
2.152074973590561 0.5200179595391885 
2.163099729950991 0.37588779167503983 
1.2932097103223632 0.6036393476437302 
1.2934809616719358 0.5892853154915727 
2.1636821274368185 0.32495069548788735 
1.2932028306675383 0.6063674563559895 
1.2932013037019443 0.6073370081804395 
1.2932030424306227 0.6060617316872052 
1.2932097336921045 0.6010280749343692 
2.1636802401945734 0.3399632867705333 
2.1636821274101883 0.32694447355392003 
-3.141592653589793 1.092213028635376 
2.1518512071147313 0.5479672721991448 
1.2934850970490854 0.5888969086042339 
1.2399879918868806 0.6418472431232617 
2.152074973590561 0.5200179595391885 
2.163099729950991 0.37588779167503983 
1.2932097103223632 0.6036393476437302 
1.2934809616719358 0.5892853154915727 
