-3.141592653589793 -4.999999999999993 7.836194390331563E-4 
2.163682127799262 -2.7937831291883657 4.1466998529573615 
-3.141592653589793 -4.999999999999993 7.836194390331563E-4 
1.2165402249560417 1.711239501754943 4.70812842768121 
1.2196309630980358 1.7087497188734533 4.698239644728829 
1.2218808960602097 1.7088044920813679 4.698295186261411 
1.221878309097571 1.7088044920813679 4.708102077490975 
2.1518512071147313 -2.7458568449721823 4.182652408295797 
1.2934850970490854 1.368696374756841 4.8089383735981395 
2.1630948384366366 -2.7916031918904527 4.14820076379371 
2.1521536541190542 -2.7458568449721823 4.181741560815342 
1.2211882474729427 1.7088044920813679 4.705991134797848 
1.221878309097571 1.7088044920813679 4.708102077490975 
2.1521536541190542 -2.7458568449721823 4.181741560815342 
2.152074973590561 -2.7458568449721823 4.182652408295797 
1.2399879918868806 1.623792356087546 4.728619498428071 
1.2932011100956744 1.370105935926643 4.8089383735981395 
2.1518512071147313 -2.7458568449721823 4.182652408295797 
1.2934850970490854 1.368696374756841 4.8089383735981395 
1.2218808960602097 1.7088044920813679 4.698295186261411 
2.151860612665979 -2.7458568449721823 4.182652408295797 
2.152073431885944 -2.7458568449721823 4.182652408295797 
1.2399879918868806 1.623792356087546 4.728619498428071 
2.163099729950991 -2.7916031918904527 4.148304273082095 
2.1636580673824253 -2.793783125317245 4.146699868889605 
2.163679582537027 -2.7937831289381876 4.146704344927593 
1.2932013037019443 1.370112383647582 4.808388310389217 
2.1636580673824253 -2.793783125317245 4.146699868889605 
2.163099729950991 -2.7916031918904527 4.148304273082095 
1.293221618134603 1.370099763980592 4.8083905949898185 
1.2932097336921045 1.3701130505268435 4.8083905949898185 
2.1636819471130004 -2.793783220797734 4.146704558215021 
2.1636807592983156 -2.7937831957851422 4.146699811657309 
2.1636820091933413 -2.793783125317245 4.146699868889605 
1.2932097103223632 1.370099763980592 4.8083905949898185 
1.2932097314942907 1.3701130505268435 4.8083905949898185 
1.2932063039041746 1.370112383647582 4.808385970964801 
2.1636821274368185 -2.793783125317245 4.146699868889605 
2.1636821274104037 -2.793783225037959 4.146704542282777 
2.16368209064444 -2.7937831888056097 4.146700099874154 
1.2932030424306227 1.370112383647582 4.8083905949898185 
2.1636797463393442 -2.7937831957851422 4.146699887647729 
2.1636802440672387 -2.7937831289381876 4.146699870550126 
2.163679691898133 -2.7937831957851422 4.146703478602378 
1.29320165238673 1.3701123948078235 4.808388315819168 
2.1636798446605776 -2.7937831246186224 4.14669966930919 
2.1636802401945734 -2.793783125317245 4.146699855800248 
1.2932028306675383 1.370099763980592 4.808407669349306 
1.2932097103223632 1.370099763980592 4.8083905949898185 
1.2934809616719358 1.368696374756841 4.8089383735981395 
1.2934809616719358 1.368696374756841 4.8089383735981395 
2.16368209064444 -2.7937831888056097 4.146700099874154 
2.1636821274101883 -2.793783225037959 4.146704542282777 
2.152074973590561 -2.7458568449721823 4.182652408295797 
2.1636798446605776 -2.7937831246186224 4.14669966930919 
2.1636796840706967 -2.7937832275454038 4.146704361833147 
2.1636796849653206 -2.7937832275454038 4.146703375887711 
1.29320299899443 1.370112383647582 4.808390611979147 
1.2932028959082142 1.3701114370506216 4.8083905949898185 
1.293201347138137 1.370112383647582 4.808388293399889 
2.1636796028031977 -2.7937831300460227 4.1467042245864585 
2.1636821274368185 -2.793783125317245 4.146699868889605 
1.2932028306675383 1.370099763980592 4.808407669349306 
1.2932028959082142 1.3701114370506216 4.8083905949898185 
2.1636796372514735 -2.7937831289381876 4.146704344299127 
1.2932013037019443 1.370112383647582 4.808388310389217 
1.2932030313405753 1.370112383647582 4.8083905949898185 
1.2932030424306227 1.370112383647582 4.8083905949898185 
1.2932030313405753 1.370112383647582 4.8083905949898185 
1.2932097336921045 1.3701130505268435 4.8083905949898185 
2.1636802401945734 -2.793783125317245 4.146699855800248 
1.2932097314942907 1.3701130505268435 4.8083905949898185 
2.1636821274101883 -2.793783225037959 4.146704542282777 
2.1636821274104037 -2.793783225037959 4.146704542282777 
-3.141592653589793 -4.999999999999993 7.836194390331563E-4 
1.221878309097571 1.7088044920813679 4.708102077490975 
2.1521536541190542 -2.7458568449721823 4.181741560815342 
2.1518512071147313 -2.7458568449721823 4.182652408295797 
1.2934850970490854 1.368696374756841 4.8089383735981395 
1.2218808960602097 1.7088044920813679 4.698295186261411 
1.2399879918868806 1.623792356087546 4.728619498428071 
2.152074973590561 -2.7458568449721823 4.182652408295797 
2.163099729950991 -2.7916031918904527 4.148304273082095 
1.2932097103223632 1.370099763980592 4.8083905949898185 
1.2934809616719358 1.368696374756841 4.8089383735981395 
2.1636821274368185 -2.793783125317245 4.146699868889605 
1.2932028306675383 1.370099763980592 4.808407669349306 
1.2932013037019443 1.370112383647582 4.808388310389217 
1.2932030424306227 1.370112383647582 4.8083905949898185 
1.2932097336921045 1.3701130505268435 4.8083905949898185 
2.1636802401945734 -2.793783125317245 4.146699855800248 
2.1636821274101883 -2.793783225037959 4.146704542282777 
-3.141592653589793 -4.999999999999993 7.836194390331563E-4 
2.1518512071147313 -2.7458568449721823 4.182652408295797 
1.2934850970490854 1.368696374756841 4.8089383735981395 
1.2399879918868806 1.623792356087546 4.728619498428071 
2.152074973590561 -2.7458568449721823 4.182652408295797 
2.163099729950991 -2.7916031918904527 4.148304273082095 
1.2932097103223632 1.370099763980592 4.8083905949898185 
1.2934809616719358 1.368696374756841 4.8089383735981395 
