-3.1413332526358992 1.01227926285173 
-3.1413332526358992 1.01227926285173 
-3.1413332526358992 1.01227926285173 
-3.1413332526358992 1.01227926285173 
-3.1413332526358992 1.01227926285173 
-3.1413332526358992 1.01227926285173 
-3.1413332526358992 1.01227926285173 
-3.1413332526358992 1.01227926285173 
-3.1413332526358992 1.01227926285173 
-3.1413332526358992 1.01227926285173 
-3.1413332526358992 1.01227926285173 
-3.1413332526358992 1.01227926285173 
-3.1413332526358992 1.01227926285173 
-3.1413332526358992 1.01227926285173 
-3.1413332526358992 1.01227926285173 
-3.1413332526358992 1.01227926285173 
-3.1413332526358992 1.01227926285173 
3.089953628326057 0.0611096335790553 
2.53636485438585 0.33466644999802303 
-3.1413332526358992 1.01227926285173 
2.53636485438585 0.33466644999802303 
-3.1413332526358992 1.01227926285173 
-3.1413332526358992 1.01227926285173 
-3.1413332526358992 1.01227926285173 
-3.1413332526358992 1.01227926285173 
2.53636485438585 0.33466644999802303 
-3.1413332526358992 1.01227926285173 
-3.1413332526358992 1.01227926285173 
-3.1413332526358992 1.01227926285173 
-3.1413332526358992 1.01227926285173 
-3.1413332526358992 1.01227926285173 
-3.1413332526358992 1.01227926285173 
-3.1413332526358992 1.01227926285173 
-3.1413332526358992 1.01227926285173 
-3.1413332526358992 1.01227926285173 
-3.1413332526358992 1.01227926285173 
-3.1413332526358992 1.01227926285173 
-3.1413332526358992 1.01227926285173 
-3.1413332526358992 1.01227926285173 
-3.1413332526358992 1.01227926285173 
-3.1413332526358992 1.01227926285173 
-3.1413332526358992 1.01227926285173 
-3.1413332526358992 1.01227926285173 
-3.1413332526358992 1.01227926285173 
-3.1413332526358992 1.01227926285173 
-3.1413332526358992 1.01227926285173 
-3.1413332526358992 1.01227926285173 
-3.1413332526358992 1.01227926285173 
