-3.1413332526358992 -4.999999832562814 -0.0012955399881752745 
-3.1413332526358992 -4.999999832562814 -0.0012955399881752745 
-3.1413332526358992 -4.999999832562814 -0.0012955399881752745 
-3.1413332526358992 -4.999999832562814 -0.0012955399881752745 
-3.1413332526358992 -4.999999832562814 -0.0012955399881752745 
-3.1413332526358992 -4.999999832562814 -0.0012955399881752745 
-3.1413332526358992 -4.999999832562814 -0.0012955399881752745 
-3.1413332526358992 -4.999999832562814 -0.0012955399881752745 
-3.1413332526358992 -4.999999832562814 -0.0012955399881752745 
-3.1413332526358992 -4.999999832562814 -0.0012955399881752745 
-3.1413332526358992 -4.999999832562814 -0.0012955399881752745 
-3.1413332526358992 -4.999999832562814 -0.0012955399881752745 
-3.1413332526358992 -4.999999832562814 -0.0012955399881752745 
-3.1413332526358992 -4.999999832562814 -0.0012955399881752745 
-3.1413332526358992 -4.999999832562814 -0.0012955399881752745 
-3.1413332526358992 -4.999999832562814 -0.0012955399881752745 
-3.1413332526358992 -4.999999832562814 -0.0012955399881752745 
3.089953628326057 -4.993333864977784 0.2580401034195844 
2.53636485438585 -4.1110951292326146 2.8445339266843934 
-3.1413332526358992 -4.999999832562814 -0.0012955399881752745 
2.53636485438585 -4.1110951292326146 2.8445339266843934 
-3.1413332526358992 -4.999999832562814 -0.0012955399881752745 
-3.1413332526358992 -4.999999832562814 -0.0012955399881752745 
-3.1413332526358992 -4.999999832562814 -0.0012955399881752745 
-3.1413332526358992 -4.999999832562814 -0.0012955399881752745 
2.53636485438585 -4.1110951292326146 2.8445339266843934 
-3.1413332526358992 -4.999999832562814 -0.0012955399881752745 
-3.1413332526358992 -4.999999832562814 -0.0012955399881752745 
-3.1413332526358992 -4.999999832562814 -0.0012955399881752745 
-3.1413332526358992 -4.999999832562814 -0.0012955399881752745 
-3.1413332526358992 -4.999999832562814 -0.0012955399881752745 
-3.1413332526358992 -4.999999832562814 -0.0012955399881752745 
-3.1413332526358992 -4.999999832562814 -0.0012955399881752745 
-3.1413332526358992 -4.999999832562814 -0.0012955399881752745 
-3.1413332526358992 -4.999999832562814 -0.0012955399881752745 
-3.1413332526358992 -4.999999832562814 -0.0012955399881752745 
-3.1413332526358992 -4.999999832562814 -0.0012955399881752745 
-3.1413332526358992 -4.999999832562814 -0.0012955399881752745 
-3.1413332526358992 -4.999999832562814 -0.0012955399881752745 
-3.1413332526358992 -4.999999832562814 -0.0012955399881752745 
-3.1413332526358992 -4.999999832562814 -0.0012955399881752745 
-3.1413332526358992 -4.999999832562814 -0.0012955399881752745 
-3.1413332526358992 -4.999999832562814 -0.0012955399881752745 
-3.1413332526358992 -4.999999832562814 -0.0012955399881752745 
-3.1413332526358992 -4.999999832562814 -0.0012955399881752745 
-3.1413332526358992 -4.999999832562814 -0.0012955399881752745 
-3.1413332526358992 -4.999999832562814 -0.0012955399881752745 
-3.1413332526358992 -4.999999832562814 -0.0012955399881752745 
