0.21418722743741567 0.4494901777758439 
0.8520935985594614 -0.7709490203724026 
0.4166253191426845 0.14909976199594413 
0.8445628935024363 -0.7486374432864042 
0.8418971729509845 -0.7302170100593343 
0.6363480492923005 -0.3738504713356194 
0.6197310928180645 -0.14522133417208885 
0.008293955528672342 0.9108009467091334 
0.22335929133398047 0.38097398522126824 
0.8406155395664487 -0.717706701653831 
0.8292849524323885 -0.5676998802860187 
0.2159351984000187 0.43639885472225015 
0.8281625692987034 -0.548265197493794 
0.005641598001901116 0.9277656662446443 
0.8325790736119411 -0.6214234848698009 
0.19260768332327471 0.6077879401882684 
0.22614940422353944 0.36268680871450615 
0.4148983788593472 0.1712709345671226 
0.6278958660107292 -0.27158652243306247 
0.6420779564771923 -0.4200199568904298 
0.18519583283386953 0.6553482916227519 
0.4262007875697593 0.038372240267500794 
0.21884158072651727 0.41650630321272175 
0.025279479705790003 0.8270574112949561 
0.4334009351764829 -0.031728531654478316 
0.6219769973402578 -0.18120984897687326 
0.4137361369518858 0.1856764841014002 
0.6235638917598825 -0.2044781280849935 
0.6447695316026304 -0.4362802250975394 
0.22067303682163192 0.40012573652236905 
0.02977641652196744 0.8077121196937967 
0.6529755091952494 -0.4560653200526447 
0.6313284255047809 -0.3177956955169643 
0.22870558933120697 0.3451414164708185 
0.003636087733576595 0.9433937389700234 
0.44551006971340473 -0.10591648704582105 
0.4380574370577038 -0.06683974611930428 
0.19063693964273484 0.6227770620584343 
0.6287910885350136 -0.28536150408236466 
0.8246466697198768 -0.48300444538640175 
0.6260667207371764 -0.24303062157165023 
0.1823080979456077 0.6718758355584308 
0.6249371916199508 -0.22921152614019558 
0.19493629515420474 0.5934446164711527 
0.041842741918012794 0.7584237670039016 
1.270604246332921E-6 1.0021137785326213 
0.83065377012033 -0.5910031828156773 
0.23195417097721285 0.32627357502170823 
0.6269206983920114 -0.2590783113891313 
0.016136296785961582 0.8681671152067827 
0.201624901657886 0.5439429030804108 
0.8269259640953974 -0.5256415984395538 
0.6242286946527152 -0.21759377749825776 
0.8379560110222835 -0.6913510762827831 
0.42831068514507964 0.015646745589761896 
0.19792316945456956 0.5717265027984602 
0.03738121740931372 0.775925438983858 
0.411219050999128 0.21920159116674884 
0.08455924620134703 0.6719168809571215 
0.6341732012954278 -0.350573328406748 
0.2394306211676625 0.2870377328264292 
0.43121977804408373 -0.01283662337515315 
0.2118016034815847 0.46599107397931244 
0.2066332296134947 0.5054506480127171 
0.0021262186745588866 0.9578848489810159 
0.23504580045041282 0.30869913531282084 
0.020445043493991802 0.8489956783869346 
0.6378642298321867 -0.3887441961633376 
0.24226991991243318 0.27494144283615335 
0.43550594861998315 -0.04853678313963971 
0.06811066102858551 0.6870271917741584 
0.19967217058931452 0.5590418442523183 
0.2041294516085566 0.5254767427398299 
0.4199003802751073 0.10944192402311996 
0.6184480276012863 -0.12260219755358785 
0.422004282438425 0.08473677352489102 
0.24742334454520803 0.25814582121433854 
0.4242056341190215 0.05904874284203748 
0.052302520168036354 0.7236148667186074 
0.45371149842065617 -0.12131850378491417 
5.906919449288617E-4 0.9792417731791426 
0.8257514563709843 -0.5037010880174865 
0.41261372826459347 0.20070812357673476 
0.6303342923784244 -0.3053126872225382 
0.6325169651593666 -0.3332252449415709 
0.44136774374852555 -0.08714496452253322 
0.2094929187884602 0.48524642954137653 
0.6397895020486588 -0.4042283774917986 
0.012564200053344632 0.8874437509507491 
0.41002254329496357 0.23571319205832966 
0.047112792164571204 0.7401183948888155 
0.059167934406767486 0.7042479771125918 
0.4181779342547467 0.13004301960769468 
0.033262370120973016 0.7932147768068714 
0.823392580347583 -0.45740858033139625 
0.18796375274576846 0.640631682881608 
0.8362848165928967 -0.6727010330679325 
0.25610846546057486 0.24470135445169666 
0.8345715884920097 -0.6487569295839053 
0.620868133374869 -0.16369935471059946 
