4.517938412273992E-9 1.001782116971408 
0.8515725315440155 -0.772508575332808 
0.8233917587540446 -0.45823911810954915 
0.6524049491956956 -0.4572437502735311 
0.4537441846960833 -0.12291669706695242 
0.6184342257039632 -0.12346143319409503 
0.25862753536898364 0.24339897582186842 
0.4094439702576253 0.24175320379161394 
0.08242698809128084 0.6710882386628114 
0.18233024312607463 0.6705614277958234 
0.4194527594812697 0.11325963680807491 
0.4227628570438019 0.07470459189734298 
0.8405904970063552 -0.7198706043889241 
0.0641989607683837 0.6902496567534316 
0.24644770468668556 0.2611570830874382 
0.826024675147361 -0.5102147700831834 
0.4165703922323296 0.1497660697115167 
0.05265844005108081 0.7203243060768187 
0.6226548927800624 -0.1917367489203887 
0.6249980071528047 -0.2301034435263313 
0.026127183708384405 0.8213667547825031 
0.21503620035321408 0.44010445389440267 
0.4292186506269112 0.005253474083291717 
0.42570806609737954 0.04183993785831372 
0.24204109519122677 0.2804319663904717 
0.43304598666468547 -0.029414292287636114 
0.83431568318782 -0.6470096727933744 
0.23662756967652132 0.3011294253314348 
0.06931695582589131 0.6820520909587467 
0.20493084386573068 0.5174340529092871 
0.6418279202269876 -0.4207058936837058 
0.21078695545900378 0.47343222617020764 
0.012065638331052064 0.8878256038681525 
0.018900177177272603 0.8539943152601772 
0.009958574162907852 0.9068428325877435 
0.6385765543193506 -0.39584090029223457 
0.4472182694461816 -0.11222907757461215 
0.8370876703137655 -0.6784380968480933 
0.8441063465904547 -0.7475982278765874 
0.8290564541553175 -0.5656315697397272 
0.8267504496732707 -0.5242005673344894 
0.005938128473852444 0.9263680603286706 
0.8319988905139237 -0.6126177573232496 
0.2172977127860616 0.42313444156240654 
0.41468693186216593 0.17291014624216305 
0.44271065701555695 -0.09509360233002674 
0.23179289926668695 0.3256716528540759 
0.22659450514608423 0.3574994667119632 
0.208009969149214 0.5010349883301349 
0.01625350736198128 0.866644210523589 
0.0016196895013464718 0.9622539577933658 
0.04834808832688231 0.7339638089283744 
0.6447609330047492 -0.43818909880247414 
0.18675843966874953 0.6531743183946103 
0.20214277167128641 0.5446684842160623 
0.21980657512132595 0.4046751792275298 
0.02860921305320535 0.8102680537704287 
0.8329349432742218 -0.6274406160606917 
0.6368912306071368 -0.3798129736716463 
0.4363754184970491 -0.05614830367290196 
0.19584866877757456 0.5871029183628274 
0.8369989611265172 -0.6774323705833675 
0.0420558332276293 0.7564140377464442 
0.8303119422730829 -0.5869197903872262 
0.6287157199916007 -0.2845374110858264 
0.0037681545439511993 0.9408448004926955 
0.18794869042861617 0.6377231568034213 
0.6209303385559379 -0.16575417911056464 
0.6279059693285435 -0.2732939096438902 
0.2221296312954349 0.3915200330727845 
0.03261335005499717 0.7936973134459696 
0.43976785440584715 -0.07775228640290471 
0.2094571273601598 0.48218126956567187 
0.20057988536852134 0.5501274710943942 
0.03406786909143428 0.7877483387296101 
0.6192781097327722 -0.1383869746827662 
0.41102210567718556 0.22190746125280425 
0.413470688033747 0.18864918071916573 
0.6333100366283615 -0.3424082379954415 
0.8460134176443118 -0.7581270550887353 
0.6211586770459936 -0.17005999555172743 
0.19190980490134507 0.6170078407590138 
0.19030853279003476 0.624953534484041 
0.6312866388624607 -0.31844117497315566 
0.2329831500265536 0.31936235674425373 
0.6265224345358043 -0.2510182252338342 
0.25862753536898364 0.24339897582186842 
0.1825568232689695 0.6692678685735185 
0.03780137069947145 0.7727173401299477 
0.8487184966447656 -0.7679128784159422 
0.4118318563402429 0.21072338204545576 
0.4128385201612129 0.19997514484541498 
0.6265596069147836 -0.25454622665757803 
0.22411370035221645 0.37380514493398725 
0.630184638269028 -0.3046935590107779 
0.0022191967910752397 0.9544966043445224 
0.038333434655039245 0.770055230848004 
0.198328704991534 0.5692434153714432 
0.633439621392116 -0.34407508282408217 
0.4351259307506241 -0.041005622247757854 
