-2.0362770629046923E-5 4.255399811436077E-5 -5.052225106979558E-4 
-1.1577032234578293 -1.1530207734318567 -1.1528721869587528 
-1.1577032234578293 -1.1530207734318567 -1.1528721869587528 
-2.0362770629046923E-5 4.255399811436077E-5 -5.052225106979558E-4 
-2.020602930812618E-5 3.486481309545691E-5 -0.48110657758709463 
-0.5109883976771469 2.925580111555388E-4 -1.108419631682522 
-2.063470879847553E-5 5.225541743351673E-5 -1.1518808622455101 
-1.107244117917685 -0.9645240741311525 -1.039438436110027 
-1.0989491496616755 -0.5555507098926423 -1.1073683905732656 
-1.09426380805861 -1.0014424297885425 -1.0559648467207043 
5.877421477858808E-5 0.003017274877465781 -0.7741271092618365 
-1.059193044102548 4.919792694737597E-4 -0.8066545326283553 
0.010965268134390693 3.9517272075958776E-5 -0.6760435775697357 
-1.0801141483885162 7.937801515660314E-5 -0.6940740276544685 
-0.923725556863573 1.7427189052262492E-4 -1.0240761250270791 
-1.1502507059883804 5.225541743351673E-5 -1.1518424168077626 
-0.9434573858453958 -6.368980547318496E-4 -1.0358074761973628 
3.587091949411211E-6 2.0782118926603548E-4 -0.6511521989521244 
3.350267338333834E-5 4.449572047528867E-5 -0.7554172276492818 
-1.0527551563778585 -0.7771083988430029 -1.080093490829657 
-1.0779436787583427 -0.7629342038888355 -1.047915123401612 
4.1755077405490084E-6 -3.117800542259641E-4 -0.8933781371549739 
-1.095990252187916 -0.8824227323945095 -1.0793211189650325 
-1.09426380805861 -1.0014424297885425 -1.1275409191882584 
-1.5277905622272015E-5 3.9517272075958776E-5 -0.714664785902235 
-1.062557278729984 -1.0823592170942118 -1.0694412493922378 
-1.0556477820085441 -0.006815445733519464 -0.9574406709057115 
-0.869323673176835 -0.006815445733519464 -0.9587271724717686 
3.3131139013883546E-5 4.255399811436077E-5 -0.9196809132506982 
-2.088408102791223E-5 -3.702880636899258E-4 -0.5654610547812946 
-1.0029525088648659 -0.8809162527786523 -1.1091702188064256 
-1.1506372036358616 -1.0823592170942118 -1.138135265063965 
-1.0201102956560486 4.3242276241675236E-5 -1.0155478843305168 
-0.0031821935405982327 -3.6028849794400743E-4 -0.726147952926071 
-2.020602930812618E-5 3.486481309545691E-5 -1.109830916865768 
-1.107458104257685 -0.0024257622255176568 -1.1329144807013736 
-1.09426380805861 -0.006840383208919189 -1.1275409191882584 
-1.0795951768682728 -0.9586566537564807 -1.039438436110027 
-0.010585229047105411 3.9272049763146674E-5 -0.8766638955511712 
-6.4047182930670546E-6 4.1947142747949314E-4 -0.9616371512415111 
-1.1226267445719926 -1.0467921075947195 -1.1327196135616995 
-0.8775005041947785 -3.075849807796134E-5 -0.909531632420147 
-1.0559703234132658 -1.082092593124799 -1.1071892440045905 
4.1755077405490084E-6 -3.163854079008733E-4 -0.5918984751828386 
-1.7268692349147317E-5 -2.1007856574857314E-4 -1.0362266850822888 
-0.8679713618549564 2.1460453818730778E-4 -0.8699414419453629 
-1.0160048960609769 -0.7624356381071984 -1.080093490829657 
-1.1067691967812001 -0.014348497473332222 -0.5447651154106288 
-0.8775403659369988 4.265799015439822E-4 -1.0234975071993861 
-1.065316852769068 -0.03303388382850314 -1.0796046614772088 
3.350267338333834E-5 4.449572047528867E-5 -0.8353840330454007 
-1.0561845619041592 -0.8711072616739188 -1.0824255600306176 
0.011921816673704677 -0.0015575803119952658 -1.0789019108049536 
-0.9432225133022614 4.255399811436077E-5 -5.052225106979558E-4 
-1.1506372036358616 -1.1015350178104404 -1.1539738871115475 
-0.7795268787652453 3.689762830594065E-5 -1.0265616359958414 
-1.0989491496616755 -0.5721500257783355 -1.1564474865027354 
-1.083084746194392 -0.9885102669270822 -1.133221100250101 
-1.0147585030134214 4.919792694737597E-4 -0.9775872555205294 
-1.0989491496616755 -0.5679221566493087 -1.1076404642853346 
4.1755077405490084E-6 -3.163854079008733E-4 -0.5918984751828386 
3.235003123551763E-6 2.3455809483556963E-4 -0.810514742180455 
-1.1511157830552952 -1.1530207734318567 -1.107858729454316 
3.406561590633465E-5 -4.009844351792407E-4 -1.0073859423096296 
-1.0615382459513751 1.819463550290696E-4 -0.6563821554979716 
-0.9998178728452238 4.121510308195642E-4 -0.8795407546313274 
-1.0638734467339994 0.0011535101584173174 -0.0018871729294446249 
-1.0925476123661597 -4.085888715729733E-4 -0.9791713785001409 
-1.1502507059883804 5.225541743351673E-5 -1.146916527155211 
3.365531255102895E-5 2.3089399647695659E-4 -0.4945577870385762 
-0.90625751511591 4.265799015439822E-4 -1.0234975071993861 
-1.0830769023004287 -0.6833991470226943 -1.0777056969815253 
-1.0989491496616755 -0.0015575803119952658 -1.02645034244382 
2.8834194150720825E-7 1.9441915472585375E-4 -0.983382729686004 
-1.0893290101967517 -0.6627337776880544 -1.07676934601734 
3.350267338333834E-5 4.256814814354301E-5 -0.8236488190934707 
-0.00371964303545097 1.835413630141951E-4 -0.8542227725552096 
3.921903841644668E-6 1.835413630141951E-4 -0.8592979673057548 
-1.0958307190746897 -0.799190656540318 -1.0727928384710477 
-1.507080611077513E-5 3.467998632193688E-5 -0.931425901818385 
-1.0824587437290882 -0.8711072616739188 -1.0775930159354232 
-1.0490193732863051 -0.9645240741311525 -1.039438436110027 
-1.0559703234132658 -0.7991248714926149 -1.0824255600306176 
-1.0201102956560486 4.3242276241675236E-5 -0.79852735997591 
3.287528626542399E-5 1.8194142913508128E-4 -1.0046741198520381 
-1.0888792554261069 -0.01610265740240202 -1.07676934601734 
-4.6383604753922E-7 3.8889971185973506E-5 -0.5330505670578048 
-1.0774878098871161 -3.163854079008733E-4 -0.5918984751828386 
-1.0830769023004287 -1.0871644998162513 -1.1577866075480818 
-1.9660875895472125E-4 4.142913061528115E-5 -1.0452347390207761 
-1.0204343503712836 -6.392404987556604E-4 -1.0260091844220627 
-0.90625751511591 4.265799015439822E-4 -1.0234975071993861 
-1.0490193732863051 -0.9645240741311525 -1.039438436110027 
-2.088408102791223E-5 3.9272049763146674E-5 -0.6519303002744106 
-1.1258656009608845 -0.6714878841310195 -1.0777056969815253 
3.405697953380627E-5 -4.085888715729733E-4 -0.9780193744740413 
-1.0633129515640811 -0.9885102669270822 -1.1354946725189567 
-1.0559703234132658 -0.7991248714926149 -1.0824255600306176 
-4.6383604753922E-7 3.8889971185973506E-5 -0.5330505670578048 
-1.0934774711426931 -0.8711072616739188 -1.0824255600306176 
