0.24892883279237787 0.25241460668338284 
0.07595852825249345 0.6724515776044139 
0.6393313075408267 -0.4032179402083786 
0.443698934955319 -0.10102449236253432 
0.04061449659003516 0.7597443146175656 
0.24640427538079235 0.25889320022493556 
0.21517238437983544 0.437617490222895 
0.6455607746643595 -0.4426418538716094 
0.2294772052532708 0.33768486952355303 
0.03162692446090032 0.7957877455309753 
0.21254918684878746 0.4574814244417793 
0.6373236009824159 -0.3856615494848678 
0.016356627064603068 0.8642354297178153 
0.2082421898844665 0.4904763709740642 
0.2191114293304277 0.4082388781813936 
0.42889006016514986 0.007272652978593716 
0.07979216797799166 0.6703515549280603 
0.01237418584364677 0.8842149739573045 
0.43648286718673535 -0.05826808717318931 
0.027653415277990145 0.8127414013541562 
0.04634682048190163 0.7388019885061674 
0.6337066513550803 -0.34842637089287404 
0.2263857940273209 0.35740625265361964 
0.64790251868339 -0.45132719461299736 
0.0602160092826865 0.6976385130473282 
0.002134940089952112 0.9538269684768819 
0.8479734075384368 -0.7670307413061774 
0.8343442807253761 -0.6487654786924408 
0.07888541064350985 0.670696623578099 
0.6408166028967562 -0.4147357818273761 
0.4389232686311424 -0.0750108578046222 
0.44730876189346946 -0.11440993979847915 
0.8420201062566928 -0.7332425894901302 
0.851090363170175 -0.7730798451144157 
0.20083448064343118 0.5467333500732274 
0.8376333047598064 -0.6903335046331238 
0.6305526551371663 -0.3104209212441073 
0.22221624513579818 0.38591199884936433 
0.23720311260306232 0.2947998583255732 
0.008873985591265943 0.9035025859062477 
0.06997678941008312 0.6789453338434737 
0.44139511464204784 -0.08964422964966667 
0.6425986221406622 -0.42681834011569075 
0.07581346167633918 0.6725126264363577 
0.2337139959486499 0.3128836984957531 
0.44548239441183557 -0.10834918011457566 
0.8434341416360975 -0.7438531241505079 
0.07720065617017668 0.6716127911897829 
0.8361715485733321 -0.6727837810440342 
0.6520380208177637 -0.45808286984823576 
0.03321665266922691 0.7891707556142565 
0.05074045001503219 0.724148603757272 
0.8514452706508361 -0.7732183676138272 
0.8400719696889862 -0.7159948872772847 
0.06668164550093447 0.6841505810459858 
0.6507327127257994 -0.4571376034253235 
0.02171421663973233 0.8390952952440626 
0.847156193842759 -0.7641020351682487 
0.43164566522863856 -0.018717136320251362 
0.2391627505604238 0.2856622724095707 
0.2517971360117978 0.24694139328784626 
0.2564580647972261 0.24251402997362428 
0.2504472585451663 0.24928154926764562 
0.20453866042562963 0.5187983917302739 
0.849775549881346 -0.7715142360533106 
0.24199817465078108 0.27384170339113423 
0.25451270360820377 0.24366725237577858 
0.45241069141929635 -0.12362426178954433 
0.6510692405034088 -0.4574465739405316 
0.652129208407416 -0.45810436265389715 
0.6443701386271475 -0.4369637590460817 
0.423152802421923 0.06827436122957273 
0.4487297047608467 -0.11813098481581298 
0.6324914761123402 -0.3343785915897949 
0.4531817096283056 -0.12399947679191341 
0.05729043915874075 0.7050201026405779 
0.07358226007414531 0.6745654614542541 
0.005290582831805002 0.9265404433627541 
0.4515511284572937 -0.12289966388841947 
0.2528931220785659 0.2454132787871088 
0.42597941517818694 0.03711176502523619 
0.8449841227492074 -0.753638079320803 
0.25728310024892037 0.24232972907208886 
0.08236604172442813 0.669844759966769 
0.25559820006462736 0.24288177038050743 
0.43413285083049413 -0.040083437531046415 
0.8487718737094054 -0.769367550872758 
0.6490616867431969 -0.454260429639772 
0.845961264222361 -0.7588285754998594 
0.4501024582776406 -0.12088655136718335 
0.850409719712641 -0.7724232214902358 
0.06382149182495073 0.6896728635557344 
0.2446506470283428 0.26433924126016034 
0.05430293250831729 0.713327371048583 
0.6498257467201026 -0.4557729313058165 
0.4510852197626358 -0.12233627534260445 
0.6471497487750506 -0.44886849450815114 
