0.38953707507662694 8.972083950462945 
0.9999999999999998 1.0000000000000002 
0.38953707507662694 8.972083950462945 
0.43150331530325053 7.298358560062313 
0.44308389009860616 6.822788511839276 
0.5762655808155774 3.150660992793604 
0.4621816791223861 6.145614023797861 
0.40320656391539317 8.362091106757246 
0.6838553127168813 1.4674370345968657 
0.8626452212582749 1.1599067732401995 
0.9153342586603556 1.0924970747446485 
0.8304371144460674 1.2041851003577042 
0.8070735782778566 1.239050418521367 
0.3991897026502644 8.679906735595269 
0.49343797856121013 5.302647645471686 
0.6204352570017593 2.284592296146987 
0.48824801685902786 5.388832655543307 
0.5891757813448065 2.895302996510409 
0.39665077906851903 8.681347265534422 
0.6670023960514772 1.5080337383876292 
0.7407511858043999 1.3499809643739684 
0.645415025306449 1.8551179229524268 
0.9650545505454489 1.0362135290626087 
0.5619465629398579 3.462147372972546 
0.8432799787953221 1.1866006502949504 
0.3901484534327161 8.958024333186328 
0.6942981872173923 1.440309898927141 
0.7096978450776785 1.4293158968030457 
0.5393582890731876 3.9789855382508463 
0.6309280824756643 2.1307865865744153 
0.43662460187731994 7.0561048745867 
0.6104247168268785 2.4854326908897337 
0.5481103246069644 3.9154504774140944 
0.42108902579667834 7.712462286964949 
0.4268234322850903 7.401740321990593 
0.49712193358466145 5.100205810948869 
0.5263561679474899 4.299814906773223 
0.46742598128206125 5.988599310798829 
0.6393632571296237 1.9684395981087468 
0.4383104781308202 7.028964935562192 
0.6537316919646573 1.7659705673517065 
0.41052920711085145 8.151264666477532 
0.8724450412308389 1.1462040045401685 
0.4821998651899833 5.558614362641955 
0.4046063426849426 8.317339535929401 
0.7198372690146753 1.4017930899256135 
0.41409984011581646 7.938788554839744 
0.944054780844244 1.0592605644194986 
0.6239752333471311 2.258758213968457 
0.5212798303731893 4.432342944921515 
0.4821998651899833 5.558614362641955 
0.4720064637938252 5.944880542479991 
0.5100362025112539 4.7572595276385155 
0.5695684543145236 3.3295431062529963 
0.5490377841510388 3.74967151325211 
0.7567999721381302 1.3213531423907972 
0.6388008234876593 2.093552110547876 
0.6096644014590155 2.5001409828595937 
0.47358959198341527 5.786915991641888 
0.5330630426610803 4.25590410186708 
0.5829881176532463 3.052148853615886 
0.8841842172367594 1.130986032667702 
0.45818312145636897 6.31932077803139 
0.7751231705650405 1.2901175584428735 
0.41266027151970774 8.10916982183953 
0.8908504133607518 1.1225229118180224 
0.454474671485717 6.495209258805133 
0.47358959198341527 5.786915991641888 
0.5100362025112539 4.7572595276385155 
0.5575019811361438 3.5619475092935557 
0.44702842473308096 6.684510789173812 
0.4234887550540914 7.532733570457996 
0.5190907298125897 4.495246097057141 
0.5853639942154584 3.005153791828512 
0.9322159419706191 1.0760431325513289 
0.44702842473308096 6.684510789173812 
0.9864527742856456 1.0137332734698474 
0.41838533460260346 7.885323740682605 
0.9716219753079861 1.0292068576186932 
0.45685233730700464 6.337728590007848 
0.596076590878363 2.744074644298015 
0.5393453273660522 4.16929472798128 
0.454474671485717 6.495209258805133 
0.5022269392957969 4.950257382569023 
0.5695684543145236 3.3295431062529963 
0.7453754737077004 1.341605737746638 
0.5001452565029042 5.054119434625164 
0.6014882959137215 2.640827870551114 
0.42330955419061744 7.596624726877032 
0.5575019811361438 3.5619475092935557 
0.6014882959137215 2.640827870551114 
0.9812371803538218 1.0191694961351092 
0.5022269392957969 4.950257382569023 
0.5168337788688653 4.612316357741827 
0.7977457414064254 1.2535331736825728 
0.7751231705650405 1.2901175584428735 
0.5490377841510388 3.74967151325211 
0.7880362004905634 1.2689796536592872 
0.596076590878363 2.744074644298015 
0.9978848035887523 1.0021196894738689 
