0.38953707507662694 2.494959339405284 
0.9999999999999998 0.0 
0.38953707507662694 2.494959339405284 
0.43150331530325053 2.149265914938746 
0.44308389009860616 2.0230676751458265 
0.5762655808155774 0.8156174869651899 
0.4621816791223861 1.840390208756979 
0.40320656391539317 2.371650022303056 
0.6838553127168813 0.0035146121865725632 
0.8626452212582749 5.88035040763546E-4 
0.9153342586603556 0.0 
0.8304371144460674 0.0 
0.8070735782778566 4.8549427156337915E-6 
0.3991897026502644 2.4649293888143022 
0.49343797856121013 1.6165277352039094 
0.6204352570017593 0.4174416084041951 
0.48824801685902786 1.6310868572541883 
0.5891757813448065 0.7058424051989798 
0.39665077906851903 2.443463156238586 
0.6670023960514772 0.005862116831015118 
0.7407511858043999 1.733843187845258E-10 
0.645415025306449 0.19732098118878777 
0.9650545505454489 2.581558629248802E-6 
0.5619465629398579 0.9455418166331807 
0.8432799787953221 6.36571219241261E-4 
0.3901484534327161 2.494959339405284 
0.6942981872173923 4.551856379513735E-6 
0.7096978450776785 0.014382411896391223 
0.5393582890731876 1.1460988321579333 
0.6309280824756643 0.344373095232262 
0.43662460187731994 2.0808689816710344 
0.6104247168268785 0.5171695465286323 
0.5481103246069644 1.1460988321579333 
0.42108902579667834 2.2476332309116924 
0.4268234322850903 2.159236209114974 
0.49712193358466145 1.535424174418628 
0.5263561679474899 1.263234097212647 
0.46742598128206125 1.7992269093552182 
0.6393632571296237 0.2585479529097359 
0.4383104781308202 2.0808689816710344 
0.6537316919646573 0.15447092695461684 
0.41052920711085145 2.34633222047972 
0.8724450412308389 0.0 
0.4821998651899833 1.6803630963090554 
0.4046063426849426 2.365248330501273 
0.7198372690146753 0.009062909575696665 
0.41409984011581646 2.2874510712724114 
0.944054780844244 0.0 
0.6239752333471311 0.4094091836357171 
0.5212798303731893 1.3104909784844891 
0.4821998651899833 1.6803630963090554 
0.4720064637938252 1.8060220425326978 
0.5100362025112539 1.42637458383723 
0.5695684543145236 0.8964027206020968 
0.5490377841510388 1.058711338930211 
0.7567999721381302 2.1345986095681543E-8 
0.6388008234876593 0.33736281223231035 
0.6096644014590155 0.5242469558782489 
0.47358959198341527 1.740623183323983 
0.5330630426610803 1.268665189815038 
0.5829881176532463 0.779366514967039 
0.8841842172367594 0.0 
0.45818312145636897 1.8954061195625123 
0.7751231705650405 1.2301868973800187E-8 
0.41266027151970774 2.34633222047972 
0.8908504133607518 0.0 
0.454474671485717 1.95190809412645 
0.47358959198341527 1.740623183323983 
0.5100362025112539 1.42637458383723 
0.5575019811361438 0.9857927931341103 
0.44702842473308096 1.988166328195653 
0.4234887550540914 2.1900279619074174 
0.5190907298125897 1.3334405772085867 
0.5853639942154584 0.7591088268164679 
0.9322159419706191 0.003104562412352685 
0.44702842473308096 1.988166328195653 
0.9864527742856456 0.0 
0.41838533460260346 2.2991038116953444 
0.9716219753079861 0.0 
0.45685233730700464 1.8954061195625123 
0.596076590878363 0.6356786590889173 
0.5393453273660522 1.2486896299486192 
0.454474671485717 1.95190809412645 
0.5022269392957969 1.486152613974063 
0.5695684543145236 0.8964027206020968 
0.7453754737077004 1.2301868973800187E-8 
0.5001452565029042 1.527793861026916 
0.6014882959137215 0.5884270556592516 
0.42330955419061744 2.2157238264877375 
0.5575019811361438 0.9857927931341103 
0.6014882959137215 0.5884270556592516 
0.9812371803538218 4.700269024002462E-5 
0.5022269392957969 1.486152613974063 
0.5168337788688653 1.3838008925103895 
0.7977457414064254 7.510169536020156E-7 
0.7751231705650405 1.2301868973800187E-8 
0.5490377841510388 1.058711338930211 
0.7880362004905634 1.9047694959355588E-6 
0.596076590878363 0.6356786590889173 
0.9978848035887523 9.503053010430929E-9 
