-18.896190155653265 -0.33627400784050515 
-15.481905090094568 -8.243729037248405 
-15.368243337854933 -8.66299051900262 
-16.529190659587968 -5.688665775543553 
-16.725261281519792 -4.736527201836118 
-15.311010472806206 -8.899179418394532 
-15.104228947233516 -9.764547993172236 
-18.847276977407006 -0.4554925859872178 
-16.36077059198732 -6.466950859506541 
-15.537343434381622 -8.031635615665227 
-16.067942943372017 -7.497077521469135 
-16.95847341879631 -4.029149781034659 
-14.863993771546841 -10.709917317851593 
-16.18313806870713 -7.173425394662264 
-16.547954853204583 -5.567015906200264 
-16.3906218102144 -6.3384972380066715 
-18.433326189958848 -1.988400128857177 
-16.416216709584255 -6.200039331568391 
-15.40829276325621 -8.510656472979237 
-16.86452121272245 -4.18357155946395 
-16.608105535604288 -5.296966179144261 
-16.798794327862225 -4.461037181489457 
-18.27576989618761 -2.776980646964642 
-16.75790711397672 -4.612315562668468 
-16.137040936125892 -7.296903849855856 
-16.504579611947392 -5.808199238736806 
-19.08802365009487 0.013118820408353648 
-15.050987939032426 -10.003694499656932 
-18.2147781767422 -3.070127487851298 
-18.65830123386275 -1.051030316395145 
-18.193669687497668 -3.168982814956207 
-18.350716486400266 -2.379831258425642 
-15.593199496702566 -7.8756444101425735 
-14.668517373871946 -11.297649879561423 
-15.236167577328914 -9.20837556491023 
-14.957478251740813 -10.364615901796881 
-15.339057827544945 -8.79226925701047 
-18.381950770759403 -2.2546975744500184 
-16.6526193426092 -5.083368546723138 
-18.694949325612917 -0.9214594643735426 
-14.79822827230139 -10.937139149266326 
-14.71577159020752 -11.172663910446415 
-16.244734274322703 -6.924341847093743 
-16.205777830310936 -7.054934453214791 
-15.129512887008698 -9.646100552055211 
-14.83812768432474 -10.826596044676133 
-18.33159529009057 -2.509999654926131 
-18.24340304820007 -2.9345475184492167 
-15.287999456962766 -8.992992378860883 
-16.27881428251542 -6.77685801347342 
-14.469929178295683 -11.52511686185743 
-19.0169770806219 -0.09630021464614204 
-18.962611272511918 -0.19279530071007012 
-14.576443562913521 -11.490616332953978 
-19.993266025171778 0.01362494355513354 
-16.105031395651572 -7.4101496791167305 
-18.722562524675418 -0.8198800623081417 
-16.631563361512946 -5.187338395628697 
-18.105289524458115 -3.534674795088148 
-18.41250172221514 -2.113007817170178 
-15.209075973071457 -9.323319842181753 
-15.459624416844509 -8.301336745954949 
-17.044786403735777 -3.8737943553353382 
-15.071960893103945 -9.899875784769016 
-15.158928360196985 -9.523029380800452 
-17.938107681232868 -3.8719608655601037 
-16.020148449177473 -7.60222176366138 
-15.95418788764378 -7.694828714625355 
-18.528982672894358 -1.5652398915649886 
-15.872261315939937 -7.749717403755522 
-15.261995019732057 -9.11040694405279 
-16.32723670412195 -6.594911446306542 
-18.173787806859774 -3.245177412408494 
-14.43040763722982 -11.625117460112845 
-14.92816366503867 -10.481011969211234 
-18.462592917092348 -1.8510258082411404 
-14.98955940780558 -10.245308082404325 
-14.898147628303382 -10.595594332736612 
-18.561350968546165 -1.4162356056434011 
-18.135893033941407 -3.404594587590132 
-18.305686535708546 -2.630683944821943 
-18.066226766373184 -3.658967546801576 
-15.638639271041288 -7.757807909377805 
-14.631610385311053 -11.39590475316903 
-16.83145409984401 -4.3639495982074505 
-16.674794034742078 -4.973367694392618 
-18.632859049095526 -1.1447323196974892 
-14.756121627933588 -11.07381786828876 
-18.019407963629078 -3.7832866330922177 
-16.455122960018166 -6.037141135547415 
-16.48130952625977 -5.918814943623117 
-18.495703162781233 -1.7024950285110352 
-16.575812908014473 -5.426389889929052 
-18.76099523854947 -0.6988314457399736 
-15.183132129184727 -9.424979070943591 
-15.007185816582677 -10.134333498754238 
-16.69804656863529 -4.860921680376714 
-18.60103464474544 -1.2694210171019193 
-15.511392152947916 -8.135161525379328 
-18.79445543368051 -0.5949552851534391 
