4.403535878406957E-4 2.997534228496414E-4 -0.5842111029259278 
-1.0641012517157973 -0.6992600422246974 -1.0808459142678077 
-1.0499664448923967 -0.7726996360602928 -1.083348952423562 
-0.9465429422079559 2.3535893612307182E-4 -0.9595086534670988 
-1.058931897592593 3.944709317719494E-4 -0.7344518189745842 
-1.0884528931501918 -0.7863434528796647 -1.0711893668463253 
-1.0747828808576219 -0.9190793967755916 -1.0473500272065535 
6.276137555767206E-4 1.8717408832329878E-4 -0.6116366505200166 
-1.0245704322455964 5.035769237710829E-5 -0.9839703960381285 
-1.1145373604338245 -0.6335327770323078 -1.0693419387598735 
-1.112240803700595 2.951471261084936E-4 -1.0768827064197892 
-1.0943081243126187 0.0020307601923772838 -0.5691177665916128 
-1.1123551023060312 -0.9829019188552263 -1.1111726362535521 
-1.0499664448923967 -5.571128949364984E-4 -1.0676732719571413 
-1.0034333492087752 -0.0030837821733185793 -0.8918763416280936 
-1.0071395157552063 3.3208018789228464E-4 -0.9831186547463907 
3.518057085670504E-4 -0.002209587897268093 -0.8493145186087294 
-1.0245704322455964 7.262816034061718E-4 -0.950330642774807 
-1.0899394977467236 -0.7371028370603167 -1.0617218606861818 
-0.6476922299397831 0.03704129614635649 -1.064472655954806 
-0.969727716904047 3.241095511868821E-4 -0.8890120381808018 
-1.07564839468845 0.0021609103732145992 -0.6765589962502148 
3.500393198232211E-4 8.123160699868164E-4 -0.9451967326467439 
-1.0169032999101444 8.718984063130712E-4 -0.7551419794895388 
-1.0747892902497638 -0.012354797585704402 -1.071218743760372 
-0.9589681813103845 1.818241641965063E-4 -0.9619760258125069 
3.2884867813586156E-4 3.073216209496718E-4 -0.47764282654683754 
-1.0747892902497638 -0.9322887459772988 -1.071218743760372 
3.4796473814493296E-4 7.105134707191805E-4 -0.9822885583019925 
4.058483740818653E-4 6.453642445559634E-5 -0.719858170972303 
6.469627860035057E-4 1.7474143656867532E-4 -0.9952983549052101 
3.8904426163023767E-4 -0.0030064280658785025 -0.8975559148015961 
-1.0752888405667314 -0.629501812724755 -1.0717788758675388 
-1.1459972909552816 -1.062664829901705 -1.1110768698671767 
-1.0906467272474083 -0.8260350301804262 -1.070895389362237 
-1.0744313887009898 -0.9584441187595064 -1.1085623363603012 
-1.0641012517157973 -0.7874834008512643 -1.0711893668463253 
3.28436400755983E-4 7.562854949697553E-4 -0.8815382483133192 
-0.9280136299841851 4.8184196755732636E-5 -0.9036635300818863 
1.442508381727574E-4 1.9306188053003058E-4 -0.6989366808134465 
-1.1267441176180752 -1.019812190282443 -1.0898226752553097 
-1.0897133529377174 -1.079700318696574 -1.0898226752553097 
-1.0169032999101444 -0.004979556134888652 -1.062812844074936 
-1.0809558401007915 -0.0047699549046763545 -1.022835793194334 
-1.0486983604067903 -0.9198151478376448 -1.0500156147173247 
-1.0901040295593576 -1.019812190282443 -1.0898226752553097 
3.2836785320149544E-4 1.1200092512317442E-4 -0.9122343247770432 
3.28436400755983E-4 7.562854949697553E-4 -0.9648588796426825 
-1.0641012517157973 -0.8292058115273669 -1.0495840624121175 
-1.012642833272606 0.01562602749530151 -1.0458524997657426 
-1.1021479685759588 -1.166084200316153 -1.1419487035974891 
3.281974733962753E-4 1.4305815737560875E-4 -0.5169827091482637 
6.269679770650521E-4 2.8727720560999177E-4 -0.5468479214742377 
-1.1468792279501063 -1.107631988663356 -1.1110768698671767 
6.685086478694746E-4 7.16693308286351E-4 -0.002277469332542248 
-1.075823647161297 0.0021474160650404306 -1.0901878245071819 
6.469627860035057E-4 6.034057082235271E-4 -0.6823458358209186 
-0.9327092054490269 4.8184196755732636E-5 -0.9116128074985087 
1.2630392019279037E-4 5.006245574122818E-4 -1.049704032054747 
3.281974733962753E-4 1.4305815737560875E-4 -0.8639054056289649 
-1.0641747364796386 -0.8710940396303295 -1.0485372117454028 
-1.072271837892334 -0.7355534310931626 -1.0411017646265361 
-1.1018673632966813 1.5873302424137354E-4 -0.5142654674919753 
-1.0967434160451 -0.9150064880223864 -1.0605099784917793 
-1.047574891874058 -0.905582776577095 -1.0501569221450742 
6.289362413199008E-4 1.8146748681126794E-4 -1.1537263546492822 
-1.1242504172944705 3.1370417143332234E-4 -1.0946439756517583 
-1.1143826601975997 2.918454723874978E-4 -1.1457756934433003 
6.469627860035057E-4 7.496259497704202E-4 -0.7944139272321742 
-1.157557972739107 1.4084507729720543E-4 -1.1540352224768986 
-1.0641012517157973 -0.8292058115273669 -1.0711893668463253 
-1.046631311742747 2.951471261084936E-4 -0.9825498903620937 
-0.0013377665907948742 7.754595843876973E-4 -1.006371945250458 
-1.1557004950098508 -1.1505087635871614 -1.159177729211231 
-1.0899394977467236 -0.991014465606759 -1.0608551462668074 
3.4548291287229515E-4 0.0021837602129391293 -0.8320331887205844 
-1.088444291340076 -0.9613072979671646 -1.060868254534503 
-1.1117691988290532 -0.9830484562524021 -1.0807051310879656 
1.2593635028504505E-4 0.001975665084098627 -0.7743215916015216 
-0.0013377665907948742 7.754595843876973E-4 -1.0295977148421762 
3.525100907463524E-4 7.517863107715535E-4 -0.9272236068422961 
6.410946274394208E-4 7.236914839407818E-4 -1.0732978342719812 
-1.0908171930770756 -0.5761237042805988 -1.0825008372838703 
-1.1048255277073644 -1.0890871173642989 -1.1365700506526646 
-1.0674168124293815 3.764314574199785E-4 -0.6654869192626239 
-0.9266601605162578 1.758928432225007E-4 -0.891741108010316 
3.2884867813586156E-4 3.944709317719494E-4 -0.7344518189745842 
-1.1117088971992848 -1.0535959315063455 -1.0804458723271855 
6.469627860035057E-4 2.0294881061620355E-4 -1.1027570705294103 
-0.9969910283267488 3.081606672823879E-4 -0.9540552349530305 
-0.9759199969210981 2.093906128464724E-4 -0.9591469313857208 
3.215463240671982E-4 0.0019113680398024893 -0.812840133763067 
-1.017956969178413 2.951471261084936E-4 -0.861149264373071 
-6.723040029034225E-4 3.3361793584393894E-4 -0.6605212965718779 
-1.0479526202543796 -0.8691482708868612 -1.0899298383959268 
-1.0372113017082019 -0.9756857503459824 -1.0700102951473744 
-0.9395242917558626 1.3240530666925427E-4 -0.8651575360558901 
3.8904426163023767E-4 3.3811647309440985E-4 -0.7529136615799805 
-1.0899394977467236 -0.6770527736451759 -1.0608551462668074 
2.826201625994035E-4 0.0011582781341417658 -0.6409617766069291 
