-16.057205539022263 -7.539240452085728 
-14.475967777982488 -11.617202695945357 
-14.522271055456002 -11.582435367360645 
-18.022351204639932 -3.7826099546668432 
-14.932646901939433 -10.479257042182414 
-16.55028519940929 -5.587421098105957 
-15.318408777515732 -8.877052938011513 
-15.355442228936605 -8.727181424835067 
-14.852166044885273 -10.779629862620475 
-14.819068065385167 -10.893571764604069 
-14.948703780354656 -10.418944042092999 
-18.292916652110858 -2.704850687284039 
-16.501378105461097 -5.824548991197373 
-14.792428480024052 -10.981424615304375 
-14.89009429488505 -10.64217799097445 
-17.980765837769134 -3.851519160159876 
-19.999363219111117 0.0019108701974703028 
-18.535602207180094 -1.5492681827255905 
-14.583252918557982 -11.501058507462737 
-18.11036837315439 -3.5201956175172757 
-17.962288087564488 -3.868041624268545 
-18.616782696218074 -1.212976789341259 
-15.355442228936605 -8.727181424835067 
-18.507425744429412 -1.6737490684853218 
-16.54939273502071 -5.591770557773714 
-16.60761788492966 -5.30569638540633 
-16.03806032381791 -7.581517890915362 
-18.34146554737344 -2.465141196923668 
-19.999363219111117 0.0019108701974703028 
-17.970804843445343 -3.8615870410803232 
-15.118151940330826 -9.721425392085926 
-18.022351204639932 -3.7826099546668432 
-16.064618200465887 -7.522924253916228 
-15.268553176949883 -9.083181274881273 
-18.089857963491 -3.593807090084254 
-16.44378263111267 -6.097886145728422 
-16.24702779438235 -6.947179214971305 
-14.657730869888145 -11.353323945856353 
-18.40857948097412 -2.1361013586738213 
-17.991128714170294 -3.8382979041927188 
-18.191038755123607 -3.1889264521414935 
-18.37067253778727 -2.3201411712006164 
-17.953068432022278 -3.8726936063713895 
-16.175297082751044 -7.205330367037878 
-15.941364578403485 -7.724676459096958 
-16.59295925579231 -5.377406487860009 
-16.272580829719153 -6.846721506325518 
-14.99175505441583 -10.246848112627791 
-14.623757485927362 -11.42571053873846 
-15.965249764338928 -7.700034708756814 
-18.140744264118716 -3.4041512268604404 
-18.246298192066867 -2.931465884568232 
-16.339012720771823 -6.57057128572775 
-18.166772712170815 -3.2955814487490316 
-15.095202727051555 -9.818441281004993 
-16.41601062793926 -6.2267583629117365 
-16.206514823068197 -7.097112887360173 
-15.247472264624102 -9.171463447383607 
-18.559255125642913 -1.4477399964174047 
-15.151910730634617 -9.577732932423945 
-16.147766622890217 -7.294257324677231 
-16.483654781192794 -5.909371779259844 
-15.033815157944844 -10.0754215676074 
-18.45689463184162 -1.9056716185505118 
-15.203204882939374 -9.359201947360727 
-16.00290350689985 -7.646684547878994 
-18.001771980355503 -3.821907112501889 
-14.475967777982488 -11.617202695945357 
-15.941545273769929 -7.72454018068426 
-16.377475586383028 -6.401783852931727 
-16.00290350689985 -7.646684547878994 
-18.06097396563964 -3.684724805603972 
-14.52886748331467 -11.575125326891065 
-15.055079996014427 -9.987108491115777 
-16.101112194518016 -7.430201106475586 
-18.03947390404729 -3.7428746690107655 
-17.946170609389227 -3.874536149511956 
-14.698323695854942 -11.256401249539412 
-16.135438377954497 -7.332181316488773 
-14.751746693168386 -11.10750404332249 
-18.28957472689129 -2.721264714765586 
-14.592186774821052 -11.485848239369329 
-14.523052335561204 -11.581653277571629 
-18.21471793747216 -3.0807242329579188 
-14.723220489708094 -11.189248384521342 
-16.31534191205941 -6.671562006304864 
