-1.094014493099209 -9.963827221005634E-6 -1.101734301397766 
-1.1449018993407905 -1.1402077948956364 -1.1460081466892573 
-1.1393145944549299 -1.1233402900011122 -1.1400611870025397 
-1.1016336624712184 -1.1349167954451497E-5 1.0695747690575574E-4 
-1.0929920380864284 -0.9711585288944868 -1.0897714561502838 
-0.9489300948137022 -1.0176566784173277E-5 -0.9443603420757856 
-1.0725526981662807 -0.793445008804056 -1.0706786512967597 
-1.0697771609199758 -0.7729132105429575 -1.0735556729290787 
-1.0961628632668199 -1.0066634071394795 -1.0952501061613455 
-1.0979427110637285 -1.0187950648687172 -1.1014386732860013 
-1.0863062936109786 -0.9711585288944868 -1.0820496524162095 
-0.935787227199115 -1.0252246980477414E-5 1.0695747690575574E-4 
-0.9607156743025772 -8.585095489709943E-6 -0.9621681770298629 
-1.0978921568335636 -1.0317052358929986 -1.1020174258451998 
-1.0923339286651736 -0.9913116377716078 -1.0925767361189456 
-1.1276188192930703 -1.131092448333438E-5 1.0695747690575574E-4 
2.1074357419371254E-4 -9.938727287318835E-6 1.0695747690575574E-4 
-0.7915700313241876 -1.024373327401268E-5 1.0695747690575574E-4 
-1.1265380771039561 -1.1032443944054193 -1.1335610433168146 
2.1074357419371254E-4 -1.0132022766622301E-5 -1.0469488864712453 
-1.1392085734482897 -9.519395818425433E-6 1.0695747690575574E-4 
-0.7442418828275132 -1.0248378577874904E-5 1.0695747690575574E-4 
-1.0697771609199758 -0.7729132105429575 -1.0735556729290787 
-0.8081021731691329 -1.0255993529185898E-5 1.0695747690575574E-4 
-0.9494696145743845 -9.929558251840142E-6 -0.9443603420757856 
-0.9199028757019907 -1.1522814903230459E-5 -0.9388227695355673 
-1.1033079339217151 -1.009678351399608E-5 -1.1043681808992032 
-0.9066022015430335 -8.585095489709943E-6 1.0695747690575574E-4 
2.1074357419371254E-4 -9.938727287318835E-6 1.0695747690575574E-4 
-1.1338633074839404 -1.0252246980477414E-5 1.0695747690575574E-4 
-1.0699232042266666 -0.8994821315196385 -1.0735670800575179 
-1.1016336624712184 -1.1349167954451497E-5 1.0695747690575574E-4 
-1.0950484913772547 -1.0245033257375978E-5 -1.0960820338415205 
-1.0649228210494948 -0.8261252912810206 -1.0697098723557052 
-1.0597367952169698 -1.0130734981775412E-5 1.0695747690575574E-4 
-0.982069534913599 -1.0027690584639103E-5 -0.9757806758836862 
-1.0390007071216267 -1.1321087613603076E-5 -1.0392221598919256 
-1.1261894871186449 -1.0765906986192628 -1.1146176811638449 
-0.8665350132060183 -9.46748260294962E-6 1.0695747690575574E-4 
-1.1211309457106073 -1.0129678143453206E-5 1.0695747690575574E-4 
-0.9975906820144169 -1.024482683558675E-5 1.0695747690575574E-4 
-0.8890758651925856 1.0425897014989128E-4 1.0695747690575574E-4 
-1.1450012627638153 -1.0258638985457326E-5 1.0695747690575574E-4 
-1.0609738665176396 -1.1411357799806396E-5 -1.061496812537955 
-1.136768360960941 -1.1940163077754077E-5 -1.131383055777623 
-0.9232018415429644 -6.673015770192444E-5 -0.9443586279730402 
-1.027218547146583 -9.963827221005634E-6 -1.0352921103089208 
-1.080953457508976 -0.9566697255571927 -1.0747096183685014 
-1.1272398974808722 -1.0846507770292328 -1.1302675122693349 
-1.1290276542535171 -4.499276080904462E-5 -1.1241515629239447 
-1.0283854381579143 -1.0239268574561352E-5 1.0695747690575574E-4 
-0.9639701035360123 -2.566717859041894E-5 1.0695747690575574E-4 
-1.0070091606136584 -1.1338060628514286E-5 -1.0147599124961393 
-1.0124246631977498 -1.160321639125409E-5 1.0695747690575574E-4 
-1.0697537809106323 -0.911352201352647 -1.0735670800575179 
-0.9850838431742169 -2.356550241399973E-5 -0.9896687788689513 
-1.0504542333323432 -4.1063547352043196E-5 -1.0527356511476151 
-1.0743655418295357 -0.8306860854892043 -1.0706786512967597 
-0.7777341048894867 -1.0137815624132786E-5 1.0695747690575574E-4 
-1.0743655418295357 -0.8810889136221903 -1.0706786512967597 
-1.0681214631319478 -1.029526943013596E-5 -1.071384299599407 
-0.9695766495955735 -1.1013541117091603E-5 -0.9640549043294897 
-1.0796656019672415 -0.9362831834351919 -1.0745237547990414 
-0.8378880498903218 -1.1564259912695858E-5 1.0695747690575574E-4 
-1.0697537809106323 -0.8553016264957336 -1.0735670800575179 
-1.1166974947383699 -2.6001147131893048E-5 -1.1129242025069805 
-1.1144761990807013 -9.519395818425433E-6 1.0695747690575574E-4 
-1.1449018993407905 -1.1402077948956364 -1.1460081466892573 
-1.1366549511702229 -1.2046059841227025E-5 -1.131383055777623 
-1.00064340089264 -1.060155845946835E-5 -0.997610285099728 
-1.1166974947383699 -2.6001147131893048E-5 -1.1129242025069805 
-1.077620094551671 -1.1349273145659637E-5 1.0695747690575574E-4 
-1.138644046497757 -1.1233402900011122 -1.1343496122228731 
-1.0735855159867178 -0.9293465037329385 -1.0739280300139182 
-1.086255195515694 -3.781184952959672E-5 -1.082184866991007 
-1.0909735860865952 -1.0258412296778714E-5 1.0695747690575574E-4 
-1.1493394393299878 -1.1568230712624039E-5 1.0695747690575574E-4 
-1.1153000891067815 -1.0629820851597709 -1.1132874494131006 
-1.0736020673302724 -1.6296475893784078E-5 -1.0735407229968956 
-1.1078691197459496 -1.0439894026296022 -1.1067417173107654 
-0.937802374132291 -1.1361091178265406E-5 1.0695747690575574E-4 
-1.1265380771039561 -1.0988565183258117 -1.1335610433168146 
-1.1385590373904002 -1.1233402900011122 -1.1400611870025397 
-0.9831574541189124 -1.1361091178265406E-5 1.0695747690575574E-4 
-1.1098347355222689 -1.0572249903714355 -1.1063463391027624 
-1.0215062311725218 -1.0599702800749563E-5 -1.0147599124961393 
