0.05244370760399486 0.6092235445369262 0.7653352111902278 0.10711760418459337 0.001964258919659345 0.8869169086783224 0.1986256689875716 0.8321041310157541 0.7955027312542371 0.1522525226793069 0.10082541794169286 0.014097292551707996 0.5561283867296202 0.15420896240040505 0.7606788825306914 0.40755578998596276 0.4216986186629823 0.5464621526294652 0.02535996847983224 0.2687483540075084 0.8922752862499238 0.7694436048232903 0.7620371494605929 0.032901466092401965 0.7934931598415323 0.7701190026106575 0.5992771608457651 0.9008976520937505 0.004405574299982784 0.09372133852489628 
0.6392138700697693 0.30073166034444165 0.05874642875392 0.29857519684694045 0.5305967799919398 0.8567127418620817 0.05394846115545171 0.13699061061253837 0.21012847541714452 0.23860217912992765 0.6911419817820776 0.2815461943131522 0.19474396478216072 0.10092974210582817 0.92734440058546 0.30470890909180737 0.9314648144392972 0.8539759653366018 0.08981051614275493 0.7128224619011805 0.46760153308309393 0.5159899520813706 0.6245788449241048 0.2072903094966515 0.6797499925371614 0.9057931601892212 0.4848701733089791 0.1336445425536631 0.6816040926361954 0.11961565091390447 
0.02048538067774386 0.3098976946116665 0.20875681356601683 0.0364610358649079 0.5420250429900912 0.028055888336286805 0.8493326950099644 0.5537368571125381 0.574727569719423 0.10431278440622083 0.13356663545629222 0.8481412276467435 0.27699513681634147 0.4237106177994333 0.6613007017974022 0.4855358559828703 0.7710881110960968 0.6502324008718234 0.3507480871161872 0.5666705664167279 0.36618871022974464 0.7048829373878553 0.03588426529198563 0.839279472416998 0.32931617545810277 0.09197484677842482 0.0222853928890121 0.7565501538568492 0.502540891655653 0.8274078024343647 
0.08877713184419711 0.20997929362566548 0.5649064088176847 0.051823113531077936 0.05847629482153105 0.5520370010601428 0.24173039920472406 0.7616147573246049 0.38410039002866025 0.2546465054125454 0.1673202593053732 0.24004243879440246 0.1715888884102904 0.82510942012907 0.40829542426729637 0.41540303586250915 0.6375652163621297 0.39120116614449973 0.21530995409865894 0.42371744853521054 0.04662364923493567 0.0037166619244232146 0.6018741850147713 0.417380024747234 0.6981284547897333 0.14494203573464537 0.8509436028664861 0.870508663227108 0.6988231345052262 0.3519079796118708 
0.31595311983962593 0.163740114822563 0.125626511339899 0.22746082614722507 0.48973568163702463 0.6722404318100705 0.863951619917599 0.36087154441296376 0.7681757629897094 0.44883290289456323 0.8311652514406475 0.9151032980220105 0.3341380656996671 0.5739386768944711 0.28554314338380227 0.5421632042887456 0.6984942050187389 0.26134138880552416 0.03302763127105901 0.34806749025186656 0.2222939641681917 0.7159436654761986 0.34545392537874975 0.2620384412937554 0.31676521539831004 0.6565173405870922 0.02477745084221561 0.3992761923872472 0.15481690449764907 0.0781877296713075 
0.01814106092998702 0.7834728769613939 0.4317926380940438 0.5832716074425123 0.24162052556231817 0.8387328003032484 0.7344948580602293 0.47042547743386565 0.5202131304657742 0.11795478423839267 0.40045981082461735 0.494147902724856 0.399080483992323 0.5712182105001196 0.1357955743979533 0.2935625667395553 0.2659909470905445 0.5539188205964961 0.3050638975591301 0.9652703845571136 0.45920062276397444 0.4181528077895439 0.5026002108081183 0.5992104038491303 0.4335433788829237 0.3677057634006068 0.868047825361446 0.7449823298870735 0.9729726639257702 0.45429592925626916 
0.44974415916146493 0.262935363555991 0.3428478773060335 0.17379239186899775 0.7036512699589734 0.14990739820611265 0.23080828960251143 0.013956605912075482 0.09190404628730398 0.4473655430310479 0.6109506488152049 0.0467972140507924 0.6796984269175798 0.6761064040973918 0.3858335996641792 0.8958322577520339 0.31652328508666705 0.825259710020977 0.9272130697118641 0.39112394422509433 0.5184142816912646 0.23267291492282483 0.29133002909898154 0.016124085905431684 0.5683969017685221 0.5205375134054029 0.08894476078801028 0.4094792155735145 0.5379692556033447 0.6888254020971357 
0.09795281566815561 0.536555208053323 0.22092883863422363 0.10543643957328663 0.43338803876437815 0.16480982610429595 0.6735476238705019 0.7289221429314331 0.6442991405249068 0.31310747342715584 0.2870507505313298 0.9175032200214583 0.05507713998780428 0.6540463250094244 0.4035345664129849 0.8109340473487143 0.6231365668546877 0.3058974354232147 0.2889697079305318 0.17780910605222766 0.06259240460911786 0.34767865860889124 0.14845833211252912 0.0535485632924938 0.08172535396539726 0.05522693182323124 0.965073454703164 0.2134825295030477 0.6500667327392082 0.4101461101882209 
0.6381744298639197 0.8906147667766021 0.6143931342353611 0.9701221835772954 0.2985444883120607 0.10911874649019104 0.6177410697335174 0.9758682221166121 0.49322712105126953 0.2062285952418481 0.1070924531774865 0.14622290382237135 0.19724098047615757 0.5052697951062657 0.19298708279362264 0.3621077334198407 0.8074903807892128 0.5139126290824654 0.013104672816411367 0.9203162884673853 0.23762260573615102 0.1629206817512715 0.5068570788604618 0.035235103098775644 0.9996179762757238 0.2311997514820502 0.234566946456789 0.1895860911816183 0.7133863173718554 0.8068175984956931 
0.29010107391782036 0.2741364247249112 0.1153189390401117 0.47417292789738885 0.5437314831448558 0.2244183018178627 0.21601759133261822 0.46458140466105846 0.9862862623083916 0.7402025433370424 0.5925198363143505 0.8575865646870892 0.13197905551292877 0.6574761441173345 0.34127510337340006 0.3756667716516784 0.7531707168148289 0.1213304680228694 0.6712536309992929 0.13417634530182732 0.35655812313045054 0.5820445888631531 0.04131996183611941 0.49784174315824037 0.4023954221588161 0.03644029150332739 0.3707815885946094 0.35207786221084536 0.8592170064575091 0.8130869673872704 
0.8241406229596882 0.3015774107315061 0.25892292880169 0.7943794522344729 0.5218969695885319 0.514408933188076 0.8528846892515057 0.14886639370393084 0.44122800019375286 0.07360182714369301 0.28201974030647925 0.4470388438601294 7.647770413490296E-4 0.5705653240022903 0.48194121337430673 0.19205314399526574 0.49757507551823066 0.5419996388193551 0.8932253112452554 0.93517481798635 0.26585821974807533 0.3306181778851621 0.9526953176214029 0.4352561985303631 0.5709822502012625 0.2830826798138433 0.3852120082537942 0.06840010841095512 0.15772974665746853 0.23307142008894643 
0.008500782677413388 0.6068486320608878 0.8064936512764637 0.5675647552456714 0.22376107800548795 0.38475126659889824 0.9424477522423962 0.5171452403492753 0.9190839608198383 0.8660076539530591 0.765840775435107 0.8536190734510157 0.20828027055645715 0.9596024155802851 0.5806903910073327 0.8354123670666889 0.5364689324801898 0.7322896023645639 0.8087087232221717 0.2457886303000697 0.06796214489217445 0.8074026672107676 0.6595884549420806 0.23229184865204677 0.3366801472799801 0.3167527190938173 0.6785217000196099 0.6958716947917749 0.45501055799932166 0.8539140292958178 
