-18.207967996539246 -3.1117728584092847 
-18.43229876494912 -2.02178548015841 
-16.09834063705994 -7.4221134761246255 
-16.42059590430931 -6.204273434433219 
-16.32285754934999 -6.595302793317643 
-18.225461184378247 -3.030377618007907 
-15.537375603232704 -8.056272459078782 
-16.148249516219707 -7.169849234373228 
-16.004221828498245 -7.5503611538571525 
-18.45623679879175 -1.905107082165705 
-16.359147515271715 -6.43285363523429 
-18.758550749328514 -0.7140653243361864 
-15.595553351149174 -7.880418277079564 
-16.65697226149465 -5.0607895203178135 
-18.90622334771225 -0.309550272865338 
-15.080324376433943 -9.83754325023062 
-14.889058536328541 -10.640888864130705 
-15.423910529807525 -8.459717680071995 
-18.38816445642249 -2.234957648869291 
-16.570320745662592 -5.483104189546787 
-16.758571141286296 -4.587289292887093 
-15.191434872848799 -9.398404779005482 
-16.470707729271695 -5.968465470832183 
-18.01928615651208 -3.7632441228254017 
-18.957086216787634 -0.20930413785202154 
-15.48712710370399 -8.18434780366156 
-18.36483249794619 -2.3478405554685247 
-16.678293006757468 -4.957510992292892 
-18.798943973828443 -0.5927137036849324 
-15.986841436222152 -7.653278777383569 
-14.763961678295246 -11.0643855577483 
-15.154012075787996 -9.518382278024045 
-15.235378322587042 -9.193598344740824 
-14.961634277427375 -10.352443833465477 
-16.60170136324202 -5.33321069210716 
-18.693414505048146 -0.9277079227613357 
-15.389567874959628 -8.55656266527621 
-18.5216866978326 -1.5995326374084824 
-16.785490797431713 -4.467014752112323 
-14.692920274060404 -11.191755006281097 
-16.308241313177767 -6.677383436405884 
-16.628029206972244 -5.176652714465133 
-18.545039474680742 -1.5016737633143324 
-18.296385054002698 -2.6855636100123292 
-18.111611655063378 -3.512246820950885 
-16.91552519594072 -4.13265666185402 
-18.085678246483063 -3.6060816556761606 
-18.54522853145203 -1.406533118132413 
-18.27024349983693 -2.8086072655150978 
-15.032898989926856 -10.075161177066168 
-18.142124916765233 -3.3964337852734547 
-18.65844807671215 -1.052568238930573 
-15.003469020125117 -10.171763848841112 
-18.17955163876891 -3.234131794609413 
-16.702494139622473 -4.844090753712225 
-15.055111991489625 -9.97318280462898 
-16.722363525349124 -4.735030262397945 
-14.615158584436308 -11.390682861488706 
-16.20152080037179 -7.073721870558016 
-16.27282642560381 -6.844345400161696 
-16.388434869964954 -6.351137654663265 
-15.292100751349697 -8.947558338783498 
-16.14651804311136 -7.290362765635841 
-18.481016226241525 -1.7922531920024745 
-14.853640290235331 -10.773622822634003 
-16.52003240474577 -5.702177459733518 
-16.495429213134198 -5.851898340305757 
-18.342108857626172 -2.4580495448523934 
-18.624906627116275 -1.1793847045380337 
-18.317569024408634 -2.583099068898498 
-18.24392689762708 -2.9367717398780413 
-19.062089816564722 -0.02280396459645108 
-15.20953914734433 -9.297247406016833 
-19.997829632960773 0.005436020588459959 
-18.72981171037265 -0.799894269180524 
-15.099865845974614 -9.739530715194586 
-16.243715467259918 -6.9561851594166315 
-18.410523186961427 -2.125145584533335 
-14.573578300018045 -11.504591356815387 
-15.455716229347592 -8.335780692014822 
-16.445218203901916 -6.087540168157867 
-16.82292195207198 -4.390616769554056 
-16.97128427895302 -4.006575007777929 
-15.268933063085331 -9.068513270464248 
-18.848523741063467 -0.45650813322025163 
-14.465839663706323 -11.59880738059718 
-17.01982749564304 -3.8970941010214837 
-14.813029345554774 -10.911764953511321 
-18.502221265651066 -1.6957488503699434 
-18.585349884478923 -1.310906831856798 
-15.142014769951386 -9.608754932506047 
-19.009824508297783 -0.10982388378924901 
-17.932156164217577 -3.8737699150336624 
-15.639285244851793 -7.753883834527282 
-15.33199133768014 -8.815911666657009 
-15.363592172496814 -8.681062915174078 
-14.67506269510872 -11.273627705106177 
-16.86244517803772 -4.267484798120882 
-15.87671230513677 -7.749803943695986 
-14.923959817898933 -10.49901338077456 
