-0.9872521047836215 -1.1989505732754621E-4 -8.166367602658182E-6 
-0.8524222855792125 -1.315543971438408E-4 3.124547684679258E-6 
-1.1020278383567403 -4.037476423861051E-4 -1.0681899902249525 
-0.9932393313471962 -1.3250143763068718E-4 -0.978729965100984 
-0.9742578473806187 -2.47845692555648E-4 -1.0577490713078233 
-0.9766075322391335 -1.1989505732754621E-4 -8.166367602658182E-6 
-1.0796404030924909 -0.661299316575835 -1.0710651172684955 
-1.027551464752242 -0.020381221353083512 -1.1116190242782267 
-1.153481034236626 -2.757173756579459E-4 -1.0756192357661085 
-0.838021493210166 -2.6923964339544267E-4 -1.7954969973371648E-4 
-1.0274662378744353 -0.016402837652114935 -0.9818204967989191 
-0.6626329799072401 -1.2279719376490824E-4 1.8723359610012995E-6 
-1.0980309302436508 -0.5948801392629685 -1.0864472088666126 
-0.9343724694377044 -2.6672385886307475E-4 -0.8947398929471849 
-0.5778759779675668 -0.0011553370767332506 1.477664425216786E-6 
-1.1133951699003466 -0.8911393917520098 -1.07631589528571 
-1.0920962345523715 -1.0008307559719318 -1.07631589528571 
-1.0817676657274882 -0.7248505472861926 -1.0743066240285093 
-0.8786532102215004 -1.3703228030731887E-4 -8.170551628866227E-6 
-0.9139053419291905 5.855328935186045E-4 -0.9674283812735351 
-0.8032952117546085 -1.9636295712145515E-4 -0.9662568729539156 
-1.0899593393761249 -0.847573371046911 -1.07544151462819 
-0.974061059828579 5.856080565328492E-4 -0.9674283812735351 
-1.0993483273271143 -2.6837531632131734E-4 -0.0034647277382057196 
-0.5505501060132869 -1.347110083145144E-4 -4.26498179426115E-6 
-1.0842391921975885 -0.717518620458772 -1.0322960405701207 
-0.8924898369738876 -1.2216455262795023E-4 -1.7391596184633358E-4 
-0.8531045202807155 -2.2204263030790235E-4 -0.9637497266493538 
-0.6395946008803143 -1.3887138446628915E-4 6.081560584493144E-5 
-1.1030167584671589 -1.421807195521402E-4 -1.136702960530851 
-1.0905386341510106 -1.0477055372833446 -1.1055990581343147 
-1.1133951699003466 -0.852008717712907 -1.07631589528571 
-1.0617625095767305 -0.8244543104918172 -1.102785406202779 
-1.0705025166452173 -0.9611538630546841 -1.1040151031283516 
-0.9447867473489244 -2.728630674982079E-4 -0.9175212597846496 
-0.6998477540641582 -2.1625756196466445E-4 -5.917445280506834E-7 
-1.0354814095501186 -0.790768364886755 -1.0538479219511425 
-0.7988316503995878 -2.542677065046002E-4 8.334316971699407E-4 
-1.0160257638112962 -0.016402837652114935 -0.739651306736106 
-1.0797642869295272 -1.0646175732483527 -1.1504311255367012 
-1.0006425593747241 0.004820663021529932 -1.0400291346125017 
-1.0224366642598057 -1.3531861195167767E-4 -0.8259191056442498 
-0.7855209741584641 -2.882765109487006E-4 -4.7459470326667005E-4 
-0.9335045079467799 -2.6672385886307475E-4 3.15053934068112E-6 
-1.0459168548722584 -2.584615883106427E-4 -3.3923792063761393E-4 
-0.6000989509597372 -1.8775200596174403E-4 -1.0867416128840697 
-1.0621216335201369 -2.6837531632131734E-4 1.8723359610012995E-6 
0.009084527487959737 4.490596253477921E-4 -0.7754369086515259 
-0.9489330134356823 -2.721646479274042E-4 -4.8525306695816845E-4 
-1.0899593393761249 -0.9302298873264988 -1.075487005519538 
-1.0273818977086098 -1.4127674125642968E-4 -1.867609398088475E-4 
-0.7199848845091003 -2.16353330545464E-4 7.119822857146727E-5 
-1.101221210744634 -0.9244855464280317 -1.0997111765235508 
-1.0041066862808943 -1.2216455262795023E-4 -5.024382028199215E-4 
-1.0224366642598057 -4.5751888784072105E-4 -0.7821908791539309 
-1.0899593393761249 -0.9302298873264988 -1.0559235879269295 
-1.072915864069835 -3.8064927831348364E-4 -0.7230559829388461 
-1.1125826098884952 -1.1157149021842279 -1.0918781193606766 
-1.086011587773824 -2.587906409480578E-4 -1.0204746928135444 
-1.0301354491478678 -4.090724628076684E-4 -1.0322210794303661 
-0.9929989505974374 -2.775071135178454E-4 -0.9985663052739396 
-1.0496019915159798 -0.8007916139454407 -1.1040048914578722 
-1.0825601324514968 -2.47845692555648E-4 -1.0577490713078233 
-0.8235190543643724 -2.1625756196466445E-4 -5.917445280506834E-7 
-1.0881012863206088 -1.010223395649652 -1.0953932021545667 
-0.9764166440784198 -0.01131183570667098 -0.9351201159207789 
-0.9626950173410883 -2.4987565072074664E-4 -0.9637944623741856 
-0.9059464969781034 -2.821387785168641E-4 -1.7617024781497835E-4 
-0.7393997491804681 -1.3842775179427738E-4 -1.7094017281396446E-4 
-0.9209308423873009 -1.1989505732754621E-4 -8.166367602658182E-6 
-0.9649217564541085 -1.4238820945036175E-4 -4.907094143820507E-4 
-0.491793853076972 -2.8105160393502145E-4 -4.998748140324513E-4 
-1.0818073917198299 -0.8245141504948693 -1.1040048914578722 
7.088542488898897E-4 -2.720720428289336E-4 -1.7954969973371648E-4 
-0.678554385108118 -2.726331789469056E-4 -4.997377920784698E-4 
-1.039906274194158 -0.9448736275880534 -1.0403734995031815 
-1.0476200459013263 -4.091403340989498E-4 -1.0326527946579431 
-0.8652453121150618 -2.2010367886597703E-4 3.124547684679258E-6 
-1.131290055737785 -1.1157149021842279 -1.1135346291598807 
-1.0807505165861049 -0.6916629589169505 -1.094121888209831 
-0.9932393313471962 -1.3250143763068718E-4 -0.9637792982511395 
-0.6639939752146962 2.8089600477965724E-4 -1.074321137311654 
-0.5609921291952177 6.022481511616662E-4 -1.0953739581030508 
-1.0793683865131258 -0.8027430899956772 -1.0903419212965535 
-0.6113552707346511 -2.804514296403959E-4 3.21093953272124E-6 
-1.1250718027084206 -1.1526204408623957 -1.1507788326871897 
-0.5299635511453362 -0.007227333407474501 -1.099717002783566 
-1.0920913120148983 -1.02912353268586 -1.0935734692576626 
-0.8110338193265914 -2.1625756196466445E-4 -5.917445280506834E-7 
0.0024730664071141994 -2.4366903661044844E-4 -0.7597462237927481 
-1.0824771695037203 -0.8703131676140183 -1.0884711907785292 
-0.5210354864952875 -2.810563191417442E-4 1.8723359610012995E-6 
-1.1581283517858434 -1.3688823165156885E-4 3.124547684679258E-6 
-1.079369454700393 -0.5778539804801779 -1.0916418324452029 
-1.0793683865131258 -0.790768364886755 -1.0567771195417648 
-1.0844159288805701 -0.7446820664641339 -1.0921013857065478 
-1.10977087314601 -1.058745973213281 -1.1485278897236963 
-0.6299983603534194 0.001487198458150707 -1.0868645727740658 
-1.153481034236626 -2.80841862869509E-4 -1.155307792802224 
-1.1006254788773262 -0.9640423312518904 -1.1024593565232512 
