0.5828696207105779 3.0102561978500733 
0.6274099528063842 2.1579647207237453 
0.5964156761089396 2.7407612149647207 
0.85795905512004 1.1776136801940038 
0.9716806961864244 1.0303818622285223 
0.6995419256411162 1.4297990603111979 
0.6666948385409742 1.4999370847824953 
0.4872895416165721 5.371220580266277 
0.4719493770938523 5.832252721753084 
0.6801451301433612 1.4702744492479631 
0.8805333910712856 1.1359073921240768 
0.6666449727163376 1.5003554048483738 
0.7026872588995425 1.4231104493130995 
0.52223553640743 4.404259834340868 
0.6666948385409742 1.4999370847824953 
0.8898763452566452 1.1251025724695747 
0.6451570692702587 1.8502742390571296 
0.45330478613313385 6.442525180664195 
0.6157671556649683 2.3680156517281845 
0.6052452712501051 2.568501646627553 
0.5726799120801741 3.2237580194700413 
0.538231658796294 4.006170503790209 
0.6274099528063842 2.1579647207237453 
0.42203875101431765 7.591498057886411 
0.5453689202703954 3.8378331762292026 
0.6274099528063842 2.1579647207237453 
0.41089302273768247 8.03734223264497 
0.4967872131669978 5.090735905191915 
0.5456307636963991 3.8319637208346236 
0.560025260219947 3.499669635487655 
0.5137055630903544 4.631877769374899 
0.42976251917347974 7.288449351448598 
0.5886896991230051 2.8917559065950322 
0.6666449727163376 1.5003554048483738 
0.650390079971118 1.7657140140443108 
0.5096333129309374 4.737202820071334 
0.5659508325753324 3.372373784649634 
0.560025260219947 3.499669635487655 
0.6575389136549994 1.6507712194992448 
0.4599254019702349 6.22504551082853 
0.42203875101431765 7.591498057886411 
0.4333995768789125 7.157711032101046 
0.49797462316287894 5.057005880967886 
0.63522793939757 2.0206771550481615 
0.3967722398278968 8.643219963558154 
0.39017837522985793 8.940925136375336 
0.39017837522985793 8.940925136375336 
0.63522793939757 2.0206771550481615 
0.40100245467535706 8.456474003509244 
0.42976251917347974 7.288449351448598 
0.6641232174114006 1.5406620548510812 
0.6451570692702587 1.8502742390571296 
0.4836077271651492 5.4782203348711835 
0.5726799120801741 3.2237580194700413 
0.4668917150498232 6.014195444186353 
0.4047668547941823 8.294220046442607 
0.43898745195658884 6.9507776968677275 
0.5030080856089694 4.917069987930885 
0.41828719586755514 7.737202492148601 
0.560025260219947 3.499669635487655 
0.538231658796294 4.006170503790209 
0.5681716235321184 3.3212718097904608 
0.39017837522985793 8.940925136375336 
0.43694926294574093 7.020361738038169 
0.5234136711556987 4.374252420752606 
0.4453132683679816 6.722995562820938 
0.5305284244342411 4.19495561752304 
0.6052452712501051 2.568501646627553 
0.6575389136549994 1.6507712194992448 
0.5305284244342411 4.19495561752304 
0.6157671556649683 2.3680156517281845 
0.41557550386989145 7.844531283209893 
0.5961678690168759 2.741900457956534 
0.6052452712501051 2.568501646627553 
0.6451570692702587 1.8502742390571296 
0.5525376267651354 3.671167700373077 
0.476764609319887 5.6843070149962545 
0.5961678690168759 2.741900457956534 
0.4940303910881643 5.170889175852496 
0.4719493770938523 5.832252721753084 
0.6274099528063842 2.1579647207237453 
0.6157671556649683 2.3680156517281845 
0.5096333129309374 4.737202820071334 
0.5901886278647916 2.8607075000063875 
0.5828696207105779 3.0102561978500733 
0.4533546191041292 6.440928842441316 
0.4774404357427439 5.6638896860275345 
0.5030080856089694 4.917069987930885 
0.4856948816621977 5.413613905705868 
0.46139811251894136 6.1721634463804795 
0.5828696207105779 3.0102561978500733 
0.46139811251894136 6.1721634463804795 
0.5276708494516285 4.268311288713903 
0.5173419972630555 4.531222560664574 
0.4489228265720624 6.594247366248519 
0.5525376267651354 3.671167700373077 
0.5392775957146068 3.981541381691924 
