0.5828696207105779 0.7545868882825386 
0.6274099528063842 0.3539285435871272 
0.5964156761089396 0.6346329530763428 
0.85795905512004 0.01034432035568053 
0.9716806961864244 0.0012021652280750361 
0.6995419256411162 2.0438792995386423E-4 
0.6666948385409742 3.125606854448293E-7 
0.4872895416165721 1.6173396144794527 
0.4719493770938523 1.7525280390852933 
0.6801451301433612 6.630214488545505E-9 
0.8805333910712856 2.0438792995386423E-4 
0.6666449727163376 2.0438792995386423E-4 
0.7026872588995425 1.5807391182676156E-6 
0.52223553640743 1.3000609970647021 
0.6666948385409742 3.125606854448293E-7 
0.8898763452566452 0.0012021652280750361 
0.6451570692702587 0.19371750541635582 
0.45330478613313385 1.9204274991783126 
0.6157671556649683 0.4581462624347906 
0.6052452712501051 0.5545734758194348 
0.5726799120801741 0.8461814591578595 
0.538231658796294 1.1562477956757888 
0.6274099528063842 0.3539285435871272 
0.42203875101431765 2.203906358677999 
0.5453689202703954 1.0930349354980224 
0.6274099528063842 0.3539285435871272 
0.41089302273768247 2.302487844748726 
0.4967872131669978 1.5290125033094655 
0.5456307636963991 1.0908372914558906 
0.560025260219947 0.9599033982978212 
0.5137055630903544 1.3794213776824273 
0.42976251917347974 2.132302354146864 
0.5886896991230051 0.7023469145906022 
0.6666449727163376 2.0438792995386423E-4 
0.650390079971118 0.14840287880040304 
0.5096333129309374 1.4142363672187332 
0.5659508325753324 0.9085977511776854 
0.560025260219947 0.9599033982978212 
0.6575389136549994 0.08544631436247196 
0.4599254019702349 1.863056558850818 
0.42203875101431765 2.203906358677999 
0.4333995768789125 2.1021489327341176 
0.49797462316287894 1.518260597907446 
0.63522793939757 0.28359058538898785 
0.3967722398278968 2.4293897442661616 
0.39017837522985793 2.4885556427627247 
0.39017837522985793 2.4885556427627247 
0.63522793939757 0.28359058538898785 
0.40100245467535706 2.391066833305551 
0.42976251917347974 2.132302354146864 
0.6641232174114006 0.02318944081135966 
0.6451570692702587 0.19371750541635582 
0.4836077271651492 1.6493096850569557 
0.5726799120801741 0.8461814591578595 
0.4668917150498232 1.807978025581 
0.4047668547941823 2.3572253611694305 
0.43898745195658884 2.0513041902646507 
0.5030080856089694 1.4733259614344327 
0.41828719586755514 2.2363727343002977 
0.560025260219947 0.9599033982978212 
0.538231658796294 1.1562477956757888 
0.5681716235321184 0.887052396360103 
0.39017837522985793 2.4885556427627247 
0.43694926294574093 2.0675418870482587 
0.5234136711556987 1.2895435181078239 
0.4453132683679816 1.9938391273032294 
0.5305284244342411 1.225543194336067 
0.6052452712501051 0.5545734758194348 
0.6575389136549994 0.08544631436247196 
0.5305284244342411 1.225543194336067 
0.6157671556649683 0.4581462624347906 
0.41557550386989145 2.2599950406430773 
0.5961678690168759 0.6346329530763428 
0.6052452712501051 0.5545734758194348 
0.6451570692702587 0.19371750541635582 
0.5525376267651354 1.0284582886209594 
0.476764609319887 1.7100764132589827 
0.5961678690168759 0.6346329530763428 
0.4940303910881643 1.5545764018199644 
0.4719493770938523 1.7525280390852933 
0.6274099528063842 0.3539285435871272 
0.6157671556649683 0.4581462624347906 
0.5096333129309374 1.4142363672187332 
0.5901886278647916 0.6883570341512882 
0.5828696207105779 0.7545868882825386 
0.4533546191041292 1.9200248420417825 
0.4774404357427439 1.7041699596958189 
0.5030080856089694 1.4733259614344327 
0.4856948816621977 1.6293645652966393 
0.46139811251894136 1.8478245643183577 
0.5828696207105779 0.7545868882825386 
0.46139811251894136 1.8478245643183577 
0.5276708494516285 1.2522634434396402 
0.5173419972630555 1.3441917295776276 
0.4489228265720624 1.960308166771663 
0.5525376267651354 1.0284582886209594 
0.5392775957146068 1.147156063557034 
