0.5117409225798197 4.700756762876968 
0.9563510144592295 1.045642445978215 
0.4034846748263014 8.380729725735385 
0.5458945938517926 3.823935088313884 
0.4196765175104723 7.70885825074109 
0.4303812477639385 7.28801115930783 
0.5585956111814223 3.5527860452248787 
0.4932898443905777 5.236403220520469 
0.3934492952040281 8.793019125403317 
0.4701736207356668 5.89644019594217 
0.6343286161005416 2.0521736172431284 
0.4779231120207341 5.65894829197738 
0.7895731423735332 1.266507122213299 
0.6491233719573692 1.8724034804425225 
0.4413830314460313 6.8594940187074105 
0.4024345091616222 8.471226582991251 
0.6916245202456353 1.4458822759848151 
0.4101131878743678 8.075215165550482 
0.6669797513333826 1.499320873989907 
0.4134550412742265 7.933653128423761 
0.4878389405071483 5.429743142772978 
0.45904754919379387 6.263142481810951 
0.4878672486499544 5.374302636279666 
0.40099988815797377 8.527864224636204 
0.4960375320405759 5.1633753765821355 
0.7565221507785993 1.321847679068995 
0.8882529432074876 1.1258068116969977 
0.6138656463080818 2.437614664916424 
0.43547404098954223 7.091439810574275 
0.5290886706698168 4.292438695035169 
0.5788864604170606 3.0956605025872106 
0.9999999924179257 1.000000008201602 
0.4458263191082603 6.722112012411875 
0.4559166940941071 6.371077069234866 
0.5854825161876042 2.95903864317082 
0.47952886885777646 5.605599939055272 
0.6249816741021196 2.2187004987344614 
0.3958146374847422 8.691279512581097 
0.46385505172362174 6.171534168293986 
0.6071911761992986 2.531217959437487 
0.5246718785222916 4.38360586518891 
0.4434636007757294 6.793838418854049 
0.46429307185483776 6.091996672897034 
0.42368200237463083 7.629265878851342 
0.5055522077213336 4.871729934152855 
0.5952839240497404 2.7790180022672124 
0.72330777770582 1.3825912945088044 
0.4330632951522344 7.165091450544034 
0.9211545070405391 1.0855969431336536 
0.5354472146837022 4.144350631734422 
0.5700069713923526 3.3084120365502088 
0.49751040210047687 5.086119524850315 
0.8536626338350797 1.1714358953272035 
0.6032935002470676 2.6195264839923493 
0.5195100061993603 4.549751509708392 
0.6603518891136871 1.6672526664756215 
0.48271644439111816 5.505832690368103 
0.5020871658660953 4.94765496304765 
0.6504452492468756 1.794624378169785 
0.43920196566124814 6.940676453370337 
0.4080054066809169 8.18948198500159 
0.5401881953330727 3.981816414756945 
0.6293852475266616 2.134977928358721 
0.5751242874876147 3.193465522124228 
0.6644630743521971 1.5480881182335058 
0.4159298635607668 7.844054870043051 
0.5083452929126279 4.797362500917676 
0.6027538638112399 2.693533086466699 
0.6168747910959318 2.3488086337112293 
0.46724218199655676 6.010802576031362 
0.6392221320383916 2.0032190877603835 
0.4502420519584927 6.554151263130592 
0.5634038801394148 3.476149675116234 
0.39217617589736015 8.856367596268655 
0.47381753798237997 5.80092830715977 
0.5362059034112363 4.064171028525024 
0.5662095761963755 3.3942407220582087 
0.39162778632280115 8.906415562020053 
0.8185060232258053 1.2217858003846238 
0.5540872767197338 3.661258815343814 
0.4185442814573664 7.766027930855924 
0.5904200755417768 2.9104479695136307 
0.530050947883506 4.212831137984385 
0.4068308547775974 8.311946107169208 
0.5491238224560394 3.7478391588495854 
0.4084488572833687 8.139650008928324 
0.4239151485672174 7.526166154920139 
0.5147559164441834 4.601344883141361 
0.49999191097206197 5.0171248685282315 
0.6399192807588373 1.9417381711744466 
0.3981500659148749 8.58890376533715 
0.5197493689970424 4.469063313865907 
0.4378113483323364 7.022582999819664 
0.4475402973551448 6.649597983644224 
0.42725040649498147 7.388508737297652 
0.592867749076918 2.86156113719149 
0.5824162974242356 3.0254461492153175 
0.45296400174725066 6.458723541474206 
0.6522791276759321 1.7402447779457548 
0.4120539666912007 8.019609450651867 
