0.5117409225798197 1.4055696026579863 
0.9563510144592295 1.2139728960414153E-6 
0.4034846748263014 2.3814960081954597 
0.5458945938517926 1.0874654919507263 
0.4196765175104723 2.235226784652892 
0.4303812477639385 2.1366233364604117 
0.5585956111814223 0.9845706923292195 
0.4932898443905777 1.5830645298168622 
0.3934492952040281 2.4596071776054744 
0.4701736207356668 1.772350636377455 
0.6343286161005416 0.3017524506238763 
0.4779231120207341 1.7045421784662471 
0.7895731423735332 8.324414944429277E-9 
0.6491233719573692 0.21542086088956425 
0.4413830314460313 2.0276642641629965 
0.4024345091616222 2.40911391192297 
0.6916245202456353 7.635459665060874E-6 
0.4101131878743678 2.3117522343153487 
0.6669797513333826 1.6663702738200083E-5 
0.4134550412742265 2.2802088816678423 
0.4878389405071483 1.648840141996323 
0.45904754919379387 1.875080206526853 
0.4878672486499544 1.6219462405739575 
0.40099988815797377 2.4196726003055034 
0.4960375320405759 1.5612279787988816 
0.7565221507785993 7.049170975797071E-6 
0.8882529432074876 1.2139728960414153E-6 
0.6138656463080818 0.4963679017289791 
0.43547404098954223 2.088137950744893 
0.5290886706698168 1.2710806830878405 
0.5788864604170606 0.7920359509956092 
0.9999999924179257 6.19527679531505E-10 
0.4458263191082603 1.9968944551270065 
0.4559166940941071 1.9046803952243332 
0.5854825161876042 0.7324653903000059 
0.47952886885777646 1.6880469980443955 
0.6249816741021196 0.3866471520302712 
0.3958146374847422 2.4401356495508537 
0.46385505172362174 1.8626973008481058 
0.6071911761992986 0.5369332100076363 
0.5246718785222916 1.2999547239900007 
0.4434636007757294 2.012820048313505 
0.46429307185483776 1.8284718489888152 
0.42368200237463083 2.232382644200184 
0.5055522077213336 1.4629138236330832 
0.5952839240497404 0.6543047413944967 
0.72330777770582 3.9036706576094505E-5 
0.4330632951522344 2.1029381136397025 
0.9211545070405391 2.516996996881904E-6 
0.5354472146837022 1.2190810024348377 
0.5700069713923526 0.8858179250719898 
0.49751040210047687 1.5303973699393665 
0.8536626338350797 1.105177397539472E-5 
0.6032935002470676 0.5803433015176385 
0.5195100061993603 1.3636414350141552 
0.6603518891136871 0.1009734479370087 
0.48271644439111816 1.657755979706875 
0.5020871658660953 1.4841540580799149 
0.6504452492468756 0.167304900963165 
0.43920196566124814 2.0483587413389923 
0.4080054066809169 2.3413529277966165 
0.5401881953330727 1.1509302232351601 
0.6293852475266616 0.3437236119040128 
0.5751242874876147 0.8366395830279599 
0.6644630743521971 0.028647390409542783 
0.4159298635607668 2.2625766718601743 
0.5083452929126279 1.438716645737053 
0.6027538638112399 0.6235374751712172 
0.6168747910959318 0.44892083524493565 
0.46724218199655676 1.8085005111754178 
0.6392221320383916 0.2805019762181944 
0.4502420519584927 1.9509545135582649 
0.5634038801394148 0.9584762149058523 
0.39217617589736015 2.4732563762459363 
0.47381753798237997 1.7485815685107375 
0.5362059034112363 1.1792324979680338 
0.5662095761963755 0.9218516007450579 
0.39162778632280115 2.48799981062486 
0.8185060232258053 3.9036706576094505E-5 
0.5540872767197338 1.0286569263599723 
0.4185442814573664 2.2504265800979306 
0.5904200755417768 0.7183869100206488 
0.530050947883506 1.2330151379617729 
0.4068308547775974 2.381556139644972 
0.5491238224560394 1.0580277648579117 
0.4084488572833687 2.324630744833336 
0.4239151485672174 2.190455843704534 
0.5147559164441834 1.368569502197185 
0.49999191097206197 1.5085218506008857 
0.6399192807588373 0.24255569391993215 
0.3981500659148749 2.4196726003055034 
0.5197493689970424 1.322792837389636 
0.4378113483323364 2.074566531926791 
0.4475402973551448 1.9759630588923074 
0.42725040649498147 2.1567433614021443 
0.592867749076918 0.6965273102527046 
0.5824162974242356 0.7620691442823967 
0.45296400174725066 1.925569261525331 
0.6522791276759321 0.135125345701053 
0.4120539666912007 2.304511885455343 
