3.022599876691856 0.063534426927329 
-3.1398376217466715 1.0682156396425337 
3.022599876691856 0.063534426927329 
3.022599876691856 0.063534426927329 
3.022599876691856 0.063534426927329 
3.022599876691856 0.063534426927329 
3.022599876691856 0.063534426927329 
3.022599876691856 0.063534426927329 
3.022599876691856 0.063534426927329 
3.022599876691856 0.063534426927329 
2.7251174383607757 0.1872854507803149 
3.022599876691856 0.063534426927329 
3.022599876691856 0.063534426927329 
2.7251174383607757 0.1872854507803149 
2.7251174383607757 0.1872854507803149 
2.542436156219047 0.30535040571937055 
2.5424361562124593 0.30535148084363267 
2.542436156219047 0.30535040571937055 
2.7251174383607757 0.1872854507803149 
2.7251174383607757 0.1872854507803149 
2.7251174383607757 0.1872854507803149 
2.542436156219047 0.30535040571937055 
2.542436156219047 0.30535040571937055 
2.7251174383607757 0.1872854507803149 
2.7251174383607757 0.1872854507803149 
2.7251174383607757 0.1872854507803149 
2.7251174383607757 0.1872854507803149 
2.7251174383607757 0.1872854507803149 
2.7251174383607757 0.1872854507803149 
2.7251174383607757 0.1872854507803149 
3.022599876691856 0.063534426927329 
3.022599876691856 0.063534426927329 
3.022599876691856 0.063534426927329 
3.022599876691856 0.063534426927329 
2.7251174383607757 0.1872854507803149 
3.022599876691856 0.063534426927329 
