3.022599876691856 -4.964644717825639 0.5935571304369441 
-3.1398376217466715 -4.999985446238445 -0.008894401818905606 
3.022599876691856 -4.964644717825639 0.5935571304369441 
3.022599876691856 -4.964644717825639 0.5935571304369441 
3.022599876691856 -4.964644717825639 0.5935571304369441 
3.022599876691856 -4.964644717825639 0.5935571304369441 
3.022599876691856 -4.964644717825639 0.5935571304369441 
3.022599876691856 -4.964644717825639 0.5935571304369441 
3.022599876691856 -4.964644717825639 0.5935571304369441 
3.022599876691856 -4.964644717825639 0.5935571304369441 
2.7251174383607757 -4.572582392448544 2.0227297142794263 
3.022599876691856 -4.964644717825639 0.5935571304369441 
3.022599876691856 -4.964644717825639 0.5935571304369441 
2.7251174383607757 -4.572582392448544 2.0227297142794263 
2.7251174383607757 -4.572582392448544 2.0227297142794263 
2.542436156219047 -4.12902747936452 2.8205213752262615 
2.5424361562124593 -4.12902747936452 2.8205214030000922 
2.542436156219047 -4.12902747936452 2.8205213752262615 
2.7251174383607757 -4.572582392448544 2.0227297142794263 
2.7251174383607757 -4.572582392448544 2.0227297142794263 
2.7251174383607757 -4.572582392448544 2.0227297142794263 
2.542436156219047 -4.12902747936452 2.8205213752262615 
2.542436156219047 -4.12902747936452 2.8205213752262615 
2.7251174383607757 -4.572582392448544 2.0227297142794263 
2.7251174383607757 -4.572582392448544 2.0227297142794263 
2.7251174383607757 -4.572582392448544 2.0227297142794263 
2.7251174383607757 -4.572582392448544 2.0227297142794263 
2.7251174383607757 -4.572582392448544 2.0227297142794263 
2.7251174383607757 -4.572582392448544 2.0227297142794263 
2.7251174383607757 -4.572582392448544 2.0227297142794263 
3.022599876691856 -4.964644717825639 0.5935571304369441 
3.022599876691856 -4.964644717825639 0.5935571304369441 
3.022599876691856 -4.964644717825639 0.5935571304369441 
3.022599876691856 -4.964644717825639 0.5935571304369441 
2.7251174383607757 -4.572582392448544 2.0227297142794263 
3.022599876691856 -4.964644717825639 0.5935571304369441 
