3.1325917392212452 -4.999808981082345 0.045004081518963214 
-3.141592653589793 -4.999999999999811 1.0860777557639145E-4 
3.1325917392212452 -4.999808981082345 0.045004081518963214 
2.350946243957282 -3.5175327784420576 3.5539750630138096 
2.1951077699647215 -2.9282343800964767 4.049867354396325 
2.9758755525584752 -4.931661179167085 0.8236537465880673 
2.9751220959741183 -4.930200116142675 0.8236537211793933 
2.975809393213427 -4.930159061131633 0.8236537211793933 
2.3196026070960687 -3.404051486555125 3.6637555281452903 
2.350946243957282 -3.5175327784420576 3.5539750630138096 
2.2332833305396553 -3.0756119832852793 3.939910440554114 
2.9751220959741183 -4.930200116142675 0.8236537211793933 
3.126736088841392 -4.999605008887764 0.07422863292512699 
2.9789742361491944 -4.934048218786317 0.808828159250285 
2.3196026070960687 -3.404051486555125 3.6637555281452903 
2.9791147476820528 -4.934063564623569 0.8088291287839857 
2.9753836615634937 -4.930200116142675 0.8236537211793933 
2.978999572149657 -4.934054791839029 0.8088292129458783 
2.978982496608181 -4.93405791157929 0.8088291238918299 
2.9791147476820528 -4.934063564623569 0.8088291287839857 
2.1951079216051372 -2.9282343800964767 4.049998262661299 
3.1267426888213006 -4.999323888580504 0.07424631966868123 
3.126742286781268 -4.999215682258038 0.07424631966868123 
3.126736750509136 -4.999609765004025 0.07424631966868123 
2.9791049383146593 -4.934057856056193 0.8088281752625135 
3.1267426888213006 -4.999323888580504 0.07424631966868123 
3.1325891013643776 -4.999811670594893 0.04500317864541469 
2.2332833305396553 -3.0756119832852793 3.939910440554114 
3.126742286781268 -4.999215682258038 0.07424631966868123 
2.9753836615634937 -4.930200116142675 0.8236537211793933 
2.979048702969653 -4.934099253750961 0.8088291238918299 
2.1951079216051372 -2.9282343800964767 4.049998262661299 
2.979114717138825 -4.93403043049624 0.8088292159077911 
2.979107318575837 -4.934063564623569 0.8088291287839857 
3.1325913751304335 -4.999808885138848 0.04500322392180724 
3.1325891013643776 -4.999811670594893 0.04500317864541469 
2.979107318575837 -4.934063564623569 0.8088291287839857 
2.979114717138825 -4.93403043049624 0.8088292159077911 
3.1325916836570493 -4.999811679896135 0.045004012378655145 
3.1325894910267476 -4.999808783117182 0.045002845516321284 
3.1325912911160394 -4.999811690343634 0.04500322392180724 
2.979001917668991 -4.934056518921897 0.8088292129458783 
2.9790477101105215 -4.934099253750961 0.8088291238918299 
3.1325907165327656 -4.999808883581832 0.04500322392180724 
3.1325902837398725 -4.999808981082345 0.04500322392180724 
3.1325913285868383 -4.999809059417951 0.04500322392180724 
3.1325899231116825 -4.999809035102859 0.04500322392180724 
2.1951077699647215 -2.9282343800964767 4.049867354396325 
2.979001917668991 -4.934056518921897 0.8088292129458783 
2.979048702969653 -4.934099253750961 0.8088291238918299 
2.9790477101105215 -4.934099253750961 0.8088291238918299 
3.1325916836570493 -4.999811679896135 0.045004012378655145 
3.1325902047231047 -4.9998090209062545 0.04500322392180724 
3.132590957807852 -4.999808980373158 0.04500322392180724 
3.132590774518245 -4.999809035102859 0.04500322392180724 
3.1325894910267476 -4.999808783117182 0.045002845516321284 
3.132589917721259 -4.999811695298772 0.04500455516812784 
3.132591035841867 -4.999808981082345 0.04500284530462531 
3.132589917721259 -4.999811695298772 0.04500455516812784 
3.1325913751304335 -4.999808885138848 0.04500322392180724 
3.132591333910239 -4.999809035102859 0.04500322392180724 
3.1325902362282845 -4.9998090209062545 0.04500322392180724 
3.1325902837398725 -4.999808981082345 0.04500322392180724 
3.1325907264104864 -4.999808865649642 0.04500322392180724 
2.9789823305482126 -4.93405790907603 0.8088294700496421 
3.132590774518245 -4.999809035102859 0.04500322392180724 
3.1325902094496376 -4.9998090209062545 0.04500322392180724 
2.978982496608181 -4.93405791157929 0.8088291238918299 
2.9789823305482126 -4.93405790907603 0.8088294700496421 
3.132591333910239 -4.999809035102859 0.04500322392180724 
3.132591035841867 -4.999808981082345 0.04500284530462531 
2.350946243957282 -3.5175327784420576 3.5539750630138096 
2.9751220959741183 -4.930200116142675 0.8236537211793933 
2.3196026070960687 -3.404051486555125 3.6637555281452903 
2.9791147476820528 -4.934063564623569 0.8088291287839857 
3.126742286781268 -4.999215682258038 0.07424631966868123 
3.1267426888213006 -4.999323888580504 0.07424631966868123 
2.172397036275319 -2.859955097556281 4.049998262661299 
2.9789823305482126 -4.93405790907603 0.8088294700496421 
2.9791049383146593 -4.934057856056193 0.8088281752625135 
2.975809393213427 -4.930159061131633 0.8236537211793933 
2.979001917668991 -4.934056518921897 0.8088292129458783 
3.1325891013643776 -4.999811670594893 0.04500317864541469 
2.2337140985753052 -3.076664062316845 3.939802333170766 
2.192331276725993 -2.9248083776353955 4.049998262661299 
2.1966703714485654 -2.9280923270621644 4.0497852282359155 
3.1325916701176 -4.999811653208284 0.04500395791046498 
2.979103567580705 -4.934057856056193 0.808828160461667 
2.1951077699647215 -2.9282343800964767 4.049867354396325 
2.9791049383146593 -4.934057856056193 0.8088281752625135 
