0.4236575276535835 0.06284011425834812 
0.4443631816125526 -0.10385044986322421 
0.8337324010714738 -0.6400527187736612 
0.23349646990818704 0.31414127164286315 
0.8505853081656657 -0.7725881016995055 
0.42562090258677476 0.040989414878754966 
0.07186024509501188 0.6765694470188668 
0.052236716342880796 0.7195478877741721 
0.07429259682734635 0.6739604898980527 
0.02966235882591266 0.8042430503817699 
0.43319812764679666 -0.03227507116517851 
0.0166010265434878 0.8631722662941845 
0.07805585606941902 0.6711967320589695 
0.20507410347642563 0.5154599591759023 
0.8353361523140949 -0.662001396162231 
0.002285802748109078 0.9522396442248449 
0.20843543410404536 0.48911735909212223 
0.014714994260381031 0.872346649960926 
0.08013867798984776 0.6702494812048815 
0.44716059923729584 -0.11395101714124561 
0.03827791745141772 0.7688831177745646 
0.23065688614056634 0.33058482792158017 
0.4274455475708499 0.021811048452314186 
0.6515532011780005 -0.45767290597369165 
0.8486536790043159 -0.7690119026458425 
0.43533301687840037 -0.04945177417232936 
0.059007456738483795 0.7006425487514397 
0.6429166594359255 -0.42874953252801046 
0.4488901405077646 -0.1184667975286881 
0.22339447382464486 0.37774273106006845 
0.23711501284840916 0.295264446125167 
0.2393403117717675 0.28495382267031083 
0.4406991185165161 -0.08565867620250041 
0.6455580871014021 -0.4425555124665382 
0.8502535475175795 -0.7722104535184753 
0.45097579082454703 -0.12216869183183612 
0.4521584793354446 -0.12340264442040716 
0.43055776587342465 -0.008666565004991507 
0.048318744339037045 0.7321610962737714 
0.24570763517782176 0.26096446885832864 
0.08053927097901867 0.6701944455986348 
0.44587108277590964 -0.10969815280088498 
0.24362666487184384 0.2677803787586355 
0.2545198246002835 0.2437468363269472 
0.2022981794184992 0.5364952717654657 
0.8473106267455668 -0.7646595681914896 
0.8403549794475477 -0.7186389268477174 
0.6392302038633553 -0.4023502054231325 
0.646885882420687 -0.44790480539587935 
0.8441995650346501 -0.7489381190279771 
0.21396107821969818 0.4467680181609531 
0.6443608038328476 -0.4367826014368845 
0.005486164141949537 0.9252797473082816 
0.6506599773922541 -0.4569411932470008 
0.8514266012539595 -0.773133894157922 
0.2553970713825743 0.24311446154653618 
0.4419641158501587 -0.09257367051484451 
0.24909943307480958 0.25209907733573406 
0.07525201284101007 0.6730839637131911 
0.45127899081658734 -0.12253312293247545 
0.009873289705751576 0.8977792382302551 
0.8493978731982755 -0.7707268296406353 
0.06691099229853475 0.683837371813956 
0.06222677405786871 0.6930737828403064 
0.06871042639521702 0.680869273256643 
0.8464512092721048 -0.7611318504684271 
0.8424123187405738 -0.7362977891592325 
0.02056225359961512 0.8444584399319399 
0.2553970713825743 0.24311446154653618 
0.2533117347566883 0.2449396657049597 
0.251730533697646 0.24710499715478856 
0.054533208884505135 0.7127577152744713 
0.21954088009099693 0.40521350153981306 
0.6350405471726623 -0.36295497133082516 
0.6323524435637495 -0.3327278525001213 
0.24252707416201408 0.2718648060171751 
0.6410053955172286 -0.41605374588662536 
0.03323106555095729 0.7892481138759814 
0.44994091888993004 -0.12056986197102591 
0.8374435318295821 -0.6881074744781421 
0.2569372233954773 0.2424365610438681 
0.8392348832662475 -0.7076543551868427 
0.6488707271203646 -0.45380018807167033 
0.2499948892144859 0.25023991425122427 
0.04329931617137134 0.7497854213752153 
0.6509318161235982 -0.45730034551021675 
0.4536412448868568 -0.12400887156747992 
0.22635523821541265 0.35772109371327515 
0.2562885084458206 0.24269898798349224 
0.026020478098618814 0.819960457190813 
0.6503832012903199 -0.4565379822008214 
0.6373346470145503 -0.38568721456205923 
0.4383442453649775 -0.07110673249651255 
