0.39016568402620094 8.9412896190425 
0.7693372983836722 1.3027083364386605 
0.6302823038654073 2.10617710344831 
0.4488581251174237 6.599652818464733 
0.4553846500176905 6.372464716175434 
0.4774542522567279 5.661536862061924 
0.8473797818956577 1.1900884677323595 
0.5394579745701228 3.9766325149860076 
0.4138748136931841 7.913350756926364 
0.5882667705659146 2.8999990350899183 
0.603043289443198 2.607871461344616 
0.7019704648535595 1.4245613734410634 
0.6471013793513365 1.8182687217104025 
0.43132750058774105 7.235556015193685 
0.6667428141118947 1.4998286932597344 
0.3917232299391264 8.87666648166128 
0.40422252750941723 8.317669747814223 
0.55995340400966 3.5039790660424286 
0.39016568402620094 8.9412896190425 
0.6222664811169354 2.2524520114236544 
0.63613107447509 2.004543528230605 
0.5233417359037902 4.376440335603826 
0.5000417107728963 4.999026954156969 
0.63613107447509 2.004543528230605 
0.5096997248336766 4.733648733808303 
0.5021331566893654 4.943912779583656 
0.6161075305761989 2.3623087940414496 
0.5784109121324128 3.111940010898606 
0.40422252750941723 8.317669747814223 
0.5733482856019143 3.214615282973181 
0.5449894524723263 3.850595625484026 
0.5665254265045474 3.3571036947434827 
0.5233417359037902 4.376440335603826 
0.47049673294607014 5.878848572557231 
0.4006577234272954 8.472707939232258 
0.49086900006606404 5.263184991527644 
0.4138748136931841 7.913350756926364 
0.6109097058040607 2.4594816179034105 
0.49194643801080984 5.229817570916566 
0.5148474673968841 4.603765285734079 
0.5324664343898948 4.147166760559063 
0.4240549734070564 7.508379555126418 
0.5324664343898948 4.147166760559063 
0.4080677244715224 8.16556535998777 
0.654059277718542 1.703193812504997 
0.603043289443198 2.607871461344616 
0.5877045527332949 2.9130851983679813 
0.4958188671065558 5.122013368605348 
0.5324664343898948 4.147166760559063 
0.4741382068271392 5.764872287526293 
0.5545294857372217 3.6260848228394367 
0.5948448331516188 2.7690361978965248 
0.6471013793513365 1.8182687217104025 
0.6077091495495832 2.5227202185515862 
0.4429605013105934 6.803542108329706 
0.4138748136931841 7.913350756926364 
0.43105135461674554 7.240191355322206 
0.5546834702028497 3.6214763041964066 
0.4374107182143017 7.005321254241439 
0.5576966879536467 3.556350828329858 
0.4488581251174237 6.599652818464733 
0.6441099318189761 1.8695566258703595 
0.4624237884625798 6.1455273491808295 
0.5784109121324128 3.111940010898606 
0.5882667705659146 2.8999990350899183 
0.5915966073869409 2.833336598096084 
0.5449894524723263 3.850595625484026 
0.5148474673968841 4.603765285734079 
0.5000417107728963 4.999026954156969 
0.48675918039102706 5.3843253049390025 
0.3974164826460382 8.614036165132859 
0.5681680730744607 3.321763673753486 
0.6161075305761989 2.3623087940414496 
0.4795316225790578 5.606863990087386 
0.45250106373120264 6.47020346230242 
0.6610988713803577 1.5887300010992895 
0.6302823038654073 2.10617710344831 
0.46610328539387613 6.0211912902877645 
0.39016568402620094 8.9412896190425 
0.42044326710582647 7.6491390820541385 
0.5508056036228814 3.713536179378537 
0.5665254265045474 3.3571036947434827 
0.43327641097521175 7.15825889861709 
0.4240549734070564 7.508379555126418 
0.4374107182143017 7.005321254241439 
0.4553846500176905 6.372464716175434 
0.5096997248336766 4.733648733808303 
0.4624237884625798 6.1455273491808295 
0.5233417359037902 4.376440335603826 
0.48675918039102706 5.3843253049390025 
0.46888829479992344 5.931440178131573 
0.5394579745701228 3.9766325149860076 
0.4429605013105934 6.803542108329706 
0.4774542522567279 5.661536862061924 
