0.6329426393021196 -0.33863126229317375 
0.030365192978279776 0.8039888941000708 
0.6233963010158814 -0.2057242952676115 
0.1963664878744433 0.5819796723712515 
0.18651458488583897 0.6472382495025135 
0.2411810994462336 0.28068873469060135 
0.01695022859353565 0.8642416674778082 
0.8431791354910967 -0.7402995173905564 
0.42826721654169514 0.015323572326503282 
0.23304312175469494 0.3192143067315528 
0.20183070721583934 0.5419957663577692 
0.41491896463478484 0.191843197656597 
0.6261646860901922 -0.24698457693339146 
0.42354977107934144 0.06565472519869424 
0.22984794373325965 0.33744234522517386 
0.8309375834490431 -0.5943884247530933 
0.6401099230020109 -0.40640755587177696 
0.42620926068748183 0.0361791706606057 
0.24660720978716966 0.2603388199626217 
0.002344356862601711 0.9586505909035253 
0.2366558427113321 0.29924874979761173 
0.19003861832390517 0.6246746120337949 
0.41727322215718415 0.14098720476452142 
0.6379652953898535 -0.38968589099719914 
0.6219555808124511 -0.1808241747972593 
0.4332930725439381 -0.03097370350642691 
0.019123651898147534 0.8527548639241372 
0.618423746969436 -0.12279136752601008 
0.06458334200244031 0.69405954547621 
0.19336085463209518 0.602027942147801 
0.21383984348975799 0.4498370236703805 
0.6532074855516165 -0.45651695292749334 
0.834431110322682 -0.6471824960038413 
0.8407345449449375 -0.720940970902532 
0.8333683848904728 -0.6220852842169811 
0.4170262857958291 0.15348289188756042 
0.8247997057948273 -0.4863822304073527 
0.8394617552551147 -0.7080466474770103 
0.415106638320246 0.1689978028185567 
0.8459653791789115 -0.7562638897717645 
0.8376843403381207 -0.6888807427669414 
0.0582996499352785 0.7053218481494813 
0.6273761395494919 -0.2656056256916418 
0.8256847420051808 -0.5034185166089163 
0.6457642132888638 -0.4417701018790004 
0.8291839375958102 -0.5672842870848065 
0.007975598739428913 0.914831941021937 
0.03857323755092698 0.7723536596716113 
0.4207703519814301 0.0983118395983412 
0.6197717788836268 -0.14469662834128766 
0.21628588463070397 0.4327814323714233 
0.6209071455366109 -0.16473448924573802 
0.6361727890369431 -0.3724325385640001 
0.6246344568712384 -0.22488845407552666 
0.01364303836867889 0.8804848208579781 
0.4105642081459711 0.22803304655627787 
0.43606953500376816 -0.0532146449395229 
0.4455721440940384 -0.10664224586333501 
0.8282496144893031 -0.5505971626537549 
1.9058695732709907E-8 1.004045292396699 
0.2567925522662533 0.24430437805365662 
0.010029770910187974 0.9002327372400694 
0.44153649285533697 -0.08836554280311168 
0.642099810337339 -0.42172723159157754 
0.22396761083713795 0.37585843494241217 
0.8264027523915856 -0.5166060677283734 
0.8238447897277884 -0.46296368964551443 
0.07165385304685928 0.679915443049166 
0.02630797777952537 0.82979532004572 
0.8363695031298708 -0.665338577730185 
0.21147815243073342 0.4681830391115037 
0.004012596467757347 0.9395938244668243 
0.4312881603231336 -0.012396344748904138 
0.8273506153949685 -0.5341945315561731 
0.1830491950786156 0.6676664140388053 
0.6286597347344887 -0.2830864572652377 
0.41907578275566143 0.11875505969711499 
0.2186022487310093 0.4145505519044789 
0.2064679933732714 0.5065511105817878 
0.2214992552084583 0.3940086759687636 
0.4118135224230436 0.21161293070217915 
2.1751339757748213E-4 0.9883975458107355 
0.2044218411536489 0.5223532124839494 
0.42200332460932594 0.08415220713740902 
0.42970895490507566 0.0017131128046089465 
0.6302139893772214 -0.3046580304411449 
0.19927815454780218 0.566472373893148 
0.20863326734263782 0.489078562300659 
0.851401669982733 -0.7715238418843137 
0.4100093355815686 0.24305346406985037 
0.6318256090288378 -0.3244890012360438 
0.08398717928234545 0.672097156561762 
0.4381047480930655 -0.06733998181361317 
0.05241935560167686 0.7213261308055453 
0.6346536998681147 -0.3569019782576856 
0.0465001355924326 0.7415692078612385 
0.4537229620766636 -0.12220526306460663 
0.4247804969232848 0.05215173263292674 
0.22669963476699387 0.3579608776991405 
8.598297444511955E-4 0.9742846230220611 
