0.6435747217768493 -0.42901859296767414 
0.8234112658914845 -0.4570778157721982 
0.1867786478999034 0.645920297210331 
0.43192255563588955 -0.017808987121408455 
0.07008055899774046 0.6829226837019647 
0.21453571244609365 0.4460126364259955 
0.4202912568639795 0.10583616657757003 
0.8382927648793062 -0.69564765885018 
0.8273039725432096 -0.5334834589089474 
0.6312990922419381 -0.31665809340857787 
0.20636141929399984 0.5075691064573588 
0.6413989444434701 -0.41623946514748067 
0.41364008677717157 0.18866044969430337 
0.624953133635209 -0.2284855595046287 
0.005638888881200268 0.9296768304933083 
0.4166637715267476 0.14901217936874284 
0.24120213744563235 0.27978104092739425 
0.8257942713759585 -0.505157312488391 
0.2360926937518333 0.3027873536587632 
0.8268421577967954 -0.5194416743380661 
0.623817403725839 -0.211488123178622 
0.836803318659199 -0.6763513444167246 
0.4270911523955092 0.04100665018630826 
0.6524340621061131 -0.4556935486655856 
0.4428010611037264 -0.09494541559504677 
0.8245719474669462 -0.48087501218384027 
0.009872073025384204 0.9013448237808942 
0.8304535903476953 -0.5877755543841192 
0.03728737728680512 0.7770452269802026 
0.028375032171689615 0.8137414460102451 
0.8324013699046682 -0.6173693555740591 
0.6350071747405593 -0.3604561875694 
0.8350792061665768 -0.6566340832546811 
0.43683766199202234 -0.057665877181956385 
0.4339647008035889 -0.0327105897985948 
0.6368196606778147 -0.37885687188291706 
0.41852054343482303 0.1273613386949175 
0.8406220080208351 -0.7188481973930367 
0.6299741836342622 -0.30012607406635555 
0.6272364168790339 -0.2624744191077909 
0.6387837039223373 -0.3955391614736599 
0.21098353212908305 0.47361718979360584 
0.6286797167422195 -0.28233339832539084 
0.43914193771032434 -0.07367021395731123 
0.19937660520894868 0.5614639429504674 
0.19416350361527931 0.5999046927708003 
0.03229310103884764 0.7959153336220901 
0.20448720682538463 0.5229654411420426 
0.4297553903543927 0.0025975176229537985 
0.8314556948592108 -0.6028242977948565 
0.8435831703125309 -0.738971358758433 
0.41489211470761683 0.17128841103052256 
0.6212994663340594 -0.1709300879003245 
0.4275532455731027 0.02333644449428105 
0.19146593602166756 0.6170197857963731 
0.8334222182493283 -0.633017317519591 
0.4215086800178178 0.08939338813816954 
0.4456726217747725 -0.106529538762783 
0.6203309158430566 -0.15425398748931657 
0.21805452254929503 0.4244152609717041 
0.061336258443957625 0.6989685540847791 
0.08231672146901328 0.6732631208797779 
0.20940038102143133 0.49204007027687896 
0.6185471783718098 -0.1230086465247104 
0.6461714269408717 -0.44235616669899336 
0.4123480172075787 0.20488659050700117 
0.8450564562028899 -0.7522729757637485 
0.4245993320260379 0.059395638057885225 
0.4535410143907942 -0.12113421942587141 
0.016798146831318833 0.8672997216980795 
0.18481651142969324 0.6593094521481982 
0.4228487624202042 0.07479342398998513 
0.04700456678637219 0.7401163159857044 
0.025028861117931567 0.8286655082480984 
0.2320147100787077 0.3257808489403612 
0.24965530950443138 0.258213673490725 
6.151625620221457E-7 1.0030149979533918 
0.626031338243198 -0.24486983783038702 
0.02060455056923625 0.8475971155531735 
0.19655469120158472 0.5813956559437963 
0.015104447360038381 0.8837734649016548 
0.05372480905638655 0.7187603025757135 
0.4108464520602949 0.22474497893862533 
0.4095252535140716 0.24241456824320193 
6.879840050501573E-4 0.9788976703815776 
0.22878711377421007 0.3461692137356475 
0.22334567573967634 0.38265046498572614 
0.0017962754922159919 0.9616802213553489 
0.04226346265146114 0.7569439200246569 
0.22580388911023613 0.36439578522501326 
0.6226835045834409 -0.1940216428201522 
0.1892776607236934 0.6328286535270581 
0.6333418234726721 -0.3416655967993662 
0.2208941764858242 0.3997331875212081 
0.25821654811552497 0.2450188837972164 
0.8519132551370814 -0.7708718476486786 
0.8284327169563226 -0.5533548288829362 
0.20118598478119737 0.5479849873880569 
0.8294275269023093 -0.5696661213274248 
0.18217168974830927 0.6731720981145733 
