-19.99918687304084 0.00207987093151309 
-14.436192439908705 -11.62727158112352 
-14.436192439908705 -11.62727158112352 
-17.94307516107889 -3.8754413927381286 
-17.0479096834054 -3.875541586067511 
-19.081396986323764 1.1397723884690262E-4 
-18.72380994253346 -0.8257519118474956 
-18.454415109328806 -1.9186721953765182 
-18.382046769451954 -2.266408317204706 
-15.88097533114841 -7.751488423629789 
-14.770539505619466 -11.003697540309851 
-15.637237303958745 -7.7575799972138775 
-16.65630398630408 -5.048038662985012 
-18.398806334755026 -2.1848360263185165 
-16.35017695705468 -6.521148127913201 
-18.594163769691015 -1.304313076846631 
-16.686311064457676 -4.797510140915722 
-18.618506907211962 -1.1869911908929083 
-18.81705083378175 -0.5432664385387779 
-15.458801358710886 -8.276842786922462 
-15.313296527810927 -8.895561610963567 
-18.90748987983035 -0.3157412686062491 
-18.29081313294298 -2.714764151751632 
-14.733553535726816 -11.127504905170095 
-15.332814679616655 -8.725316110489809 
-15.140692999634698 -9.62295570670493 
-14.918145572326496 -10.5036653748272 
-15.229302432731373 -9.241203995973843 
-14.55352801950055 -11.47036254322646 
-16.816097274793766 -4.371698884264688 
-14.546196857287338 -11.540294887958964 
-18.50329958330289 -1.693167520946404 
-16.60928717527699 -5.148148735049517 
-18.021845712307325 -3.784584786761039 
-14.9853149876127 -10.251216608829289 
-16.37628056650812 -6.30255634374759 
-18.310228024620304 -2.61910753666949 
-14.935795320833709 -10.440759656627119 
-16.150277237261736 -7.237667747008846 
-15.042928617830647 -9.896171256247698 
-15.97020308175141 -7.650280501095141 
-15.039113154491721 -10.053559313822838 
-16.724576229831346 -4.703619285995142 
-16.599475276649905 -5.3269910071619595 
-16.572122202936505 -5.439927955920535 
-16.54969561443258 -5.589493819924927 
-15.18391572659682 -9.364635124564394 
-16.104329628677874 -7.3847884804667 
-16.498031884417358 -5.8012177767566175 
-18.171192221480858 -3.2772689515018745 
-15.375096437075953 -8.585887091872122 
-18.543027369407238 -1.518022871682388 
-15.417366262475248 -8.400562947756253 
-18.135597788533584 -3.4215157685479785 
-16.43274916264792 -6.1320192444054635 
-14.839819060802348 -10.797695026746691 
-15.165434473727556 -9.472479317511063 
-18.21099868464409 -3.0621162865319747 
-16.254705162593872 -6.864532348573897 
-18.673150871339903 -0.9825424804436161 
-14.86221966989062 -10.719268450010722 
-18.052840389193545 -3.70868719749831 
-14.653252778052844 -11.351638281835063 
-16.76883106251379 -4.495324898523345 
-15.272051165624019 -9.067595331752948 
-18.090076146805572 -3.5941020635251877 
-16.211602191591126 -7.060277805027638 
-16.507084420741247 -5.669952864754824 
-15.573709000422836 -7.914438614508088 
-15.557969651211176 -7.979697082040991 
-16.94501274577874 -4.0496847507228555 
-15.001074133290082 -10.182627659078463 
-16.857229211429363 -4.273111899063164 
-19.01793974346712 -0.09166588864504031 
-16.26873585501891 -6.840782653185868 
-16.76458772184931 -4.590788538303816 
-18.192967032626726 -3.180425760569886 
-18.244396815229884 -2.941626897139179 
-15.619906559417883 -7.790027938948849 
-16.39441611037338 -6.219743485507908 
-15.909507041516475 -7.739537959796038 
-16.082808577026892 -7.460878398766494 
-16.470857974513883 -5.956263276485971 
-16.90613619506035 -4.1024419992715835 
-15.40641643391858 -8.522168771622928 
-16.87841637646234 -4.192412103261213 
-16.17456337946887 -7.1481168742859005 
-18.11344944782949 -3.5112357675569923 
-16.04431617011324 -7.543296984060878 
-16.31152702063003 -6.681895833887281 
-15.239648219743161 -9.067692423035794 
-18.68010543241803 -0.9769018895268042 
-16.023110312654197 -7.602770328935193 
-15.100016361271125 -9.770775131244772 
-14.678735146233574 -11.257426427789172 
-18.960898349297416 -0.20251413786250255 
-16.462556874458002 -6.009254580599368 
-18.310228024620304 -2.61910753666949 
-15.095601224642907 -9.78857566035922 
-16.313186001391735 -6.6690514276547965 
