3.804494136501191E-4 1.966919558897437E-6 -2.6049371004920857E-5 
-1.1521418113821127 -1.1526167046113898 -1.152874063445165 
-1.1521418113821127 -1.1526167046113898 -1.152874063445165 
-1.1513934431656352 4.8458749313495776E-6 2.294268417264019E-5 
-1.1207309677449866 7.916479690659105E-6 -0.49582827212898023 
-0.4817422357940062 3.2107592766513794E-5 2.2320187304931537E-5 
-0.6825289104261204 8.917971485267553E-7 1.0140557238358383E-4 
-0.8394552056198427 2.274136814804737E-6 2.2071064161816593E-5 
-0.8824197153928978 4.587622518507233E-6 -3.752680613078469E-5 
-1.1532345348081603 1.855374944223918E-6 -1.1528694796821157 
-1.0853424847372615 -1.0301529069122166 -1.1375259070235466 
-1.0981173736816416 -0.5339032675923256 -1.1189060436314362 
-0.8293383945910611 -0.0030522946179075377 -1.001569535897286 
-0.8724470765142146 1.6481114202172587E-6 -2.5500073964644637E-5 
-1.0007892592695815 6.141323934025789E-5 -1.0141552014830022 
-0.7574760474361428 1.976119534517916E-6 -2.804236552078567E-5 
-0.7094504446991845 6.245738844531484E-5 -1.1100054938991133 
-0.7412914579184102 -8.029833972794144E-5 -0.0017869844317746691 
-0.6294538551168842 8.250763360661658E-6 -2.918910717564774E-5 
-1.1059511579811911 -0.6506313512983124 -1.1166829247237027 
-1.067317484339744 -0.7934033580442452 -1.0801205031628482 
-0.5784159123051256 3.321938405410435E-5 -2.568366751317519E-5 
-0.9370317402007233 3.214475228221819E-5 -1.2311762176845124E-4 
-1.1025362808908814 -1.069984039985739 -1.0791568162466274 
-1.0008073638858659 -0.8338114090884252 -1.0679120065560401 
-1.0665824189486368 -0.8964713116844821 -1.0625057103203757 
-1.0557740906668724 -1.005341626930187 -1.077516633822126 
-1.0575861186046651 -0.8599388106464687 -1.0562350990969387 
-1.1521418113821127 -1.1259569473365518 -1.0914231714619538 
-1.1160480461817524 2.0169371952090978E-6 -0.6297293376038604 
-1.1258792206667925 -1.111876193682817 -1.152874063445165 
-0.8106046700391196 3.321938405410435E-5 -2.574118879765238E-5 
-1.0914719038395646 3.108888449676145E-6 -0.7713536679836783 
-1.1020500084481157 5.385321005626645E-7 -2.6295113343196067E-5 
-1.06300223243035 -0.9530768549400519 -1.1046355189736992 
-0.9288066224309208 6.31346133559893E-5 -1.071189914965549 
-0.9253371090442891 3.214475228221819E-5 -1.2311762176845124E-4 
-1.0557740906668724 -0.9967025429559258 -1.077516633822126 
-1.1025920343919526 6.141323934025789E-5 -1.0355830470028935 
-1.0008073638858659 -0.95823283659206 -1.1054656245613115 
-1.1510696408738788 1.855374944223918E-6 -1.099141136546303 
-1.0789923079529125 -0.9313661268911042 -1.0790555930274672 
-0.756932862512284 -0.02060390368513143 -1.034974521688398 
-1.0007892592695815 6.255712957053242E-5 -0.863761423825957 
-0.8581099012262186 6.604445397243582E-6 -1.0233591554433639 
-0.9555756489702243 6.31346133559893E-5 -0.9380852802340343 
-1.1146451341033385 -0.8615777319492955 -1.034559629066968 
-1.067317484339744 -0.009695716001915988 -1.0990873415037514 
-0.902285553967453 9.010947763439799E-5 -1.0233591554433639 
-1.0097915240546629 3.9522870407921125E-5 -2.8755538903568565E-5 
-1.120302235489413 -0.7354413542332705 -1.0596134872075789 
-0.7873037753019763 2.4849176757430573E-5 -2.8771233831649992E-5 
-1.1020918818634873 -0.6717375269798536 -1.1266737315676645 
3.804494136501191E-4 1.966919558897437E-6 -1.0312117553841738 
-0.9670229774817994 -0.004762019776722026 -0.9975608555431541 
-1.108554785716172 -1.0207308012717364 -1.0679720367659489 
-1.111343774467159 -0.8599388106464687 -1.0562350990969387 
-0.9818907342318389 9.926968763774658E-6 0.003008806922895624 
-1.0008073638858659 0.00387996957705522 -1.0729368089141178 
-0.7097030764035644 -8.029833972794144E-5 -0.0017869844317746691 
-1.0993423104782127 -1.0167690213775935 -1.063960795137185 
-1.0827647722992908 1.9772512858503172E-6 -2.918910717564774E-5 
-1.1018196976771788 -1.0916249001607186 -1.1139918582801362 
-1.1209133778101865 4.469001686071678E-4 -0.6521723081724093 
-1.0616721719785156 -0.825368960866137 -1.071231300296671 
-1.0596985849485923 1.9772512858503172E-6 -2.918910717564774E-5 
-1.0658930504098179 -0.003082719544395727 -1.0341991518341302 
-0.8581099012262186 0.004345599566626168 -1.0634035586543185 
-1.0710428560401344 -0.6044854008780709 -1.1188660319515722 
-1.0680436123188446 -0.6314543891839914 -1.1029190508446771 
-0.5471540400939783 8.917971485267553E-7 -1.1272492154854126 
-1.1059511579811911 -0.9460907416702004 -1.0599333890669833 
-0.671449544110065 6.245738844531484E-5 -1.0450546202113649 
-0.5159523733329198 1.009274603488335E-4 -7.996276053588991E-4 
-1.006434033332933 2.448291513645791E-4 -1.0585723607192064 
-0.7083080884549889 1.855374944223918E-6 -1.062601650740614 
-0.9964211554693673 8.426520131998734E-7 1.0140557238358383E-4 
-0.9652055545886703 3.321938405410435E-5 -2.568366751317519E-5 
-1.098111364827418 -0.5386179151441414 -1.1266737315676645 
-0.9244702752708669 0.004345599566626168 -1.0644044461032138 
-1.1532345348081603 1.9134723563546354E-6 -1.1349363650861735 
-1.071355754531972 6.7286851247024346E-6 -1.108526953212996 
-0.9670229774817994 -0.004762019776722026 -0.9743527224175158 
-0.6573178517883953 6.31346133559893E-5 -1.030188447632636 
-1.065353376281336 -0.7567794273877075 -1.0603304545420351 
-0.5844416138867372 8.917971485267553E-7 -1.1272492154854126 
-1.0998577061824903 9.010947763439799E-5 -1.0233591554433639 
-1.0452817698383838 1.970617370035296E-6 2.274889783233921E-5 
-1.1046050581325029 -0.009695716001915988 -1.0990873415037514 
-1.004075885706917 5.615429789914176E-6 -1.034572982785455 
-1.067317484339744 -0.7934033580442452 -1.1395926457372052 
-0.7077273703142832 2.4743567821296025E-6 -2.5677344426091175E-5 
-1.0981173736816416 4.469001686071678E-4 -1.1189060436314362 
-1.1043582528181222 -0.8941628931208059 -1.0635076352519035 
-1.0804934938657702 -1.0916249001607186 -1.1107982915587828 
-0.5485306189118055 2.4849176757430573E-5 -2.8771233831649992E-5 
-0.9678981401170019 -2.2152265460635354E-5 -0.9785450442252213 
-0.9253371090442891 3.214475228221819E-5 -1.2311762176845124E-4 
-1.1047845308719912 -0.8968013476464012 -1.0625075875881793 
-0.9973131894810066 2.4743567821296025E-6 -1.0403648387534448 
