-3.134237001592407 1.0121386729372535 
1.5827479946414753 0.5509017293005048 
1.5827479946349974 0.5529029579685563 
1.5827479946414738 0.5529029557772424 
1.5827479946410954 0.552902955913869 
1.58274799464147 0.5529029557786334 
1.5827479946404968 0.5529029575213105 
1.5827479946414753 0.5509017293005048 
1.5827479946414738 0.5529029557772424 
1.58274799463498 0.5529029579762124 
1.582747994635085 0.5529029579503206 
1.5827479946414753 0.5509017293005048 
1.58274799463498 0.5529029579762124 
1.5827479946411414 0.5529029558972678 
1.5827479946411414 0.5529029558972678 
-3.140681150498491 1.029166425714029 
1.58274799463498 0.5529029579762124 
-3.134237001592407 1.0121386729372535 
1.58274799464147 0.5529029557786334 
1.5827479946405456 0.5529029561062809 
1.5827479946404968 0.5529029575213105 
-3.134237001592407 1.0121386729372535 
-3.134237001592407 1.0121386729372535 
-3.134237001592407 1.0121386729372535 
-3.134237001592407 1.0121386729372535 
-3.134237001592407 1.0121386729372535 
-3.134237001592407 1.0121386729372535 
-3.134237001592407 1.0121386729372535 
-3.134237001592407 1.0121386729372535 
-3.134237001592407 1.0121386729372535 
-3.134237001592407 1.0121386729372535 
-3.134237001592407 1.0121386729372535 
-3.134237001592407 1.0121386729372535 
-3.134237001592407 1.0121386729372535 
-3.134237001592407 1.0121386729372535 
-3.134237001592407 1.0121386729372535 
-3.134237001592407 1.0121386729372535 
-3.134237001592407 1.0121386729372535 
-3.134237001592407 1.0121386729372535 
-3.134237001592407 1.0121386729372535 
-3.134237001592407 1.0121386729372535 
-3.134237001592407 1.0121386729372535 
-3.134237001592407 1.0121386729372535 
-3.134237001592407 1.0121386729372535 
-3.134237001592407 1.0121386729372535 
-3.134237001592407 1.0121386729372535 
-3.134237001592407 1.0121386729372535 
-3.134237001592407 1.0121386729372535 
-3.134237001592407 1.0121386729372535 
-3.134237001592407 1.0121386729372535 
-3.134237001592407 1.0121386729372535 
-3.134237001592407 1.0121386729372535 
-3.134237001592407 1.0121386729372535 
-3.134237001592407 1.0121386729372535 
-3.134237001592407 1.0121386729372535 
-3.134237001592407 1.0121386729372535 
-3.134237001592407 1.0121386729372535 
-3.134237001592407 1.0121386729372535 
-3.134237001592407 1.0121386729372535 
-3.134237001592407 1.0121386729372535 
-3.134237001592407 1.0121386729372535 
-3.134237001592407 1.0121386729372535 
-3.134237001592407 1.0121386729372535 
-3.134237001592407 1.0121386729372535 
-3.134237001592407 1.0121386729372535 
-3.134237001592407 1.0121386729372535 
-3.134237001592407 1.0121386729372535 
-3.134237001592407 1.0121386729372535 
-3.134237001592407 1.0121386729372535 
