-3.134237001592407 -4.999864740022415 -0.03677672767686613 
1.5827479946414753 -0.060061202052201716 4.999760533286151 
1.5827479946349974 -0.060061202050428274 4.999775543685029 
1.5827479946414738 -0.060061202052201716 4.999775543685152 
1.5827479946410954 -0.060061202052201716 4.999775543685152 
1.58274799464147 -0.060061202052201716 4.999775543685152 
1.5827479946404968 -0.06006120204955382 4.999775543697531 
1.5827479946414753 -0.060061202052201716 4.999760533286151 
1.5827479946414738 -0.060061202052201716 4.999775543685152 
1.58274799463498 -0.06006120205044708 4.999775543685029 
1.582747994635085 -0.060061202050397104 4.999775543685152 
1.5827479946414753 -0.060061202052201716 4.999760533286151 
1.58274799463498 -0.06006120205044708 4.999775543685029 
1.5827479946411414 -0.060061202052201716 4.999775543685152 
1.5827479946411414 -0.060061202052201716 4.999775543685152 
-3.140681150498491 -4.999997906477697 -0.004538642000751832 
1.58274799463498 -0.06006120205044708 4.999775543685029 
-3.134237001592407 -4.999864740022415 -0.03677672767686613 
1.58274799464147 -0.060061202052201716 4.999775543685152 
1.5827479946405456 -0.06006120205212133 4.999775543685152 
1.5827479946404968 -0.06006120204955382 4.999775543697531 
-3.134237001592407 -4.999864740022415 -0.03677672767686613 
-3.134237001592407 -4.999864740022415 -0.03677672767686613 
-3.134237001592407 -4.999864740022415 -0.03677672767686613 
-3.134237001592407 -4.999864740022415 -0.03677672767686613 
-3.134237001592407 -4.999864740022415 -0.03677672767686613 
-3.134237001592407 -4.999864740022415 -0.03677672767686613 
-3.134237001592407 -4.999864740022415 -0.03677672767686613 
-3.134237001592407 -4.999864740022415 -0.03677672767686613 
-3.134237001592407 -4.999864740022415 -0.03677672767686613 
-3.134237001592407 -4.999864740022415 -0.03677672767686613 
-3.134237001592407 -4.999864740022415 -0.03677672767686613 
-3.134237001592407 -4.999864740022415 -0.03677672767686613 
-3.134237001592407 -4.999864740022415 -0.03677672767686613 
-3.134237001592407 -4.999864740022415 -0.03677672767686613 
-3.134237001592407 -4.999864740022415 -0.03677672767686613 
-3.134237001592407 -4.999864740022415 -0.03677672767686613 
-3.134237001592407 -4.999864740022415 -0.03677672767686613 
-3.134237001592407 -4.999864740022415 -0.03677672767686613 
-3.134237001592407 -4.999864740022415 -0.03677672767686613 
-3.134237001592407 -4.999864740022415 -0.03677672767686613 
-3.134237001592407 -4.999864740022415 -0.03677672767686613 
-3.134237001592407 -4.999864740022415 -0.03677672767686613 
-3.134237001592407 -4.999864740022415 -0.03677672767686613 
-3.134237001592407 -4.999864740022415 -0.03677672767686613 
-3.134237001592407 -4.999864740022415 -0.03677672767686613 
-3.134237001592407 -4.999864740022415 -0.03677672767686613 
-3.134237001592407 -4.999864740022415 -0.03677672767686613 
-3.134237001592407 -4.999864740022415 -0.03677672767686613 
-3.134237001592407 -4.999864740022415 -0.03677672767686613 
-3.134237001592407 -4.999864740022415 -0.03677672767686613 
-3.134237001592407 -4.999864740022415 -0.03677672767686613 
-3.134237001592407 -4.999864740022415 -0.03677672767686613 
-3.134237001592407 -4.999864740022415 -0.03677672767686613 
-3.134237001592407 -4.999864740022415 -0.03677672767686613 
-3.134237001592407 -4.999864740022415 -0.03677672767686613 
-3.134237001592407 -4.999864740022415 -0.03677672767686613 
-3.134237001592407 -4.999864740022415 -0.03677672767686613 
-3.134237001592407 -4.999864740022415 -0.03677672767686613 
-3.134237001592407 -4.999864740022415 -0.03677672767686613 
-3.134237001592407 -4.999864740022415 -0.03677672767686613 
-3.134237001592407 -4.999864740022415 -0.03677672767686613 
-3.134237001592407 -4.999864740022415 -0.03677672767686613 
-3.134237001592407 -4.999864740022415 -0.03677672767686613 
-3.134237001592407 -4.999864740022415 -0.03677672767686613 
-3.134237001592407 -4.999864740022415 -0.03677672767686613 
-3.134237001592407 -4.999864740022415 -0.03677672767686613 
-3.134237001592407 -4.999864740022415 -0.03677672767686613 
-3.134237001592407 -4.999864740022415 -0.03677672767686613 
