0.8003509293988156 1.061953597455479 
2.620028206978032 0.6397716506980207 
0.8073598622794242 0.7994771272960753 
3.045472040226727 0.17270176167409024 
0.8004468902886499 0.9267803681952593 
0.8082690722381102 0.7371016231304213 
3.0492926387680717 0.08211888697915264 
3.0492688428733694 0.1032790915491186 
0.808274311268881 0.7338414383324235 
0.8084528617841823 0.6984015875297275 
0.8077642521687441 0.7422220813956936 
2.6328536776867533 0.34187455036953573 
0.8003509293988156 1.061953597455479 
2.620028206978032 0.6397716506980207 
0.8077539300459442 0.7456960690584394 
0.8072555697339947 0.8631391231485875 
0.8073598622794242 0.7994771272960753 
2.6280745877666005 0.5014124620745894 
0.8082811502474561 0.7301533625374725 
0.8073493526510822 0.8448247585401418 
2.6328536776867533 0.34187455036953573 
0.8004468902886499 0.9267803681952593 
3.049240678967611 0.13164507034790854 
3.049274936779037 0.09815702537098103 
0.8084528617841823 0.6984015875297275 
0.8073316632357137 0.862557391369237 
0.800450066785197 0.8865574067569546 
3.049274936779037 0.09815702537098103 
-3.141592653589793 1.0822769445503977 
0.808274311268881 0.7338414383324235 
0.8077538867247095 0.7833714904679515 
0.8004468902886499 0.9267803681952593 
0.8077539300459442 0.7456960690584394 
0.8083843524417997 0.7110598084271579 
0.8084528617841823 0.6984015875297275 
0.8073316632357137 0.862557391369237 
0.8082625025495513 0.7405057871369887 
3.049240678967611 0.13164507034790854 
0.8004468902886499 0.9267803681952593 
3.049240678967611 0.13164507034790854 
3.049274936779037 0.09815702537098103 
3.049292940263441 0.07930483407746214 
0.8077539300459442 0.7456960690584394 
3.049292943067401 0.07924800726493589 
3.040632034464243 0.2852152850843122 
0.8082625025495513 0.7405057871369887 
3.0492926387680717 0.08211888697915264 
0.8073598622794242 0.7994771272960753 
2.6280745877666005 0.5014124620745894 
0.8082625025495513 0.7405057871369887 
0.8082690722381102 0.7371016231304213 
0.8083843524417997 0.7110598084271579 
3.045626254834487 0.16366845969511223 
3.045626254834487 0.16366845969511223 
0.8083843524417997 0.7110598084271579 
3.049240678967611 0.13164507034790854 
3.045626254834487 0.16366845969511223 
2.6280745877666005 0.5014124620745894 
0.8004468902886499 0.9267803681952593 
3.0492938845365885 0.07231462505176742 
0.8084524042616975 0.6987326515431442 
-3.141592653589793 1.0822769445503977 
3.045626254834487 0.16366845969511223 
0.8082690722381102 0.7371016231304213 
0.8082690722381102 0.7371016231304213 
0.8082625025495513 0.7405057871369887 
3.0423118919385415 0.19440333108575303 
2.6328536776867533 0.34187455036953573 
3.0423050821223705 0.27567564833390534 
3.045626254834487 0.16366845969511223 
3.0492938845365885 0.07231462505176742 
0.8083843524417997 0.7110598084271579 
3.045626254834487 0.16366845969511223 
3.045626254834487 0.16366845969511223 
0.8084524042616975 0.6987326515431442 
2.632740603151597 0.3619053173112795 
3.045626254834487 0.16366845969511223 
2.632790008557791 0.3603468633187226 
2.6280745877666005 0.5014124620745894 
0.8082690722381102 0.7371016231304213 
3.045626254834487 0.16366845969511223 
3.045626254834487 0.16366845969511223 
2.6320785593959024 0.367181160065984 
3.045626254834487 0.16366845969511223 
0.8084524042616975 0.6987326515431442 
3.045626254834487 0.16366845969511223 
0.8073316632357137 0.862557391369237 
0.8083843524417997 0.7110598084271579 
2.6328536776867533 0.34187455036953573 
2.632740603151597 0.3619053173112795 
0.8082625025495513 0.7405057871369887 
3.045626254834487 0.16366845969511223 
0.8073598622794242 0.7994771272960753 
3.045626254834487 0.16366845969511223 
0.8073504539595592 0.8053980223161465 
3.045626254834487 0.16366845969511223 
0.8003941705675759 1.0119218556199407 
3.045626254834487 0.16366845969511223 
2.6280745877666005 0.5014124620745894 
0.8084524042616975 0.6987326515431442 
