0.8003509293988156 3.453500519383351 3.584686283941427 
2.620028206978032 -4.338630693270194 2.4552883233540874 
0.8073598622794242 3.4565273725019745 3.6138180890944374 
3.045472040226727 -4.978042942826236 0.47980674879012186 
0.8004468902886499 3.477320468252516 3.584686283941427 
0.8082690722381102 3.4535657115824385 3.6158820728341334 
3.0492926387680717 -4.978741758636713 0.4608316579686101 
3.0492688428733694 -4.978737197904745 0.46088624747293017 
0.808274311268881 3.453567153945161 3.6158815870654695 
0.8084528617841823 3.4534520933621393 3.6161090476021958 
0.8077642521687441 3.4563349988335 3.6138180890944374 
2.6328536776867533 -4.366833706923238 2.438983179426442 
0.8003509293988156 3.453500519383351 3.584686283941427 
2.620028206978032 -4.338630693270194 2.4552883233540874 
0.8077539300459442 3.4563349988335 3.6138180890944374 
0.8072555697339947 3.454330403598745 3.6133850591978818 
0.8073598622794242 3.4565273725019745 3.6138180890944374 
2.6280745877666005 -4.340552707141146 2.4552087120545396 
0.8082811502474561 3.4535657117929652 3.6158887324214204 
0.8073493526510822 3.4564756505029393 3.6160320705406743 
2.6328536776867533 -4.366833706923238 2.438983179426442 
0.8004468902886499 3.477320468252516 3.584686283941427 
3.049240678967611 -4.978769243498137 0.4608872449437582 
3.049274936779037 -4.978744519267387 0.4608864330834387 
0.8084528617841823 3.4534520933621393 3.6161090476021958 
0.8073316632357137 3.4535759569407887 3.613373758847168 
0.800450066785197 3.4845781141448233 3.5855063640901887 
3.049274936779037 -4.978744519267387 0.4608864330834387 
-3.141592653589793 -4.999999999990907 -5.527452960630286E-4 
0.808274311268881 3.453567153945161 3.6158815870654695 
0.8077538867247095 3.4535645176887133 3.6138187596575135 
0.8004468902886499 3.477320468252516 3.584686283941427 
0.8077539300459442 3.4563349988335 3.6138180890944374 
0.8083843524417997 3.4534548044241125 3.6160510895019358 
0.8084528617841823 3.4534520933621393 3.6161090476021958 
0.8073316632357137 3.4535759569407887 3.613373758847168 
0.8082625025495513 3.453567153945161 3.615880446154715 
3.049240678967611 -4.978769243498137 0.4608872449437582 
0.8004468902886499 3.477320468252516 3.584686283941427 
3.049240678967611 -4.978769243498137 0.4608872449437582 
3.049274936779037 -4.978744519267387 0.4608864330834387 
3.049292940263441 -4.9787373661767536 0.4608316579686101 
0.8077539300459442 3.4563349988335 3.6138180890944374 
3.049292943067401 -4.978737260562018 0.4608316579686101 
3.040632034464243 -4.978734713343008 0.5047258861241787 
0.8082625025495513 3.453567153945161 3.615880446154715 
3.0492926387680717 -4.978741758636713 0.4608316579686101 
0.8073598622794242 3.4565273725019745 3.6138180890944374 
2.6280745877666005 -4.340552707141146 2.4552087120545396 
0.8082625025495513 3.453567153945161 3.615880446154715 
0.8082690722381102 3.4535657115824385 3.6158820728341334 
0.8083843524417997 3.4534548044241125 3.6160510895019358 
3.045626254834487 -4.978077648952688 0.47906707827350103 
3.045626254834487 -4.978077648952688 0.47906707827350103 
0.8083843524417997 3.4534548044241125 3.6160510895019358 
3.049240678967611 -4.978769243498137 0.4608872449437582 
3.045626254834487 -4.978077648952688 0.47906707827350103 
2.6280745877666005 -4.340552707141146 2.4552087120545396 
0.8004468902886499 3.477320468252516 3.584686283941427 
3.0492938845365885 -4.978701397173334 0.4608331203143112 
0.8084524042616975 3.4534520933621393 3.6161081435620614 
-3.141592653589793 -4.999999999990907 -5.527452960630286E-4 
3.045626254834487 -4.978077648952688 0.47906707827350103 
0.8082690722381102 3.4535657115824385 3.6158820728341334 
0.8082690722381102 3.4535657115824385 3.6158820728341334 
0.8082625025495513 3.453567153945161 3.615880446154715 
3.0423118919385415 -4.978077679135685 0.4956022412817748 
2.6328536776867533 -4.366833706923238 2.438983179426442 
3.0423050821223705 -4.978174570108011 0.4945175684998672 
3.045626254834487 -4.978077648952688 0.47906707827350103 
3.0492938845365885 -4.978701397173334 0.4608331203143112 
0.8083843524417997 3.4534548044241125 3.6160510895019358 
3.045626254834487 -4.978077648952688 0.47906707827350103 
3.045626254834487 -4.978077648952688 0.47906707827350103 
0.8084524042616975 3.4534520933621393 3.6161081435620614 
2.632740603151597 -4.366833706923238 2.4385415444112106 
3.045626254834487 -4.978077648952688 0.47906707827350103 
2.632790008557791 -4.366833706923238 2.438854825121437 
2.6280745877666005 -4.340552707141146 2.4552087120545396 
0.8082690722381102 3.4535657115824385 3.6158820728341334 
3.045626254834487 -4.978077648952688 0.47906707827350103 
3.045626254834487 -4.978077648952688 0.47906707827350103 
2.6320785593959024 -4.369380863317991 2.438868161147213 
3.045626254834487 -4.978077648952688 0.47906707827350103 
0.8084524042616975 3.4534520933621393 3.6161081435620614 
3.045626254834487 -4.978077648952688 0.47906707827350103 
0.8073316632357137 3.4535759569407887 3.613373758847168 
0.8083843524417997 3.4534548044241125 3.6160510895019358 
2.6328536776867533 -4.366833706923238 2.438983179426442 
2.632740603151597 -4.366833706923238 2.4385415444112106 
0.8082625025495513 3.453567153945161 3.615880446154715 
3.045626254834487 -4.978077648952688 0.47906707827350103 
0.8073598622794242 3.4565273725019745 3.6138180890944374 
3.045626254834487 -4.978077648952688 0.47906707827350103 
0.8073504539595592 3.4565267344737545 3.6139548251778195 
3.045626254834487 -4.978077648952688 0.47906707827350103 
0.8003941705675759 3.4772636388608573 3.574975941678615 
3.045626254834487 -4.978077648952688 0.47906707827350103 
2.6280745877666005 -4.340552707141146 2.4552087120545396 
0.8084524042616975 3.4534520933621393 3.6161081435620614 
