0.6676131259724952 1.8779349235781805E-5 
0.9339263163702061 2.3495321193687645E-6 
0.9740694210534686 0.002508201225110973 
0.5118419864771236 1.4065149456013568 
0.5553568425541978 1.0428634785920656 
0.5478515485819632 1.1034523282019508 
0.8152477389013735 0.0014949606095247536 
0.43396740825502916 2.127366071430051 
0.7843449178004649 6.320405440338184E-11 
0.7606232546662601 0.006537003381550499 
0.5878432307659952 0.775038753168638 
0.4551370714515752 1.91850640198102 
0.6482015073578293 0.1777110681322216 
0.61590514164174 0.46108710631419525 
0.45731172954028343 1.8851639372359001 
0.6290834859684357 0.39740661805203215 
0.5846045879727745 0.7877675364063872 
0.6125203658076198 0.4949956906972528 
0.537156492194079 1.1726485371052544 
0.7370361825830982 1.1037715565474532E-5 
0.6207619349968073 0.43945171024833696 
0.6615992357255591 0.08974790449514836 
0.9087555488173379 0.010409281530400882 
0.6101616009386731 0.5237680447076762 
0.4376484101112729 2.063811351813947 
0.5785494301702218 0.7933991854877935 
0.4526553282355712 1.9326536964332086 
0.6256672565857365 0.419792385886803 
0.5881432700828984 0.7161387284176239 
0.44176539558028655 2.027624391332778 
0.4653899337710805 1.8115597596604056 
0.3949578364850758 2.4460224342966606 
0.6024497027016661 0.6012486597733007 
0.5229389251053553 1.3021000576681432 
0.48767331208069653 1.6197306783341434 
0.470947649988659 1.762724619161373 
0.4705958721213785 1.8031067060828545 
0.4147052820627551 2.2682085165403993 
0.6897753453295193 0.0014949606095247536 
0.4177972041906138 2.2574769744585703 
0.4057441110637733 2.3604727209503626 
0.4888271630879929 1.6024296612970383 
0.49295572818848427 1.595460922095869 
0.5921892462143652 0.6718173379678706 
0.49523417244954127 1.5862454746140973 
0.41948167241457873 2.227548554891302 
0.7117636964614009 1.1484187834521348E-4 
0.8616313250001143 3.626189916915157E-10 
0.41276081172434814 2.3017583456377673 
0.42861690188874085 2.146378754065966 
0.5141489895938279 1.3733971826476052 
0.43458300572054054 2.0957691365638444 
0.5088578842584586 1.435401673408352 
0.4449868892635522 2.0127932809025544 
0.9999999999761892 5.872774250410828E-11 
0.43027983666666375 2.134807352652894 
0.4074166231833259 2.3444223084686837 
0.4037671054778923 2.376062552967594 
0.5956892452033871 0.6406905950457578 
0.40899475463148444 2.335939228984976 
0.5495730359683265 1.0586672108047046 
0.48137566548217037 1.6677769294826632 
0.6638482825243699 0.02621361380389875 
0.4124355884521782 2.3352656167475465 
0.39777699606061745 2.4348946898053225 
0.3935176796731276 2.4850898051385824 
0.5580604365015316 0.9832607787506883 
0.4598061931658668 1.862777430452355 
0.541012065595176 1.1326134160952015 
0.44113252777484985 2.0520251493610386 
0.4000152036647037 2.4059405609105404 
0.5345218933908235 1.2205432724015433 
0.4262771395430331 2.2044913949362606 
0.4968182720743948 1.5627040854352632 
0.6302229695107924 0.3289037395097971 
0.4262906852618227 2.165491302258186 
0.6427399018495322 0.21750334758853396 
0.5051016351134504 1.4562495356935525 
0.5271415771003686 1.256878212961701 
0.38992676356550504 2.490667896497265 
0.4774956195694081 1.7135347615291763 
0.5035483873882403 1.4875958738873596 
0.5755598810113148 0.8431135308429019 
0.5003085813750388 1.5061488816369435 
0.447676276288789 1.9904236191431215 
0.5563261472000302 1.011420758778886 
0.5652566371982044 0.9208516857100892 
0.6393351366098637 0.24633121686804127 
0.5624055430102644 0.9576050836530766 
0.5176250366550676 1.3441408196337958 
0.46236316945948575 1.838816001817348 
0.49718675536565193 1.5253466390120212 
0.6528042731378172 0.12558135486769262 
0.47491904309341304 1.7257558476943928 
0.6345953288896877 0.2896976958604474 
0.48384072251216675 1.6456033914653185 
0.5301877405290643 1.2289169664372506 
0.4490557187706528 1.962695418884143 
0.5694257460271296 0.8800818027583119 
0.42162201404390665 2.207024046362566 
