1.8611074682405708 0.48163322593896885 
1.0097024648095414 0.7016020252916244 
1.8611452691562014 0.47075432913756726 
1.8117876750783255 0.5347829632148945 
1.8618170589864171 0.4357972053711402 
1.8118013783362603 0.5289076445619584 
1.8117876750783255 0.5347829632148945 
-3.141592653589792 1.0854031629227232 
1.8119750799625822 0.48914975844675274 
-3.141592653589789 1.0854031629221126 
1.806802208991724 0.6564005141824765 
1.8611455990096344 0.4651384096324687 
1.8119750799625822 0.48914975844675274 
1.0097024648095414 0.7016020252916244 
1.8067050618354612 0.6725656524899579 
1.8118013783362603 0.5289076445619584 
1.8617897776386085 0.44229772426247366 
1.8117878772237779 0.5346562423631198 
1.8617898068595446 0.44025178223380335 
0.9923434611217856 1.0539668217008282 
1.807016333989351 0.6168656336892014 
1.86114597250829 0.45439613164031456 
1.0097024648095414 0.7016020252916244 
1.8618170589864171 0.4357972053711402 
1.8611455990096344 0.4651384096324687 
1.8118013783362603 0.5289076445619584 
1.810352667900811 0.5489044283850727 
-3.141592653589789 1.0854031629221126 
1.0045386689231957 0.8380257146142313 
1.8118013783362603 0.5289076445619584 
1.8618170589864171 0.4357972053711402 
1.8618170589864171 0.4357972053711402 
1.8117878772237779 0.5346562423631198 
1.8617898068595446 0.44025178223380335 
1.0045386689231957 0.8380257146142313 
1.8611455990096344 0.4651384096324687 
1.8117876750783255 0.5347829632148945 
1.0097024648095414 0.7016020252916244 
1.8618170589864171 0.4357972053711402 
1.86114597250829 0.45439613164031456 
1.8119750799625822 0.48914975844675274 
1.8611455990096344 0.4651384096324687 
1.861107387511128 0.4817182937308121 
1.861780074561596 0.44959435079622223 
1.8117876750783255 0.5347829632148945 
1.8117876750783255 0.5347829632148945 
1.0097024648095414 0.7016020252916244 
1.8617898068595446 0.44025178223380335 
1.8118013783362603 0.5289076445619584 
-3.141592653589789 1.0854031629221126 
1.8618170589864171 0.4357972053711402 
1.8117876750783255 0.5347829632148945 
1.0045386689231957 0.8380257146142313 
1.8618170589864171 0.4357972053711402 
1.0097024648095414 0.7016020252916244 
-3.141592653589793 1.0854523582992286 
0.9998851810221474 0.9032115609793498 
1.8119750799625822 0.48914975844675274 
1.0097024648095414 0.7016020252916244 
1.8618170589864171 0.4357972053711402 
1.8618170589864171 0.4357972053711402 
1.8119750799625822 0.48914975844675274 
1.8117876750783255 0.5347829632148945 
1.0097024648095414 0.7016020252916244 
1.8617898068595446 0.44025178223380335 
1.8618170589864171 0.4357972053711402 
1.8611455990096344 0.4651384096324687 
1.0045386689231957 0.8380257146142313 
1.0097024648095414 0.7016020252916244 
1.8119750799625822 0.48914975844675274 
1.0045386689231957 0.8380257146142313 
1.8618170589864171 0.4357972053711402 
1.0097024648095414 0.7016020252916244 
1.806802208991724 0.6564005141824765 
1.8117876750783255 0.5347829632148945 
1.8618170589864171 0.4357972053711402 
1.8618170589864171 0.4357972053711402 
1.806802208991724 0.6564005141824765 
1.8118013783362603 0.5289076445619584 
1.8618170589864171 0.4357972053711402 
1.8117876750783255 0.5347829632148945 
