1.8611074682405708 -1.431502268690561 4.790919318787073 
1.0097024648095414 2.660431128119074 4.232705045800156 
1.8611452691562014 -1.4314927378723763 4.791002373502442 
1.8117876750783255 -1.1945122541309345 4.855380743358553 
1.8618170589864171 -1.434648960825372 4.789946408496436 
1.8118013783362603 -1.1945122541309345 4.8553916372111185 
1.8117876750783255 -1.1945122541309345 4.855380743358553 
-3.141592653589792 -4.999999999997678 -6.200121864683558E-4 
1.8119750799625822 -1.1945122541309345 4.855380743358553 
-3.141592653589789 -4.999999999997678 -6.200121864683558E-4 
1.806802208991724 -1.169958207029236 4.85538681017644 
1.8611455990096344 -1.4315005162200418 4.790921655581662 
1.8119750799625822 -1.1945122541309345 4.855380743358553 
1.0097024648095414 2.660431128119074 4.232705045800156 
1.8067050618354612 -1.169958207029236 4.855387192051282 
1.8118013783362603 -1.1945122541309345 4.8553916372111185 
1.8617897776386085 -1.434505291215651 4.789935343398806 
1.8117878772237779 -1.1945122541309345 4.855381245174422 
1.8617898068595446 -1.434505291215651 4.789918927640959 
0.9923434611217856 2.7291343360333955 4.219812834651359 
1.807016333989351 -1.169978469803481 4.855119360980436 
1.86114597250829 -1.4314101209913734 4.790921095446649 
1.0097024648095414 2.660431128119074 4.232705045800156 
1.8618170589864171 -1.434648960825372 4.789946408496436 
1.8611455990096344 -1.4315005162200418 4.790921655581662 
1.8118013783362603 -1.1945122541309345 4.8553916372111185 
1.810352667900811 -1.187491177951283 4.856931779821279 
-3.141592653589789 -4.999999999997678 -6.200121864683558E-4 
1.0045386689231957 2.6868050489293167 4.2208817168978845 
1.8118013783362603 -1.1945122541309345 4.8553916372111185 
1.8618170589864171 -1.434648960825372 4.789946408496436 
1.8618170589864171 -1.434648960825372 4.789946408496436 
1.8117878772237779 -1.1945122541309345 4.855381245174422 
1.8617898068595446 -1.434505291215651 4.789918927640959 
1.0045386689231957 2.6868050489293167 4.2208817168978845 
1.8611455990096344 -1.4315005162200418 4.790921655581662 
1.8117876750783255 -1.1945122541309345 4.855380743358553 
1.0097024648095414 2.660431128119074 4.232705045800156 
1.8618170589864171 -1.434648960825372 4.789946408496436 
1.86114597250829 -1.4314101209913734 4.790921095446649 
1.8119750799625822 -1.1945122541309345 4.855380743358553 
1.8611455990096344 -1.4315005162200418 4.790921655581662 
1.861107387511128 -1.4315005162200418 4.790921095446649 
1.861780074561596 -1.434505291215651 4.7899521371080604 
1.8117876750783255 -1.1945122541309345 4.855380743358553 
1.8117876750783255 -1.1945122541309345 4.855380743358553 
1.0097024648095414 2.660431128119074 4.232705045800156 
1.8617898068595446 -1.434505291215651 4.789918927640959 
1.8118013783362603 -1.1945122541309345 4.8553916372111185 
-3.141592653589789 -4.999999999997678 -6.200121864683558E-4 
1.8618170589864171 -1.434648960825372 4.789946408496436 
1.8117876750783255 -1.1945122541309345 4.855380743358553 
1.0045386689231957 2.6868050489293167 4.2208817168978845 
1.8618170589864171 -1.434648960825372 4.789946408496436 
1.0097024648095414 2.660431128119074 4.232705045800156 
-3.141592653589793 -4.99999999999401 -6.200121864683558E-4 
0.9998851810221474 2.6868050489293167 4.206315297328214 
1.8119750799625822 -1.1945122541309345 4.855380743358553 
1.0097024648095414 2.660431128119074 4.232705045800156 
1.8618170589864171 -1.434648960825372 4.789946408496436 
1.8618170589864171 -1.434648960825372 4.789946408496436 
1.8119750799625822 -1.1945122541309345 4.855380743358553 
1.8117876750783255 -1.1945122541309345 4.855380743358553 
1.0097024648095414 2.660431128119074 4.232705045800156 
1.8617898068595446 -1.434505291215651 4.789918927640959 
1.8618170589864171 -1.434648960825372 4.789946408496436 
1.8611455990096344 -1.4315005162200418 4.790921655581662 
1.0045386689231957 2.6868050489293167 4.2208817168978845 
1.0097024648095414 2.660431128119074 4.232705045800156 
1.8119750799625822 -1.1945122541309345 4.855380743358553 
1.0045386689231957 2.6868050489293167 4.2208817168978845 
1.8618170589864171 -1.434648960825372 4.789946408496436 
1.0097024648095414 2.660431128119074 4.232705045800156 
1.806802208991724 -1.169958207029236 4.85538681017644 
1.8117876750783255 -1.1945122541309345 4.855380743358553 
1.8618170589864171 -1.434648960825372 4.789946408496436 
1.8618170589864171 -1.434648960825372 4.789946408496436 
1.806802208991724 -1.169958207029236 4.85538681017644 
1.8118013783362603 -1.1945122541309345 4.8553916372111185 
1.8618170589864171 -1.434648960825372 4.789946408496436 
1.8117876750783255 -1.1945122541309345 4.855380743358553 
