1.6294264583069227 0.46578750900970406 
-3.141592653589793 1.0720581983972748 
1.6294282635636503 0.46033549899862175 
1.6294283138306405 0.46015465280344825 
1.6294264648682972 0.4657704340895691 
1.629426443403891 0.4658262348625775 
1.6294264555871192 0.4657945823651151 
1.6294370069073183 0.45909436091294803 
1.6294264409141117 0.4658326969307085 
1.629426425358869 0.46587302001983055 
1.6294264707616433 0.46575508451163095 
1.629428325918097 0.4601108436345771 
1.6294283343148852 0.4600803361457304 
1.6294264600759498 0.4657829069132301 
1.62942645558995 0.46579457500406635 
1.629426456760619 0.4657915307829084 
1.6294283164404129 0.46014520476249954 
1.6294263913473623 0.4659608904887575 
1.6294264549331807 0.4657966628522413 
1.629426455494416 0.4657948234092564 
1.6294264242963614 0.4658757711957885 
1.62942645539185 0.46579509009713155 
1.62942642541756 0.4658728680386905 
1.629426454558355 0.46579725717079157 
1.6294282840657297 0.4602619967834179 
1.6294264428129326 0.46582776885699345 
1.6294283347293033 0.4600788288779281 
1.5103012897665753 0.5566857278049858 
1.510359444518153 0.5424339700469353 
1.6294264567787282 0.4657914836870497 
1.6294283347293033 0.4600788288779281 
1.6294264555369473 0.46579471282141505 
1.6294264555158253 0.46579476774170553 
1.6294264575627477 0.4657894446374172 
1.5096314024821669 0.6129597650701217 
1.6294264601006945 0.46578284253178803 
1.5092560025211765 0.6431215182396383 
1.6294283729934238 0.45993900822739486 
1.5393125656016022 0.4998778607232382 
1.5393126466245957 0.4997780755720228 
1.6294264428129326 0.46582776885699345 
1.629426426631936 0.4658697231162182 
1.629426427425675 0.46586766725530326 
1.6294264555196223 0.4657947578696486 
1.5393197564474153 0.48486767389056046 
1.6294263928457415 0.46595702785033233 
1.6294264600559583 0.4657829589263538 
1.6294264575223543 0.4657895496959113 
1.5393126466245957 0.4997780755720228 
1.629426460011085 0.46578307567638566 
1.6294264555435254 0.46579469571709464 
1.5393204448818174 0.48014685339033214 
1.6294283729934238 0.45993900822739486 
1.5103013220688788 0.5566725064806544 
1.510302519170541 0.555970049932959 
1.6294264261219948 0.4658710437967273 
1.5095896232427914 0.6191076604951368 
1.5096314024821669 0.6129597650701217 
1.6294263888428908 0.4659673449673183 
1.6294264577300972 0.4657890093715913 
0.5651630582449114 0.878287867197591 
1.5065385864254064 0.6991325129163232 
1.6294264567621262 0.46579152686341907 
1.5393197564474153 0.48486767389056046 
1.6294264555457985 0.4657946898064058 
1.5393204073375608 0.48063652132174933 
1.5097511051302606 0.5767958730856659 
1.6294264266106893 0.465869778144895 
1.629426455112617 0.46579581612574955 
1.6294264392742344 0.46583695193096597 
1.5103024783052308 0.5561970483031686 
1.629426456958125 0.4657910171381854 
1.5393140329948642 0.4958340939202355 
1.5393197909758187 0.48455732437413557 
1.6294283164404129 0.46014520476249954 
1.6294264575603772 0.46578945080302514 
1.5065385864254064 0.6991325129163232 
1.510359444518153 0.5424339700469353 
1.6294264421053513 0.4658296054151046 
1.510341591986161 0.5424700830297031 
1.6294264570183152 0.46579086060257613 
1.6294264577300972 0.4657890093715913 
1.6294264421053513 0.4658296054151046 
1.6294264242963614 0.4658757711957885 
1.6294264574683481 0.4657896901595001 
1.5102991537992458 0.5574852646888292 
1.6294264567546062 0.46579154642058 
1.6294264256606183 0.46587223862222865 
1.6294264710684454 0.46079413469776354 
1.6294282982349393 0.4602109912898307 
1.6294264710684454 0.46079413469776354 
1.6294264256606183 0.46587223862222865 
1.5103024783052308 0.5561970483031686 
1.5393204329125791 0.48045949320691805 
1.629426455494004 0.4657948244823185 
1.6294264392742344 0.46583695193096597 
1.5383859434656886 0.5346068356704712 
1.6294282982349393 0.4602109912898307 
0.5653162345069526 0.8029617306669211 
0.5651630582449114 0.878287867197591 
