1.6294264583069227 -0.2930045287475216 4.991405720140407 
-3.141592653589793 -4.9999999999994795 3.729022230467383E-4 
1.6294282635636503 -0.2930045287475216 4.991405720140407 
1.6294283138306405 -0.2930045287475216 4.991405720140407 
1.6294264648682972 -0.2930045287475216 4.991405720140407 
1.629426443403891 -0.2930045287475216 4.991405720140407 
1.6294264555871192 -0.2930045287475216 4.991405720140407 
1.6294370069073183 -0.2930045287475216 4.991405720140407 
1.6294264409141117 -0.2930045287475216 4.991405720140407 
1.629426425358869 -0.2930045287475216 4.991405720140407 
1.6294264707616433 -0.2930045287475216 4.991405720140407 
1.629428325918097 -0.2930045287475216 4.991405720140407 
1.6294283343148852 -0.2930045287475216 4.991405720140407 
1.6294264600759498 -0.2930045287475216 4.991405720140407 
1.62942645558995 -0.2930045287475216 4.991405720140407 
1.629426456760619 -0.2930045287475216 4.991405720140407 
1.6294283164404129 -0.2930045287475216 4.991405720140407 
1.6294263913473623 -0.2930045287475216 4.991405720140407 
1.6294264549331807 -0.2930045287475216 4.991405719902546 
1.629426455494416 -0.2930045287475216 4.991405720140407 
1.6294264242963614 -0.2930045287475216 4.991405720140407 
1.62942645539185 -0.2930045287475216 4.991405720140407 
1.62942642541756 -0.2930045287475216 4.991405720140407 
1.629426454558355 -0.2930045287475216 4.991405720140407 
1.6294282840657297 -0.2930045287475216 4.991405720140407 
1.6294264428129326 -0.2930045287475216 4.991405720140407 
1.6294283347293033 -0.2930045287475216 4.991405720140407 
1.5103012897665753 0.30185668120470677 4.990878363994058 
1.510359444518153 0.3018503470656978 4.990923757320335 
1.6294264567787282 -0.2930045287475216 4.991405720140407 
1.6294283347293033 -0.2930045287475216 4.991405720140407 
1.6294264555369473 -0.2930045287475216 4.991405720140407 
1.6294264555158253 -0.2930045287475216 4.991405720140407 
1.6294264575627477 -0.2930045287475216 4.991405720140407 
1.5096314024821669 0.30658217841066293 4.990896649421094 
1.6294264601006945 -0.2930045287475216 4.991405720140407 
1.5092560025211765 0.30926015229885073 4.99088471122058 
1.6294283729934238 -0.2930045287475216 4.991405720140407 
1.5393125656016022 0.15734991560225867 4.997514275084382 
1.5393126466245957 0.15734991560225867 4.997514275084382 
1.6294264428129326 -0.2930045287475216 4.991405720140407 
1.629426426631936 -0.2930045287475216 4.991405720140407 
1.629426427425675 -0.2930045287475216 4.991405720140407 
1.6294264555196223 -0.2930045287475216 4.991405720140407 
1.5393197564474153 0.15734991560225867 4.997514275084382 
1.6294263928457415 -0.2930045287475216 4.991405720140407 
1.6294264600559583 -0.2930045287475216 4.991405720140407 
1.6294264575223543 -0.2930045287475216 4.991405720140407 
1.5393126466245957 0.15734991560225867 4.997514275084382 
1.629426460011085 -0.2930045287475216 4.991405720140407 
1.6294264555435254 -0.2930045287475216 4.991405720140407 
1.5393204448818174 0.15734991560225867 4.997515421598817 
1.6294283729934238 -0.2930045287475216 4.991405720140407 
1.5103013220688788 0.30185668120470677 4.990878363994058 
1.510302519170541 0.30185668120470677 4.990877838612638 
1.6294264261219948 -0.2930045287475216 4.991405720140407 
1.5095896232427914 0.30704555148585055 4.9908612954273925 
1.5096314024821669 0.30658217841066293 4.990896649421094 
1.6294263888428908 -0.2930045287475216 4.991405720140407 
1.6294264577300972 -0.2930045287475216 4.991405720140407 
0.5651630582449114 4.222101155682953 2.674233298768984 
1.5065385864254064 0.32381076018375077 4.9908858571395704 
1.6294264567621262 -0.2930045287475216 4.991405720140407 
1.5393197564474153 0.15734991560225867 4.997514275084382 
1.6294264555457985 -0.2930045287475216 4.991405720140407 
1.5393204073375608 0.15734991560225867 4.997515145523308 
1.5097511051302606 0.3053193120351778 4.9908938883598655 
1.6294264266106893 -0.2930045287475216 4.991405720140407 
1.629426455112617 -0.2930045287475216 4.991405720140407 
1.6294264392742344 -0.2930045287475216 4.991405720140407 
1.5103024783052308 0.30185668120470677 4.990878363994058 
1.629426456958125 -0.2930045287475216 4.991405720140407 
1.5393140329948642 0.15734991560225867 4.997528162363465 
1.5393197909758187 0.15734991560225867 4.997514475080247 
1.6294283164404129 -0.2930045287475216 4.991405720140407 
1.6294264575603772 -0.2930045287475216 4.991405720140407 
1.5065385864254064 0.32381076018375077 4.9908858571395704 
1.510359444518153 0.3018503470656978 4.990923757320335 
1.6294264421053513 -0.2930045287475216 4.991405720140407 
1.510341591986161 0.3018503470656978 4.990889119739872 
1.6294264570183152 -0.2930045287475216 4.991405720140407 
1.6294264577300972 -0.2930045287475216 4.991405720140407 
1.6294264421053513 -0.2930045287475216 4.991405720140407 
1.6294264242963614 -0.2930045287475216 4.991405720140407 
1.6294264574683481 -0.2930045287475216 4.991405720140407 
1.5102991537992458 0.30185690091119344 4.990878222285927 
1.6294264567546062 -0.2930045287475216 4.991405720140407 
1.6294264256606183 -0.2930045287475216 4.991405720140407 
1.6294264710684454 -0.2930045287475216 4.991409577054797 
1.6294282982349393 -0.2930045287475216 4.991405720140407 
1.6294264710684454 -0.2930045287475216 4.991409577054797 
1.6294264256606183 -0.2930045287475216 4.991405720140407 
1.5103024783052308 0.30185668120470677 4.990878363994058 
1.5393204329125791 0.15734991560225867 4.997515145523308 
1.629426455494004 -0.2930045287475216 4.991405720140407 
1.6294264392742344 -0.2930045287475216 4.991405720140407 
1.5383859434656886 0.1618901435003422 4.997430328213445 
1.6294282982349393 -0.2930045287475216 4.991405720140407 
0.5653162345069526 4.222101155682953 2.680819829919945 
0.5651630582449114 4.222101155682953 2.674233298768984 
