0.38984917030793964 8.96856604954918 
0.9999999999999999 1.0000000000002507 
0.38984917030793964 8.96856604954918 
0.9999999999999999 1.0000000000002507 
0.6491617556996027 1.78880389892922 
0.39907474527441006 8.562332912227648 
0.8187459463345167 1.2231103720538121 
0.6409739991851954 2.033228180467913 
0.9450798772160052 1.0824806188536964 
0.6160177900225889 2.3897872023351527 
0.9121711483180717 1.09628549625158 
0.41116507951922404 8.087406505783072 
0.5869144457245349 2.939045339534516 
0.5650348266883396 3.4091540038773807 
0.60020630030497 2.6696235992837267 
0.45367936020958866 6.442953023789556 
0.6823715171054645 1.4654968968039364 
0.7477468276273787 1.3373624768523027 
0.4135467971642721 7.931488100505776 
0.44768144774409807 6.656549401790831 
0.8658591979088452 1.1549221907624223 
0.6599709972119572 1.615487658450187 
0.8022399658421497 1.2465100893533667 
0.7225809349059097 1.3844944586227887 
0.8390384681456463 1.1918404677387138 
0.4983961856305736 5.052297639507284 
0.43136473974628015 7.237170245445006 
0.4814585842196197 5.602555480121228 
0.5149561005189955 4.618190458640663 
0.4260920963528931 7.5117483457850724 
0.4081837422280121 8.32371695293142 
0.6245545856514216 2.238359103670926 
0.4174848318620695 7.773197624998593 
0.42743658978501564 7.393529984329534 
0.43581569128655595 7.130323283784216 
0.5047943407581255 4.9661029138344635 
0.46333974348900175 6.158114353864244 
0.48416984474857055 5.459727490878258 
0.6330867905079957 2.081067009290746 
0.44472320519783626 6.740251537365815 
0.7925388011247546 1.2660195402030703 
0.5424215908254933 3.9394803668323033 
0.899691268335751 1.1114923921072626 
0.5424215908254933 3.9394803668323033 
0.4676737798698951 6.028665164876139 
0.6136342220403576 2.5704229696580745 
0.8806802593815222 1.135486797308132 
0.9841741794569019 1.0160803360253807 
0.5226386082687018 4.498997137097484 
0.5611430176287174 3.4863499284421087 
0.6991018674875837 1.4332153161881496 
0.4428115420833049 6.924575165945063 
0.47421762955957 5.77418389106755 
0.45336785003801583 6.456818417217206 
0.7637899267177014 1.3202014870451997 
0.4081837422280121 8.32371695293142 
0.6079355269089347 2.5945177234839716 
0.8873746710479972 1.1269197021580464 
0.629010819813118 2.2129990136365145 
0.47723462019031254 5.737680548764788 
0.5736248086883051 3.213191127225228 
0.39040371845780814 8.955826668558146 
0.5926345985003589 2.823731909860285 
0.5262701796674799 4.315567673099679 
0.46333974348900175 6.158114353864244 
0.5511968920011546 3.7438082114016957 
0.39422808079217014 8.765412421291545 
0.39422808079217014 8.765412421291545 
0.7058192438672217 1.4167933344012222 
0.7802478682509812 1.2888385353097442 
0.9633946860960249 1.0379961758480654 
0.5066037891495788 4.817949994414556 
0.49651446348458256 5.236151960238164 
0.4206588716724117 7.6671018426341435 
0.5101452747423367 4.772441421394831 
0.5786627334239633 3.1087105272735798 
0.951943425285157 1.050482595329337 
0.6715853791947152 1.4890198785308073 
0.5319960921331301 4.1651623573541885 
0.531919844217552 4.165759411499179 
0.9957679732335478 1.0042500129349563 
0.5195568712158715 4.53323287943949 
0.5736248086883051 3.213191127225228 
0.4676737798698951 6.028665164876139 
0.5786627334239633 3.1087105272735798 
0.974014043671545 1.0266792419446114 
0.5574301213730587 3.614872423063975 
0.5489630844009576 3.7590422908397234 
0.43840563388496834 6.986485574188345 
0.8531805523307281 1.1720850086424277 
0.5262701796674799 4.315567673099679 
0.7359485139634683 1.3587911721725776 
0.7755253428035064 1.2894595369884303 
0.48823861510223665 5.351265232979941 
0.4951573232691563 5.250503343253981 
0.48956598872844415 5.3367562015099494 
0.5923044119005776 2.8253060302269035 
0.8447767894302016 1.1846915064341743 
0.6672157173768688 1.4987715794500702 
0.7666282651567139 1.3044131627416986 
