0.38984917030793964 2.496388033268704 
0.9999999999999999 2.5057618367928355E-13 
0.38984917030793964 2.496388033268704 
0.9999999999999999 2.5057618367928355E-13 
0.6491617556996027 0.1612230796311871 
0.39907474527441006 2.4170108259019463 
0.8187459463345167 0.0014166590387612935 
0.6409739991851954 0.30324639809055615 
0.9450798772160052 0.023030650354956668 
0.6160177900225889 0.4721514310067665 
0.9121711483180717 2.506878192855241E-13 
0.41116507951922404 2.3252591390545865 
0.5869144457245349 0.7249681664121781 
0.5650348266883396 0.9262907417347147 
0.60020630030497 0.6023249037329234 
0.45367936020958866 1.9230348056932804 
0.6823715171054645 1.3340785452267169E-5 
0.7477468276273787 8.549454203126176E-6 
0.4135467971642721 2.2800415007107 
0.44768144774409807 1.9800136731738294 
0.8658591979088452 1.7406773755722996E-9 
0.6599709972119572 0.06617500093097962 
0.8022399658421497 2.1150474002838243E-7 
0.7225809349059097 4.0930028370593594E-4 
0.8390384681456463 3.2548103368302854E-10 
0.4983961856305736 1.5180458722007806 
0.43136473974628015 2.1218600594259076 
0.4814585842196197 1.6973984294710383 
0.5149561005189955 1.3781653500356272 
0.4260920963528931 2.2006965999309385 
0.4081837422280121 2.3976059350942935 
0.6245545856514216 0.39797744253228295 
0.4174848318620695 2.2451921035031757 
0.42743658978501564 2.1602652429750764 
0.43581569128655595 2.107506771019044 
0.5047943407581255 1.5068606465260739 
0.46333974348900175 1.8532991250953987 
0.48416984474857055 1.643435411628029 
0.6330867905079957 0.31749603374395147 
0.44472320519783626 1.9975462675369686 
0.7925388011247546 0.003369608593054435 
0.5424215908254933 1.136859207602976 
0.899691268335751 5.210271257817497E-13 
0.5424215908254933 1.136859207602976 
0.4676737798698951 1.8194486252275885 
0.6136342220403576 0.5772994993007979 
0.8806802593815222 8.071776195875638E-7 
0.9841741794569019 3.0970072352023043E-8 
0.5226386082687018 1.3513496023375025 
0.5611430176287174 0.9563409193556679 
0.6991018674875837 0.0019635040589432162 
0.4428115420833049 2.0662818075038905 
0.47421762955957 1.7382197974631077 
0.45336785003801583 1.9273138838996289 
0.7637899267177014 0.008356597042853325 
0.4081837422280121 2.3976059350942935 
0.6079355269089347 0.5772994993007979 
0.8873746710479972 3.2349296118723424E-15 
0.629010819813118 0.3920003238131255 
0.47723462019031254 1.7382197974631077 
0.5736248086883051 0.8431661456335309 
0.39040371845780814 2.496388033268704 
0.5926345985003589 0.6734412266727017 
0.5262701796674799 1.2711545746893362 
0.46333974348900175 1.8532991250953987 
0.5511968920011546 1.0635754503730162 
0.39422808079217014 2.455571716197615 
0.39422808079217014 2.455571716197615 
0.7058192438672217 3.1905788959261473E-12 
0.7802478682509812 0.005613519695145092 
0.9633946860960249 2.0998498005874847E-14 
0.5066037891495788 1.4407917231036058 
0.49651446348458256 1.5998251812613975 
0.4206588716724117 2.2252344101199477 
0.5101452747423367 1.434638440109174 
0.5786627334239633 0.79889493113598 
0.951943425285157 2.5057618367928355E-13 
0.6715853791947152 3.97975158104608E-6 
0.5319960921331301 1.2158500972124444 
0.531919844217552 1.2158500972124444 
0.9957679732335478 5.4553756611226555E-15 
0.5195568712158715 1.3552722913344974 
0.5736248086883051 0.8431661456335309 
0.4676737798698951 1.8194486252275885 
0.5786627334239633 0.79889493113598 
0.974014043671545 1.0754755787092855E-13 
0.5574301213730587 1.0150387735366746 
0.5489630844009576 1.0635754503730162 
0.43840563388496834 2.0629146367802282 
0.8531805523307281 1.350521126700324E-7 
0.5262701796674799 1.2711545746893362 
0.7359485139634683 3.439470876729171E-7 
0.7755253428035064 8.549454203126176E-6 
0.48823861510223665 1.612694326394874 
0.4951573232691563 1.5998251812613975 
0.48956598872844415 1.612694326394874 
0.5923044119005776 0.6734412266727017 
0.8447767894302016 7.998872706908855E-4 
0.6672157173768688 3.954566841292405E-6 
0.7666282651567139 2.506878192855241E-13 
