4.2979921696510194E-7 1.000307312400498 
0.851897246317644 -0.7726637180242367 
0.6524156933600922 -0.4576363409837369 
0.4533059959317004 -0.12358065578730107 
0.8233620465738433 -0.45825409004803885 
0.61839589482816 -0.12362653017254027 
0.4098506397074193 0.23567468235254693 
0.2575029237217884 0.2428553402092185 
0.18238962100439363 0.6697666377073218 
0.0842440700382523 0.6706818433590082 
0.023323323701983256 0.8327552933003193 
0.03328631031365448 0.7903226111273296 
0.8247039781943257 -0.48488131326601724 
0.8280149735992773 -0.5329908004109568 
0.4132476006452807 0.19087538810164664 
0.19145948871754892 0.614559052952209 
0.8309081516442367 -0.5966750541107797 
0.23982197350242257 0.28339793846971756 
0.04288304604900929 0.7526469930035588 
0.6227582721911061 -0.19665805021705393 
0.41998302700939544 0.10588048467522888 
0.049483453103395636 0.729301312361466 
0.6200901478392753 -0.15283579716316972 
0.2153751294334615 0.43684790746845015 
0.23423242225335714 0.3125895158385554 
0.18534538946665552 0.6531261849263038 
0.4228498781250829 0.07411803375797898 
0.6250953008409346 -0.23306513044457602 
0.6363694940851395 -0.3662729479829362 
0.05858922645387527 0.7020041777291488 
0.4155676762804225 0.1609504736624551 
0.005564453843521487 0.936143507710859 
0.4126211325432553 0.23373577549311655 
0.21414158023059973 0.466761676568749 
0.6465086113897046 -0.44567176576984996 
0.6386827572957733 -0.3886433508228395 
0.6214992154431841 -0.17584239174314106 
0.6304532824080558 -0.3000024701245803 
0.053942325918689346 0.7150180723290801 
0.06821049990395134 0.6890479987202242 
0.6280611881213671 -0.27653582550419276 
0.8394352493014422 -0.7087037781436322 
0.2089347288971291 0.4861398176231057 
0.8327494096668231 -0.6253394466434394 
0.4322524059100279 -0.022903659281480016 
0.8287585577688816 -0.5591084487989055 
0.24445343186806234 0.2660640570343406 
0.2282569942932871 0.34805923464223504 
0.247402735111394 0.25688001479628214 
0.20077037902490244 0.5477192733070271 
0.8352050561369058 -0.6597469935304289 
0.0701101327202162 0.679735789852877 
0.42416754592309314 0.05766397477764425 
0.4307157417506109 -0.009308167252475477 
0.44510666190636267 -0.10586879095116467 
0.6333498143033203 -0.3436734036761915 
0.8370358268517786 -0.6807013449067495 
0.43603333966610425 -0.05429418502895424 
0.22598082203206454 0.36833425299360484 
0.6317457985430063 -0.3176464073837194 
0.6407506196406646 -0.4073300483027141 
0.0794728018000237 0.671075946948302 
0.44021092646666593 -0.08185733977955224 
0.20567516860716767 0.5111936523970417 
0.8420236086001744 -0.7326470910312093 
0.4397408734520617 -0.07938094659386447 
0.2223086856452847 0.3944194297277617 
0.627000114331511 -0.261475122148771 
0.6435402786434843 -0.42568768273665647 
0.008056126139659604 0.9100185044361236 
0.4168701847959744 0.14425136386494825 
0.037925905108897755 0.7712566406569059 
0.8436209941886904 -0.737011734969262 
6.257891221354561E-4 0.9764094907255456 
0.434935395808388 -0.04425360195157481 
0.8381425441736767 -0.6954939022168534 
0.6184093989922336 -0.12387209184415889 
0.8325068783965748 -0.6216190817277523 
0.6259837029206975 -0.24632211768248116 
0.21801935480558177 0.4171357632352142 
0.8459252799923949 -0.7580776522949457 
0.020157913110630733 0.8504404175415596 
0.2555153236935676 0.24690445942425654 
0.2187683793947343 0.41156704534911087 
0.23010354808839772 0.3346629589438657 
0.23188370847236206 0.32396445076620256 
0.19922208825048915 0.5596462505573274 
0.21020300544779666 0.47667911576531785 
0.4263368148827547 0.03414973192842123 
0.4183806054629631 0.12561941439480406 
0.8234232651868344 -0.4593654849823088 
0.6331741551102124 -0.33321700651082137 
0.19453844304466542 0.5935690805071845 
0.449198299453517 -0.11597831324939847 
0.016703344125994668 0.8633460869382846 
0.20361670345304173 0.5266233455087079 
0.03706773825932422 0.7744935585970537 
0.4284390753323029 0.014341289440556033 
0.4288992236285216 0.010803225913244839 
0.19474778007987284 0.5921079278600567 
