0.22834043380766927 0.34754330580983517 
0.43880819905000057 -0.07205891058098414 
0.4157642456306703 0.160603384908386 
0.03261011157567724 0.7953052540371099 
0.08339349226082632 0.672137691740526 
0.19025884791681097 0.6238054972070792 
0.8327921946689123 -0.6241582859914494 
0.42779505716642857 0.022869359763138374 
0.40958651943607916 0.24084213620736292 
0.628651396518533 -0.2824012455326901 
0.4370389559859361 -0.05855203749615872 
0.040024807728789635 0.7663632275555794 
0.8348841158277531 -0.6521123880673033 
0.631468964149867 -0.3197666063282387 
0.6274074372712104 -0.2646901501150748 
0.6344788362140622 -0.35521815022126085 
0.8241743585434955 -0.4729561419180732 
0.8313043905961119 -0.6007330615692427 
0.6416002364976828 -0.41786959730338924 
0.454563456593264 -0.12129412124514191 
0.8270067740543261 -0.5278940574076595 
0.8300420172682923 -0.5800078176641429 
0.6300051753520496 -0.29901064046344894 
0.23095731217963028 0.33082681819962895 
0.02117026516234377 0.8460766192404584 
0.20923694016587974 0.48603775661614 
0.8279095731880447 -0.5444338340398635 
0.43483576672975643 -0.04321681133232572 
0.418600168085014 0.12490907272126799 
0.22257753213803277 0.4078683566129238 
0.42015045142132745 0.10617997911669873 
0.4231029529317113 0.07112078518110164 
0.651882354972776 -0.4561501659272606 
0.621786182386534 -0.17929628947953322 
0.42536168337264163 0.05601005184863443 
0.21399667948274542 0.4510420343644704 
0.04950320186220408 0.7320599390362467 
0.044418145153681976 0.7483324536689019 
0.19681696993723774 0.5912171719123946 
0.644670951810208 -0.43498508317004575 
0.0015178121374123665 0.9822950844277338 
0.637608564644772 -0.3858444570686618 
0.03568041049983982 0.7832825109621052 
0.20342067962907706 0.5309538840767959 
0.0038409051507185266 0.9416609676508975 
0.18513297017644398 0.6570761232476985 
0.20101274831224555 0.5492481776012276 
0.2479373200006288 0.25749737910561005 
0.05651282701852617 0.7108830059150573 
0.4330751484993738 -0.02890213380928286 
0.006185806438071088 0.9251230969716809 
0.01743765659555399 0.8642527584043819 
2.3276179184209597E-6 1.0023694075514156 
0.6240469143464045 -0.21461485395977312 
0.2056742059830678 0.5133027077772714 
0.6187333125215663 -0.12712426473568844 
0.2278998937077816 0.3690393826064469 
0.2110634657388058 0.47197330649729596 
0.2165761003540571 0.4298288359897319 
0.4127832505474399 0.19924206101676767 
0.06706180065193298 0.6870930371904479 
0.6361749406797156 -0.3721869571250823 
0.024375867878067115 0.830205646999231 
0.8289807887072738 -0.5628349606042383 
0.42970581897757093 0.002215837141786288 
0.623225767796868 -0.20141607098837674 
0.24274213728743682 0.2746568870489174 
0.4171435078217671 0.14325222512151223 
0.2599204911426009 0.24516240585900442 
0.009040646000259833 0.9072265861530304 
0.4142496619961954 0.17933258302679456 
0.8259173789681802 -0.5074556804054804 
0.2382176491303029 0.29365927550098925 
0.18742321635919965 0.6429957026808762 
0.4312287193990677 -0.012295528501057099 
0.8233992408150357 -0.4572190771233032 
0.44756580625808884 -0.10812364245602135 
0.8378685503730876 -0.6911350382462144 
0.02821364052008124 0.8136864509032695 
0.2227188722059245 0.3841812827692361 
0.8396414050227963 -0.7099685876366236 
0.012916865515178677 0.8850451180112595 
0.23485819996202467 0.31026974978975835 
0.4110499239684643 0.22190233212648286 
0.8441119035467408 -0.7456961178160239 
0.44161186665174956 -0.08758405064502778 
0.4217779732698177 0.08686607003617755 
0.8416947553384887 -0.7277362560389066 
0.1926119528486429 0.6090506775239791 
0.8251152005858005 -0.4901898958846134 
0.8521045281351769 -0.7713801470168853 
0.18275298734898832 0.6711436336959382 
0.6398228227663901 -0.4046355250339607 
0.1976819441312131 0.5731969823844804 
0.4259126161168655 0.04108697301109443 
0.620369380154705 -0.1555483534150219 
0.0018992916945101135 0.9612308785819789 
0.625531492061529 -0.23711351278102472 
0.6333843624746793 -0.3390429579762702 
0.8361620284494892 -0.6707601438244053 
