-14.475824362568524 -11.617336154155204 
-18.3783591956879 -2.281645831504125 
-18.724044513182086 -0.8258863854592766 
-18.422709922986577 -2.069297027248787 
-17.982437779263172 -3.8503072180349958 
-18.046159162298157 -3.7266862995924774 
-15.947535242368694 -7.719611387227198 
-16.323384863604993 -6.637793048402926 
-16.381640193891343 -6.383105148375442 
-16.19151494045588 -7.150109111880844 
-18.521796168895992 -1.6107846131421732 
-14.510759851954724 -11.593227713467128 
-18.318516255204216 -2.579662765369445 
-15.2623058653731 -9.109786098618867 
-16.687972508950885 -4.907647991265239 
-19.999495189489082 0.0014852797959287063 
-14.655529740359508 -11.360290581984238 
-18.1683065802804 -3.289980156862222 
-18.11303048696795 -3.512746737499548 
-15.11566428449905 -9.732130735751149 
-17.996736145588855 -3.830619330729079 
-18.086799377414827 -3.605137737660776 
-15.34680915227397 -8.724557711827794 
-18.724044513182086 -0.8258863854592766 
-14.797069436607412 -10.966620435120474 
-15.065764253213377 -9.940863283738446 
-18.499785125788478 -1.7090843039880579 
-18.196399967095232 -3.166008275880365 
-14.656310124604921 -11.35842474698367 
-14.869768237459633 -10.716349839086254 
-18.067975259284225 -3.6649943725577776 
-16.14744159356401 -7.295384241424674 
-16.2959403263109 -6.751495910516391 
-17.955486405093385 -3.8722922459535303 
-16.619829655804985 -5.240872388611329 
-18.34485086214486 -2.4494627494012664 
-17.963178077548648 -3.8679548869887967 
-18.452322157408815 -1.9284613937167983 
-18.582584514280974 -1.3516022861493862 
-14.475824362568524 -11.617336154155204 
-16.101344239754145 -7.428732423403472 
-14.89681347898508 -10.6176481734155 
-16.116075329390387 -7.3890570499037915 
-15.381777117629625 -8.620439452451762 
-15.198862940517003 -9.376856907709723 
-15.328734297168053 -8.83506537435601 
-16.496298525553314 -5.848689103037939 
-14.837806645120384 -10.82915420012965 
-18.63404061921157 -1.1469931048679116 
-14.55494583017187 -11.543643927481847 
-14.58716804831252 -11.4945369548226 
-18.269729469271127 -2.819403965910289 
-14.703401243611404 -11.242989256774647 
-18.033330514694242 -3.758554233569302 
-15.103652016404386 -9.782879802890559 
-16.53661094216502 -5.652346300315324 
-16.363119106775184 -6.465670071853527 
-16.07565618147187 -7.496197121216148 
-14.775729872709812 -11.033137516297444 
-16.60150740836533 -5.331456627041 
-14.96023235313642 -10.373757771535438 
-17.9856650890987 -3.846325397618913 
-16.59123088842367 -5.385231166396762 
-14.729569742394947 -11.169782965408784 
-14.634765679122664 -11.405802982593352 
-15.947535242368694 -7.719611387227198 
-16.04838399590646 -7.559501488999077 
-15.937514535695758 -7.7284531000894 
-17.949044928910627 -3.87438934022304 
-18.14568410529983 -3.385027658594593 
-17.974428106919316 -3.8587734316571556 
-16.42057551933785 -6.202933294543018 
-18.2324528485197 -2.9985450704448255 
-15.992361894245867 -7.663761986429938 
-16.472777325247527 -5.96118107008232 
-18.010730159650294 -3.8066393526006435 
-15.971832145813181 -7.692605634855348 
-15.178457724628801 -9.464649743173878 
-16.258220679030853 -6.903714084883325 
-15.00305310553027 -10.201865336667801 
-15.038752715712878 -10.054742112025469 
-15.23988353084085 -9.202746873935764 
-14.513634980303404 -11.590698984711018 
-16.014814862887206 -7.626465240573641 
-16.226597793674628 -7.023652776304006 
-14.933617731068798 -10.47746460205271 
