-1.1465721780289344 -1.1396492383082184 -1.1455890591007236 
-0.8843913349882498 -6.522199956845414E-6 -2.291955071302266E-4 
-2.238222156548178E-5 -6.249395013255409E-6 -0.6824840744552105 
-2.1898059797817603E-5 -6.5626669863956E-6 -0.8582402235141595 
-2.0102110501575933E-5 -6.513123802465801E-6 -1.1266797386513607 
-2.174079819102325E-5 -7.367487742580874E-6 -1.0869226613006446 
-1.1325299042796917 -6.583354888901443E-6 -1.1317499913270777 
-1.0143722516754965 -1.2300763219435211E-5 -1.0169634805539032 
-0.9961864357190243 -1.2693834287530313E-5 -0.9995247833971004 
-1.0549683742809106 -6.657832705095238E-6 -1.057481317804059 
-3.937027649621516E-5 -7.151629412835245E-6 -0.7997428269686476 
-1.1391529559508196 -1.128031952651906 -1.142101399079798 
-3.886558154024773E-5 -6.5751659040123465E-6 -0.920458558601315 
-1.069387811030627 -0.8264498235866582 -1.0699174482716374 
-0.7878270901243987 -6.481865293924234E-6 -1.0254357648723338 
-2.2183340540589252E-5 -6.522199956845414E-6 -2.291955071302266E-4 
-1.1173542806833074 -1.0814705909145959 -1.116134216284544 
-3.901556338426023E-5 -6.481865293924234E-6 -1.0115689737581817 
-2.2401910523408337E-5 -6.249395013255409E-6 -1.0455394425490914 
-1.0724190836910616 -0.9005539287216892 -1.0714207663060444 
-3.9343100804125646E-5 -5.683793695675672E-6 -1.1177083725361991 
-2.2356945222152923E-5 -6.589271819156462E-6 -1.0617315142698944 
-1.1090100547954138 -0.746482260923367 -1.0782574253414046 
-2.238222156548178E-5 -6.249395013255409E-6 -0.6824840744552105 
-1.102039135044472 -1.0287622782496046 -1.0990849532316944 
-1.069387811030627 -0.9286656594538356 -1.0699174482716374 
-3.888376178759336E-5 -1.2681948323793727E-5 -0.8126729275969847 
-2.23294601096498E-5 -7.761275052039537E-6 -0.9944214760220709 
-1.1173542806833074 -1.0813693477325643 -1.1155889470591334 
-1.0965084635331894 -1.0001287027396057 -1.0908143785710902 
-2.1898059797817603E-5 -6.5626669863956E-6 -1.073384362652361 
-1.0690239354359012 -7.029732343961665E-6 -1.0706827190314807 
-1.0305106329282103 -5.695062379402738E-6 -1.0176601887069638 
-2.2112940169644374E-5 -6.586374530794231E-6 -1.1435874400227577 
-0.8816890015689625 -1.258006631646389E-5 -0.9700587894391144 
-3.935899687286793E-5 -6.482134154569566E-6 -0.9046542372276549 
-3.887745820608606E-5 -5.683793695675672E-6 -1.1387352441250298 
-2.2360640896571717E-5 -6.586374530794231E-6 -0.8406918105791028 
-2.238222156548178E-5 -6.249395013255409E-6 -0.7642229210599913 
-1.1465721780289344 -1.1396492383082184 -1.1455890591007236 
-1.0892267368807815 -6.562090752109012E-6 -1.0790735364176107 
-1.0882718741272013 -0.9915619242924251 -1.0900870858659726 
-1.0792532025625112 -5.6410816442136674E-6 -1.0798971385092617 
-1.0810809064183218 -0.746482260923367 -1.0786046366847943 
-1.0700641690691655 -0.855443273113288 -1.0766827744981777 
-1.069387811030627 -0.7904334924714429 -1.0699174482716374 
-0.9582177574824777 -1.2693834287530313E-5 -0.9677492808287912 
-1.0964950105257292 -1.0163465095504223 -1.090189003494759 
-3.934672335104503E-5 -6.466884877993757E-6 -0.7343162738708201 
-1.136794513737388 -1.1121995667211457 -1.132967109785958 
-1.1334890666608162 -1.1014271803641118 -1.1264054383860544 
-3.9370436728030764E-5 -7.0400303749589554E-6 -0.9498681213451091 
-1.1117547773644456 -1.0612632627084317 -1.1153375807826538 
-3.886558154024773E-5 -6.942217807648623E-6 -1.094880314430645 
-1.0723480551439446 -0.9040816231775397 -1.0759454886669824 
-0.9356035579682398 -1.2656596853806984E-5 -0.9659976886411037 
-1.0032905631080613 -6.373698172008803E-6 -1.0037325076499937 
-1.0943147942929419 -5.6410816442136674E-6 -1.0899480017734473 
-1.1089413294490704 -1.0356306133038524 -1.0990849532316944 
-0.8949037857730102 -1.2693834287530313E-5 -0.9677492808287912 
-1.0819704645707717 -0.9674638434781854 -1.082653910841665 
-2.3501364946191815E-5 -6.5847839041922546E-6 -1.1246545497806448 
-0.9149421965266396 -6.368983317558258E-6 -0.9537127360116152 
-1.1117547773644456 -1.0483347181940958 -1.1153375807826538 
-1.1200760219951256 -1.0878062381713727 -1.1208748340294155 
-1.1325299042796917 -6.583354888901443E-6 -1.1317499913270777 
-1.1024342153197673 -6.775212913075342E-6 -1.098807588863559 
-1.135562627724789 -6.509056183423135E-6 -1.135002773830776 
-3.889015700265185E-5 -5.649519520603169E-6 -1.147617093945582 
-3.901556338426023E-5 -6.481865293924234E-6 -1.0254357648723338 
-3.9343100804125646E-5 -5.683793695675672E-6 -1.1316759397919185 
-0.972482981798261 -1.2693834287530313E-5 -0.9995247833971004 
-3.8868391992386936E-5 -1.2555747447058295E-5 -0.9724558106023042 
-1.1174175455632018 -1.3016410727178943E-5 -1.1187930179486885 
-0.972482981798261 -1.2693834287530313E-5 -0.9677492808287912 
-3.937027649621516E-5 -7.029732343961665E-6 -1.1089659764895625 
-1.124405148692714 -6.4826504307231745E-6 -1.1246507911484402 
-1.0730966205056651 -0.8675610181332216 -1.0714207663060444 
-1.0376951243688715 -1.312527842427856E-5 -1.0336417445196633 
-1.0783731833926695 -0.9487209686565934 -1.0812804035242254 
-1.0810809064183218 -0.930600006796706 -1.0786046366847943 
-1.0700641690691655 -0.8335467413994772 -1.0768413935497987 
-1.1394254296609612 -1.128031952651906 -1.139042319600178 
-1.111248446311203 -6.207584241789485E-6 -1.1109320665741393 
-1.0410701927662336 -5.982352802683682E-6 -1.049738950009901 
-1.0885857752790082 -0.9769695832371548 -1.082904216293655 
