3.289933757991408E-10 1.0022943667146107 
0.8520049786231247 -0.7722631980406126 
0.8520049786231247 -0.7722631980406126 
0.6521646242613316 -0.45701892782101816 
0.8234660173386383 -0.45977129344324535 
0.6184836459521473 -0.12429737063684804 
0.4534369884676271 -0.12283045981470442 
0.40934938189733683 0.24314814570667373 
0.2583309285579793 0.24378427187004156 
0.18257083161726206 0.66962620081931 
0.08301697421887674 0.6713497917990598 
0.6434721939984335 -0.43089313745645047 
0.20582439990359444 0.5109127245524051 
0.21075160545728755 0.4752168386522256 
0.6244871084149556 -0.223526820623504 
0.026838515713686506 0.818311942675845 
0.23396722787977425 0.3133189337749247 
0.059739708782538425 0.7007082746779246 
0.21522477812423277 0.4392437682728027 
0.42243764576612647 0.07797145996367483 
0.4438861520889351 -0.10041999486484697 
0.41373000716360353 0.1856703901626949 
0.23059094542888095 0.33349675417588 
0.6397978861912896 -0.4047562578184399 
0.020442351556858966 0.8464280807495609 
0.4302099203512088 -0.0035860055900284993 
0.1929456447520498 0.6052941743686598 
0.016388331523432775 0.8672121468078893 
0.2267870199404318 0.35654505906259637 
0.41219273461677547 0.20651455144895253 
0.01119745487256281 0.8928165718341862 
0.44063623862458134 -0.08349097316754468 
0.620550448081663 -0.15915825443044518 
0.8365692979975344 -0.6756086048877197 
0.637448364865135 -0.38561649247319424 
0.41863091277028397 0.12334992751057432 
0.052994884327886016 0.7189724671266364 
0.6307121214887814 -0.3068016145702999 
0.21922986609648282 0.408910274492409 
0.8329970694095993 -0.6280305561842567 
0.212907829604436 0.45663062037005675 
0.6264463151170313 -0.25256219425085424 
0.4360585882867702 -0.053025625111609874 
0.8281447796207271 -0.5489844692296492 
0.0043991208529335635 0.9388823629992888 
0.841870076021208 -0.7304683124245174 
0.185472609434444 0.6530725643388386 
0.8294561147224431 -0.5718734560660044 
0.8246490148652071 -0.48312241606901846 
4.7609151713522493E-4 0.9810148000771355 
0.19841059896001506 0.5666090248722763 
0.41053271482552034 0.22845200888496994 
0.42764705522658636 0.021276860092884875 
0.45086822055439035 -0.12080426679423739 
0.18888830543726276 0.6323154052473217 
0.6285373152052167 -0.27830603929015424 
0.8445136797904852 -0.7492463793603424 
0.24589269356564375 0.2633533585510889 
0.2032070009314525 0.5304318940530843 
0.4160080268864113 0.15598795792187703 
0.42510181647934275 0.048363187856185874 
0.6199389701266536 -0.1491834975283367 
0.23911164203794757 0.2883783204103391 
0.2523403063083492 0.24734607442259485 
0.8466313626864066 -0.7611829042475975 
0.6225095781858112 -0.19180304227337602 
0.42072028023489355 0.099678004738393 
0.4329943316869036 -0.029094858203067668 
0.41667007344463236 0.15210797402060314 
0.6330032361765036 -0.3386183510287804 
0.24360711974804194 0.2692714651527716 
0.8254438435814893 -0.4988043100237166 
0.22005621569642406 0.4034430770326003 
0.6227267381967152 -0.19484650970144757 
0.009588343785566056 0.9016957583902865 
0.8382797134017389 -0.696584204563384 
0.06679469790029352 0.6864989025725661 
0.6297623837062696 -0.29862847591330766 
0.2232523590882031 0.3828247964700308 
0.19596112415375488 0.5848021450156972 
0.8402921479614102 -0.7143150292772124 
0.8306278348531327 -0.587318571736042 
0.8344590984844972 -0.6487870925793638 
0.8317568965995819 -0.6085582772908433 
0.43222554368283866 -0.022459367248553144 
0.8349709084037913 -0.6557777012381963 
0.2005145349100617 0.5512716657480573 
0.0472238237539615 0.7377689479620094 
0.05009665818671397 0.7280328471072295 
0.0744792126354148 0.675416840900682 
0.8264811618160225 -0.514199726186477 
0.6271548492114969 -0.26317627189688164 
0.04022697001791771 0.7637125763759519 
0.002064451346718288 0.9579361700062675 
0.01852102594388899 0.8560759251588308 
0.6333433229461131 -0.34336542433947576 
0.23965844628769878 0.28649869998564614 
0.42667098015733784 0.031429372189564764 
0.41965839810241634 0.11075723395272763 
0.22617441070933278 0.3742889237701434 
