0.5243811101549684 4.444381002426428 
0.8256376646373609 1.2121203373612561 
0.618118306788046 2.3792478286479244 
0.718109341758128 1.3929426064356287 
0.9280460110431819 1.0775339620437976 
0.4490506693375893 6.601670518696005 
0.6552798033184006 1.693412977189136 
0.44502165495695517 6.773879228778459 
0.8864808340719468 1.128056131341324 
0.39853560133565186 8.616644796332192 
0.41141673334920215 8.017479842698023 
0.9608769968976009 1.040715932663689 
0.8642891482300725 1.166895437506777 
0.4294250541027286 7.377955805707682 
0.525396694116705 4.3232884901993645 
0.48529578954050817 5.438600628979163 
0.557867864896881 3.5983017873345458 
0.7974828155789827 1.253952330027553 
0.6061696264621971 2.577417933983489 
0.5437818221317612 3.8762010622270595 
0.4452054507386926 6.724942644292309 
0.6386306444288672 1.972016604998962 
0.42072125052619186 7.671463194863842 
0.7452988593583749 1.343416677880129 
0.4307685223315418 7.275607089194528 
0.6895080773592872 1.4521177496595883 
0.4894394119223141 5.392557121360045 
0.6622373714539891 1.5983367622401317 
0.6651078492996092 1.5275100346704313 
0.5066996204360897 4.967445776450501 
0.4155287290221906 7.8560609525680825 
0.45579489733282114 6.378769226007018 
0.5488920485582391 3.76789350982688 
0.4929585883010318 5.286742339298861 
0.9999999698724888 1.0000000301288834 
0.5834674108071363 3.07775481276957 
0.509792876393467 4.736801063019537 
0.4514400435903759 6.532564488373406 
0.49856801236949816 5.048464456237372 
0.4007631465251133 8.476803325393282 
0.45856031552198867 6.26970062244456 
0.45224238678539885 6.482449471409301 
0.6437605641782556 1.8935427390365491 
0.4055248724132065 8.372532672108228 
0.6112148316039016 2.510953183819489 
0.40859065562098273 8.182203476958732 
0.4173416891798717 7.788693695984276 
0.565717067406515 3.4483219500343156 
0.5537589948259386 3.6552502919646277 
0.4056050955842126 8.272586209416556 
0.5506588386601596 3.7135945458540536 
0.40892001185402044 8.128874338359514 
0.6133508807135815 2.448572954700975 
0.48029363970905514 5.579088357578931 
0.5727381675136329 3.271136937438304 
0.39030564360426445 8.939395020877823 
0.5929191760665372 2.8069510127318105 
0.39566394219301787 8.716767414291114 
0.39425637570526406 8.851542738595283 
0.4338828476926514 7.145216209595525 
0.6329977965257031 2.07799359758164 
0.529130673117408 4.232703320118669 
0.4187752097804556 7.731984946774399 
0.5375244100430582 4.067243782938043 
0.43742342717105664 7.039412861255357 
0.5748473610386233 3.2087245750097453 
0.7716931751229078 1.2978648273049909 
0.43945951499898783 6.929518462571022 
0.4768841388183614 5.715733614328003 
0.5067688144183868 4.82980337207226 
0.47056388406210126 5.916617837474358 
0.4734454374339155 5.805245650114987 
0.601468270645561 2.662201827306091 
0.513591011523967 4.647163830853125 
0.618963065734317 2.3145710122175034 
0.42395136161837754 7.537730793668047 
0.5333647652959651 4.142493271865866 
0.44419419129891213 6.840310251477414 
0.5977011126415619 2.7478805749887676 
0.5859522297239355 2.95167185851268 
0.5673367208576425 3.344635466643625 
0.4780256529043142 5.654491494117132 
0.5156765294057355 4.574877188197083 
0.6500518699545182 1.8103871296853304 
0.42514278252776216 7.47909290830645 
0.41362793048006735 7.934058125967417 
0.48312894293790615 5.49513871009632 
0.5588941196671314 3.5405874546777913 
0.4217286300577079 7.605433516721959 
0.3992824698777261 8.532840613833145 
0.4020856793693818 8.419946460523864 
0.4642552264419023 6.079021071920382 
0.49305494042980613 5.19820405994564 
0.4966725625232822 5.095059360423687 
0.6231275025419206 2.2382332202811366 
0.4673463892957437 5.980563195777473 
0.46702875997920773 6.030084263142956 
0.539836995581441 3.984101279930091 
0.46149966261354114 6.171724579817404 
0.627559041906046 2.1565738380232045 
