0.5243811101549684 1.3305494440040215 
0.8256376646373609 7.722045983976453E-4 
0.618118306788046 0.47065663927299006 
0.718109341758128 2.8509821434041793E-4 
0.9280460110431819 1.0952383016700658E-6 
0.4490506693375893 1.9644845651666714 
0.6552798033184006 0.10965932262932426 
0.44502165495695517 2.014522944869533 
0.8864808340719468 1.4019143044670526E-7 
0.39853560133565186 2.434039715401966 
0.41141673334920215 2.2985253665758956 
0.9608769968976009 1.3713822600368406E-12 
0.8642891482300725 0.008535063756290207 
0.4294250541027286 2.1682790710335618 
0.525396694116705 1.2714414804635463 
0.48529578954050817 1.6393299862359472 
0.557867864896881 1.0073769353549538 
0.7974828155789827 5.434752198721139E-6 
0.6061696264621971 0.5623524662797392 
0.5437818221317612 1.1078076765668987 
0.4452054507386926 1.9939811211440126 
0.6386306444288672 0.2593902352749139 
0.42072125052619186 2.2275475887087706 
0.7452988593583749 0.0012469176670775184 
0.4307685223315418 2.134102514877217 
0.6895080773592872 0.0012469176670775184 
0.4894394119223141 1.6393299862359472 
0.6622373714539891 0.058478336124184196 
0.6651078492996092 0.01595891394322213 
0.5066996204360897 1.517002889464326 
0.4155287290221906 2.2644190227414756 
0.45579489733282114 1.9074104644776273 
0.5488920485582391 1.06816678735817 
0.4929585883010318 1.6061450402920612 
0.9999999698724888 1.3713822600368406E-12 
0.5834674108071363 0.7957696317058636 
0.509792876393467 1.4147874388203623 
0.4514400435903759 1.949061197388232 
0.49856801236949816 1.517002889464326 
0.4007631465251133 2.3971903731591557 
0.45856031552198867 1.8750358956565862 
0.45224238678539885 1.9316384211658892 
0.6437605641782556 0.21898814197780825 
0.4055248724132065 2.3952702436320923 
0.6112148316039016 0.5347318274135094 
0.40859065562098273 2.3431718830748527 
0.4173416891798717 2.250546583586696 
0.565717067406515 0.9507745810469279 
0.5537589948259386 1.024127727515551 
0.4056050955842126 2.3554031201990413 
0.5506588386601596 1.0449236598746958 
0.40892001185402044 2.324059390801815 
0.6133508807135815 0.5018343782572996 
0.48029363970905514 1.6796006535199997 
0.5727381675136329 0.8735049752345716 
0.39030564360426445 2.489096327056476 
0.5929191760665372 0.6642950817280774 
0.39566394219301787 2.4489105583180613 
0.39425637570526406 2.489777159518824 
0.4338828476926514 2.1001867563989993 
0.6329977965257031 0.3153653684636968 
0.529130673117408 1.2396531568806792 
0.4187752097804556 2.237963618104774 
0.5375244100430582 1.1862428149250674 
0.43742342717105664 2.0792040990423324 
0.5748473610386233 0.8445268542441303 
0.7716931751229078 0.0015534294633328116 
0.43945951499898783 2.0452428227379933 
0.4768841388183614 1.72574270238397 
0.5067688144183868 1.447593728738986 
0.47056388406210126 1.784146670113044 
0.4734454374339155 1.7484670662300252 
0.601468270645561 0.601229929179247 
0.513591011523967 1.3867415726054497 
0.618963065734317 0.43263396958192724 
0.42395136161837754 2.195631233488342 
0.5333647652959651 1.209459951688852 
0.44419419129891213 2.038426080388668 
0.5977011126415619 0.6424112770769212 
0.5859522297239355 0.7295387069088974 
0.5673367208576425 0.8975345181097651 
0.4780256529043142 1.702991988317233 
0.5156765294057355 1.359156790866941 
0.6500518699545182 0.176845538993542 
0.42514278252776216 2.1796823698210575 
0.41362793048006735 2.281748042952464 
0.48312894293790615 1.654860556306004 
0.5588941196671314 0.9788135085866339 
0.4217286300577079 2.2074290580021274 
0.3992824698777261 2.4070136753642704 
0.4020856793693818 2.385539892833559 
0.4642552264419023 1.8222173042894925 
0.49305494042980613 1.563000193118474 
0.4966725625232822 1.530576188749868 
0.6231275025419206 0.39470467666014514 
0.4673463892957437 1.7949946155016157 
0.46702875997920773 1.8162227759857894 
0.539836995581441 1.150765265049634 
0.46149966261354114 1.8482488113294313 
0.627559041906046 0.35337741158948655 
