-18.626403855631477 -1.1700439574309738 
-15.091649488938646 -9.827328005049718 
-15.477838401125936 -8.256160547430405 
-18.2588311198284 -2.8647710166784637 
-16.108144950434948 -7.4075431350917675 
-16.7549015601823 -4.630467560069889 
-18.013621788831664 -3.683776810055309 
-16.822673685397767 -4.36016914001376 
-18.48100451798203 -1.7698039207243477 
-18.534008320103823 -1.5455573814072256 
-18.327895342036125 -2.505355470871488 
-16.064909464454132 -7.511929456571492 
-16.5379779473567 -5.644069712936863 
-16.150640995631086 -7.277217418458905 
-16.259182933902192 -6.880237156005288 
-15.59434411001558 -7.876565290859766 
-16.183627339473816 -7.175262194741591 
-16.299192815647764 -6.732004626073238 
-16.681214981054076 -4.940944703419371 
-18.39510780469047 -2.189900790920334 
-14.539398777018711 -11.557575900962792 
-16.46333274071303 -6.001444035371751 
-14.94282203119944 -10.357639246267905 
-14.59383426785106 -11.451026587249965 
-14.978316547831419 -10.289269862156711 
-15.131064104953046 -9.658281875933664 
-16.335522835873135 -6.582536378116225 
-18.59991320653191 -1.274799820579644 
-14.64500831599186 -11.31733669337375 
-15.063272680898063 -9.91987419289022 
-18.30812491496362 -2.613645172240124 
-18.563675507045755 -1.4258150366101234 
-15.25220534080444 -9.137014649569696 
-18.00939447990181 -3.8032570470726137 
-14.440466593033424 -11.622878078967739 
-14.704302857128084 -11.208401947046905 
-16.591389687794038 -5.329944783858804 
-18.773803617657187 -0.6595682571795258 
-18.116985915196757 -3.4435307668703006 
-16.782869656234638 -4.475530831159402 
-16.864496155216166 -4.225572609696422 
-18.428199339546104 -2.0312720099338533 
-18.89714345670408 -0.32110374947956655 
-15.19650086080992 -9.385170346916713 
-18.458335571245705 -1.8727618740013952 
-15.63737484394112 -7.752439186447986 
-14.781359968953026 -11.015811739820558 
-17.031663860563665 -3.8774728423043827 
-15.556659159310916 -7.997732504606831 
-16.519326594679946 -5.732891338572834 
-15.368836964838923 -8.656076348178665 
-15.339373891549373 -8.758419529284483 
-16.723774793063637 -4.749100158979209 
-16.701296330654316 -4.842963205668353 
-15.310223718193118 -8.86812776816625 
-16.354903811534122 -6.461447531685356 
-18.19149978187938 -3.1785790511014627 
-18.354293361943228 -2.385285952664423 
-15.222333966342044 -9.271212377958406 
-14.753968817838668 -11.094947562753683 
-16.487973819524797 -5.865767647284329 
-16.563044433710022 -5.521926074512406 
-18.28469088589074 -2.736617893410174 
-18.226170800523025 -3.018436012460915 
-15.285742911077698 -9.00251991928538 
-15.43558049952729 -8.404409237779497 
-16.21501513847636 -7.06252998662008 
-15.995749699829592 -7.597564987710086 
-18.95249171249269 -0.21710473240414122 
-14.850850141337729 -10.747235714386365 
-18.508471100867485 -1.6570984787556824 
-15.969980759463342 -7.688767162341989 
-16.432397556470374 -6.143647982384973 
-14.927254143798073 -10.500269111151072 
-15.40048055739594 -8.5333265788199 
-16.969440632264295 -3.9853373107967354 
-16.383557591508904 -6.353845884492499 
-18.819273237503673 -0.5321302274428478 
-18.092158364215944 -3.5803134315506906 
-18.682871272950848 -0.9584790885944349 
-16.621814110967527 -5.189704724349379 
-16.65871929007754 -5.052139054988325 
-16.410081834630383 -6.241558482316147 
-14.892715139531031 -10.62854064092676 
-17.941572594155943 -3.8741415830242536 
-15.161251952996835 -9.521474963353832 
-18.728885491729343 -0.8081173113313697 
-18.154698780240803 -3.3371925453275635 
-16.913350038698624 -4.1000452287518465 
-19.994655797046082 0.00944110889253823 
-16.576070354256295 -5.441801510715733 
-18.996614134785265 -0.1333413815057107 
-18.857786469301857 -0.4165289042081229 
-15.876037043599112 -7.748553611695959 
-14.8203365931096 -10.86342699101729 
-15.519008073212827 -8.110849040057797 
-14.997819294424508 -10.211225624684186 
-18.64569422773601 -1.0663658023311702 
-15.03539836476672 -10.054420331659356 
-19.078599687379842 0.0013761467924820734 
