-3.560603295223966E-4 3.181622300399438E-4 -0.7382333427744094 
-1.0774582042624608 -0.8996780515891893 -1.0885565434319835 
-1.0933679416518396 -0.6717853305013017 -1.089512569065789 
-3.8521856652297095E-4 3.1827936774954943E-4 -0.955905102547931 
-1.0844413087176485 8.787620250078044E-4 -1.0796314537785092 
-0.7328876327195553 1.5467393224109864E-4 -1.0423130565852858 
0.0020754861451885986 -0.01599098189360837 -1.0870443072285012 
-1.0976514399854562 0.006930155409823502 -0.6426816515674045 
-0.0018788049340547615 3.1759031119043765E-4 -0.8215350989383842 
-1.1848305349162656E-4 -9.054027305365056E-4 -0.7915593802369045 
-3.3794416582520346E-5 0.002134504755105045 -0.9123069510329136 
-1.1076161941720377 5.759021387489183E-4 -1.083362081889785 
-0.9607212649156298 6.10390546432389E-4 -0.9400281902271425 
-1.0583994506168048 8.582430557960426E-4 -1.0793471458745627 
-1.0583994506168048 8.582430557960426E-4 -1.0124496142254413 
-1.0953662425548107 -0.6106430202018154 -1.0725292045691084 
-1.0621615839071004 3.181622300399438E-4 -1.0551627739608793 
-1.034252122983393 -9.768085142701664E-4 -1.0119387134576856 
-0.9774427262804617 0.0010639493435526828 -0.8380183313847842 
2.4376776056611593E-4 8.518808845035544E-4 -0.8736241321577232 
-1.1479970996796798 -1.112814291633912 -1.1354967613273645 
-0.977713341680415 -0.0011327633720673359 -0.9682560481814848 
-1.0845734559267175 -1.0039946025499824 -1.0283055217825146 
-1.100148404453769 -1.1071506555847703 -1.1419877235289027 
-1.0839715962860235 -0.9698608436285913 -1.0600556242367212 
-1.0774582042624608 -0.8791289474367208 -1.0885565434319835 
-1.0114519268573308 8.582430557960426E-4 -1.0124496142254413 
4.3529383932194854E-4 1.7486538409379162E-4 -0.753619469941222 
-1.0976514399854562 -1.1098447002579928 -1.089687601338746 
-1.1084774352430737 -0.9001014437303844 -1.0812203626486176 
-4.227984112434471E-4 -0.0011133980066382393 -0.9253219618017272 
-5.5706458607526044E-5 3.3675298926383356E-4 -0.7748794447836336 
-1.0596793866074203 -0.8234453942119633 -1.0925471629273866 
4.601532717377283E-6 -8.036681631032337E-4 -1.1088461181595837 
-1.1535996528073826 -1.1550671452025885 -1.1422974463584405 
-1.1076161941720377 -1.0794335193430957 -1.083362081889785 
-1.0358840664957834 0.0010110189194480063 -0.8346240314222433 
-4.4172013264218385E-4 6.123291780407695E-4 -0.6532126706369882 
0.004816360652759255 -8.683061696116131E-4 -1.037107879449658 
-0.9607212649156298 4.6488199471964687E-4 -0.7943973120336302 
-1.1191060195062372 0.0048148558371067796 -0.5995704257222326 
3.971139892784117E-5 8.693070949367791E-4 -0.8539769778595041 
-4.611382754985869E-5 0.0023398286829771804 -0.5816403632000284 
-1.0797533728667537 -0.8580734896820823 -1.0647721968176378 
-0.0018788049340547615 -6.393822154456509E-4 -0.8348178210304099 
-1.0939332551051546 -0.5837355166753333 -1.0721602041361682 
-1.1076949105201175 -1.03351365000261 -1.0990800633367248 
-1.1447577935132487 1.9071596240108606E-4 -0.4836596117633345 
-1.08053920249192 -0.6401414718415644 -1.0812203626486176 
-0.9763546734873308 3.154321393020609E-4 -0.9357403914127118 
-1.0977033427038783 -0.7401906062189306 -1.08080126890492 
-1.0947843999105988 -0.7459655438127835 -1.0990800633367248 
-0.9806715425180526 1.4595553273600393E-4 -0.8097975213769946 
-0.8197026459401573 -0.0029514958779996913 -0.9840981586432581 
-1.0292346598760194 -0.8141602292892721 -1.089263625251622 
-1.0406926661948845 0.004836140107173332 -0.9715679036298136 
-5.62632567808309E-4 3.2899701399868744E-4 -0.9966448453792666 
-4.227984112434471E-4 -0.0011315161383708726 -0.8976013508171845 
-1.08053920249192 -0.8328977152357091 -1.081938540270876 
-1.10139816036992 -1.0529879621013782 -1.0940148221663666 
-1.0098812472192473 2.7565472572862375E-4 -0.9215192392158887 
-0.9605203684682462 2.8214040320029927E-4 -0.925125176700088 
-5.625790079930456E-4 3.1827289805449153E-4 -0.9400986251407067 
-4.1951287247321556E-4 5.122134232291275E-4 -0.9755174337688639 
-1.0597614363458525 -0.8088660187849471 -1.0870443072285012 
-1.061559064002842 -0.7185542824652718 -1.0938152898370772 
-1.0473212305003192 -0.0010782629439778236 -1.0506242084662718 
-1.0982285328157415 -0.017104818055869497 -1.1356718553380918 
4.601532717377283E-6 3.0621637187648777E-4 -0.5529238319156138 
-1.0845734559267175 -1.031022320904114 -1.062252133339615 
-4.227984112434471E-4 -8.236498091004922E-4 -0.8065258018905211 
-1.1160917409219737 1.5082837341133333E-4 -1.1341396864683118 
-0.9668856715243106 -9.815744301340822E-4 -0.9979358191514058 
-1.0934561356856543 -0.9786130987467175 -1.08080126890492 
-1.0947843999105988 -0.7169403482305474 -1.090051162108963 
-1.0755030326934691 0.004173600617905848 -0.5799297019978472 
-1.0264522655608252 -0.0011383546000234114 -0.9682560481814848 
-4.084948903053698E-4 1.9090485817568534E-4 -0.6277168798453869 
-4.1951287247321556E-4 3.181622300399438E-4 -1.0577973971424104 
-4.1951287247321556E-4 5.122134232291275E-4 -0.705401542704039 
-1.0358840664957834 0.0010110189194480063 -0.8166805070611762 
-0.9064771136928331 2.8919875724868786E-4 -0.9215192392158887 
-0.9665272469905646 -9.768085142701664E-4 -1.0119387134576856 
-1.10144714442862 -0.9869820789459016 -1.0889108897726112 
4.601532717377283E-6 3.0621637187648777E-4 -1.1519832440243045 
-1.0934561356856543 -0.8580324313514814 -1.08080126890492 
-5.0410192592891694E-5 1.4595553273600393E-4 -0.6795600655833209 
-4.611382754985869E-5 8.744015028388475E-4 -1.0188800490143295 
-1.0439201728988017 3.5673466188552343E-4 -0.6405048583586919 
1.5618139385142546E-5 8.693070949367791E-4 -0.0015796555284888214 
-0.9064771136928331 0.004826980910887339 -0.971430614382134 
-8.098141849433526E-5 1.8163461561602568E-4 -0.5284628971065217 
-0.0016541737039693979 -9.054027305365056E-4 -0.6043122294695529 
-1.154207207679799 6.115233526074902E-4 -1.155006553660164 
-1.0692591278092536 -1.0294237286509058 -1.1089458452389103 
-1.1016916359058408 -0.6353194401228243 -1.0937926315628297 
-1.059673992410376 -0.9578673935639993 -1.0883930229065533 
-1.9179858578393912E-4 0.00338627438415861 -0.7236903152873833 
-1.053242132668386 -0.9468725800103679 -1.0808965222297215 
4.601532717377283E-6 -8.169621965041228E-4 -0.48242523020386185 
