-18.518935711075372 -1.6241499760297191 
-17.958089954919874 -3.871330239657136 
-15.38205446295402 -8.621708989201933 
-14.921812742479418 -10.523152148564137 
-18.43963867580591 -1.9888959353848261 
-18.634454506148256 -1.1460456027434978 
-19.99975423062405 7.506288639330351E-4 
-14.802524468549995 -10.947697719360615 
-16.585199379212035 -5.4151088214065854 
-14.479926050666332 -11.615011913048793 
-17.987887437847654 -3.8437412869848404 
-14.523901337067898 -11.580344941047251 
-15.340436880126205 -8.787408550436453 
-18.003585317083363 -3.8199434371187464 
-18.312207508418346 -2.61154139162228 
-19.99975423062405 7.506288639330351E-4 
-19.99975423062405 7.506288639330351E-4 
-17.954683931701886 -3.872875705387578 
-16.587096468084887 -5.407044849859061 
-19.99975423062405 7.506288639330351E-4 
-15.217848110550918 -9.297370584993843 
-16.12583809407907 -7.360518972506583 
-18.47557629556754 -1.820424514254966 
-18.045709940135247 -3.72823091190193 
-18.398398819823214 -2.187280859517256 
-15.031310090442012 -10.085870199602747 
-16.28438907667874 -6.796876727512178 
-18.7576956157912 -0.7182394715724689 
-18.226386521208333 -3.0279274851448146 
-16.216307861242573 -7.061897117873778 
-15.938714921228511 -7.72682106449676 
-15.382228365589256 -8.62098533640206 
-14.70030730291235 -11.251294464376386 
-18.634454506148256 -1.1460456027434978 
-14.89503331226506 -10.623490470046743 
-17.980502445162237 -3.8528234545605993 
-16.23952508694209 -6.97532519666245 
-17.951102365688293 -3.8741864335320004 
-18.669576309418858 -1.0151715663797813 
-18.17231613062 -3.2733280375197573 
-18.312207508418346 -2.61154139162228 
-14.675167298154115 -11.313903211740172 
-14.956999886824669 -10.385521007936717 
-14.518830990370162 -11.585715170969916 
-14.479926050666332 -11.615011913048793 
-16.093864918881387 -7.4500381031922025 
-16.509592795931916 -5.784270137814729 
-16.66918557127468 -5.0018549610007135 
-16.06247690496046 -7.5278604253229044 
-16.53473774143196 -5.663232200870981 
-16.14104335463527 -7.3152083466368705 
-18.020623792538203 -3.787419423894854 
-16.037708136273288 -7.582323104680206 
-18.082184707537486 -3.620713273416284 
-19.99975423062405 7.506288639330351E-4 
-14.628949053212557 -11.417735174355721 
-14.993409087972468 -10.24076445754297 
-18.202436669854777 -3.1389891202016393 
-14.766171454826619 -11.064090137188007 
-15.332440420958626 -8.819609779226422 
-16.34623851710223 -6.539652267842192 
-18.14141453050125 -3.4030588920588496 
-18.113798274763127 -3.510275664318319 
-15.94037583130031 -7.725179145274836 
-16.596622539423098 -5.358624598892677 
-16.009784727220243 -7.635287484058223 
-14.880805923045907 -10.676676505124124 
-16.479695559914546 -5.92843681070404 
-16.32246743073324 -6.641729653158118 
-15.986928709213139 -7.671555996442716 
-18.059037941779827 -3.6916643524412875 
-14.622121321615422 -11.43138696041663 
-14.83994939219727 -10.82222606439245 
-15.134000247385822 -9.654067235706012 
-16.410282370135988 -6.253220879385863 
-14.581357674008693 -11.504477105443234 
-18.575550780426624 -1.3810870645513746 
-15.296790549826245 -8.965793802679183 
-14.731158237600996 -11.16729133302953 
-17.96961819028379 -3.863524746900042 
-14.552766994674812 -11.54671250866071 
-16.45615535356088 -6.038097709825968 
-16.18189521030083 -7.182643700948809 
-18.356552841825508 -2.3923461150480243 
-15.098854678341327 -9.803367105776225 
-18.260995265108477 -2.8625201620782383 
-16.374913144190728 -6.413140690260905 
-16.279996615153454 -6.8174267764847665 
-15.067084989232363 -9.93687871940048 
-15.966439679094744 -7.699303860104948 
-15.249998505633293 -9.1611288957148 
-15.169768767932533 -9.500601027397275 
