-1.7375659958635404E-9 -8.111618903817629E-7 -0.8014674302906405 
7.911905750587391E-10 -4.847069285678792E-7 -1.141979777643381 
-1.073324970441415 -0.7586670422089337 -1.0690879845613988 
-1.0873537700947413 -0.9804284007903861 -1.0885508446145167 
-1.7375659958635404E-9 -8.093554892148694E-7 -0.8482270221348386 
4.562003219732763E-7 -1.283309441102215E-6 -0.7341212016731793 
7.911905750587391E-10 -4.847069285678792E-7 1.224005189074851E-4 
-1.1025668561629887 -1.022809515162418 -1.1046034999814398 
-0.9186925835778346 -2.5589474592727968E-6 -0.9535840828114404 
-1.1478855239715797 -1.1370474398542496 -1.1454499478359206 
8.438505514054976E-10 -2.6843962631982906E-6 -1.1232904841447406 
-1.1357262368882495 -1.1257575889827154 -1.1372942699106658 
-1.0734249504941766 -0.7819659216597055 -1.0688493547356919 
4.825933312860638E-7 -8.116215840135388E-7 -1.1134762555772015 
-1.7375659958635404E-9 2.017459198544964E-6 -0.9242969458356903 
7.911905750587391E-10 -4.847069285678792E-7 1.224005189074851E-4 
7.911905750587391E-10 -4.847069285678792E-7 1.224005189074851E-4 
8.438505514054976E-10 -2.684487560921117E-6 -1.144117445390946 
-0.9392784585298111 -2.723459272763704E-6 -0.9317963571737753 
7.911905750587391E-10 -4.847069285678792E-7 1.224005189074851E-4 
-1.0698793371535695 -0.8503517989323804 -1.069020178571488 
-1.0793778679579875 -1.0155224836202648E-6 -1.0737181076472107 
-1.683697282343854E-9 -2.97637695258175E-6 -0.8269787010979263 
7.911905750587391E-10 -7.892765524208198E-7 -1.0872293705625755 
7.467044432844044E-10 -7.892791093094141E-7 -0.8727191702130573 
-1.0748346197157466 -0.9378022074968534 -1.0789209389228964 
-1.0377364071300104 4.9599132517890955E-6 -1.0175374927429752 
7.911905750587391E-10 -7.892791093094141E-7 -0.6632604998062838 
7.911905750587391E-10 1.8797352500412064E-6 -0.9761888977043263 
-1.0511744461651338 1.8995875307890788E-6 -1.0459757007265345 
-1.1380460204140959 2.399165235323599E-6 -1.1317681820348269 
-1.0734249504941766 -0.7586670422089337 -1.0688493547356919 
-1.1146809689944897 -1.063008038532635 -1.111991415996581 
4.562003219732763E-7 -1.283309441102215E-6 -0.7341212016731793 
-1.086862806592424 -0.9909207530240514 -1.0942744218368925 
2.596300071496683E-9 -8.276690439949625E-7 -1.1279175651883648 
-1.0373507083450397 2.0218261911493002E-6 -1.0454944342938046 
-4.416109594454078E-9 -8.187038848713033E-7 -1.146371528260547 
7.911905750587391E-10 -7.907431644405422E-7 -0.7138249477837285 
9.87020937710962E-8 -8.467404143970685E-7 -1.0091626177684874 
-1.7375659958635404E-9 2.017459198544964E-6 -0.9242969458356903 
-1.1146809689944897 -1.0753156901610605 -1.1120839461672152 
-1.0860376126371285 -0.9635113414972283 -1.0885148756000467 
-1.1402527125247268 -1.1259523495214747 -1.1372942699106658 
-1.1478855239715797 -1.1370474398542496 -1.1454499478359206 
-1.0859327703328896 -1.3091982021900318E-6 -1.0870086387880507 
-0.9497092017568723 -8.280604892157108E-7 -0.9682147210710568 
-0.9049044338882202 2.017459198544964E-6 -0.9168069890176496 
-1.0944956987320393 -1.314212166357218E-6 -1.097968391476713 
-0.949104800984558 -2.6912850967128952E-6 -0.9535840828114404 
-1.0729724047939773 -7.834465875071751E-7 -1.0706975416763267 
4.857450770485403E-7 4.67222697099722E-6 -1.1028386159434693 
-1.1043187701204409 2.166704397660915E-6 -1.1035769133607924 
-8.239364634055984E-9 1.947742507798018E-6 -1.0646119521176294 
7.911905750587391E-10 -4.847069285678792E-7 1.224005189074851E-4 
-1.1202007335696929 -1.088831104193889 -1.1242993581012033 
-1.0773134808897364 -0.9553550888039376 -1.0792089818146857 
8.438505514054976E-10 -2.69258668221613E-6 -0.9907658573576105 
-1.1028054262117664 -1.0403260619182986 -1.105280094307895 
-1.071652581855894 -0.78373030174576 -1.0745016664431983 
-1.0102856286274338 -8.627218964649324E-7 -1.0070595197076395 
-1.7375659958635404E-9 -8.111618903817629E-7 -1.0281047678118957 
-1.7375659958635404E-9 -2.69258668221613E-6 -1.045091630963749 
-1.1380460204140959 2.399165235323599E-6 -1.1307268840342724 
-0.9118336754844273 -2.692873881131398E-6 -0.9535840828114404 
-1.1139698291026894 3.2614927372073776E-6 -1.1113524412303313 
-1.0897961761078057 -0.9992667645780601 -1.089045741098474 
-0.9678175123116011 -7.834465875071751E-7 -0.9682147210710568 
-1.0143604602875294 4.67222697099722E-6 -1.0175374927429752 
-1.122509903164257 -1.3091982021900318E-6 -1.1170999689888974 
-1.7375659958635404E-9 2.1417018935104036E-6 -1.0789518707916053 
-1.1267014806918108 -1.088831104193889 -1.1242993581012033 
-1.095404687894651 -1.0150460232291132 -1.091726295588134 
-1.071652581855894 -0.8897073335161603 -1.0745016664431983 
-0.9914799149115574 -2.763764145244085E-6 -0.9867628116439353 
-1.1279260597197718 -1.1036853278526286 -1.1331300859673055 
-1.7375659958635404E-9 -8.111618903817629E-7 -0.7683484093530332 
-1.0734249504941766 -0.8058909072803859 -1.0688493547356919 
-1.1069517924040195 -1.0533832300626604 -1.1091043514409775 
4.5660358627375463E-7 -1.2680954147522572E-6 -1.134740844837548 
-1.1359244411377334 -1.113998514875717 -1.1324046895660804 
-0.9632749142290555 -2.8734592280966473E-6 -0.9870802274404828 
-1.0556474854051685 -7.93169866972157E-6 -1.0627473938149548 
4.854418203401347E-7 4.67222697099722E-6 -0.8976898309392694 
-1.0725725269053765 -0.9079951055093668 -1.0732729399615628 
-1.7375659958635404E-9 -2.69258668221613E-6 -0.95519684347938 
-0.9965522550050315 -8.293015558657859E-7 -1.0032679622132878 
-1.0268485031323105 2.24165573162244E-6 -1.0311036111002236 
-1.072585688871839 -0.9242058666769347 -1.073274140873812 
-1.1267585766365877 -1.3091982021900318E-6 -1.125674224621912 
-1.0682732440001266 -0.8316688199218826 -1.0731493623442732 
-1.0712100277776573 -0.8694131759364309 -1.0776738618858073 
