0.4211815189339757 7.620068707605582 
0.544544314550159 3.8585759679646308 
0.6292085659578182 2.125774520471354 
0.3994617443927512 8.525073526124421 
0.7791418514895613 1.2857415312070795 
0.46790201577882995 5.972492669423723 
0.6667645005779534 1.4997799059985903 
0.6981268578023878 1.4324044245309167 
0.8815457811162363 1.1343944956128116 
0.3896312397013313 8.979061807558798 
0.7250253749730817 1.3792623658596652 
0.5274058746705783 4.273362363080888 
0.6851799998225863 1.45947115957925 
0.4158882170453393 7.834543896320412 
0.44656060783449386 6.7015947273276915 
0.6349540347692589 2.025043177379155 
0.6187623479842015 2.313046930979694 
0.6590031054291072 1.6222961319831473 
0.7701369839640109 1.298470882042864 
0.6561399521056103 1.6694072424362056 
0.5563179515730434 3.5868997573502677 
0.8008836510847518 1.2512934219658545 
0.5619450423872911 3.4595710808940234 
0.5749518164103881 3.1755485342884215 
0.6100167196791421 2.4761721662724367 
0.516361520248216 4.556590265453591 
0.520885908656992 4.438724074323264 
0.3904300738601414 8.930392085076052 
0.6100167196791421 2.4761721662724367 
0.6292085659578182 2.125774520471354 
0.6292085659578182 2.125774520471354 
0.6349540347692589 2.025043177379155 
0.6187623479842015 2.313046930979694 
0.4976879811919688 5.065497855347024 
0.6490657283690243 1.7860308499706619 
0.5825442874854081 3.0165830210891555 
0.6187623479842015 2.313046930979694 
0.5619450423872911 3.4595710808940234 
0.4316642993902741 7.2193492264564 
0.4071411267166405 8.194290344647252 
0.403032396614228 8.37411080986539 
0.48694192533316394 5.375437967107565 
0.544544314550159 3.8585759679646308 
0.6058062267603147 2.55519250800955 
0.5756264158933208 3.160724864748263 
0.48694192533316394 5.375437967107565 
0.5923263690505216 2.824399396319079 
0.4481093036355202 6.626732695468976 
0.4158882170453393 7.834543896320412 
0.4413081449828518 6.8732092993536895 
0.40863533322293216 8.133048606938925 
0.5825442874854081 3.0165830210891555 
0.5402860644186724 3.9592484584253653 
0.3955464165310383 8.70138490821679 
0.4797026874404815 5.592630971457691 
0.4944520871759662 5.157655487128993 
0.5642129562369894 3.407737485209032 
0.5642129562369894 3.407737485209032 
0.6561399521056103 1.6694072424362056 
0.4343642501007899 7.1200552157693355 
0.6026607992580789 2.617638809965507 
0.5509021873670795 3.707351982702014 
0.6026607992580789 2.617638809965507 
0.6474420262216908 1.8131254198995226 
0.5947221306715174 2.771253621877379 
0.504111934583573 4.8859517769505185 
0.504111934583573 4.8859517769505185 
0.4733029600905434 5.791514590775932 
0.4797026874404815 5.592630971457691 
0.5105806117508048 4.710565086389564 
0.4733029600905434 5.791514590775932 
0.4836538437737073 5.4759899728281205 
0.46669958405432344 5.9999103756821 
0.4413081449828518 6.8732092993536895 
0.4241534708043175 7.504259290121548 
0.6474420262216908 1.8131254198995226 
0.45486716015276085 6.390369117528501 
0.45486716015276085 6.390369117528501 
0.3914989811625331 8.881754090245185 
0.5509021873670795 3.707351982702014 
0.44922956906757006 6.58368045429875 
0.533053573600568 4.13413451658255 
0.533053573600568 4.13413451658255 
0.5103229356135193 4.717619142653515 
0.4276177160497847 7.372941944310501 
0.5275057402009136 4.270778161676655 
0.46320911292409445 6.112375193964639 
0.46320911292409445 6.112375193964639 
0.5274058746705783 4.273362363080888 
0.5402860644186724 3.9592484584253653 
0.520885908656992 4.438724074323264 
0.5749518164103881 3.1755485342884215 
0.4976879811919688 5.065497855347024 
