0.4211815189339757 2.209432112650576 
0.544544314550159 1.1011656056150156 
0.6292085659578182 0.337555537575449 
0.3994617443927512 2.4054407418221238 
0.7791418514895613 0.001775037161707238 
0.46790201577882995 1.7945413592476447 
0.6667645005779534 0.0 
0.6981268578023878 6.470520537392071E-15 
0.8815457811162363 2.0681728954752288E-5 
0.3896312397013313 2.498522983434011 
0.7250253749730817 2.1399366365373873E-7 
0.5274058746705783 1.253796414885005 
0.6851799998225863 4.4886158043558333E-7 
0.4158882170453393 2.2582944924041417 
0.44656060783449386 1.9926682148958932 
0.6349540347692589 0.2858093360588545 
0.6187623479842015 0.4312263500106468 
0.6590031054291072 0.06909818890252287 
0.7701369839640109 4.4886158043558333E-7 
0.6561399521056103 0.09536478809685078 
0.5563179515730434 0.9954567255069473 
0.8008836510847518 0.0021404443623465053 
0.5619450423872911 0.9440888176948385 
0.5749518164103881 0.8257873978884736 
0.6100167196791421 0.5105064222303072 
0.516361520248216 1.3528478766178387 
0.520885908656992 1.3120688227315387 
0.3904300738601414 2.4866936413762653 
0.6100167196791421 0.5105064222303072 
0.6292085659578182 0.337555537575449 
0.6292085659578182 0.337555537575449 
0.6349540347692589 0.2858093360588545 
0.6187623479842015 0.4312263500106468 
0.4976879811919688 1.5210374013599077 
0.6490657283690243 0.1592514145257552 
0.5825442874854081 0.7572932066609619 
0.6187623479842015 0.4312263500106468 
0.5619450423872911 0.9440888176948385 
0.4316642993902741 2.116335325892019 
0.4071411267166405 2.3362326035629706 
0.403032396614228 2.3750379492131626 
0.48694192533316394 1.6175261132123466 
0.544544314550159 1.1011656056150156 
0.6058062267603147 0.5479515319234907 
0.5756264158933208 0.8193967255199435 
0.48694192533316394 1.6175261132123466 
0.5923263690505216 0.6729662391701653 
0.4481093036355202 1.9695005735453368 
0.4158882170453393 2.2582944924041417 
0.4413081449828518 2.0332032459766634 
0.40863533322293216 2.3234510276147917 
0.5825442874854081 0.7572932066609619 
0.5402860644186724 1.1391267676583365 
0.3955464165310383 2.441801619302409 
0.4797026874404815 1.6828001068711251 
0.4944520871759662 1.5502135205455057 
0.5642129562369894 0.9226896406093921 
0.5642129562369894 0.9226896406093921 
0.6561399521056103 0.09536478809685078 
0.4343642501007899 2.092697444473865 
0.6026607992580789 0.577548297382779 
0.5509021873670795 1.0423883166102188 
0.6026607992580789 0.577548297382779 
0.6474420262216908 0.1738935956538008 
0.5947221306715174 0.6481258586340742 
0.504111934583573 1.4630666025605719 
0.504111934583573 1.4630666025605719 
0.4733029600905434 1.7411409992218205 
0.4797026874404815 1.6828001068711251 
0.5105806117508048 1.4051232035007664 
0.4733029600905434 1.7411409992218205 
0.4836538437737073 1.6484835988245992 
0.46669958405432344 1.8001556766940554 
0.4413081449828518 2.0332032459766634 
0.4241534708043175 2.1829576237205983 
0.6474420262216908 0.1738935956538008 
0.45486716015276085 1.906769052818094 
0.45486716015276085 1.906769052818094 
0.3914989811625331 2.4771976772671507 
0.5509021873670795 1.0423883166102188 
0.44922956906757006 1.957583933363211 
0.533053573600568 1.203715177809785 
0.533053573600568 1.203715177809785 
0.5103229356135193 1.4075092499854756 
0.4276177160497847 2.152800594793715 
0.5275057402009136 1.2528599954091408 
0.46320911292409445 1.8313078914556002 
0.46320911292409445 1.8313078914556002 
0.5274058746705783 1.253796414885005 
0.5402860644186724 1.1391267676583365 
0.520885908656992 1.3120688227315387 
0.5749518164103881 0.8257873978884736 
0.4976879811919688 1.5210374013599077 
