0.4512603784508519 -0.12257849934812425 
0.06754935713300482 0.6826321842954782 
0.6370982895563849 -0.38355404736237064 
0.6519218131287354 -0.4580342374332686 
0.0414323322754018 0.7566303069001682 
0.2439531725560205 0.26666045072842476 
0.21031907571177147 0.474516849514262 
0.6464126964483472 -0.44619712452678273 
0.05356281695492626 0.7154292158152017 
0.20791692033282058 0.492954778285138 
0.23777983569348177 0.2920333548047387 
0.2476026029810851 0.25559813088286415 
0.6510899077246298 -0.45751581599032876 
0.6449228679730441 -0.43970160441154094 
0.6476537440198501 -0.4505721751727118 
0.4531253796597566 -0.12400064674832191 
0.43810447437537264 -0.06968359021619965 
0.004742637853733689 0.9305182539640952 
0.42403408147941507 0.05830850622525465 
0.21575167472202977 0.433191514583742 
0.03960856795013999 0.7636027909219064 
0.20441293998625926 0.5197263042685809 
0.42845515614448776 0.011514605499817067 
0.4363763349174848 -0.05753677723986621 
0.6488461312542998 -0.45386492954816066 
0.4464295670850148 -0.11169877639686451 
0.627837281629067 -0.27396409055752097 
0.6518106303426577 -0.4580205231805757 
0.03578544994442781 0.7786905673705259 
0.44028369818039603 -0.08335050424942118 
0.6318157837614375 -0.326289709886096 
0.43280614321136684 -0.028969143740139397 
0.22930636874047772 0.33876746322517076 
0.444976412829509 -0.10642975887846207 
0.22582346123356262 0.36114264659381345 
0.1987226183985922 0.5623108205752145 
0.2337493475798501 0.3127231236399324 
0.031899871841593236 0.7946460154754985 
0.04702983471188134 0.736389443703542 
0.6336893457016259 -0.34826750718772836 
0.25428771955440466 0.24384148683750478 
0.22074976824789694 0.3963651022145364 
0.07935953052548281 0.6704860516050569 
0.42586649658064846 0.038263253069320574 
0.6356755372523532 -0.36958282309077845 
0.21681763320945693 0.4251711283544061 
0.045637811550279406 0.7412960657555009 
0.22400459094747924 0.37346483436875455 
0.4196238896870803 0.10968595618096207 
0.24207305540650584 0.2734926874902119 
0.0721792637307159 0.6761680702766992 
0.0778942603335243 0.6711839559878324 
0.4528975654690658 -0.12392676956708046 
0.2495513413459889 0.25102558418481447 
0.05724784841805264 0.7050739593141202 
0.2526360611877181 0.24573609078131925 
0.25694598535932145 0.24237787895105284 
0.4492067831005636 -0.11921155534957129 
0.4212756965894054 0.08998816713338012 
0.6292672892655927 -0.29363298814511885 
0.23525957384055152 0.3045643222872555 
0.2511237280862488 0.24803793349789865 
0.001795666235954372 0.9576442703640861 
0.43449043378162217 -0.043013708069062045 
0.20203920846190201 0.5377164733475859 
0.2565051891292079 0.2424737547645368 
0.6436553389601886 -0.4331126203412566 
0.4479680433009461 -0.1162621949541788 
0.2465031989492606 0.25861382444177344 
0.6388871084769733 -0.39954895996346845 
0.07530573924905049 0.6730373421855351 
0.05988437886798409 0.6983884928798678 
0.4306211849825359 -0.00939449480881747 
0.05053495362498012 0.7247886801399119 
0.4505370877301939 -0.1216122895640651 
0.06543514173706266 0.6864601149710277 
0.24000751125601405 0.281921256792104 
0.21362543580741977 0.44927378494774184 
0.2300364575040701 0.3342877389032717 
0.6488461312542998 -0.45386492954816066 
0.02860645260320263 0.8086415929694666 
0.022358885687362218 0.836167189058482 
0.4519870177968749 -0.12330884894318857 
0.014442736908629052 0.8735695466361902 
0.25490271587654356 0.24335710540227143 
0.44172460546150927 -0.09141694172135556 
0.019151272790154605 0.8509261667099993 
0.6500079343754088 -0.45614662336393386 
0.06336716093317166 0.6905384226378753 
0.025287196414104207 0.8230532296231047 
0.011333320599878238 0.8897232606966964 
0.07060785105057339 0.6780794349872827 
0.640516637514836 -0.4125013200089929 
0.08019816625863851 0.67018393863441 
0.007639499378159527 0.9109044494710474 
0.07617499056097457 0.6723434648639615 
0.0808647665995532 0.6700054206202374 
0.4432506236286068 -0.09900333228349202 
0.6416609004893383 -0.4207291965661226 
0.2558656827798186 0.2427566591298293 
