0.40620642488088926 8.239474529039008 
0.42226306366740307 7.57811963724946 
0.6354148842505498 2.0192643978864195 
0.5387100025616065 3.9987591684376103 
0.4152452734253359 7.857994544430537 
0.5577219055741165 3.563089375257717 
0.5277646064409341 4.2655022791916375 
0.4801003082450801 5.5872573362764895 
0.6667552395647461 1.499822969358993 
0.4152452734253359 7.857994544430537 
0.46329211094563594 6.111368204707983 
0.42562890789259267 7.446724512477796 
0.5054468996258779 4.850188832305387 
0.43759052956971267 6.999867807834989 
0.5342518014070196 4.104388413120508 
0.6119503891451049 2.4394169559217738 
0.38926582075002275 8.98361971465907 
0.5169362245879109 4.541742711701977 
0.5416616707013127 3.9245039010613754 
0.658421759063116 1.6328800665271315 
0.6667552395647461 1.499822969358993 
0.4595959074532514 6.23336881511189 
0.4475400714781008 6.650382082546443 
0.46748199623792214 5.975045238809362 
0.6388569360788722 1.9571818875534446 
0.5302628892680875 4.201740311572007 
0.5517125176216512 3.689639451695906 
0.5505755133981597 3.7147378182441795 
0.5966923586175359 2.733433066725958 
0.6388569360788722 1.9571818875534446 
0.49666934041272065 5.095635316332004 
0.4766862371398989 5.685448885496295 
0.5169362245879109 4.541742711701977 
0.6119503891451049 2.4394169559217738 
0.45145262741905257 6.509772224488874 
0.6667552395647461 1.499822969358993 
0.6020377156987795 2.627230119815387 
0.4152452734253359 7.857994544430537 
0.4679449790018852 5.959570684197743 
0.48975767152196753 5.29298432295272 
0.5714248071740262 3.2515592362229317 
0.5125788287145828 4.657539802810242 
0.6490912317028152 1.7889256439194903 
0.5832276073420836 3.0052383572330674 
0.4008549974196754 8.462837919743432 
0.6020377156987795 2.627230119815387 
0.6533031859474092 1.721285996786823 
0.38926582075002275 8.98361971465907 
0.38926582075002275 8.98361971465907 
0.4766862371398989 5.685448885496295 
0.39391554360223535 8.776626918184883 
0.42226306366740307 7.57811963724946 
0.5625333763522407 3.4438865802276246 
0.6259231339644995 2.184174219093928 
0.5714248071740262 3.2515592362229317 
0.5238766996858143 4.365559752842785 
0.47947058550644106 5.602982344179112 
0.44221676164000556 6.830295007072697 
0.42562890789259267 7.446724512477796 
0.4515296737326513 6.5086614360259185 
0.5714248071740262 3.2515592362229317 
0.4358295768281621 7.066071311048827 
0.6178005784907594 2.3326431226891806 
0.6259231339644995 2.184174219093928 
0.4014302525389172 8.438542114338363 
0.5054468996258779 4.850188832305387 
0.42560374878433216 7.448922246505242 
0.4978560982281867 5.06176412474792 
0.4094002449749949 8.099200996625887 
0.615776766582868 2.370565201311393 
0.5505755133981597 3.7147378182441795 
0.48132873094675427 5.560584971778103 
0.5910225591467188 2.8492611309149405 
0.4679449790018852 5.959570684197743 
0.48975767152196753 5.29298432295272 
0.4595959074532514 6.23336881511189 
0.5073220010830921 4.798565266810181 
0.6617914330494388 1.5774817560812262 
0.6352204408510739 2.0198825024194536 
0.48975767152196753 5.29298432295272 
0.5788384208807752 3.0937370023396573 
0.5910225591467188 2.8492611309149405 
0.4094002449749949 8.099200996625887 
0.5238766996858143 4.365559752842785 
0.5966923586175359 2.733433066725958 
0.46329211094563594 6.111368204707983 
0.4475400714781008 6.650382082546443 
0.5788384208807752 3.0937370023396573 
0.5416616707013127 3.9245039010613754 
0.3922027667332739 8.848026410061959 
0.4358295768281621 7.066071311048827 
0.5125788287145828 4.657539802810242 
0.6490912317028152 1.7889256439194903 
0.4978560982281867 5.06176412474792 
0.5342518014070196 4.104388413120508 
0.44221676164000556 6.830295007072697 
