0.40620642488088926 2.346927491338084 
0.42226306366740307 2.1999600148630662 
0.6354148842505498 0.28307065365425566 
0.5387100025616065 1.1541715618722725 
0.4152452734253359 2.262995093176856 
0.5577219055741165 0.9872129960996224 
0.5277646064409341 1.2511811316504824 
0.4801003082450801 1.6824439693909279 
0.6667552395647461 1.4823239664452093E-5 
0.4152452734253359 2.262995093176856 
0.46329211094563594 1.8313486763252027 
0.42562890789259267 2.1695412216229237 
0.5054468996258779 1.451512907888815 
0.43759052956971267 2.0630758609484965 
0.5342518014070196 1.1927769033837294 
0.6119503891451049 0.4928021554634967 
0.38926582075002275 2.4970161015328483 
0.5169362245879109 1.3477913304368805 
0.5416616707013127 1.1257533397227237 
0.658421759063116 0.07512376574189183 
0.6667552395647461 1.4823239664452093E-5 
0.4595959074532514 1.8648307970721472 
0.4475400714781008 1.9763124725795163 
0.46748199623792214 1.7932260758504925 
0.6388569360788722 0.2503592240314575 
0.5302628892680875 1.2280269575683669 
0.5517125176216512 1.035620271011317 
0.5505755133981597 1.0452436814193486 
0.5966923586175359 0.631018623707876 
0.6388569360788722 0.2503592240314575 
0.49666934041272065 1.530845831546381 
0.4766862371398989 1.7101752356784607 
0.5169362245879109 1.3477913304368805 
0.6119503891451049 0.4928021554634967 
0.45145262741905257 1.9388537746450722 
0.6667552395647461 1.4823239664452093E-5 
0.6020377156987795 0.5816916199486865 
0.4152452734253359 2.262995093176856 
0.4679449790018852 1.7887511786771637 
0.48975767152196753 1.592279677411602 
0.5714248071740262 0.8580216095736128 
0.5125788287145828 1.3873562968160231 
0.6490912317028152 0.16117594963645382 
0.5832276073420836 0.7527379765816958 
0.4008549974196754 2.3923708724818846 
0.6020377156987795 0.5816916199486865 
0.6533031859474092 0.12452162562749337 
0.38926582075002275 2.4970161015328483 
0.38926582075002275 2.4970161015328483 
0.4766862371398989 1.7101752356784607 
0.39391554360223535 2.4572497634708097 
0.42226306366740307 2.1999600148630662 
0.5625333763522407 0.9373011457496175 
0.6259231339644995 0.36712517233973463 
0.5714248071740262 0.8580216095736128 
0.5238766996858143 1.287015035600497 
0.47947058550644106 1.6864652251458105 
0.44221676164000556 2.020470939073587 
0.42562890789259267 2.1695412216229237 
0.4515296737326513 1.9388537746450722 
0.5714248071740262 0.8580216095736128 
0.4358295768281621 2.0796028693320268 
0.6178005784907594 0.44110827060986735 
0.6259231339644995 0.36712517233973463 
0.4014302525389172 2.3874860920191368 
0.5054468996258779 1.451512907888815 
0.42560374878433216 2.17028923251564 
0.4978560982281867 1.5200301372984117 
0.4094002449749949 2.3158148721203613 
0.615776766582868 0.4597389746373949 
0.5505755133981597 1.0452436814193486 
0.48132873094675427 1.6764693077875474 
0.5910225591467188 0.6839776052706221 
0.4679449790018852 1.7887511786771637 
0.48975767152196753 1.592279677411602 
0.4595959074532514 1.8648307970721472 
0.5073220010830921 1.434417733485963 
0.6617914330494388 0.043963911966340086 
0.6352204408510739 0.28307065365425566 
0.48975767152196753 1.592279677411602 
0.5788384208807752 0.7907738410547103 
0.5910225591467188 0.6839776052706221 
0.4094002449749949 2.3158148721203613 
0.5238766996858143 1.287015035600497 
0.5966923586175359 0.631018623707876 
0.46329211094563594 1.8313486763252027 
0.4475400714781008 1.9763124725795163 
0.5788384208807752 0.7907738410547103 
0.5416616707013127 1.1257533397227237 
0.3922027667332739 2.4702204381553776 
0.4358295768281621 2.0796028693320268 
0.5125788287145828 1.3873562968160231 
0.6490912317028152 0.16117594963645382 
0.4978560982281867 1.5200301372984117 
0.5342518014070196 1.1927769033837294 
0.44221676164000556 2.020470939073587 
