0.7359745446371846 1.3588062085114838 
0.5468849961865487 3.8063119858920906 
0.5020398563285977 4.943700807574413 
0.5968210139914335 2.728848850520257 
0.642737307675401 1.8936915731797082 
0.6661649161713041 1.5093892550001722 
0.5493879971347893 3.742154782010525 
0.642737307675401 1.8936915731797082 
0.6250618548685718 2.2021459836340656 
0.5527319433832394 3.664398612513759 
0.6671216840020825 1.4989942309118944 
0.6250618548685718 2.2021459836340656 
0.7201949373887385 1.3885646460033312 
0.5809161103281482 3.0546568415648534 
0.4894859366620301 5.305187035088638 
0.40991711041011325 8.076658348231703 
0.39762810229220064 8.607583392896833 
0.4697441195117646 5.906016067197437 
0.456473255894528 6.3352922885457605 
0.3995389433367826 8.521305812958355 
0.49476617125705113 5.148195612022015 
0.5576708258281023 3.552231190616497 
0.49476617125705113 5.148195612022015 
0.6032919808418885 2.60401064410966 
0.6639001428244558 1.543844546547799 
0.5197962120585627 4.469810709655953 
0.5911430626048083 2.8428346459229936 
0.4193704071923978 7.692579619300872 
0.46426335242000955 6.07884029324294 
0.5968210139914335 2.728848850520257 
0.6143910469430901 2.3937225652194054 
0.642737307675401 1.8936915731797082 
0.42755640822317403 7.37261587384731 
0.4395889690859495 6.924310237867901 
0.5731867437596894 3.212575565165776 
0.46171931834542945 6.161079513516537 
0.4543545924883868 6.410850713356671 
0.6250618548685718 2.2021459836340656 
0.4682441949195542 5.952347740016565 
0.42163171481155465 7.612933198492631 
0.40991711041011325 8.076658348231703 
0.636257023531536 2.0033571594618405 
0.4441411783611653 6.761237073417658 
0.4441411783611653 6.761237073417658 
0.48109273112283824 5.556880558981377 
0.6531852210121039 1.7170444183893372 
0.3890826280912719 8.991766974506673 
0.6143910469430901 2.3937225652194054 
0.5085473986643271 4.76520714196332 
0.5911430626048083 2.8428346459229936 
0.6671216840020825 1.4989942309118944 
0.6566556067017579 1.6610514734579103 
0.5197962120585627 4.469810709655953 
0.5911430626048083 2.8428346459229936 
0.5402599518813912 3.9607944621840985 
0.6029904228633358 2.608976213402624 
0.4697441195117646 5.906016067197437 
0.5197962120585627 4.469810709655953 
0.5337482401118013 4.115294886868821 
0.5679636791942483 3.324982879734036 
0.5384454627339041 4.000603502385581 
0.5679636791942483 3.324982879734036 
0.5968210139914335 2.728848850520257 
0.47708158754235835 5.676743797888423 
0.4892694845555701 5.30733343203386 
0.42755640822317403 7.37261587384731 
0.6639001428244558 1.543844546547799 
0.52643612406165 4.297827098735637 
0.39751067383846317 8.610126155330063 
0.4892694845555701 5.30733343203386 
0.5731867437596894 3.212575565165776 
0.5321776840254206 4.153743872473429 
0.4159356200163191 7.831138194823202 
0.3895979810236253 8.96830619834248 
0.6531852210121039 1.7170444183893372 
0.5020398563285977 4.943700807574413 
0.4304583362121799 7.2635564884996615 
0.6143815228828802 2.3937596723865124 
0.5801647419243966 3.0662003231050616 
0.4441411783611653 6.761237073417658 
0.5020398563285977 4.943700807574413 
0.48221794237100474 5.522436600555002 
0.4350256538874547 7.092095691217059 
0.5801647419243966 3.0662003231050616 
0.4370208393952408 7.018632110531193 
0.6368993859851174 1.9925537776201498 
0.6284761953897723 2.1384785663281303 
0.5121305373339458 4.669828682265203 
0.47713827133781983 5.674707082009261 
0.4543545924883868 6.410850713356671 
0.5527319433832394 3.664398612513759 
0.456473255894528 6.3352922885457605 
0.5610280109362831 3.477743852635215 
0.52643612406165 4.297827098735637 
0.40625302437003874 8.23091229671028 
0.5576708258281023 3.552231190616497 
0.5085473986643271 4.76520714196332 
0.5384454627339041 4.000603502385581 
0.5121305373339458 4.669828682265203 
