0.7359745446371846 4.67805594187385E-5 
0.5468849961865487 1.0816149158894106 
0.5020398563285977 1.481934843166231 
0.5968210139914335 0.6286343379968574 
0.642737307675401 0.21714622331312028 
0.6661649161713041 0.00550216652705691 
0.5493879971347893 1.0558949206571362 
0.642737307675401 0.21714622331312028 
0.6250618548685718 0.37647745322168447 
0.5527319433832394 1.025430166425576 
0.6671216840020825 1.1555635349472584E-5 
0.6250618548685718 0.37647745322168447 
0.7201949373887385 3.722828858497042E-5 
0.5809161103281482 0.774499370789121 
0.4894859366620301 1.5968144450376205 
0.40991711041011325 2.3107604518768583 
0.39762810229220064 2.4226170498394297 
0.4697441195117646 1.7743163173079948 
0.456473255894528 1.891891497995979 
0.3995389433367826 2.404593520358964 
0.49476617125705113 1.547153031842483 
0.5576708258281023 0.9809757016034453 
0.49476617125705113 1.547153031842483 
0.6032919808418885 0.5709787396182787 
0.6639001428244558 0.02495861495184093 
0.5197962120585627 1.323390675497961 
0.5911430626048083 0.6805219790699744 
0.4193704071923978 2.2260402473061474 
0.46426335242000955 1.822182773366801 
0.5968210139914335 0.6286343379968574 
0.6143910469430901 0.47068171293644984 
0.642737307675401 0.21714622331312028 
0.42755640822317403 2.1522091622313133 
0.4395889690859495 2.0438503990956365 
0.5731867437596894 0.8414057272793151 
0.46171931834542945 1.8446894332528454 
0.4543545924883868 1.9127994633710537 
0.6250618548685718 0.37647745322168447 
0.4682441949195542 1.7871522754052847 
0.42163171481155465 2.2098540792262615 
0.40991711041011325 2.3107604518768583 
0.636257023531536 0.27465006334978337 
0.4441411783611653 2.002943800966915 
0.4441411783611653 2.002943800966915 
0.48109273112283824 1.6733748446437549 
0.6531852210121039 0.12154803791323864 
0.3890826280912719 2.498540325625361 
0.6143910469430901 0.47068171293644984 
0.5085473986643271 1.4233336961421195 
0.5911430626048083 0.6805219790699744 
0.6671216840020825 1.1555635349472584E-5 
0.6566556067017579 0.09073876306635288 
0.5197962120585627 1.323390675497961 
0.5911430626048083 0.6805219790699744 
0.5402599518813912 1.1398586255516618 
0.6029904228633358 0.5731876701600329 
0.4697441195117646 1.7743163173079948 
0.5197962120585627 1.323390675497961 
0.5337482401118013 1.196531403407327 
0.5679636791942483 0.8884695096316301 
0.5384454627339041 1.1541068040568816 
0.5679636791942483 0.8884695096316301 
0.5968210139914335 0.6286343379968574 
0.47708158754235835 1.7082699431678456 
0.4892694845555701 1.5967162926557519 
0.42755640822317403 2.1522091622313133 
0.6639001428244558 0.02495861495184093 
0.52643612406165 1.2625314397455152 
0.39751067383846317 2.4226170498394297 
0.4892694845555701 1.5967162926557519 
0.5731867437596894 0.8414057272793151 
0.5321776840254206 1.2105297940876918 
0.4159356200163191 2.257249320497267 
0.3895979810236253 2.494033988075895 
0.6531852210121039 0.12154803791323864 
0.5020398563285977 1.481934843166231 
0.4304583362121799 2.126658441022748 
0.6143815228828802 0.47068171293644984 
0.5801647419243966 0.7789013191427496 
0.4441411783611653 2.002943800966915 
0.5020398563285977 1.481934843166231 
0.48221794237100474 1.6630180143939595 
0.4350256538874547 2.085243565504101 
0.5801647419243966 0.7789013191427496 
0.4370208393952408 2.0672884963507325 
0.6368993859851174 0.26905627750859973 
0.6284761953897723 0.3439828732884781 
0.5121305373339458 1.3915618723059504 
0.47713827133781983 1.7076199274583828 
0.4543545924883868 1.9127994633710537 
0.5527319433832394 1.025430166425576 
0.456473255894528 1.891891497995979 
0.5610280109362831 0.9511117161898206 
0.52643612406165 1.2625314397455152 
0.40625302437003874 2.343833013863093 
0.5576708258281023 0.9809757016034453 
0.5085473986643271 1.4233336961421195 
0.5384454627339041 1.1541068040568816 
0.5121305373339458 1.3915618723059504 
