-3.141394178566291 -4.999999901313561 -9.92819019041066E-4 
-3.14139417856377 -4.999999901313561 -9.92819019041066E-4 
-3.141394178566341 -4.999999901313561 -9.92819019041066E-4 
-3.140847359833344 -4.999998611773123 -0.0037263590495857763 
-3.140847359833344 -4.999998611773123 -0.0037263590495857763 
-3.140847359833344 -4.999998611773123 -0.0037263590495857763 
-3.140847359833344 -4.999998611773123 -0.0037263590495857763 
-3.140847359833344 -4.999998611773123 -0.0037263590495857763 
-3.140847359833344 -4.999998611773123 -0.0037263590495857763 
-3.140847359833344 -4.999998611773123 -0.0037263590495857763 
-3.140847359833344 -4.999998611773123 -0.0037263590495857763 
-3.140847359833344 -4.999998611773123 -0.0037263590495857763 
-3.140847359833344 -4.999998611773123 -0.0037263590495857763 
-3.140847359833344 -4.999998611773123 -0.0037263590495857763 
-3.140847359833344 -4.999998611773123 -0.0037263590495857763 
-3.1413941785655655 -4.999999901313561 -9.92819019041066E-4 
-3.141394178566291 -4.999999901313561 -9.92819019041066E-4 
-3.141394178565564 -4.999999901313561 -9.92819019041066E-4 
-3.141394178566291 -4.999999901313561 -9.92819019041066E-4 
-3.1413941792102693 -4.999999901313561 -9.92819019041066E-4 
-3.141394178566291 -4.999999901313561 -9.92819019041066E-4 
-3.141394178566291 -4.999999901313561 -9.92819019041066E-4 
-3.141394178472764 -4.999999901313561 -9.92819019041066E-4 
-3.14139417856377 -4.999999901313561 -9.92819019041066E-4 
-3.1413941785922073 -4.999999901313561 -9.92819019041066E-4 
-3.141394178566291 -4.999999901313561 -9.92819019041066E-4 
-3.141394178566291 -4.999999901313561 -9.92819019041066E-4 
-3.141394178566291 -4.999999901313561 -9.92819019041066E-4 
-3.1413941785655655 -4.999999901313561 -9.92819019041066E-4 
-3.141394178565604 -4.999999901313561 -9.92819019041066E-4 
-3.141394178566291 -4.999999901313561 -9.92819019041066E-4 
-3.141394178566291 -4.999999901313561 -9.92819019041066E-4 
-3.141394178566291 -4.999999901313561 -9.92819019041066E-4 
-3.141394178566291 -4.999999901313561 -9.92819019041066E-4 
-3.141394178566291 -4.999999901313561 -9.92819019041066E-4 
-3.1413941785655655 -4.999999901313561 -9.92819019041066E-4 
-3.1413941785720203 -4.999999901313561 -9.92819019041066E-4 
-3.141394179210078 -4.999999901313561 -9.92819019041066E-4 
-3.141394178566291 -4.999999901313561 -9.92819019041066E-4 
-3.141394178566291 -4.999999901313561 -9.92819019041066E-4 
-3.1413941792102693 -4.999999901313561 -9.92819019041066E-4 
-3.14139417920713 -4.999999901313561 -9.928190190417632E-4 
-3.141394178566291 -4.999999901313561 -9.92819019041066E-4 
-3.141394178566291 -4.999999901313561 -9.92819019041066E-4 
-3.141394178566291 -4.999999901313561 -9.92819019041066E-4 
-3.141394178566291 -4.999999901313561 -9.92819019041066E-4 
-3.14139417856377 -4.999999901313561 -9.92819019041066E-4 
-3.141394178566291 -4.999999901313561 -9.92819019041066E-4 
-3.141394178566291 -4.999999901313561 -9.92819019041066E-4 
-3.141394178566291 -4.999999901313561 -9.92819019041066E-4 
-3.140847359833344 -4.999998611773123 -0.0037263590495857763 
-3.140847359833344 -4.999998611773123 -0.0037263590495857763 
-3.140847359833344 -4.999998611773123 -0.0037263590495857763 
-3.140847359833344 -4.999998611773123 -0.0037263590495857763 
-3.140847359833344 -4.999998611773123 -0.0037263590495857763 
-3.140847359833344 -4.999998611773123 -0.0037263590495857763 
-3.140847359833344 -4.999998611773123 -0.0037263590495857763 
-3.140847359833344 -4.999998611773123 -0.0037263590495857763 
-3.140847359833344 -4.999998611773123 -0.0037263590495857763 
-3.140847359833344 -4.999998611773123 -0.0037263590495857763 
-3.140847359833344 -4.999998611773123 -0.0037263590495857763 
-3.140847359833344 -4.999998611773123 -0.0037263590495857763 
-3.140847359833344 -4.999998611773123 -0.0037263590495857763 
-3.140847359833344 -4.999998611773123 -0.0037263590495857763 
-3.140847359833344 -4.999998611773123 -0.0037263590495857763 
-3.140847359833344 -4.999998611773123 -0.0037263590495857763 
-3.140847359833344 -4.999998611773123 -0.0037263590495857763 
-3.140847359833344 -4.999998611773123 -0.0037263590495857763 
-3.140847359833344 -4.999998611773123 -0.0037263590495857763 
-3.140847359833344 -4.999998611773123 -0.0037263590495857763 
-3.140847359833344 -4.999998611773123 -0.0037263590495857763 
-3.140847359833344 -4.999998611773123 -0.0037263590495857763 
-3.140847359833344 -4.999998611773123 -0.0037263590495857763 
-3.140847359833344 -4.999998611773123 -0.0037263590495857763 
-3.140847359833344 -4.999998611773123 -0.0037263590495857763 
-3.140847359833344 -4.999998611773123 -0.0037263590495857763 
-3.140847359833344 -4.999998611773123 -0.0037263590495857763 
-3.140847359833344 -4.999998611773123 -0.0037263590495857763 
-3.140847359833344 -4.999998611773123 -0.0037263590495857763 
-3.140847359833344 -4.999998611773123 -0.0037263590495857763 
-3.140847359833344 -4.999998611773123 -0.0037263590495857763 
-3.140847359833344 -4.999998611773123 -0.0037263590495857763 
-3.140847359833344 -4.999998611773123 -0.0037263590495857763 
-3.140847359833344 -4.999998611773123 -0.0037263590495857763 
-3.140847359833344 -4.999998611773123 -0.0037263590495857763 
-3.140847359833344 -4.999998611773123 -0.0037263590495857763 
-3.140847359833344 -4.999998611773123 -0.0037263590495857763 
-3.140847359833344 -4.999998611773123 -0.0037263590495857763 
-3.140847359833344 -4.999998611773123 -0.0037263590495857763 
-3.140847359833344 -4.999998611773123 -0.0037263590495857763 
-3.140847359833344 -4.999998611773123 -0.0037263590495857763 
-3.140847359833344 -4.999998611773123 -0.0037263590495857763 
-3.140847359833344 -4.999998611773123 -0.0037263590495857763 
-3.140847359833344 -4.999998611773123 -0.0037263590495857763 
-3.140847359833344 -4.999998611773123 -0.0037263590495857763 
-3.140847359833344 -4.999998611773123 -0.0037263590495857763 
-3.140847359833344 -4.999998611773123 -0.0037263590495857763 
-3.140847359833344 -4.999998611773123 -0.0037263590495857763 
-3.140847359833344 -4.999998611773123 -0.0037263590495857763 
-3.140847359833344 -4.999998611773123 -0.0037263590495857763 
