0.5539627830001705 1.0153993648063873 
0.4977091317717491 1.5241403632273587 
0.5539627830001705 1.0153993648063873 
0.5239314471459339 1.2846553707753228 
0.6667169507537368 1.8176293358612705E-4 
0.5904404023902277 0.6882932016515171 
0.6665378835348177 0.001188096278197548 
0.5470530247515806 1.0777203029324924 
0.40591910736717385 2.347686641324127 
0.576040008749247 0.817245016178448 
0.48078179954340283 1.6741380406387643 
0.4258840482299514 2.1672096784659116 
0.3899408523438023 2.4935283758905094 
0.4902847755138877 1.592923750879896 
0.46868250586907234 1.7842951970282848 
0.45744665549934804 1.8840339303741114 
0.6061901601583657 0.5446417945419928 
0.6667868078271005 4.23298688830287E-5 
0.4225955995665946 2.198025671071698 
0.6246840181646259 0.3783270430553066 
0.7025505451999583 0.0010271441858463182 
0.4977091317717491 1.5241403632273587 
0.6379325259342458 0.2592986368785406 
0.5470530247515806 1.0777203029324924 
0.5040178273038074 1.4700619345684545 
0.4858289788024445 1.6285619187710179 
0.5640435284505833 0.9238346696055124 
0.40591910736717385 2.347686641324127 
0.6665378835348177 0.001188096278197548 
0.6083052103176294 0.5264294053373499 
0.5715433490906483 0.8594305088983059 
0.49496538233125803 1.5456822616133348 
0.6576870087694822 0.08165242532791106 
0.5161913951449066 1.354599598343665 
0.43035839506370466 2.1324913841766526 
0.5470530247515806 1.0777203029324924 
0.49025209876655634 1.592923750879896 
0.4836884602900283 1.6468897857592577 
0.6576870087694822 0.08165242532791106 
0.5878441344286409 0.7096507776210133 
0.5974758761046856 0.6232994535596559 
0.41415205550024053 2.273176279648806 
0.6401322014551559 0.2416537310611121 
0.39976933393898534 2.4032913695660714 
0.6495908975424018 0.15385961707565993 
0.6315086253869746 0.31736528959949484 
0.5300777312245868 1.2329258678675448 
0.5025210678965 1.4777671014490823 
0.44037612815716154 2.0369608360223284 
0.4225955995665946 2.198025671071698 
0.43619388103254064 2.0744209158432083 
0.44037612815716154 2.0369608360223284 
0.44690538017138925 1.9784091118953402 
0.4468478382517636 1.9786274672601725 
0.6083052103176294 0.5264294053373499 
0.41415205550024053 2.273176279648806 
0.5411789905632461 1.1305006559467436 
0.3906715285133857 2.483965584530947 
0.5640435284505833 0.9238346696055124 
0.44690538017138925 1.9784091118953402 
0.6246840181646259 0.3783270430553066 
0.5652053298706338 0.9135043836850393 
0.6192996476469497 0.42634569413586487 
0.4012596781283012 2.390015154938582 
0.6192996476469497 0.42634569413586487 
0.6478268555198522 0.17027189855313507 
0.4258840482299514 2.1672096784659116 
0.46142942446253693 1.8474214533716853 
0.5784821871693769 0.7938690459857461 
0.5291474008237429 1.237709131951463 
0.5403229448880947 1.137655357701608 
0.46142942446253693 1.8474214533716853 
0.6544873352454702 0.11090993993389325 
0.45744665549934804 1.8840339303741114 
0.514424399238003 1.3704597637317888 
0.5239314471459339 1.2846553707753228 
0.5291474008237429 1.237709131951463 
0.514424399238003 1.3704597637317888 
0.45744665549934804 1.8840339303741114 
0.6315086253869746 0.31736528959949484 
0.6379325259342458 0.2592986368785406 
0.5974758761046856 0.6232994535596559 
0.5715433490906483 0.8594305088983059 
0.404819169883325 2.356957814273228 
0.47276257843715336 1.7457188214154373 
0.41804079674888817 2.238457198319974 
0.6061901601583657 0.5446417945419928 
0.43619388103254064 2.0744209158432083 
0.5974758761046856 0.6232994535596559 
0.5878441344286409 0.7096507776210133 
0.39305002552704416 2.462747061441295 
0.47276257843715336 1.7457188214154373 
0.5237893221915723 1.2859489096188121 
0.48372896978922214 1.6468897857592577 
0.5025210678965 1.4777671014490823 
0.5539627830001705 1.0153993648063873 
0.5403229448880947 1.137655357701608 
0.47038358606092384 1.7667401478757032 
0.5161913951449066 1.354599598343665 
0.5784821871693769 0.7938690459857461 
