0.2423834199646604 0.27232153031579825 
0.07939968915060064 0.6704649253827487 
0.2338539768554964 0.3121134134047757 
0.4365105541350545 -0.0584898279246289 
0.24484380791835447 0.26364582150899823 
0.035947331618413236 0.7780007150905562 
0.2482190141953448 0.25410692598860457 
0.23631759361132756 0.2992034370032859 
0.4222462985312141 0.07895422998127624 
0.8500153022769079 -0.7718780162385602 
0.207513513221807 0.4961037356664809 
0.2180934942867122 0.415737583152095 
0.2304763487404405 0.33155792450484406 
0.6405951818638866 -0.4131007388062039 
0.8474280745080363 -0.7651561299973457 
0.6367765473829627 -0.380511448373274 
0.06621477010968499 0.6850339474143107 
0.227648074931065 0.34921052963851823 
0.25635958107692347 0.24254777968393243 
0.6354370512429349 -0.36713488648482134 
0.6488400676610108 -0.4538270121165886 
0.846376781977451 -0.760807685596755 
0.44434667423495217 -0.10386043123112121 
0.8403502567693562 -0.7185993124605122 
0.8417871694884671 -0.7313172890523041 
0.25341046541460804 0.24474389958794873 
0.2554944161440931 0.2429741717530234 
0.011858748016202111 0.8869354592907626 
0.2244704249200929 0.3703403970182984 
0.8364218163455523 -0.6759307604964756 
0.8383005381276836 -0.6977546411889614 
0.6475082757166649 -0.45008544555086477 
0.8445720677298307 -0.7512208140103132 
0.6504512462537558 -0.45679802325515767 
0.24654383889902914 0.2584793560302653 
0.6517012779970374 -0.4579416163737511 
0.045443794564262674 0.7419840582983277 
0.25662118776320275 0.24247300399267216 
0.05704086605076353 0.7056674564630382 
0.44767424234672154 -0.11544712746233694 
0.438177801226254 -0.07012599368508184 
0.4410671524607014 -0.08784013088325116 
0.08024332100491559 0.6701711120069312 
0.08060533401546055 0.6701057318505134 
0.43172616962605714 -0.019471938688145472 
0.04213284400874748 0.7540604796242104 
0.25074868740216394 0.24868956134752568 
0.19841486369061767 0.5646060395279554 
0.42927216985102656 0.0034996584008213736 
0.2210187529551644 0.3944125498099236 
0.4335834003688349 -0.03550821912871481 
0.06929235740452294 0.6799499511213953 
0.84270192667975 -0.7385302774503645 
0.004489212434356904 0.9326454050305758 
0.6325638410247539 -0.3351965042584296 
0.07210245530199932 0.6761785065107686 
0.6461378194273926 -0.44510107819226985 
0.06294204890519113 0.6914353026241536 
0.8342834928868346 -0.6479194903051133 
0.05930769604206676 0.6998442372954751 
0.85124003521834 -0.7731122241670654 
0.4517023310487225 -0.12300842838237314 
0.44886833851800756 -0.11844901480553412 
0.023559388012301702 0.8307928377610859 
0.018477034247797813 0.8540592179506635 
0.0021508452830931724 0.9536638744914574 
0.014988800074046148 0.8709330992376937 
0.027710584045564535 0.8125086310517814 
0.8493038702749653 -0.770577697887554 
0.45019909926290536 -0.12104262793752386 
0.6303162211852982 -0.3074240524181461 
0.21253217070695335 0.45755530872618333 
0.4532382068775169 -0.12403433776525101 
0.07794030469065806 0.6711294059156392 
0.2548089409613549 0.24343387266967606 
0.05213547640829144 0.7197697973636545 
0.25229675103436633 0.24618328311815157 
0.8515302359495734 -0.7732473870364133 
0.6513385871555221 -0.45771174492313726 
0.6521916476888667 -0.4580714664585785 
0.4512380183646574 -0.12249194999317993 
0.23985333529464686 0.2825741647025278 
0.6499234184256163 -0.4559806633952822 
0.8503964801760965 -0.7724339058641791 
0.20248059923245607 0.53439028371274 
0.45270472290356845 -0.1237728475860596 
0.4459792197272568 -0.11011651729090818 
0.6450559810989485 -0.4403524830287541 
0.642857654911252 -0.42842755524068504 
0.6390619932886904 -0.4010043246197302 
0.07414409322578264 0.6740647949688133 
0.008299411556771663 0.9069567940975962 
0.8483403470412005 -0.7681654807084333 
0.03028045523362478 0.8015006508228263 
0.04824619565436139 0.7323401289072449 
0.4248713621983407 0.04909034901653577 
0.4422904707512547 -0.09424082861541974 
