-16.143341505138505 -7.295116413563756 
-15.013294728844636 -10.14266707825968 
-15.28522418576758 -9.007173313690267 
-16.244960434316248 -6.941219242867229 
-15.439581685667102 -8.383431624578947 
-16.38285316187088 -6.365327351075384 
-18.421908549709286 -2.0728714012452767 
-16.366247947298746 -6.441902672865844 
-15.346712873523835 -8.733097171135995 
-18.193790790954033 -3.1775814609421245 
-16.957316687227195 -4.0394330689264 
-18.477104931221394 -1.8124158266774122 
-15.145268934927135 -9.606103350626327 
-16.499273404685198 -5.79812122649559 
-18.382767529204937 -2.2174328873013276 
-15.260700522840253 -9.113055384761916 
-15.109701718701121 -9.730625747038786 
-16.0707362313877 -7.500803217056888 
-14.669640479380444 -11.25130705616141 
-16.318355820341502 -6.65413727661096 
-18.215103168648575 -3.0250002378493672 
-15.569458766616735 -7.95633093090414 
-18.632178187808496 -1.154189763204936 
-16.448645085934267 -6.074735265104453 
-17.046121584584778 -3.8763654822594655 
-14.933177226312583 -10.472268995776084 
-16.528590035394934 -5.67713639841287 
-16.110854436509953 -7.400525254392882 
-14.802036540485519 -10.938636157679982 
-14.90509787308065 -10.581596435161439 
-15.215148815543287 -9.260485165904424 
-16.343711016912092 -6.537787148139609 
-14.842133889093578 -10.809153902575277 
-18.0332347433027 -3.7568857074859663 
-16.39824389800273 -6.302102799604853 
-16.03376854180207 -7.582870350069216 
-18.698242969245605 -0.9135152126109516 
-16.20306649486706 -7.109661005580904 
-16.757175419460655 -4.502362712175781 
-15.069669720047173 -9.902155439395266 
-18.44852621609337 -1.9410294730618247 
-15.094268344932381 -9.821105224107495 
-16.671887335802772 -4.98893432134114 
-17.94208304985598 -3.8753563934526127 
-18.604444812954796 -1.2601287908318775 
-14.99319099876466 -10.241171501826113 
-18.157173755255975 -3.3298018332292143 
-16.457785835233835 -5.962225147796712 
-15.883939208736415 -7.750464424620157 
-15.97612599856419 -7.685120975141739 
-18.771629972464574 -0.6726595199194052 
-14.874832786514098 -10.691057799897303 
-16.575488772581785 -5.44113540945842 
-15.407040586952874 -8.515254243988386 
-16.54604280483275 -5.568491103621426 
-18.33439335267758 -2.498859764121482 
-16.688918916260725 -4.842287848275178 
-14.482758205501536 -11.500280358712573 
-14.960002104330673 -10.361452989061927 
-16.731543396597132 -4.693873646257788 
-18.81514457017655 -0.541436657596778 
-18.125157393754925 -3.464052861572342 
-16.832148791546985 -4.359134520686535 
-14.582120573925534 -11.492657484702345 
-14.716142411897817 -11.138096199071594 
-14.641690037911044 -11.372758346213118 
-18.92326390182216 -0.2793573249504929 
-15.309329734711703 -8.881328543573606 
-16.29386776714016 -6.759077415989341 
-18.659013355711046 -1.0242954845883179 
-18.08404378001935 -3.611778921760713 
-15.172621567674828 -9.485400696355232 
-16.99433598772439 -3.9515856404573846 
-18.36264664207647 -2.3616924188718715 
-15.196495722853145 -9.366698773155665 
-19.07493982203581 -0.0011440411268883385 
-18.530845726699418 -1.5682269510349134 
-16.910521165117792 -4.143518083197224 
-15.038159269197584 -10.00844757080366 
-18.567076548603875 -1.4067126464175792 
-15.604055563098342 -7.856723567790778 
-18.283295872884302 -2.748677300797121 
-15.535529489566308 -8.056466778207907 
-16.64213680706334 -5.135261485368948 
-15.47406933822685 -8.276463747676985 
-19.99995682061926 2.4389478690337393E-4 
-16.42497540251114 -6.185235403289625 
-14.7725150110989 -11.044498566254262 
-16.86920772470321 -4.24132559495488 
-18.501790195807253 -1.6977757077413096 
-16.614097212844303 -5.269373704729831 
-15.37818890468685 -8.63275924043301 
-18.308172443367297 -2.6279313997893463 
-18.25965817106558 -2.8655183267622277 
-18.86403088226955 -0.41941787463796565 
-18.987271665051917 -0.15250346133545004 
-14.43958603875016 -11.625254613469 
-18.730916525387766 -0.8009458270407803 
-15.50552206040482 -8.159675959779287 
-15.642351434495628 -7.754500636433254 
