-1.0539042450040235 1.7877313358300844E-6 -1.0884012530933687 
-1.054998275783386 -0.9618447792813025 -1.0720974462205664 
-1.0795733981044433 -0.8171984312978542 -1.055004901616428 
-1.0191032016925703 -2.2643795444687474E-6 -1.0604777908557588 
-1.1016437954377538 -0.6896810830603457 -1.0880989214661456 
-1.0228207510704528 1.2139556770543463E-5 -0.9722772265437661 
-0.8586993745381053 -3.395285071172099E-5 -1.4277285753650843E-5 
-0.9860076154314074 0.0010923173940252636 -1.019157253087531 
-1.1041217671912669 -0.7484928086787017 -1.0804835384435507 
-0.9959997809922574 -3.171710360382952E-5 -1.4277285753650843E-5 
-0.5651394296689686 -6.828145542394888E-5 -1.099457252675406 
-0.826013351943307 9.374476669280585E-6 5.615026602448546E-5 
-1.0737705959011443 -0.8838643642436124 -1.0723853341562712 
-0.9049181619821768 4.172761171736816E-4 -1.019902002910009 
-0.877760558299348 -4.103909756081E-6 0.0035858920037913355 
-1.0795733981044433 -0.8171984312978542 -1.0752203548280708 
-1.1040921690176007 -0.8838643642436124 -1.0723853341562712 
-1.1055803679211453 2.5207431786097848E-5 -1.0817707845702673 
-1.1220557313605435 -1.0955255622591193 -1.0700662916925812 
-1.0313360151840216 9.039642652886469E-6 -1.0031205442815616 
-0.9775431188272835 7.9954127865048E-6 0.004531717671895419 
-1.1004637872856355 -0.6087700456183571 -1.0878367252287506 
-0.7354045533072251 2.484502687849369E-5 -1.945945727625479E-5 
-0.9833692737487535 1.205203222760749E-5 -0.9715293885604942 
-0.5076250356178609 1.044937816474233E-5 -1.1085131226988583 
-1.100540434378244 -0.9676508503577462 -1.0879621535953359 
-0.9973662352323541 9.039642652886469E-6 -0.9094270514341334 
-1.083110707380254 7.495963292785575E-4 -1.0792799079065158 
-1.1041217671912669 -1.0350685228580963 -1.0804835384435507 
-1.0790390828752097 -0.9975636705283486 -1.0807688014578034 
-1.0835033189227763 -0.8712510155392482 -1.0235783129255551 
-1.0014288349112106 0.0037047720978605723 -1.0174613942358006 
-1.1026090794008838 -1.0028385188473359 -1.10494504363863 
-1.094688440548047 -2.2643795444687474E-6 -2.415046046368819E-4 
-0.9824438872124887 0.0010867466197638292 -1.0031566123568252 
-1.1093992839803875 -0.001838395090596301 -1.1009536393463029 
-0.6973148700078429 -4.344192760496773E-6 1.683933778523516E-6 
-1.0539042450040235 1.7877313358300844E-6 -1.051413659364766 
-0.8653615247747825 0.029283628641551818 -0.9027955614698866 
-1.1003662874160742 -0.897685899142451 -1.0878363033570555 
-4.015203336646687E-4 9.533647629484456E-6 -0.842490048469462 
-1.069347577917111 -0.9078066902788621 -1.0807868574604926 
-0.9775431188272835 1.0441824335506055E-5 -0.8434396974361331 
-1.15200372131477 -3.171710360382952E-5 -1.4277285753650843E-5 
-0.7512624626731205 -3.122181133776472E-5 -2.2888627179434748E-4 
-1.0795733981044433 -0.9564387475208358 -1.0752203548280708 
-1.0177531073987187 -5.025602859883827E-4 -2.415046046368819E-4 
-0.9049181619821768 4.172761171736816E-4 -1.045404499051298 
-1.152370474636461 1.8342882611302827E-4 -1.1518673837497848 
-1.126143443962293 2.7357857733845896E-4 -1.1202261474323782 
-0.6550414620335725 9.613430502061584E-6 -2.373255930523399E-4 
-1.1041217671912669 -0.9990463221470844 -1.080530821434197 
-0.8777719956249584 5.828466346218875E-4 -1.001060113395238 
-1.0557566375155978 -0.7620603594653378 -1.0618674689583931 
-0.8777719956249584 5.906812898984435E-4 -1.0190790426011442 
-0.9107519956351683 1.8089993595861415E-4 -2.8917821420762024E-5 
-0.9783961933012536 0.029283628641551818 -0.8315996518031871 
-1.1074553222332884 -1.1687849530692285 -1.1183010476685953 
-1.1026065015856588 -0.9618447792813025 -1.0721578997899972 
-0.9506307090531887 -0.0035014933727228062 -0.8343960899570797 
-0.6296964870537963 1.0979557475748697E-5 7.695192860167915E-4 
2.1437374415411714E-4 -5.6214402935673414E-5 -1.0378272192563511 
-0.67953229239112 2.3903565293428855E-6 -1.0518116769142332 
-1.117644314519009 -1.1147557598211622 -1.1208457319376297 
-1.1019380473323233 -1.0397984314352704 -1.153354035332494 
-1.1220557313605435 -1.0946523064143854 -1.0988425678156957 
-0.569417789122956 -3.164944276738845E-5 -1.7449639600027741E-4 
-1.1015814360741776 -0.7662554647150934 -1.0880989214661456 
-1.0330702260960045 2.4224851976910344E-5 -1.0163781758632051 
-0.0027820081185933043 6.8237707739828305E-6 -0.7167106092454252 
-1.063170687574218 6.327598173718584E-6 -2.3735790511954615E-4 
-1.0813373172553356 -0.8712510155392482 -1.0621265658830827 
-1.082853091438843 1.055832017044879E-5 -0.5593643024656428 
-0.8940090672731762 -3.171710360382952E-5 -1.4277285753650843E-5 
-1.0548162079831729 -0.885585937876624 -1.044503208495217 
-0.4840815660702073 1.2209176976278428E-4 -0.0011373086953566092 
2.1437374415411714E-4 -5.6400574223253E-5 -0.794223111840693 
-0.593093554739193 6.128226866316768E-4 -1.097589263540256 
-1.1074553222332884 -0.9011589795011086 -1.1021153374611132 
-0.7723946146298161 6.3303545599879526E-6 7.695192860167915E-4 
-1.0948796126573892 -0.5919445279491564 -1.0865875050842568 
3.3945001092562644E-4 2.5207431786097848E-5 -0.9413098590964428 
-1.0809708613919562 -0.6680184561417664 -1.0628068449759807 
-0.9028401737706925 8.082289896212462E-6 -0.935156368080724 
-1.078071374859299 -0.6928145660918213 -1.0812508891628592 
-1.2032443493604697E-5 3.0853206423990407E-6 8.633254452194094E-6 
-0.9804530186558307 1.7828308854070702E-5 -0.9888425677321089 
-1.1024351922377948 -1.03928406150516 -1.1017126394695622 
-0.6587182601674799 1.7877313358300844E-6 -1.051413659364766 
-0.8113216355601343 1.811407285755948E-4 -4.679018151386525E-5 
-0.8992894868242157 5.906812898984435E-4 -0.9556761977309817 
-1.0792821146566127 -0.7629140589808944 -1.0601642557860045 
2.1437374415411714E-4 -3.517487256199663E-5 -0.926465688397257 
2.198188433971806E-4 2.5207431786097848E-5 -0.955741582944743 
-1.2032443493604697E-5 -3.171314136351083E-5 -0.6028791284044025 
-0.5338710675567883 6.214802572440609E-6 3.2681162252576183E-6 
-1.1526842100766175 -1.148012142797456 -1.158190623896407 
-0.6783183491516178 9.666876028555371E-6 2.227584232387078E-4 
-1.0646691560962762 -0.6906316883099684 -1.0733119086467289 
-1.1037074495702854 -0.5428594878014603 -1.1009536393463029 
