0.42856884640372384 7.342326442552798 
0.6550796330903145 1.7337738330635248 
0.999999999998765 1.0000000000013842 
0.5739087853134069 3.2262903119286634 
0.5316131600507451 4.17699945251036 
0.4169407763425902 7.802057240861827 
0.6186967021384343 2.3473674640132187 
0.5491579498566159 3.79734063323733 
0.5946634089926943 2.785109961056762 
0.5123492056008491 4.663081582008419 
0.9445568630976944 1.0657208259751108 
0.7020568488433212 1.4243889088323711 
0.5510079967138835 3.7163887645178924 
0.4902670320068447 5.278552093038037 
0.5707600655820028 3.3157565380109753 
0.6084614533801677 2.5580635673773227 
0.4393591176219038 6.963432198132645 
0.4977875022931356 5.095288323964963 
0.6372812232810948 2.049479687459408 
0.47548249213817506 5.734872650294936 
0.5189189902820588 4.4923906358521135 
0.5157561121528722 4.581694535919903 
0.41068656806414194 8.07917157044446 
0.41518371510581115 7.863345250590001 
0.8427223630909496 1.1878653016895033 
0.8726737461138664 1.1459065227175942 
0.776591884114104 1.29269364823341 
0.4067397994275356 8.306129931965094 
0.52451851428619 4.358252950190862 
0.39245056220823116 8.842484228351797 
0.5398335146318136 3.9729292421010327 
0.5309269004248368 4.228423233221287 
0.6464480302190998 1.8974710364318788 
0.45859410748151735 6.277873251215183 
0.47197899260440535 5.896693916652617 
0.4090623112331959 8.144163118911557 
0.5609160968607309 3.4960881809323126 
0.6094404443840279 2.5072762823777097 
0.42420097709797844 7.511397462828506 
0.41339284615245886 7.968297424418882 
0.6308795464062025 2.0967971056268904 
0.5572070085153019 3.6151998037483337 
0.4068477816253369 8.214702237503815 
0.4368350013013544 7.0341514605722235 
0.8081987367072234 1.2373300758189694 
0.4801051721808005 5.586819735694319 
0.6133460652968756 2.413185629421118 
0.567037089313518 3.375693571289589 
0.5098300709392205 4.78866125469601 
0.3981950338438253 8.60281308159844 
0.541913268932032 3.9235849201536257 
0.45246433917356194 6.530655501220253 
0.4036788191047479 8.4048636396946 
0.4414772918801749 6.8612983297562335 
0.4269063699890162 7.424684076227111 
0.6211467984258864 2.280392144604154 
0.39810105074242214 8.678406449028744 
0.40351574429540304 8.510204191974061 
0.4999071128716882 5.003967581129285 
0.4436875992211017 6.786403461306934 
0.6265265183190157 2.1743142988559048 
0.5996638234707535 2.701065532114369 
0.4600979108342464 6.224070746023641 
0.5112734731695374 4.7378319806784 
0.4320732115925895 7.250207821193383 
0.6386036128785051 1.996975666345797 
0.47220161916738546 5.8271218420845905 
0.6633081269843591 1.6065061165664698 
0.7483966419678277 1.3361995080193132 
0.6661161910377451 1.5101620247363474 
0.39560503029390615 8.76317066227307 
0.41964495237838123 7.695093469367784 
0.5380641464275016 4.023507645951595 
0.4869416304795941 5.376997613194692 
0.5067637490887235 4.857094698012404 
0.44561464648719296 6.724764464709685 
0.46710940294090714 5.999269381563383 
0.4232874897292884 7.600601937242974 
0.6562617771187639 1.681271281523849 
0.4569434990023525 6.347934079122577 
0.46202516018054995 6.1527155441753765 
0.49388699087279075 5.175533765867875 
0.46587946123843577 6.080728484004649 
0.5224822586270998 4.415271562159713 
0.6477636788205169 1.8078961866988257 
0.43366639272729013 7.1785299585843605 
0.5032232140249295 4.926475566531011 
0.5800664985199417 3.075034492937714 
0.44819090815588813 6.618632053544149 
0.3899929507531563 8.950848457500113 
0.589947452151387 2.8725580401873656 
0.48493249193300425 5.455315031895061 
0.48245063829647344 5.515185934071234 
0.45382061246783384 6.4340666416421195 
0.5460433120180062 3.8485022913255906 
0.5271628799443154 4.298220110970053 
0.5346992461873544 4.093574830411556 
0.5846219172597671 2.973792107532879 
0.6026872981665561 2.6221375760551235 
0.44703742312025474 6.665167537265941 
