0.42856884640372384 2.14669237340441 
0.6550796330903145 0.13575992642484203 
0.999999999998765 1.4924751997894762E-13 
0.5739087853134069 0.8515963539873921 
0.5316131600507451 1.2205478784792647 
0.4169407763425902 2.252995803074257 
0.6186967021384343 0.4523085086920382 
0.5491579498566159 1.0853397970558358 
0.5946634089926943 0.6562029838615241 
0.5123492056008491 1.389126144193964 
0.9445568630976944 0.006633920320934489 
0.7020568488433212 1.9888622310505023E-6 
0.5510079967138835 1.0477599281469883 
0.4902670320068447 1.5879000679472768 
0.5707600655820028 0.8925014190890987 
0.6084614533801677 0.5564830760452621 
0.4393591176219038 2.0594474261915128 
0.4977875022931356 1.5363708482498963 
0.6372812232810948 0.3060949223138873 
0.47548249213817506 1.7268315398572973 
0.5189189902820588 1.331186812708955 
0.5157561121528722 1.3630369609181068 
0.41068656806414194 2.3180072450672196 
0.41518371510581115 2.264732894299592 
0.8427223630909496 0.0010406540735219405 
0.8726737461138664 2.537876277296702E-6 
0.776591884114104 0.003895395863918405 
0.4067397994275356 2.378433622546532 
0.52451851428619 1.2859843623175156 
0.39245056220823116 2.47023790673408 
0.5398335146318136 1.1447203561469081 
0.5309269004248368 1.2449836408985449 
0.6464480302190998 0.2266164138991818 
0.45859410748151735 1.8789956805231183 
0.47197899260440535 1.7831156544782276 
0.4090623112331959 2.3314701884821147 
0.5609160968607309 0.9610121367294852 
0.6094404443840279 0.5280355717258047 
0.42420097709797844 2.1863421431031282 
0.41339284615245886 2.294037151269829 
0.6308795464062025 0.3228264069037308 
0.5572070085153019 1.0144146678317156 
0.4068477816253369 2.3421333820411188 
0.4368350013013544 2.072763562432991 
0.8081987367072234 8.604166743918695E-6 
0.4801051721808005 1.6822610511486156 
0.6133460652968756 0.48011791063640685 
0.567037089313518 0.9141434570784032 
0.5098300709392205 1.4414035071855635 
0.3981950338438253 2.425597446179194 
0.541913268932032 1.1262427300128768 
0.45246433917356194 1.9548887257298087 
0.4036788191047479 2.3928654288083497 
0.4414772918801749 2.0291074054027494 
0.4269063699890162 2.169644927297368 
0.6211467984258864 0.4164582797764112 
0.39810105074242214 2.4548827261281554 
0.40351574429540304 2.4340013786302723 
0.4999071128716882 1.5015189863858662 
0.4436875992211017 2.011043059093048 
0.6265265183190157 0.36226556739344185 
0.5996638234707535 0.6197312844327679 
0.4600979108342464 1.8636819471300268 
0.5112734731695374 1.4223278120551544 
0.4320732115925895 2.132620578016736 
0.6386036128785051 0.2752758753588861 
0.47220161916738546 1.7515763689179815 
0.6633081269843591 0.06560856316862151 
0.7483966419678277 7.224800717519264E-6 
0.6661161910377451 0.005943375767224812 
0.39560503029390615 2.4667543953192075 
0.41964495237838123 2.229207132500036 
0.5380641464275016 1.164905207163471 
0.4869416304795941 1.618283984853909 
0.5067637490887235 1.461399518843727 
0.44561464648719296 1.996653539651244 
0.46710940294090714 1.802315138903737 
0.4232874897292884 2.217239714447145 
0.6562617771187639 0.10335407903158281 
0.4569434990023525 1.900647209550547 
0.46202516018054995 1.842709384842988 
0.49388699087279075 1.5561287977850076 
0.46587946123843577 1.8328865100652965 
0.5224822586270998 1.3069010582492109 
0.6477636788205169 0.1710894848216153 
0.43366639272729013 2.113087192224063 
0.5032232140249295 1.479116868405021 
0.5800664985199417 0.7837244911464243 
0.44819090815588813 1.9664107108276232 
0.3899929507531563 2.490767801684807 
0.589947452151387 0.6946582969655178 
0.48493249193300425 1.6454595126964486 
0.48245063829647344 1.6608049742163993 
0.45382061246783384 1.9199120639688856 
0.5460433120180062 1.1014489374643108 
0.5271628799443154 1.2658620923335482 
0.5346992461873544 1.1888313760325862 
0.5846219172597671 0.7385440434378352 
0.6026872981665561 0.5803290111336648 
0.44703742312025474 1.979579320524141 
