-14.970124171044219 -10.243592912420388 
-15.023482657934693 -10.104491668459005 
-16.83414381682188 -4.345683248723671 
-16.04953175712358 -7.539945180863587 
-18.266031042426462 -2.8296810752601473 
-14.77733050766334 -11.027845474389183 
-18.339076330202687 -2.4775472640061844 
-16.742519386908846 -4.674826405500037 
-15.474329268328171 -8.265164593062128 
-16.124835483073234 -7.361623955532436 
-18.852438265541075 -0.43914691509725995 
-16.088326588682563 -7.462953333935931 
-18.76221737535477 -0.68527879806323 
-18.232311239638427 -2.9823753217850726 
-18.178252632338534 -3.2320785044678515 
-16.717681082967463 -4.780032583999274 
-16.409738357641483 -6.2274109012839 
-16.855307624337172 -4.262807984582767 
-15.591500909654 -7.88717381956978 
-15.121393961746577 -9.687350962596474 
-14.943911170258318 -10.397646983479794 
-16.32569862041851 -6.626987454178139 
-18.8909955830593 -0.35052295523340526 
-18.549838487080656 -1.479266117833558 
-19.997440569531733 0.006299132652485611 
-14.86168650764645 -10.744945372150042 
-15.51327589468018 -8.137091920391098 
-18.02383145250757 -3.744306799108228 
-16.163239461943625 -7.242807204440099 
-18.117856606286104 -3.48692912857247 
-16.594497547212423 -5.370690814567715 
-18.36227292704095 -2.3625063736481486 
-19.074600645155257 -0.002605876098729976 
-16.525911655577367 -5.656733904905012 
-16.958007397284845 -4.0004456964516955 
-16.178994293122486 -7.149420390871715 
-15.342961163561455 -8.7698011734479 
-15.432488765653957 -8.407929938662425 
-18.813627818359294 -0.5419386795242408 
-16.021177847338155 -7.613086665003696 
-18.518565027077862 -1.6128001749476626 
-14.817468608498817 -10.898357268136005 
-16.806304298952533 -4.4403669197470945 
-18.080237138229954 -3.6140847474589712 
-15.052923777995874 -9.980036315834788 
-15.550036088976528 -8.018665537259754 
-14.63815579592514 -11.349783362064919 
-16.38886669452767 -6.345491763528101 
-18.207292612532022 -3.1113976318985688 
-16.3589305343932 -6.4773348684454835 
-18.41345425179285 -2.10874457409313 
-18.150555598054147 -3.3597738759355593 
-14.696858405944331 -11.239820564075098 
-15.959056672872148 -7.693043549104624 
-16.773982866819267 -4.557402769912748 
-15.364550798812473 -8.645003214259312 
-15.18424249276222 -9.434931819915372 
-15.085665447161993 -9.839967786866517 
-15.873154592088586 -7.7489551311567855 
-15.241682195025806 -9.144404080723536 
-16.663841553782415 -5.020193634757327 
-18.456144632218084 -1.8739032938143285 
-16.471373335937756 -5.961722319400822 
-18.958204548618497 -0.20380476246777887 
-15.399211939686676 -8.524574828735956 
-18.635555669365843 -1.096548380102702 
-16.28490898946022 -6.7975021252853995 
-16.61699753581789 -5.258722759441762 
-15.220263556930572 -9.275460470292474 
-18.291299206333527 -2.675506613315775 
-18.250930685442597 -2.9054527958846976 
-16.684129791948386 -4.89545499424921 
-14.447292278279399 -11.623209145277698 
-16.913650087675013 -4.106841430123616 
-16.497927226587876 -5.799529524533922 
-15.636003246830246 -7.7662250086975355 
-16.562790751435884 -5.500253282347615 
-18.30888152470495 -2.5887793326732176 
-16.64165604642298 -5.137855120753601 
-17.044042579237384 -3.876591268745481 
-17.945750474785683 -3.875237221217383 
-16.440584781647495 -6.097839991881145 
-16.216509667589552 -7.039813379485594 
-15.28053104992118 -9.007809163208105 
-16.253608872366932 -6.91523956056211 
-14.538279828953034 -11.56362734723653 
-14.900321796430255 -10.50464460265161 
-18.388524171116806 -2.23418931622269 
-15.312649719869622 -8.895815452449135 
-14.727807326400452 -11.144994809181338 
-18.682248361032922 -0.964275280831011 
-18.606308627415842 -1.2386481851458462 
-19.011784536996615 -0.10495852960711864 
-18.719434419431657 -0.833907196422521 
-18.437590730140954 -1.9605164222031313 
-18.48502917842235 -1.776447136851037 
-15.150907723493747 -9.566533007695416 
-14.89308432570714 -10.62262875682532 
-18.578026170276004 -1.356357326434787 
-14.595241795888557 -11.469385163559469 
