-1.0242856761616528 -0.982029756710191 -1.1044986536148937 
-1.0948552028171397 -0.9232764617239306 -1.090682878767781 
-1.0435872764684313 -4.94469545047097E-4 -0.6860340747204738 
-1.116149643262227 8.076241713924738E-4 -1.0844260671069925 
-1.7917567268100915E-4 -5.013879495473376E-4 -0.9515089192464639 
-1.0988751225905766 -1.0411026816548243 -1.0973478540197261 
-1.1226519549600855E-5 6.565279846341174E-5 -0.9080832996077033 
-1.0498453027162764 -4.962979147442388E-4 -0.7329809107218476 
-1.080794949950207 -0.6759362625562797 -1.0996150773151092 
-1.0836481825986384 9.31268660421563E-6 -1.070077161192207 
-1.1226519549600855E-5 -0.0011185541910501923 -0.6081964622550846 
-1.0879997737585378 3.1633389479546995E-4 -1.088383353118892 
-0.6585781189084015 2.1807867926594522E-4 0.0018298763744266089 
-0.9711819563939097 6.273822573225063E-4 -9.762433702625928E-4 
-1.0042277488039377 -4.419221685124914E-4 -9.717953848751079E-4 
-0.780454031297102 -4.812305967192884E-4 -1.0149485036543733 
-1.028971266055875 2.964483604668017E-4 -0.9499142687353139 
-1.1168883587557152 8.076241713924738E-4 -0.6067823080952647 
-1.0741221343845215 -0.6156680681573125 -1.0901818112635697 
-1.0998984707819188 -0.8817266377322569 -1.0700920947813142 
-1.0878784543669007 -0.9512682254837659 -1.1196408004919354 
-1.0160100909069847 -2.0023655684028152E-4 -1.0139081384447932 
-0.5873537315500869 2.9970991510132447E-4 -1.4913726218090858E-4 
-2.181791362683956E-5 7.898692146560866E-4 -0.7824390693804048 
-3.090845426654276E-4 -2.1107616115024921E-4 -8.805859070821764E-4 
-1.0889817258545742 -1.0091027808165496 -1.08921110224822 
-1.080794949950207 -0.6761607102658271 -1.0697046831519972 
0.004870368055145513 -1.2054476682786292E-5 -1.0947819760174435 
-1.0693224189867476 3.1633389479546995E-4 -1.0606090711384002 
-3.090845426654276E-4 -4.944011203145594E-4 -1.0418764172746768 
-0.9306840109170437 -2.5125662283676735E-7 -0.9359284262806875 
-1.1226519549600855E-5 1.0149877800729313E-4 -0.8941519878767872 
-0.48456152319409873 2.97544410445887E-4 -8.256862265347772E-4 
-0.8810262109534677 2.959597199273355E-4 -1.0280821407170124 
-1.0581798697310567 -4.3916350776722194E-4 -0.6021364385124537 
-1.0296389253618337 0.001802654373436352 -1.090729822833778 
-1.0806788424547378 -0.7850044571656963 -1.0550774266690985 
-1.0822501761506629 -0.6966567582205345 -1.1040855155148315 
-0.6302576319078586 3.383830310084668E-4 -9.762433702625928E-4 
-1.11099494110004 3.0990308514547036E-4 -1.1072137977826544 
-0.800665219141645 7.152359152900765E-4 -4.942786555266476E-4 
-1.0954180339871427 -1.0199146536283075 -1.1033558537171149 
-1.0392466371856814 2.0497369001907796E-4 -0.7060841642608564 
-1.0645172128144162 -5.76088902231171E-4 -8.805859070821764E-4 
-1.0693551235540097 -0.917718523313241 -1.0998909383953768 
-1.079519667494392 -0.6375993915494812 -1.0901818112635697 
-1.0881470470907713 -1.0916962447810348 -1.1417711310172174 
-0.979387882651543 3.551090892048726E-5 -1.0119654743965096 
-0.9874072766568381 2.959597199273355E-4 -1.4704852901255175E-4 
-1.0160100909069847 -0.0010595017743557427 -0.9935970616669407 
-0.8633683724722414 2.9970991510132447E-4 -1.464178594520941E-4 
-1.1226519549600855E-5 -4.4689127080228775E-4 -1.0219464710531156 
-1.089138797590886 -1.0739480184602153 -1.1196408004919354 
-1.1433478211148542 -5.56905013441161E-6 -1.1137538588130231 
-0.7283027784746997 -1.8980996084369192E-4 -1.035445535448302 
-1.0802721504452955 -0.7938487855187202 -1.0246661218717459 
-1.0806788424547378 -0.8546626389913554 -1.0795995425160323 
-1.099511325896142 -0.8952656543891166 -1.0789241608425513 
-1.1536453227544101 3.426949328677355E-4 -1.1573850919046855 
-1.0242856761616528 -0.8525983395783592 -1.090729822833778 
-1.0042277488039377 -4.421923738459012E-4 -0.8223369360902314 
-0.8350830048677258 -2.0793294634022735E-4 0.0028487176390263125 
-0.9931499095127041 1.1635713250095236E-5 -0.9480353437267274 
-3.090845426654276E-4 2.798526821286595E-4 -0.5496108823460044 
-1.0728100768665894 -0.773389965026281 -1.034566835018489 
-0.7285241469596675 -1.4818002305841166E-6 0.004288077236212364 
-1.0296871500662232 9.31268660421563E-6 -1.0252480696511101 
-0.9466780600104806 8.030813302627718E-6 -0.9064643381508845 
-1.0906757870979042 -0.8334741750884482 -1.0726157063236974 
-0.9334333038460659 3.450537496032134E-4 0.0028487176390263125 
-0.9608846658702968 2.959597199273355E-4 -1.6514489361896256E-4 
-0.780454031297102 -0.009144823922956125 -1.035445535448302 
-1.154488768497046 -1.1510864026255228 -1.1427052681248009 
-1.0686272073818268 0.008205396802318132 -0.6175678271119112 
-0.900505180407728 2.90597605098306E-5 -1.0252480696511101 
-1.1119608930020954 -0.5343991871290905 -1.1054596695065975 
-0.9392873311963212 -0.010054302586069711 -0.9463440912216545 
-0.9228489728306496 3.450537496032134E-4 0.0028487176390263125 
-0.9302463156381857 -2.5125662283676735E-7 -0.9080116143614634 
-0.48853777547586547 3.525459878209804E-6 -1.131428848661803 
-1.1226519549600855E-5 -5.56905013441161E-6 -1.149723421748034 
-0.9480320361367454 3.551090892048726E-5 -1.0119654743965096 
-1.0718848080118806 -4.812305967192884E-4 -1.0252480696511101 
-1.0777243209382488 -0.8334115284078671 -1.0354798672638872 
-1.0489528526457617 -4.812305967192884E-4 -1.0252480696511101 
-1.1417620574689944 -1.1156366553890162 -1.1373033452906702 
-1.031164582779156 -1.0257240732817767 -1.079508160635474 
7.588620096521306E-5 -7.137087888049699E-8 -0.8785119937153738 
-1.0806788424547378 -0.7850044571656963 -1.0795995425160323 
-1.089138797590886 -1.0739480184602153 -1.090271854025803 
-3.2102669705451033E-4 2.0497369001907796E-4 -0.7060841642608564 
-0.7489217579890106 -4.904004757591463E-4 -0.0012187936062601104 
-3.090845426654276E-4 1.9923882319256014E-4 -0.5198518286668945 
-3.090845426654276E-4 -4.944011203145594E-4 -0.6844847950026813 
-0.8460425804479551 3.450537496032134E-4 0.0028487176390263125 
-1.1226519549600855E-5 2.4299086694145087E-5 -0.8213772309457541 
-1.0954180339871427 -0.8674213406885307 -1.0726157063236974 
-1.0949614964689534 -0.9816414535617494 -1.1046475324443081 
-0.7656925579679146 -4.523564940784937E-4 -9.37861421158815E-4 
-1.1126467383923233 -1.101407577165312 -1.1395036196401274 
