0.42434548862178023 0.05487366424004134 
0.2557933194301596 0.24278979077640228 
0.450141453437443 -0.12095235833404176 
0.4312697953458786 -0.0153020588390791 
0.8360781340561256 -0.6716378101606494 
0.45074442810181053 -0.12188343164195478 
0.05266535449498626 0.7182106601496387 
0.23351354865266888 0.3140951576729523 
0.0080705754811142 0.9083333625870056 
0.0027106767802109744 0.9478417617934813 
0.21803847200478707 0.41619467297482765 
0.6462976043274318 -0.4457627864444458 
0.8380149144926057 -0.6946203486327059 
0.6516445264361178 -0.4579027459600408 
0.07666788764619459 0.6719873558251469 
0.25030267828994046 0.24952766191490117 
0.23844041802572274 0.2889231245008117 
0.027273431163139697 0.8143770254900992 
0.2524569272289496 0.2459611228003186 
0.6314497413686564 -0.32173159149302943 
0.45284154519916275 -0.12384718246182362 
0.25403716884186234 0.24407915071319314 
0.010995159690104561 0.8915902354312057 
0.017321749029024405 0.8595714681907087 
0.422414838737332 0.0767056000805595 
0.254793776509206 0.24343239984056114 
0.4469517637960108 -0.1133295548916811 
0.2564203337153644 0.24251249165802743 
0.24861790745560003 0.25315656277144366 
0.24268461240701997 0.2712507626989904 
0.24469569173215716 0.2641475924408467 
0.25700646025149193 0.24236575749580808 
0.6379664012167465 -0.39156125072200787 
0.220119148456542 0.40093428298773726 
0.8468067157626574 -0.7626733118054575 
0.6458575952326038 -0.44393025433791333 
0.2305768410558139 0.33100746224105515 
0.841952544351731 -0.7326336520265894 
0.8452113155599754 -0.7548577581152269 
0.2401674571879231 0.281272417997181 
0.24688250090323588 0.2575351763538132 
0.43664984734974627 -0.05948884738697464 
0.6510732702612987 -0.4574659967712358 
0.2273850725153741 0.35092995776933134 
5.250226604295721E-4 0.9774778635851055 
0.2102425038932459 0.4751113294557647 
0.21398815050746012 0.44650705325119333 
0.042400149509568136 0.7530505836380594 
0.07898073550233972 0.6706838223904903 
0.6499630540837175 -0.4560222241034357 
0.05087509552676475 0.723755728127153 
0.8513484845333417 -0.7731480526340838 
0.4289208118631077 0.0069670201817803755 
0.02367096430264226 0.8302948260428601 
0.4345139071368081 -0.0431736100600036 
0.202626716022546 0.5332887779097467 
0.6421543897591022 -0.4239429507800771 
0.055133252429889035 0.7109717854182133 
0.6360906567196133 -0.37376107970729266 
0.4248636016729561 0.04919234167052282 
0.06804481487248448 0.6819229849207619 
0.633780034827036 -0.34926407063895143 
0.6296202926251511 -0.29827173688531516 
0.6438644139990297 -0.43425724575686797 
0.059605331823067154 0.6991101649011121 
0.0466275808476437 0.7379005830353912 
0.07201869412649553 0.6763468565950601 
0.8339942903354032 -0.6439158489396171 
0.8502812676139793 -0.7722490788782947 
0.22439285249123514 0.37080083810839104 
0.0753614997926346 0.6729781725961752 
0.8401910919782222 -0.7170813353106736 
0.013943349212710787 0.8761619283888922 
0.43870409191686366 -0.07353486030769238 
0.8434258619821342 -0.7437605607156274 
0.4411029634509977 -0.08800255171342891 
0.4486736402423577 -0.1179780413900411 
0.44560911529650277 -0.10881488235507154 
0.8481345590664578 -0.7674870473907086 
0.6406257174096286 -0.413325628268221 
0.6518455264220684 -0.457973223053922 
0.033981258659490476 0.7860689888662005 
0.03761767829290452 0.7714175053577653 
0.06620637286098308 0.6850829562668531 
0.65030956833614 -0.45655854859703104 
0.20614443267909613 0.5066106579209696 
0.8464523919583709 -0.7611265666110989 
0.08105827602144394 0.6699974496954452 
0.07335696277009596 0.6748417119009813 
0.6476087021174215 -0.45041980212188204 
0.4435802572820692 -0.10046817303062901 
0.4516476453386697 -0.12296979891491573 
0.4525460390822203 -0.12364932892769219 
0.6488240372155374 -0.45377205822780226 
0.8492929696398821 -0.7704936470284959 
0.06355121186314966 0.6903155220095581 
0.8510808667126222 -0.7729965434875019 
