2.5099594487731487 0.4276716190934935 
2.510182306782836 0.36932876494918787 
3.0553205213619634 0.20125592160919928 
-3.141592653589793 1.1165085866034836 
3.055874128673432 0.08092832190991342 
2.1290821604818873 0.9196423762535127 
2.509287291990012 0.4338169096431814 
3.055871549654281 0.08540888248203507 
-3.141320779262538 1.1019033324286318 
3.05585237506016 0.10836238263193203 
2.1266580791775618 1.0555182083951977 
3.0553205213619634 0.20125592160919928 
-3.141320779262538 1.1019033324286318 
2.14598377164337 0.7347748025833117 
2.510182306782836 0.36932876494918787 
2.5092722918815302 0.45949470841477147 
2.5107483663285994 0.2926015838961852 
3.055871549654281 0.08540888248203507 
2.509286428302905 0.4587911305343127 
3.0558618566971822 0.10258455227503024 
2.509286428302905 0.4587911305343127 
2.5101638592444533 0.37690981956840164 
2.5107288041580937 0.32036637875255974 
2.1266580791775618 1.0555182083951977 
2.510182306782836 0.36932876494918787 
2.145983968643874 0.6808949453348573 
2.1364824269807494 0.9150342301674459 
2.1459443228106645 0.8443278610376069 
2.5101638592444533 0.37690981956840164 
2.5101442342501774 0.38008871980511794 
2.509286428302905 0.4587911305343127 
2.51019056645247 0.3215736025009336 
2.510185537175458 0.3641181096130424 
-3.141320779262538 1.1019033324286318 
2.5107673967728 0.26268446926832123 
3.05585237506016 0.10836238263193203 
-3.141316432443014 1.0985888915603483 
2.1364824269807494 0.9150342301674459 
2.1459443228106645 0.8443278610376069 
2.5108180452288615 0.24724058035066007 
2.162757785903394 0.5503449564771152 
2.1290821604818873 0.9196423762535127 
2.510182306782836 0.36932876494918787 
2.1364824269807494 0.9150342301674459 
2.5101638592444533 0.37690981956840164 
3.0553205213619634 0.20125592160919928 
2.5107673967728 0.26268446926832123 
2.5094274570474338 0.43363817082349215 
-3.141327506287679 1.1021590403513433 
-3.141320779262538 1.1019033324286318 
-3.141316432443014 1.0985888915603483 
2.510182306782836 0.36932876494918787 
3.0558499850751426 0.11169655234217889 
-3.141338904177266 1.1044187537618049 
2.1672728547719307 0.4740871355043624 
2.5107483663285994 0.2926015838961852 
