2.5099594487731487 -4.037698406175198 2.9512171863732743 
2.510182306782836 -4.037698445607131 2.9512171863732743 
3.0553205213619634 -4.981365475643544 0.4280752004851508 
-3.141592653589793 -4.9999999949349885 0.0015126071308584899 
3.055874128673432 -4.981684896598576 0.4280746512596504 
2.1290821604818873 -2.732782675649779 4.247170382412618 
2.509287291990012 -4.030315814002254 2.954084994868317 
3.055871549654281 -4.981685090827973 0.42809293365188344 
-3.141320779262538 -4.999999776268566 -0.0023154448514016448 
3.05585237506016 -4.981684869318324 0.42809168044491797 
2.1266580791775618 -2.688824025068626 4.188343324754724 
3.0553205213619634 -4.981365475643544 0.4280752004851508 
-3.141320779262538 -4.999999776268566 -0.0023154448514016448 
2.14598377164337 -2.7156285034343735 4.217393477386367 
2.510182306782836 -4.037698445607131 2.9512171863732743 
2.5092722918815302 -4.037701673698949 2.9539538932481695 
2.5107483663285994 -4.037699881831724 2.948861195755138 
3.055871549654281 -4.981685090827973 0.42809293365188344 
2.509286428302905 -4.037845657967706 2.9539596167421887 
3.0558618566971822 -4.981689905952911 0.4280746512596504 
2.509286428302905 -4.037845657967706 2.9539596167421887 
2.5101638592444533 -4.037697288042393 2.951218769617173 
2.5107288041580937 -4.0377973735657635 2.948861195755138 
2.1266580791775618 -2.688824025068626 4.188343324754724 
2.510182306782836 -4.037698445607131 2.9512171863732743 
2.145983968643874 -2.7159135914825088 4.2075743320893535 
2.1364824269807494 -2.688824025068626 4.15022176205585 
2.1459443228106645 -2.6994453161379557 4.217393477386367 
2.5101638592444533 -4.037697288042393 2.951218769617173 
2.5101442342501774 -4.0379189608409325 2.9513328956235485 
2.509286428302905 -4.037845657967706 2.9539596167421887 
2.51019056645247 -4.0377314144706515 2.9513842955731686 
2.510185537175458 -4.037698445607131 2.9512513547046835 
-3.141320779262538 -4.999999776268566 -0.0023154448514016448 
2.5107673967728 -4.037709143614714 2.9488798999604633 
3.05585237506016 -4.981684869318324 0.42809168044491797 
-3.141316432443014 -4.999999801222918 -0.0022821495055316277 
2.1364824269807494 -2.688824025068626 4.15022176205585 
2.1459443228106645 -2.6994453161379557 4.217393477386367 
2.5108180452288615 -4.037816287018767 2.9488643459743114 
2.162757785903394 -2.784529885791823 4.149906483969985 
2.1290821604818873 -2.732782675649779 4.247170382412618 
2.510182306782836 -4.037698445607131 2.9512171863732743 
2.1364824269807494 -2.688824025068626 4.15022176205585 
2.5101638592444533 -4.037697288042393 2.951218769617173 
3.0553205213619634 -4.981365475643544 0.4280752004851508 
2.5107673967728 -4.037709143614714 2.9488798999604633 
2.5094274570474338 -4.0385440196314715 2.9540606558282243 
-3.141327506287679 -4.999999776268566 -0.0022821495055316277 
-3.141320779262538 -4.999999776268566 -0.0023154448514016448 
-3.141316432443014 -4.999999801222918 -0.0022821495055316277 
2.510182306782836 -4.037698445607131 2.9512171863732743 
3.0558499850751426 -4.981679477705354 0.42807544871715875 
-3.141338904177266 -4.999999776268566 -0.0022821495055316277 
2.1672728547719307 -2.808558387911601 4.133726404477288 
2.5107483663285994 -4.037699881831724 2.948861195755138 
