-14.426725215288482 -11.626531227263063 
-19.99729786615904 0.0057632270066999 
-14.426725215288482 -11.626531227263063 
-19.99729786615904 0.0057632270066999 
-19.079167338363654 0.005239055231778821 
-17.043056035639623 -3.877473688976034 
-17.93906520109534 -3.874370711442074 
-16.847364337310456 -4.313518511026078 
-16.6026465087435 -5.3281484992794255 
-16.73324416522476 -4.676657625234121 
-16.54648619791943 -5.512074201605746 
-15.636723428511218 -7.752496255827554 
-18.519875784084938 -1.6151704891648875 
-15.880739994716134 -7.751421511301392 
-18.809145738926485 -0.5620818251879016 
-15.489282077673248 -8.1726455057727 
-18.8998320732074 -0.3305468298605333 
-14.620754685178373 -11.416232312694776 
-14.896332457698781 -10.600245338800473 
-18.4684897059147 -1.8482969368470623 
-14.669058056558857 -11.204995472863894 
-15.989859900030615 -7.666531645343998 
-15.09870904053022 -9.738654658665407 
-15.202421820106368 -9.29126587594594 
-16.69681702855401 -4.866280061701962 
-18.055058952953765 -3.6992134128014564 
-18.745187470628796 -0.7535870333371434 
-15.044419051528633 -10.025318118661389 
-16.979585718511938 -3.9093764664611292 
-16.932472023560805 -4.0944781064830345 
-14.945312602990649 -10.38032815137462 
-18.36538288678107 -2.343731518617042 
-16.50569765556308 -5.777949254741851 
-16.447009627340606 -5.958687316461747 
-16.398017054168044 -6.285709672524725 
-18.08149995929162 -3.60411630701108 
-18.56257262628977 -1.4330796627891582 
-18.35004475267226 -2.4193716814237565 
-16.34337258506865 -6.510095147721929 
-19.01103833005522 -0.08016069117863145 
-16.89650568627645 -4.175646892462135 
-16.65451783382941 -5.054781966130301 
-14.977358815325289 -10.13270890741017 
-18.41599849465174 -1.9046200531144672 
-18.226228088626126 -3.0236533398889565 
-16.193630852178824 -7.137195529293482 
-18.944324685526478 -0.11362504123691197 
-18.68256518053944 -0.9411535789551443 
-15.567540860489606 -7.848632925043531 
-14.785454857505417 -10.942832053062858 
-18.586913022837155 -1.332025661154814 
-16.111906939306763 -7.39843548287635 
-15.246450899366334 -9.13904165680273 
-18.213200712654825 -3.0845158448518735 
-16.360744122581114 -6.426498103407598 
-17.974591317848205 -3.854647051834941 
-18.626156992158062 -1.1729097323206295 
-16.268199245911973 -6.8316859030651855 
-14.469632994965115 -11.616562056126176 
-18.774225363339625 -0.6637275366688142 
-16.04911551049633 -7.518358554514071 
-18.249185705044635 -2.780022346302578 
-16.20415020516646 -6.96492346016344 
-18.29553462477946 -2.6121400955954326 
-14.97101944480313 -10.31948699288397 
-14.748725324062661 -11.063754723614217 
-15.905372559861174 -7.713773592239523 
-14.705367047313713 -11.089016607025464 
-14.817054029533843 -10.843299073916583 
-18.41106313570288 -2.11194848054141 
-15.176264451713742 -9.472595739547675 
-14.469632994965115 -11.616562056126176 
-15.446141109749753 -8.374053262136941 
-16.157864336510592 -7.240316423671185 
-15.166450579096061 -9.513074700298482 
-15.28104289064177 -9.03035031281627 
-16.302073351493163 -6.718036198340583 
-15.128503387956247 -9.655936538991966 
-16.65605733131745 -5.0471833548675455 
-15.366408046405287 -8.682232949944716 
-15.405595374970556 -8.527621247943241 
-14.859140062011853 -10.717262600033632 
-16.249254029761484 -6.933583818575852 
-15.323358907674974 -8.854521205741008 
-16.723711105155104 -4.7112647479846705 
-18.13887417579358 -3.410781366057369 
-15.323358907674974 -8.854521205741008 
-16.13415041282591 -7.297241204302023 
-18.253242286987344 -2.760227909507307 
-16.05829823489857 -7.489031000698482 
-18.174058367752163 -3.260813252057863 
-15.035767703553315 -10.062380669811109 
-15.53223918108642 -8.001146990087122 
-15.446141109749753 -8.374053262136941 
-15.53223918108642 -8.001146990087122 
-18.41106313570288 -2.11194848054141 
-18.62088759320719 -1.1933748021264885 
-15.616600940041732 -7.813973200158868 
-18.29366442232728 -2.62136932668773 
-18.174058367752163 -3.260813252057863 
