-1.1565921433727473 -1.1546611246668728 -1.1536116297909562 
-0.0010018199902795955 5.3004546297424845E-6 3.493052598172173E-4 
-1.1565921433727473 -1.1546611246668728 -1.1536116297909562 
-0.0010018199902795955 5.3004546297424845E-6 3.493052598172173E-4 
-0.48184716043275344 -9.78070206544561E-4 4.030274110155146E-4 
-0.5145505352229585 -1.0791951041621589E-4 -1.1026253223072773 
-1.1536942648885602 3.371553910733042E-5 1.9843828712886872E-4 
-0.6358660700417862 -1.0791951041621589E-4 -1.0898143101708389 
-0.9043733915999704 -7.569080871849658E-6 -0.9574691924923866 
-1.0785789337719118 -0.004728391910080722 -0.7114800051358017 
-0.8884679562965152 -0.030484706411103096 -1.0068326621015298 
-1.0757766943364828 -0.5940601406527373 -1.079538996112436 
-0.8005067204872398 2.124896326945468E-6 3.492816860965036E-4 
-1.1531734851473716 -8.924538251810715E-6 -1.1530787118048975 
-0.63357726729964 5.798208896550302E-6 3.486843435173632E-4 
-1.0790209785599505 -0.7220832899374672 -1.0296146903293137 
-0.5823709866151443 2.0587136740806762E-6 3.492816860965036E-4 
-1.1204373829820293 -1.1032932991240172 -1.1035126336815724 
-1.069479588429364 -1.0093535084812035 -1.0763858635638628 
-0.8307520820581963 5.798208896550302E-6 3.492816860965036E-4 
-1.1571375203810925 -1.0361417612481103 -1.1483162088930103 
-1.123043382421588 -7.569080871849658E-6 -1.11473515356691 
-1.022589528077904 -0.9422309238179039 -1.0633943167903293 
-1.0762831536989201 -0.8210866221545681 -1.1204705242023287 
-0.9261102162661994 2.175365179130779E-6 -0.8791417789262161 
-1.0809900726261847 7.137028769564572E-6 3.4931468602182977E-4 
-0.6700037999335384 7.115219195495666E-6 3.532051067346158E-4 
-1.0697984400253213 -0.9429103801054173 -1.0633943167903293 
-0.547643839384031 -0.04091878372175051 -1.1026253223072773 
-0.5823709866151443 2.302672743908025E-5 -1.095794129166606 
-1.1213778286273335 -0.9440261156257286 -1.0973371888830632 
-0.891997359165191 5.3004546297424845E-6 3.493052598172173E-4 
-0.9628246084445453 -0.009950583777877536 -0.9573401643803379 
-0.9232079559613984 -0.037124086803208334 -1.031853631759906 
-1.029007339739567 1.8293157602968393E-6 -0.9569706955723738 
-1.062728956321025 -7.01965919108607E-6 0.001866816450048825 
-0.7757334270679849 2.3402085938940604E-6 1.6148791581827016E-4 
-0.9011726923926835 2.7803711863508097E-6 3.492816860965036E-4 
-1.0523769452766134 5.360388188287433E-6 -0.9670848361269675 
-0.5156343655446627 2.1090310086071477E-4 0.004540591612914691 
-0.5969626550789897 6.910524210053705E-4 -1.1020408710359377 
-0.9034382484539498 -0.007108388447095493 -0.927041915105205 
-1.075424114089536 -0.9206882679921052 -1.1541767245729773 
-0.8424296471417823 1.8676591239058388E-6 -0.016744520033397464 
-0.9758628391320154 5.3004546297424845E-6 3.493052598172173E-4 
-1.067746470057126 5.306249073599296E-6 -1.043425763676468 
-0.5353761927344278 7.398795559143014E-7 -0.020168638820586948 
-0.7032902696711475 7.398795559143014E-7 0.0026498065587998096 
-1.0101753282011583 -0.696496404035055 -1.0722003979655788 
-1.0754861504592823 -1.0622118759383634 -1.0722003979655788 
-0.7615408754447898 2.3402085938940604E-6 1.6148791581827016E-4 
-1.0880410496506643 2.175365179130779E-6 -1.0737063590766909 
-1.0275409447313308 -0.8621961797913442 -1.0679509149292399 
-0.9837866563034162 5.798208896550302E-6 3.492816860965036E-4 
-1.051582330776949 -3.747754507638715E-4 -0.9573362303020052 
-1.1309972817662104 2.9510828042669714E-4 4.028458089146085E-4 
-0.7384627068858121 7.088183212211522E-6 4.030457786337587E-4 
-1.0648983253889839 -3.2820249709603067E-4 -1.0005092450720123 
-1.153853933636921 -1.1359671279344943 -1.1516164246887155 
-0.6534356046375668 5.798208896550302E-6 3.486843435173632E-4 
-1.0785789337719118 -0.004485794395364124 -1.122283615047593 
-0.9484336508482435 7.115219195495666E-6 0.011511566079399016 
-1.0076696364707178 0.0312268736989611 -1.096444531986739 
-0.9265968856074687 -1.0573238700960409E-4 -0.006430400454513707 
-1.0624863756196807 -0.97460829328839 -1.0795245190148273 
-1.0697889333434834 -1.0702475724416511 -1.0969276351290878 
-1.1242445228531042 -7.569080871849658E-6 -1.166598414992401 
-1.1129442835367378 -1.095230112111985 -1.045083292969614 
-1.0785362967357268 -1.0498498600364834 -1.0635170834604712 
-0.001020977992544081 2.175365179130779E-6 -0.863972485738072 
-1.069479588429364 -0.8665995776391828 -1.0784452698406561 
-1.153853933636921 -1.1359671279344943 -1.1516164246887155 
-1.0790209785599505 -0.7220832899374672 -1.063410878369301 
-1.0697984400253213 0.008207690300954917 -1.0633943167903293 
-1.076273040495923 -0.8668621244017414 -1.079538996112436 
-1.0763801914130795 -0.8121865589301678 -1.0692942508555434 
-1.0036674984670642 -8.924538251810715E-6 -1.0408011903736076 
-1.0647648127772602 -0.9148299614333819 -1.0435016939348862 
-0.9034382484539498 -0.007108388447095493 -0.9261154144377405 
-1.0712675534281288 -0.7615544631324784 -1.0795245190148273 
-1.0788625651009807 -0.7454539822714908 -1.063410878369301 
-1.0790209785599505 -1.0292914830242634 -1.063410878369301 
-1.0510273949214775 5.319169726053354E-6 -1.0258569993862183 
-1.0630083660919536 -0.7924098373476636 -1.0777266238409653 
-1.0785789337719118 -0.004728391910080722 -0.716978582714525 
-1.029461725700839 3.3687807220366035E-5 1.629387890867415E-4 
-1.0630083660919536 -0.7924098373476636 -1.0777266238409653 
-1.0754861504592823 0.01654941303204782 -1.0722003979655788 
-0.9459823100522222 7.115219195495666E-6 0.011511566079399016 
-1.067746470057126 7.1258884729556585E-6 -1.127497373433056 
-1.0076696364707178 2.302672743908025E-5 3.492816860965036E-4 
-1.075424114089536 -0.9440261156257286 -1.0634659594592841 
-1.0998305163969975 -0.5882479801673274 -1.1378793977640627 
-1.0790209785599505 -0.7220832899374672 -1.063410878369301 
-1.0998305163969975 -0.5882479801673274 -1.1378793977640627 
-0.001020977992544081 2.175365179130779E-6 -0.863972485738072 
-0.7415176688631235 7.088183212211522E-6 4.030457786337587E-4 
-1.0998305163969975 -0.5882479801673274 -1.0764974997080579 
-0.9277225038221832 -1.0567819814816227E-4 -0.006430400454513707 
-1.0076696364707178 2.302672743908025E-5 3.492816860965036E-4 
