0.7528821104104875 1.3284299276559715 
0.6367681055489791 1.9948333251056405 
0.6367681055489791 1.9948333251056405 
0.6089892393682745 2.495831294805017 
0.6583816230138121 1.634554340246132 
0.7358459541782633 1.3595928546057676 
0.4166860568592965 7.800065361312854 
0.4422159805531314 6.83808188249277 
0.5102192122879776 4.719914072637078 
0.4209959482873542 7.628196409195215 
0.5999792175759288 2.6675560145760926 
0.6666059278319136 1.5009885799945675 
0.5805981012813765 3.0612935060815336 
0.49443176326442767 5.162343494168369 
0.7065276804294094 1.4161729437167436 
0.45887147836491504 6.257063963246236 
0.43767906777644583 6.99820202414086 
0.6542733098409282 1.7150842243716768 
0.45558479745425845 6.371605579368905 
0.4835126215459633 5.478378530260363 
0.4272476868761995 7.393115301979549 
0.4017631936153999 8.429422719493193 
0.3967059276352679 8.650097484963878 
0.505077031468942 4.860768380726449 
0.6666059278319136 1.5009885799945675 
0.39063024829007015 8.923216857408635 
0.5386187822846775 3.9964440426253205 
0.8714067749434351 1.1482213746815706 
0.5337687044255913 4.114856399962978 
0.47520710040884195 5.732849557527533 
0.4166860568592965 7.800065361312854 
0.6666059278319136 1.5009885799945675 
0.6045131680483719 2.5796918524642125 
0.505077031468942 4.860768380726449 
0.5955232002015413 2.7547371347922684 
0.40544409253603075 8.265027148410658 
0.4621477656035526 6.14856743361187 
0.5533933512944611 3.6495522924319648 
0.6427078638654301 1.8926187130823795 
0.450210560404377 6.550991985698371 
0.4314610524217723 7.23032904015757 
0.4272476868761995 7.393115301979549 
0.4089826962017905 8.133013404945308 
0.5830290730797052 3.019085559528774 
0.4209959482873542 7.628196409195215 
0.5183606441490569 4.504121487550716 
0.49443176326442767 5.162343494168369 
0.5787474988630646 3.0963856148557087 
0.4702501246185207 5.88583545338258 
0.4702501246185207 5.88583545338258 
0.5533933512944611 3.6495522924319648 
0.4443347819661013 6.757517480963363 
0.6193448243613062 2.3030605206605186 
0.5281905889078898 4.252932879858336 
0.45558479745425845 6.371605579368905 
0.6459086891619895 1.8375215619600362 
0.5485302185477711 3.7629152114735684 
0.5281905889078898 4.252932879858336 
0.626156396520426 2.1798361158908737 
0.626156396520426 2.1798361158908737 
0.4750192716924321 5.737665774096031 
0.5584338910188879 3.535163308576023 
0.6045131680483719 2.5796918524642125 
0.5584338910188879 3.535163308576023 
0.5787474988630646 3.0963856148557087 
0.6089892393682745 2.495831294805017 
0.6193448243613062 2.3030605206605186 
0.6213063516378017 2.2678446161558976 
0.4888695764086217 5.324893638331352 
0.6666059278319136 1.5009885799945675 
0.41392201394043887 7.917664875218458 
0.5748230879236942 3.179209328738698 
0.6666059278319136 1.5009885799945675 
0.5386187822846775 3.9964440426253205 
0.435465279146698 7.075880228834039 
0.6666059278319136 1.5009885799945675 
0.4835126215459633 5.478378530260363 
0.5955232002015413 2.7547371347922684 
0.6616106056552691 1.580595810972091 
0.5485302185477711 3.7629152114735684 
0.5955232002015413 2.7547371347922684 
0.5682329981331334 3.319023896486041 
0.5225795929715107 4.397000911633859 
0.5639027663420817 3.4176694519893567 
0.5386187822846775 3.9964440426253205 
0.4621477656035526 6.14856743361187 
0.5171558505245979 4.539795659864656 
0.5102192122879776 4.719914072637078 
0.5225795929715107 4.397000911633859 
0.3926611084828138 8.828581190201755 
0.6367681055489791 1.9948333251056405 
0.5682329981331334 3.319023896486041 
0.5102192122879776 4.719914072637078 
0.4460046958560262 6.695325512417991 
0.4835126215459633 5.478378530260363 
0.4976248544583264 5.068413671472268 
0.4976248544583264 5.068413671472268 
