0.7528821104104875 1.5112746607901938E-4 
0.6367681055489791 0.2702462373134895 
0.6367681055489791 0.2702462373134895 
0.6089892393682745 0.5199344018148431 
0.6583816230138121 0.07616053943551926 
0.7358459541782633 4.5090139132984296E-4 
0.4166860568592965 2.2501784786502372 
0.4422159805531314 2.023909084769143 
0.5102192122879776 1.4081908402078303 
0.4209959482873542 2.2114397810113298 
0.5999792175759288 0.6004781704653268 
0.6666059278319136 5.678850323851223E-4 
0.5805981012813765 0.7773811970959462 
0.49443176326442767 1.5524265963983135 
0.7065276804294094 5.653850110794815E-4 
0.45887147836491504 1.871188191038635 
0.43767906777644583 2.062966538037208 
0.6542733098409282 0.12213383213561825 
0.45558479745425845 1.9028066373352055 
0.4835126215459633 1.6488651649873094 
0.4272476868761995 2.1586914115797975 
0.4017631936153999 2.386631792117795 
0.3967059276352679 2.431544946908093 
0.505077031468942 1.4550624643954106 
0.6666059278319136 5.678850323851223E-4 
0.39063024829007015 2.4856784165556745 
0.5386187822846775 1.152559823707704 
0.8714067749434351 5.678850323851223E-4 
0.5337687044255913 1.1963815695055917 
0.47520710040884195 1.724290815312772 
0.4166860568592965 2.2501784786502372 
0.6666059278319136 5.678850323851223E-4 
0.6045131680483719 0.5594576943217142 
0.505077031468942 1.4550624643954106 
0.5955232002015413 0.6405098742255163 
0.40544409253603075 2.3510064319730173 
0.4621477656035526 1.8415467011064952 
0.5533933512944611 1.0196379738333081 
0.6427078638654301 0.21640093019691542 
0.450210560404377 1.9493257730858462 
0.4314610524217723 2.1196053770220877 
0.4272476868761995 2.1586914115797975 
0.4089826962017905 2.326261750599836 
0.5830290730797052 0.760214655320384 
0.4209959482873542 2.2114397810113298 
0.5183606441490569 1.3347593156123976 
0.49443176326442767 1.5524265963983135 
0.5787474988630646 0.7920254301133142 
0.4702501246185207 1.7678148554372655 
0.4702501246185207 1.7678148554372655 
0.5533933512944611 1.0196379738333081 
0.4443347819661013 2.0026000565359743 
0.6193448243613062 0.4263886136619472 
0.5281905889078898 1.246359122398102 
0.45558479745425845 1.9028066373352055 
0.6459086891619895 0.18687114339249855 
0.5485302185477711 1.0640727033263286 
0.5281905889078898 1.246359122398102 
0.626156396520426 0.36491832733131113 
0.626156396520426 0.36491832733131113 
0.4750192716924321 1.725501817225691 
0.5584338910188879 0.9741550017953138 
0.6045131680483719 0.5594576943217142 
0.5584338910188879 0.9741550017953138 
0.5787474988630646 0.7920254301133142 
0.6089892393682745 0.5199344018148431 
0.6193448243613062 0.4263886136619472 
0.6213063516378017 0.40902626454525165 
0.4888695764086217 1.6031784973920122 
0.6666059278319136 5.678850323851223E-4 
0.41392201394043887 2.2772957908558977 
0.5748230879236942 0.8274829235013935 
0.6666059278319136 5.678850323851223E-4 
0.5386187822846775 1.152559823707704 
0.435465279146698 2.0813001590578164 
0.6666059278319136 5.678850323851223E-4 
0.4835126215459633 1.6488651649873094 
0.5955232002015413 0.6405098742255163 
0.6616106056552691 0.04573895179342642 
0.5485302185477711 1.0640727033263286 
0.5955232002015413 0.6405098742255163 
0.5682329981331334 0.8859788995757778 
0.5225795929715107 1.2977829466969835 
0.5639027663420817 0.9272332584196245 
0.5386187822846775 1.152559823707704 
0.4621477656035526 1.8415467011064952 
0.5171558505245979 1.3477818856851842 
0.5102192122879776 1.4081908402078303 
0.5225795929715107 1.2977829466969835 
0.3926611084828138 2.466640476475141 
0.6367681055489791 0.2702462373134895 
0.5682329981331334 0.8859788995757778 
0.5102192122879776 1.4081908402078303 
0.4460046958560262 1.9861466188230787 
0.4835126215459633 1.6488651649873094 
0.4976248544583264 1.5221686156009786 
0.4976248544583264 1.5221686156009786 
