0.41865440159463085 2.25227705285124 
0.5076117678407627 1.435828306880409 
0.5834011164182303 0.786388679854165 
0.4100911120294754 2.321900255537903 
0.5707104642851135 0.8876877349111592 
0.6336931023181525 0.32612816062837446 
0.590525832845594 0.6994234001417763 
0.4706937538470271 1.793203011335928 
0.5623476763183255 0.9390236052599715 
0.4973976551326003 1.5547355713458184 
0.3955740393916806 2.440541760431323 
0.4015178086362569 2.4007022068259367 
0.6841805615372687 2.8959401778646453E-5 
0.47440718066549115 1.7306290838053695 
0.5952020085120949 0.6733459149136393 
0.44743578975956316 1.983655172765185 
0.7474984318053883 3.9317226975296715E-5 
0.49790742825448076 1.5240696577849653 
0.662789140840548 0.03802585717527973 
0.8941803032874295 6.28067342549578E-11 
0.625874224155169 0.4406640802740012 
0.4323292936659605 2.117034497353447 
0.3916993736091838 2.480745708437135 
0.5211722059316922 1.359004722283088 
0.5053093982626307 1.4623291440521673 
0.6399099905191074 0.2556996255467071 
0.4708723498439136 1.764269814849287 
0.6304279126274563 0.3803627987628556 
0.9550683111485448 7.732456563646866E-11 
0.4394053548682543 2.068708025314768 
0.8483251607662902 2.038977431340072E-9 
0.4655934669852128 1.834341991642803 
0.45271490458547314 1.9376129279133765 
0.5307248057636604 1.2734023676144528 
0.4157913438661311 2.258780965243586 
0.3934420852095529 2.4730489950069767 
0.5619074924036759 0.972720991902208 
0.4204067925960187 2.2361873497106113 
0.5236795792614888 1.3235366197712244 
0.4925790701863173 1.5775452663703802 
0.4902795676235932 1.5956439085525191 
0.6428924582201718 0.22514822446357452 
0.406974395205438 2.344693544760172 
0.5351128369294569 1.18576539784261 
0.4854047175220655 1.6637171892807303 
0.4296282983883407 2.14424899580232 
0.5725383459678385 0.8586266908738251 
0.4627810536173006 1.8541045900603081 
0.578820204942407 0.8037245819875314 
0.585385740909805 0.7404450111755372 
0.5495489175934032 1.054514426033392 
0.7191937793137546 2.8959401778646453E-5 
0.7770971656500253 0.0014374962223903942 
0.4148240856661478 2.2785943827106347 
0.6020839408566029 0.6230107658660583 
0.43474610848367046 2.0952539864184794 
0.45416913246016627 1.9198346897383716 
0.48097501083781086 1.6870521873280744 
0.5586786711779332 0.9953198478931273 
0.9999999999560557 7.732456563646866E-11 
0.40348959999156236 2.376124874762625 
0.6023016100335948 0.5803798359370427 
0.6172621915438078 0.48743645491602605 
0.5974111422875552 0.6520105626397341 
0.3983048229619398 2.433532871513399 
0.5414337548130524 1.1677002466913105 
0.5035899762216811 1.4858707705017231 
0.42713887350726704 2.163314309975492 
0.44196850718337133 2.022531378247979 
0.6512085643207395 0.1404450902273584 
0.466230686024552 1.8042140075357902 
0.4494088701379425 1.9614689589320693 
0.8075406148967137 2.3759125371944692E-5 
0.5424030339044711 1.1187579352922814 
0.4597244151564498 1.8886390030071964 
0.5745696758658084 0.8334858162852592 
0.5113131782608333 1.420306489222876 
0.5649277305274701 0.9185226199770198 
0.3996727044651943 2.417980486487497 
0.6364859657686387 0.28091332756252807 
0.4440846553633499 2.0047251100903947 
0.5448777567378205 1.1027396723486234 
0.5244389809203273 1.2838376135778296 
0.5313338512752456 1.224073784987502 
0.6567319115086966 0.09123966666628314 
0.4868385669588444 1.618728584506683 
0.5142724833553243 1.3789899113350395 
0.4215778430242907 2.206385656486286 
0.6474721445038051 0.17641739076257945 
0.4723723065782617 1.749975091449245 
0.394270117218099 2.4606919550171145 
0.4566132928698114 1.9048803933603018 
0.5011134787741133 1.499797804049092 
0.6074949606787283 0.5330124226404359 
0.4242372781408355 2.1818693512943454 
0.3897640434561844 2.4950475670025343 
0.43672042906863595 2.079319265806757 
0.4398576540801066 2.0417531210902595 
0.47595873131570166 1.718757155893756 
0.4116842673002058 2.296672849454504 
