0.4377801376024837 -0.06742922512683061 
0.04719629586611379 0.7358973344120876 
0.4490896189912533 -0.11893487476827322 
0.841200583819935 -0.7263363182080348 
0.08112659060499813 0.6700066782303556 
0.8476531039073287 -0.7658409640441252 
0.02061352042145881 0.8442012465154553 
0.012092266373140176 0.8857881467647882 
0.07853519135499952 0.6708765109250683 
0.21896144269150805 0.4093690834402845 
0.42761656381333046 0.0199995583206964 
0.06210951416894804 0.6933172349168623 
0.02976508143326756 0.8037010716999041 
0.8421675487642356 -0.7343915433163444 
0.023584267543318882 0.830687263353116 
0.4506346075489409 -0.12172670401215983 
0.200572883559668 0.5486841853637601 
0.849316075021802 -0.77058783033948 
0.8442385001393937 -0.7491332470379332 
0.4531891409205232 -0.1239988014380297 
0.25515891256613965 0.24321625677150577 
0.21888392985110167 0.4099763384946009 
0.05297327157215995 0.7172692915278506 
0.4533407341898154 -0.12401730813334796 
0.23653494751426601 0.298091337889323 
0.45230453201128784 -0.12355180586482506 
0.2146944025599754 0.44118812175793587 
0.06931286777505043 0.6799872625920512 
0.2482175159429113 0.254114466952288 
0.22883581509153345 0.34165399326764323 
0.05759183281438851 0.7042065564742033 
0.6506307010181674 -0.456982916574946 
0.4293382738705913 0.002911533834133847 
0.07943255497832169 0.6704662139518178 
0.23653494751426601 0.298091337889323 
0.016672363408459012 0.8627063455696871 
0.20998978699391668 0.47707315073358086 
0.2557085713752714 0.24283927235609365 
0.44370411713279545 -0.1010219639592664 
0.6489142949140114 -0.4539623506138479 
0.039909033457842386 0.7624818754067728 
0.8489280690293273 -0.7696942969647242 
0.07513053072837617 0.6731274651976491 
0.23209400005327363 0.32200907775642856 
0.0795112656113898 0.6704608714064417 
0.06559066257798968 0.6861841882917797 
0.6313809551583692 -0.32085342160428376 
0.83692470700186 -0.6820263146346393 
0.25174429195136033 0.24706140317836206 
0.6361780677480137 -0.37465140646388945 
0.044017396115001994 0.7471580896253894 
0.032568572551823244 0.7919057527846086 
0.2065047290599547 0.5037818487785367 
0.07655411489373948 0.672060463066321 
0.8514246603226164 -0.7731923103703786 
0.421773628141481 0.08417731902158565 
0.2253482283702366 0.3643626482586769 
0.8504069927203584 -0.7724283041030454 
0.6519814047732417 -0.4580517710654601 
0.25684688598424166 0.24241812187898165 
0.4422104561173442 -0.09390996327760878 
0.4356162736739591 -0.05172708063519217 
0.43823231632595305 -0.070488182637426 
0.003576937447640316 0.9400397934843867 
0.2550210520908752 0.24331670561290739 
0.8507547319419589 -0.7727867777724216 
0.6497693441778004 -0.45567106171731725 
0.44774829510438763 -0.1156646730261493 
0.6401539685311772 -0.4097228080844907 
0.8497394654863473 -0.77141810482784 
0.8390490961663942 -0.7057843876584777 
0.42369914428380523 0.06212273239254281 
0.24261285556230405 0.27151843999697706 
0.4328378609081682 -0.02923351848154247 
0.24662973124186144 0.25827820025024817 
0.6374764755014968 -0.3870735664878529 
0.8353001165573094 -0.6615840796980219 
0.4525114113141778 -0.12368396965175975 
0.25020178059468623 0.24974185631777743 
0.6520371973961778 -0.4580631625200903 
0.4454951554997385 -0.108378551692132 
0.8466885035807947 -0.7621435516887166 
0.6509613197508041 -0.4573477153611673 
0.64330690550008 -0.43105228347559504 
0.24069048424737977 0.2791049375063313 
0.07194474255559885 0.6764863199874399 
0.009080047456204082 0.9024064648877392 
0.001589395396957155 0.9602698304147909 
0.2574951546633792 0.24232277761806037 
0.6454273826440557 -0.4420207403644773 
0.6341897814610105 -0.35378267169999794 
0.6473364368382704 -0.44948720624245797 
0.0501951770647675 0.7259330628357286 
0.06931286777505043 0.6799872625920512 
0.6307449990154882 -0.31285768582772283 
0.25401152082258505 0.24424283572947955 
0.8455486886948083 -0.7566908448815087 
0.6418003499129283 -0.42157078262152387 
0.646360612613587 -0.44595241912204364 
