0.028525452939290277 0.8089950786583764 
0.045285330739496005 0.7425038375923577 
0.008402997986532601 0.9063227989230119 
0.6462480203255062 -0.44558484977510965 
0.2348372591311822 0.30680157969043204 
0.6491837083860704 -0.4545817902614168 
0.07435491167567532 0.6737793923826129 
0.20212605242511386 0.5370385989384203 
0.22881497856276906 0.3418039549655139 
0.44964259187077804 -0.12006822019782314 
0.08012582410169268 0.6701951405178407 
0.43427994748322096 -0.04127478046613039 
0.04065931814689969 0.7595529260982888 
0.25435229040792884 0.243778196668182 
0.43182813971981276 -0.02041418490341074 
0.058652771860653284 0.7014845133005869 
0.43832628390884865 -0.07113901028831077 
0.23352951337842764 0.31391572022924946 
0.06694280688743004 0.6836872722283558 
0.24861558599424133 0.2531160407207152 
0.24616461584269198 0.25955982680400597 
0.6367921475254336 -0.3806142400822151 
0.6522441888334449 -0.4581693780021432 
0.2372903443433686 0.29439738999976844 
0.2510547848530058 0.2481498051339199 
0.0598309347869356 0.698570847663645 
0.06467108734621266 0.6878757680910507 
0.8514667333727484 -0.7732398699713224 
0.8410691416041643 -0.725197793605474 
0.42198189906049155 0.08168143909732761 
0.005553258356593038 0.9246312302397146 
0.21117953567393072 0.46792934297032207 
0.25231319144330167 0.2461822239416982 
0.002191794119117513 0.9532075147474602 
0.45253947056283006 -0.1237307610336304 
0.2224338897713328 0.38444095199245926 
0.8430423025659801 -0.741082241406926 
0.8504580246402008 -0.7725156236873302 
0.08072402165231501 0.6700329259975786 
0.05555048643849766 0.7097461320419264 
0.25680253520165996 0.24241659770488685 
0.8470753786924615 -0.7638093354380014 
0.013288251922692937 0.8794445822387287 
0.20882449287525057 0.48602423928299104 
0.07184370313274252 0.6764736315066248 
0.22476048777632773 0.36830068511306224 
0.2183209281032636 0.414040396880943 
0.4354658174928663 -0.05062477926533143 
0.634642920454017 -0.35875510136001043 
0.42483950136714066 0.0494180219131862 
0.017765738325319802 0.8574168360041157 
0.8459808967259519 -0.7589439475084485 
0.8374943303761018 -0.6887784908491619 
0.632089658303806 -0.32960027781642953 
0.84427609917538 -0.7494175371010242 
0.8482088246426138 -0.7677665393101107 
0.8495374436186316 -0.7710841825462541 
0.650249971652788 -0.456492343072422 
0.02457461817729363 0.8262434732903878 
0.03252230125303074 0.7920306793772385 
0.07661763405073008 0.6719322391755752 
0.2493504727282691 0.25146219109114154 
0.44672877825606383 -0.11266300156199396 
0.06980778268998064 0.679197720698244 
0.05171836534918971 0.7211082222648678 
0.8510347447144228 -0.7730302522671502 
0.2539147390462655 0.24420563548649615 
0.4449331301719522 -0.10623092361790598 
0.07833247885302186 0.6709146908266179 
0.4290227640683774 0.005907308543614479 
0.4404488009183283 -0.08431129583509474 
0.8490911569442449 -0.7701299001188298 
0.24070185791322316 0.279011571357403 
0.6479057469993627 -0.4513090101530941 
0.21537622443579113 0.43601116569652404 
0.03415056793748407 0.7853577709846573 
0.44855637316038127 -0.11774765495899558 
0.24350487725519507 0.26820044798578 
0.45293741430200724 -0.12392092814795197 
0.4428957956875173 -0.09732905308875131 
0.8334426059791556 -0.6360334653501445 
0.6289789488497994 -0.28718604199356296 
0.6390001904635192 -0.40049650268331716 
0.6453674813721282 -0.4417675607027765 
0.25540348302631216 0.2430021380308751 
0.6435933997156906 -0.4327467699725514 
0.2577981563238808 0.2422457567797963 
0.6425372897459017 -0.4264323945277494 
0.4515612273423478 -0.12289374466370771 
0.8393018547090821 -0.7084173709613546 
0.8350818730449933 -0.6587659033133756 
0.651391433249025 -0.4577585481887276 
0.6406238402574052 -0.41328990287286094 
0.45341616526082473 -0.12405852356014749 
0.6498169380426405 -0.4557768661135092 
0.45068929243654654 -0.12180073425859925 
0.6517374050682773 -0.4579665715487427 
0.046797349009005326 0.7372905063331189 
