-3.139599408486843 1.0129291769498798 
-3.139599408511671 1.0129295963247684 
-3.1395994085042664 1.012929472741216 
1.3813319594643059 0.6168518461116863 
1.3813319594916524 0.5826730543157977 
1.3813319594669409 0.6149481297425722 
-3.1395994084870096 1.0129291796778197 
-3.139599408469517 1.0122798544923843 
1.3813319594916524 0.5826730543157977 
1.3813319594671665 0.6149481296599597 
-3.1395994085043566 1.0129294823751775 
-3.139599408469291 1.0122775648833722 
-3.139599408469517 1.0122798544923843 
-3.139599408487736 1.0129291948439136 
-3.1395994085043455 1.0129294747120685 
-3.139599408469291 1.0122775648833722 
1.3813319594916524 0.5826730543157977 
-3.139599408486843 1.0129291769498798 
-3.1395994084871424 1.0129291811277463 
-3.1395994085083374 1.0129295333101414 
1.3813319594643059 0.6168518461116863 
-3.139599408486843 1.0129291769498798 
-3.139599408507273 1.0129295233347329 
-3.139599408486695 1.012280144611209 
-3.1395994084870096 1.0129291796778197 
-3.1395994085084644 1.0129295353996544 
1.3813319594669409 0.6149481297425722 
1.3813319594671665 0.6149481296599597 
-3.139599408508834 1.0129295415974968 
-3.139599408486843 1.0129291769498798 
-3.1395994084870096 1.0129291796778197 
-3.139599408486843 1.0129291769498798 
1.3813319594643059 0.6168518461116863 
-3.139599408486843 1.0129291769498798 
1.3813319594643059 0.6168518461116863 
-3.139599408486843 1.0129291769498798 
