-3.139599408486843 -4.999990046177541 -0.00996726737350968 
-3.139599408511671 -4.999990046177364 -0.00996726737350968 
-3.1395994085042664 -4.999990046177382 -0.00996726737350968 
1.3813319594643059 0.9423974541657826 4.910616556304575 
1.3813319594916524 0.9414888600870208 4.910616556304575 
1.3813319594669409 0.9409767488197824 4.910616556304575 
-3.1395994084870096 -4.999990046177541 -0.00996726737350968 
-3.139599408469517 -4.9999900578930365 -0.00996726737350968 
1.3813319594916524 0.9414888600870208 4.910616556304575 
1.3813319594671665 0.9409767488197824 4.910616556304575 
-3.1395994085043566 -4.999990046177195 -0.00996726737350968 
-3.139599408469291 -4.99999005792386 -0.00996726737350968 
-3.139599408469517 -4.9999900578930365 -0.00996726737350968 
-3.139599408487736 -4.99999004617747 -0.00996726737350968 
-3.1395994085043455 -4.999990046177367 -0.00996726737350968 
-3.139599408469291 -4.99999005792386 -0.00996726737350968 
1.3813319594916524 0.9414888600870208 4.910616556304575 
-3.139599408486843 -4.999990046177541 -0.00996726737350968 
-3.1395994084871424 -4.999990046177559 -0.00996726737350968 
-3.1395994085083374 -4.999990046177542 -0.00996726737350968 
1.3813319594643059 0.9423974541657826 4.910616556304575 
-3.139599408486843 -4.999990046177541 -0.00996726737350968 
-3.139599408507273 -4.999990046177365 -0.00996726737350968 
-3.139599408486695 -4.9999900578930365 -0.00996726737350968 
-3.1395994084870096 -4.999990046177541 -0.00996726737350968 
-3.1395994085084644 -4.999990046177542 -0.00996726737350968 
1.3813319594669409 0.9409767488197824 4.910616556304575 
1.3813319594671665 0.9409767488197824 4.910616556304575 
-3.139599408508834 -4.999990046177541 -0.00996726737350968 
-3.139599408486843 -4.999990046177541 -0.00996726737350968 
-3.1395994084870096 -4.999990046177541 -0.00996726737350968 
-3.139599408486843 -4.999990046177541 -0.00996726737350968 
1.3813319594643059 0.9423974541657826 4.910616556304575 
-3.139599408486843 -4.999990046177541 -0.00996726737350968 
1.3813319594643059 0.9423974541657826 4.910616556304575 
-3.139599408486843 -4.999990046177541 -0.00996726737350968 
