-1.1088474394853602 -1.101001036533231 -1.1693597324985456 
-0.7520663376076518 8.572527743385598E-5 0.0029210549642179062 
-0.7776226783860721 0.0018629696707679721 -1.0094126255895468 
-0.8956187240097524 1.8197677407968317E-4 -0.9738119206776271 
-1.0873472063264535 -0.6192289593199924 -1.0495605559109613 
-1.0823361086309475 -0.6684200234877213 -1.0644887991668341 
-1.1537286087704068 2.2631149571379042E-4 -1.1492198343248077 
-1.0397786333817802 0.03923306262623688 -1.0124896981038016 
-1.0630156294402033 -0.7022514662916666 -1.0848102835620417 
-1.03854271977011 -6.173330919009151E-5 -1.0212476275316107 
-1.062918591113999 -0.6495748897524055 -1.084620870978492 
-8.092939771830375E-4 2.348507780109403E-4 -0.8759202628725627 
-1.1140603411886514 -0.0010044998618633626 -0.591386008275075 
-1.0601901916956267 -0.8316221776140039 -1.0718823682893803 
-1.0941681730236592 -0.9582721358598516 -1.1428427299507096 
8.451719364129774E-4 7.033095128207155E-5 -0.6701612314358675 
-1.0589237583594082 -4.940445020944241E-4 -1.0856435764491248 
-1.0874412707741 -0.6386331569065063 -1.0509514098345556 
-1.0259665026261964 6.29389467886881E-5 -0.9718298281325106 
0.0037835863110657897 3.0774353381258433E-4 -1.0716308567588362 
-1.0196205251300188 -8.630031753143834E-5 -0.9144386144467627 
-1.0626037656116316 -1.0037895203815204 -1.0330971262932553 
-1.0679963599388633 -0.8538703176871926 -1.0843806465901948 
-1.0887811412282213 -1.0485375533577592 -1.1032305159449605 
-0.002551838953854524 3.0774353381258433E-4 -1.1027038465221415 
-9.194346112953691E-4 2.010791516425979E-4 -0.8070588248587225 
-0.003588393758099273 6.29389467886881E-5 -0.8319375092942789 
-0.9783559100715825 2.3467384420758537E-4 -0.7926208722054263 
-0.5887430928188891 0.001207676345303406 -0.0016979872710621083 
-0.0023339663716134074 2.4324429059596287E-4 -0.4819363673625576 
-1.0202294282007613 -0.8038990053577888 -1.0250494198576012 
-1.0941681730236592 -0.9787354942007953 -1.0590966548178051 
-1.0132533615598893 -4.929068051900147E-4 -1.0094186979604987 
-1.0601901916956267 -0.814921456893948 -1.0718823682893803 
-1.1036160109641984 -0.814921456893948 -1.0843806465901948 
8.451719364129774E-4 7.033095128207155E-5 -0.8564828904260503 
-8.625402787799079E-4 2.010667125587072E-4 -0.9572896251753142 
-1.0881566444527877 -0.946977221247391 -1.0495605559109613 
-1.0788860657250658 -0.954138307402312 -1.0689808188730885 
-2.0056399493639565E-4 -0.0028406667487015603 -0.9377409976791754 
-0.9299759969820176 -9.716821538646148E-5 -0.911354621226112 
-1.1109611306760732 -4.940445020944241E-4 -1.0944972026456987 
-0.7776226783860721 1.8233158222884718E-4 -1.025342319367605 
-7.91453388025117E-4 2.2276400155521057E-4 -0.904050245985268 
-0.9783559100715825 2.3467384420758537E-4 -0.9192490589414182 
-1.0823361086309475 -0.6873303428753681 -1.0644887991668341 
-8.092939771830375E-4 0.001962491541317523 -1.023075578733709 
-0.9325429357313619 1.8197677407968317E-4 -0.9803456641504226 
-1.0723853459706851 -0.7717182828325073 -1.0603416157557919 
-0.6709125974705106 2.2527163693702285E-4 -1.0869717521345827 
0.0017424694658828566 2.288750599067895E-5 -0.0013615386131124647 
-1.1088474394853602 -1.101001036533231 -1.099365838824259 
-1.1119202061540172 -1.0290318248342676 -1.0845468285539699 
-0.9435301766730697 1.3079792437174767E-4 -0.9382754997999188 
-1.0796291529845101 -0.9182167477730446 -1.0119486450955988 
-8.092939771830375E-4 3.0774353381258433E-4 -0.7312427131089935 
-0.9735123044793392 2.2278374904859824E-4 -1.0019755919302864 
-0.589613008673747 0.0015167162550858227 -1.090953712046641 
-8.723201360490802E-4 2.010791516425979E-4 -0.9211213019710369 
7.704623877674639E-4 6.278571734582287E-5 -0.6164379918016046 
-1.0923197200300752 -0.9181219550116323 -1.060959040783016 
-1.1205498313344235 -0.0029038668896365083 -1.0638163568138026 
-1.0196205251300188 -1.0418638857995576E-4 -1.0807887869014594 
-0.9325429357313619 1.8233158222884718E-4 -1.0096234390028573 
-0.5554448943299484 1.7394098829094434E-5 -2.1144892420372975E-4 
-0.9571393035597653 2.2157955962973203E-4 -1.0019755919302864 
-1.0601813596382548 -0.009187850368081452 -1.0591521574275726 
-1.014420811510093 9.607374985337645E-5 -0.8162060251074041 
-1.0162404573723327 0.0212743620428301 -0.9990069500931646 
-7.953458653986445E-4 2.2276400155521057E-4 -0.8883896072994008 
-0.8843663157132979 -1.0501557497708402E-4 -0.9718746029589314 
-3.1391420682469473E-4 6.636886827958725E-5 -1.1530204452378183 
-8.641409660528699E-4 2.2276400155521057E-4 -1.044401467928206 
-8.723201360490802E-4 3.1300122171453094E-4 -0.8445353433928233 
-1.077967181781106 -1.017617227799204 -1.10160028939499 
-1.1560654829845949 -1.1459979306782926 -1.1019417593604353 
-1.0856329008941545 7.405014108160645E-6 -1.00087674151651 
-1.079738953764305 -0.895535212980511 -1.083196864208718 
-1.0887573761451999 -0.9927082531260862 -1.1013915331644946 
-1.0839069166771502 -0.7257388359441356 -1.0843806465901948 
-1.1119202061540172 -1.0588281103996575 -1.1311209779766722 
-1.1205758956918346 -1.0485375533577592 -1.1020789038067949 
-0.8159642840887187 8.807663612250393E-5 -0.9990069500931646 
-0.6267420495986478 -0.0010044998618633626 -1.0944972026456987 
-1.1119202061540172 0.003663092887640773 -1.1362531430344638 
-9.011895334491982E-4 0.0011568572091137683 -0.6919756596889721 
-0.7118435561830216 -1.4039664335695537E-4 -0.0016962246964094237 
-1.1151320623043335 -6.463982760879979E-5 -0.5287736444823414 
-8.723201360490802E-4 2.010791516425979E-4 -0.784070038461024 
-1.096326314375248 -0.7523626063737396 -1.0873376482954555 
-0.003588393758099273 6.29389467886881E-5 -0.9718298281325106 
-1.0298569899390557 -0.814921456893948 -1.0843806465901948 
-0.7691335169203778 -1.4039664335695537E-4 -0.0016979872710621083 
-0.5234606541621514 9.73801945200498E-4 -2.3102477447300984E-4 
-8.346020247962125E-4 2.227707150102775E-4 -0.9872637683171593 
-1.0796291529845101 -0.8921852530530555 -1.0640626328180833 
7.704623877674639E-4 6.384717264303783E-5 -1.0037893880477173 
-9.011895334491982E-4 3.064166725932619E-4 -0.6425364747678816 
-1.1564218985902297 -1.1459979306782926 -1.1461267263714456 
-1.0601813596382548 1.7255628945463076E-4 -0.6760018247831975 
