0.6792194587116381 1.4723012785603402 
0.4391442474203786 6.961493794009618 
0.956162633753279 1.045860789223886 
0.845492978610499 1.1827419332682598 
0.5140938887937685 4.659157292998743 
0.49764507273968345 5.1496650931906895 
0.5601927843148554 3.525100000951702 
0.4702736108004477 5.924636204909919 
0.49078709759102174 5.33020495236852 
0.4479705595610769 6.632911382210541 
0.9126084178970634 1.0957602192634213 
0.4570044207478871 6.3473395185223005 
0.6471192106912955 1.8215206462511389 
0.5902197311978039 2.885488403507299 
0.809262674953557 1.2357794992180702 
0.7831472275742816 1.2769311606833649 
0.5038961110345224 4.892672997099988 
0.8785199752163113 1.1382780452320376 
0.595868077587628 2.763842268607929 
0.5940538645377146 2.8235197524756566 
0.462622694630806 6.131572775060064 
0.46520300762945005 6.055833381716522 
0.4053105674706652 8.277453584954252 
0.5153503548459816 4.58412751578411 
0.5427596112782315 3.9008339072823848 
0.5569396339196934 3.6043643411680515 
0.4187630709068113 7.721310162188342 
0.44064610271814253 6.890550588566311 
0.5230787753565864 4.448469583460072 
0.5712936698782417 3.266520847734882 
0.408289616424062 8.156158893002882 
0.749973833448389 1.3333798543199649 
0.631975296392211 2.1671219223699625 
0.5865748820963241 2.9627743884916895 
0.9999999995933743 1.0000000095106871 
0.6206034122646995 2.285677468506469 
0.4113164864476955 8.019115890976652 
0.4351030423060517 7.09106780095855 
0.5123848332908866 4.714656959082719 
0.5019570555965487 4.990933121167238 
0.39685988698136715 8.64184930397298 
0.4553869426745972 6.409403942887377 
0.47958893677460296 5.623107677607506 
0.6525744548882214 1.7499610774385783 
0.4976606957770552 5.065843134890988 
0.40149467806325545 8.447263822094468 
0.6128590916156423 2.4290678271772657 
0.492274507873548 5.2667864298393825 
0.5695497711801913 3.333730975567659 
0.5466650804886964 3.80545786803765 
0.4579633373004855 6.296825858219261 
0.6358545359959273 2.0562400079583423 
0.4234744628228152 7.531392893117679 
0.552097646926061 3.7048246991685247 
0.7049094725536933 1.4186404159000394 
0.43392836388544975 7.163793160894799 
0.5278145801494338 4.26322006337459 
0.4753517068611331 5.767752870424009 
0.4269778494467122 7.412093150891827 
0.5981647037124992 2.7039597651007883 
0.6659154695155911 1.519415148073456 
0.5647582938494972 3.3951563149679775 
0.3927308519694377 8.844935504193678 
0.46084236425556924 6.207960856575631 
0.43049638307771443 7.289410447453365 
0.5781494595444091 3.111442511754165 
0.4140832264337686 7.9128558010741825 
0.452230901544381 6.479449147422204 
0.42536736891626775 7.466189076202857 
0.44605791740506706 6.762402661223217 
0.640884719557121 1.9328478375973244 
0.5251736832671601 4.353129048319655 
0.48834122508477273 5.4186758303537825 
0.60218181551139 2.6256898948589895 
0.6620632088535553 1.6516772144973042 
0.5744258070830885 3.1866199351923674 
0.6622636432508202 1.5735272715085464 
0.5405046665997739 3.9918608353642853 
0.508084761462834 4.821634369446374 
0.6121030684731343 2.5375125824567055 
0.47666678312824184 5.687869402323358 
0.42155896293685713 7.627623873832619 
0.4165319439439135 7.816850873409661 
0.6151502352761855 2.380722000393713 
0.46773348603829257 5.993633357602209 
0.654296217313458 1.7010865712899725 
0.4811213239923345 5.55213461170074 
0.40243496988711036 8.398923573945504 
0.47156067618299013 5.848723740588149 
0.48267476449194757 5.505456875008202 
0.43668655397390554 7.0321426952664625 
0.535067616910475 4.082563727659281 
0.4463278540437801 6.685283028242384 
0.4004661315237298 8.529665286964192 
0.5314312705174846 4.177855406772429 
0.40361917089940846 8.34898544570295 
0.44912581004855984 6.586488111870342 
0.5812363351890708 3.0611670781238205 
0.5624854250861249 3.4495546528193817 
0.44257062637506356 6.818707913928882 
