0.6792194587116381 1.567748420694458E-5 
0.4391442474203786 2.05709995309199 
0.956162633753279 1.3006763593850972E-5 
0.845492978610499 8.652092207898301E-11 
0.5140938887937685 1.395244291259571 
0.49764507273968345 1.5627054598858896 
0.5601927843148554 0.9747355845214334 
0.4702736108004477 1.7862000607620487 
0.49078709759102174 1.615995818138236 
0.4479705595610769 1.971349023407892 
0.9126084178970634 9.653013775749111E-11 
0.4570044207478871 1.9007622199524568 
0.6471192106912955 0.17874100285993533 
0.5902197311978039 0.7030721898924582 
0.809262674953557 7.022318998255953E-5 
0.7831472275742816 2.5098292386616637E-5 
0.5038961110345224 1.4653988958023048 
0.8785199752163113 8.652092207898301E-11 
0.595868077587628 0.6468853793508352 
0.5940538645377146 0.6773228205567351 
0.462622694630806 1.836604719523176 
0.46520300762945005 1.8171919028773496 
0.4053105674706652 2.3549394097298997 
0.5153503548459816 1.3624317419185694 
0.5427596112782315 1.117215095177532 
0.5569396339196934 1.0074133566833317 
0.4187630709068113 2.2333995549419594 
0.44064610271814253 2.036294262433948 
0.5230787753565864 1.3269000219273184 
0.5712936698782417 0.866142682836246 
0.408289616424062 2.3300749859178485 
0.749973833448389 7.871985032066131E-10 
0.631975296392211 0.36956751920781505 
0.5865748820963241 0.7378890376075216 
0.9999999995933743 9.1040612572497E-9 
0.6206034122646995 0.41849923629165475 
0.4113164864476955 2.2983945726933976 
0.4351030423060517 2.085345173395549 
0.5123848332908866 1.415718720003317 
0.5019570555965487 1.5052340941803997 
0.39685988698136715 2.4296033380847235 
0.4553869426745972 1.9187588659179908 
0.47958893677460296 1.6967802324728907 
0.6525744548882214 0.141979896185085 
0.4976606957770552 1.5210710192072676 
0.40149467806325545 2.3915314687672034 
0.6128590916156423 0.48867630203664114 
0.492274507873548 1.592704697824263 
0.5695497711801913 0.8987257143108763 
0.5466650804886964 1.080310931727145 
0.4579633373004855 1.8837153844300862 
0.6358545359959273 0.30746953615661365 
0.4234744628228152 2.189352559720577 
0.552097646926061 1.0454249986844943 
0.7049094725536933 1.30673154487837E-5 
0.43392836388544975 2.1085730455208544 
0.5278145801494338 1.2501897078347017 
0.4753517068611331 1.7417111717092528 
0.4269778494467122 2.1647995934664968 
0.5981647037124992 0.617413291742032 
0.6659154695155911 0.011802051718436735 
0.5647582938494972 0.9174426877936609 
0.3927308519694377 2.473679056176711 
0.46084236425556924 1.8608913583503424 
0.43049638307771443 2.1380648323975775 
0.5781494595444091 0.7988788065741695 
0.4140832264337686 2.27658086041396 
0.452230901544381 1.930207129449714 
0.42536736891626775 2.1758732031757892 
0.44605791740506706 2.0164232477197115 
0.640884719557121 0.23873264434514907 
0.5251736832671601 1.2861488160433003 
0.48834122508477273 1.6461627933322145 
0.60218181551139 0.5811427078560971 
0.6620632088535553 0.09351471662038709 
0.5744258070830885 0.8304767281399349 
0.6622636432508202 0.042089903583772514 
0.5405046665997739 1.157619409931268 
0.508084761462834 1.4497989484611629 
0.6121030684731343 0.5532192380109366 
0.47666678312824184 1.7112184108590305 
0.42155896293685713 2.2154932099252918 
0.4165319439439135 2.255968089821004 
0.6151502352761855 0.4645016986693835 
0.46773348603829257 1.8034230243866776 
0.654296217313458 0.11301450891774892 
0.4811213239923345 1.6712503553651261 
0.40243496988711036 2.3800205555649003 
0.47156067618299013 1.7580281219192544 
0.48267476449194757 1.6573451005651572 
0.43668655397390554 2.0708421606486835 
0.535067616910475 1.1844476446437964 
0.4463278540437801 1.9838280276707267 
0.4004661315237298 2.4158420606627944 
0.5314312705174846 1.2202430068594143 
0.40361917089940846 2.3698105834458536 
0.44912581004855984 1.9581618086189772 
0.5812363351890708 0.7792615338901255 
0.5624854250861249 0.9403242152489297 
0.44257062637506356 2.0177598325361084 
