2.999190462512642 0.11396942135622806 
2.333505663333058 0.4926088619905261 
2.999179475024029 0.11917450647502267 
2.3937202460355773 0.35472364276354124 
2.3937202460355773 0.35472364276354124 
2.3937202460355773 0.35472364276354124 
2.999188083984896 0.11760576733142644 
2.913666540978817 0.17080868326118512 
2.3937202460355773 0.35472364276354124 
2.999188964675265 0.11446185931948129 
2.9991822807074535 0.11904840058136017 
2.3937202460355773 0.35472364276354124 
2.3937202460355773 0.35472364276354124 
2.999190462512642 0.11396942135622806 
2.9113679506304417 0.2774461273241554 
2.999404361069153 0.07826092646754274 
2.9991905003990875 0.1137450392169886 
2.9991112556486255 0.14040956493448004 
2.999190462512642 0.11396942135622806 
2.9991952529560257 0.08872586694857643 
2.9991646619013674 0.12576988194639588 
2.9113679506304417 0.2774461273241554 
2.999190784665468 0.1136712024239007 
2.3937202460355773 0.35472364276354124 
2.913666540978817 0.17080868326118512 
2.999115570167826 0.13475551702520183 
2.3937202460355773 0.35472364276354124 
2.999109192467077 0.14119973588610707 
2.3937202460355773 0.35472364276354124 
2.3937202460355773 0.35472364276354124 
2.3937202460355773 0.35472364276354124 
2.373124547704323 0.42013991651627325 
2.3937202460355773 0.35472364276354124 
2.3937202460355773 0.35472364276354124 
2.3937202460355773 0.35472364276354124 
2.9136139244881862 0.21489527689673354 
2.9991905003990875 0.1137450392169886 
2.9991646619013674 0.12576988194639588 
2.91354874385094 0.2299101170530975 
2.9113679506304417 0.2774461273241554 
2.999165206914332 0.1256168994365689 
2.999190462512642 0.11396942135622806 
2.9991905003990875 0.1137450392169886 
2.999404361069153 0.07826092646754274 
2.3937202460355773 0.35472364276354124 
2.3937202460355773 0.35472364276354124 
2.490103082691043 0.3047320929895947 
2.3937202460355773 0.35472364276354124 
2.3937202460355773 0.35472364276354124 
2.3937202460355773 0.35472364276354124 
2.3937202460355773 0.35472364276354124 
2.3937202460355773 0.35472364276354124 
2.3937202460355773 0.35472364276354124 
2.9991886986930263 0.11525296887948705 
2.3937202460355773 0.35472364276354124 
2.999190462512642 0.11396942135622806 
2.3937202460355773 0.35472364276354124 
2.9991905003990875 0.1137450392169886 
2.3937202460355773 0.35472364276354124 
2.3937202460355773 0.35472364276354124 
2.999190784665468 0.1136712024239007 
2.3937202460355773 0.35472364276354124 
2.3937202460355773 0.35472364276354124 
2.9136139244881862 0.21489527689673354 
2.9991112556486255 0.14040956493448004 
2.999404361069153 0.07826092646754274 
2.3937202460355773 0.35472364276354124 
2.3937202460355773 0.35472364276354124 
2.9991952353453843 0.09205259154844737 
2.913666540978817 0.17080868326118512 
2.9113679506304417 0.2774461273241554 
2.3937202460355773 0.35472364276354124 
2.3937202460355773 0.35472364276354124 
2.3937202460355773 0.35472364276354124 
2.3937202460355773 0.35472364276354124 
2.3937202460355773 0.35472364276354124 
2.3937202460355773 0.35472364276354124 
2.999188083984896 0.11760576733142644 
2.3937202460355773 0.35472364276354124 
2.9135557213087235 0.2210940431905436 
2.3937202460355773 0.35472364276354124 
2.9113679506304417 0.2774461273241554 
2.3937202460355773 0.35472364276354124 
2.3937202460355773 0.35472364276354124 
2.251714550800994 0.8616612626054183 
2.2645807073587796 0.6218198763458272 
2.999108518475934 0.14450185909091479 
-3.141592653589793 1.0258061681054704 
2.3937202460355773 0.35472364276354124 
2.999190462512642 0.11396942135622806 
2.3937202460355773 0.35472364276354124 
2.9991822807074535 0.11904840058136017 
2.912947697089373 0.2368604477645494 
2.3937202460355773 0.35472364276354124 
2.3937202460355773 0.35472364276354124 
2.3937202460355773 0.35472364276354124 
2.3937202460355773 0.35472364276354124 
2.3937202460355773 0.35472364276354124 
2.3937202460355773 0.35472364276354124 
2.3937202460355773 0.35472364276354124 
