2.999190462512642 -4.949324230665993 0.7095829482864171 
2.333505663333058 -3.4587207883316604 3.6141238370258315 
2.999179475024029 -4.949350041099897 0.7095836764084791 
2.3937202460355773 -3.664895373087468 3.4003461553628846 
2.3937202460355773 -3.664895373087468 3.4003461553628846 
2.3937202460355773 -3.664895373087468 3.4003461553628846 
2.999188083984896 -4.9493242306677905 0.7095833236361144 
2.913666540978817 -4.8708843327331 1.1297188293319482 
2.3937202460355773 -3.664895373087468 3.4003461553628846 
2.999188964675265 -4.949332741121377 0.709583374449308 
2.9991822807074535 -4.949349484351673 0.7095748618655082 
2.3937202460355773 -3.664895373087468 3.4003461553628846 
2.3937202460355773 -3.664895373087468 3.4003461553628846 
2.999190462512642 -4.949324230665993 0.7095829482864171 
2.9113679506304417 -4.869104894187575 1.139838954417059 
2.999404361069153 -4.9495481922873985 0.7085452549483549 
2.9991905003990875 -4.9493242306677905 0.7095833306797472 
2.9991112556486255 -4.949324230635205 0.7095835649397747 
2.999190462512642 -4.949324230665993 0.7095829482864171 
2.9991952529560257 -4.949344331143969 0.7095836826301742 
2.9991646619013674 -4.949350009925398 0.7095839997723148 
2.9113679506304417 -4.869104894187575 1.139838954417059 
2.999190784665468 -4.949324230636186 0.7095822056952724 
2.3937202460355773 -3.664895373087468 3.4003461553628846 
2.913666540978817 -4.8708843327331 1.1297188293319482 
2.999115570167826 -4.949333086468134 0.7095579612612015 
2.3937202460355773 -3.664895373087468 3.4003461553628846 
2.999109192467077 -4.949324236310948 0.7095599698849144 
2.3937202460355773 -3.664895373087468 3.4003461553628846 
2.3937202460355773 -3.664895373087468 3.4003461553628846 
2.3937202460355773 -3.664895373087468 3.4003461553628846 
2.373124547704323 -3.594362276797405 3.476509040937855 
2.3937202460355773 -3.664895373087468 3.4003461553628846 
2.3937202460355773 -3.664895373087468 3.4003461553628846 
2.3937202460355773 -3.664895373087468 3.4003461553628846 
2.9136139244881862 -4.8701423239776 1.1297686177793407 
2.9991905003990875 -4.9493242306677905 0.7095833306797472 
2.9991646619013674 -4.949350009925398 0.7095839997723148 
2.91354874385094 -4.869849890801721 1.1307017839384597 
2.9113679506304417 -4.869104894187575 1.139838954417059 
2.999165206914332 -4.949350009925398 0.7095839997723148 
2.999190462512642 -4.949324230665993 0.7095829482864171 
2.9991905003990875 -4.9493242306677905 0.7095833306797472 
2.999404361069153 -4.9495481922873985 0.7085452549483549 
2.3937202460355773 -3.664895373087468 3.4003461553628846 
2.3937202460355773 -3.664895373087468 3.4003461553628846 
2.490103082691043 -3.9768222039122176 3.0318564451322336 
2.3937202460355773 -3.664895373087468 3.4003461553628846 
2.3937202460355773 -3.664895373087468 3.4003461553628846 
2.3937202460355773 -3.664895373087468 3.4003461553628846 
2.3937202460355773 -3.664895373087468 3.4003461553628846 
2.3937202460355773 -3.664895373087468 3.4003461553628846 
2.3937202460355773 -3.664895373087468 3.4003461553628846 
2.9991886986930263 -4.949332676617198 0.7095821998096351 
2.3937202460355773 -3.664895373087468 3.4003461553628846 
2.999190462512642 -4.949324230665993 0.7095829482864171 
2.3937202460355773 -3.664895373087468 3.4003461553628846 
2.9991905003990875 -4.9493242306677905 0.7095833306797472 
2.3937202460355773 -3.664895373087468 3.4003461553628846 
2.3937202460355773 -3.664895373087468 3.4003461553628846 
2.999190784665468 -4.949324230636186 0.7095822056952724 
2.3937202460355773 -3.664895373087468 3.4003461553628846 
2.3937202460355773 -3.664895373087468 3.4003461553628846 
2.9136139244881862 -4.8701423239776 1.1297686177793407 
2.9991112556486255 -4.949324230635205 0.7095835649397747 
2.999404361069153 -4.9495481922873985 0.7085452549483549 
2.3937202460355773 -3.664895373087468 3.4003461553628846 
2.3937202460355773 -3.664895373087468 3.4003461553628846 
2.9991952353453843 -4.949324236058267 0.7095831205257916 
2.913666540978817 -4.8708843327331 1.1297188293319482 
2.9113679506304417 -4.869104894187575 1.139838954417059 
2.3937202460355773 -3.664895373087468 3.4003461553628846 
2.3937202460355773 -3.664895373087468 3.4003461553628846 
2.3937202460355773 -3.664895373087468 3.4003461553628846 
2.3937202460355773 -3.664895373087468 3.4003461553628846 
2.3937202460355773 -3.664895373087468 3.4003461553628846 
2.3937202460355773 -3.664895373087468 3.4003461553628846 
2.999188083984896 -4.9493242306677905 0.7095833236361144 
2.3937202460355773 -3.664895373087468 3.4003461553628846 
2.9135557213087235 -4.869633978196645 1.1304719852510297 
2.3937202460355773 -3.664895373087468 3.4003461553628846 
2.9113679506304417 -4.869104894187575 1.139838954417059 
2.3937202460355773 -3.664895373087468 3.4003461553628846 
2.3937202460355773 -3.664895373087468 3.4003461553628846 
2.251714550800994 -3.1967690594097027 3.8724964088097997 
2.2645807073587796 -3.1967690594097027 3.821386987924659 
2.999108518475934 -4.949318161773901 0.7095743739900432 
-3.141592653589793 -4.99999999999981 1.7071217983323784E-5 
2.3937202460355773 -3.664895373087468 3.4003461553628846 
2.999190462512642 -4.949324230665993 0.7095829482864171 
2.3937202460355773 -3.664895373087468 3.4003461553628846 
2.9991822807074535 -4.949349484351673 0.7095748618655082 
2.912947697089373 -4.869849890801721 1.1307017839384597 
2.3937202460355773 -3.664895373087468 3.4003461553628846 
2.3937202460355773 -3.664895373087468 3.4003461553628846 
2.3937202460355773 -3.664895373087468 3.4003461553628846 
2.3937202460355773 -3.664895373087468 3.4003461553628846 
2.3937202460355773 -3.664895373087468 3.4003461553628846 
2.3937202460355773 -3.664895373087468 3.4003461553628846 
2.3937202460355773 -3.664895373087468 3.4003461553628846 
