2.9787690186966813 0.10307302810879437 
1.8937585645889312 0.443773733467577 
1.835420928734708 0.7230499949666235 
1.8709392855547378 0.49902206814518146 
1.8937621705125827 0.4425329141243121 
1.8936897979195433 0.4695257392086315 
1.8937621705125827 0.4425329141243121 
1.8936897979195433 0.4695257392086315 
1.8936897979195433 0.4695257392086315 
1.8937621705125827 0.4425329141243121 
2.965771119506993 0.319238349999866 
1.8255495635495267 1.012974807094188 
1.8937583049628228 0.44387093479437084 
1.8936897979195433 0.4695257392086315 
1.8936897979195433 0.4695257392086315 
2.9787690186966813 0.10307302810879437 
1.8709392855547378 0.49902206814518146 
1.8937621705125827 0.4425329141243121 
2.9787690186966813 0.10307302810879437 
1.8936897979195433 0.4695257392086315 
1.8936897979195433 0.4695257392086315 
1.8936897979195433 0.4695257392086315 
1.8937621705125827 0.4425329141243121 
1.8937621705125827 0.4425329141243121 
1.835420928734708 0.7230499949666235 
1.8327955294945955 0.7801954769229125 
1.8937621705125827 0.4425329141243121 
1.8395173304177743 0.5612366869793476 
1.8937621705125827 0.4425329141243121 
1.8278865697568447 0.9096282153486104 
1.8936897979195433 0.4695257392086315 
1.8936897979195433 0.4695257392086315 
1.8937621705125827 0.4425329141243121 
2.9787690186966813 0.10307302810879437 
1.8937621705125827 0.4425329141243121 
2.965771119506993 0.319238349999866 
1.8278865697568447 0.9096282153486104 
1.8937621705125827 0.4425329141243121 
1.8937585645889312 0.443773733467577 
2.9701155202519054 0.19615789876888978 
3.092792559828984 0.06502037359918794 
1.8936897979195433 0.4695257392086315 
1.8937621705125827 0.4425329141243121 
-3.141592653589793 1.0557747032431266 
3.092792559828984 0.06502037359918794 
3.092792559828984 0.06502037359918794 
1.8936897979195433 0.4695257392086315 
1.8937585645889312 0.443773733467577 
3.092792559828984 0.06502037359918794 
3.092792559828984 0.06502037359918794 
3.092792559828984 0.06502037359918794 
1.8936897979195433 0.4695257392086315 
3.092792559828984 0.06502037359918794 
3.092792559828984 0.06502037359918794 
1.8936897979195433 0.4695257392086315 
2.9787690186966813 0.10307302810879437 
1.835420928734708 0.7230499949666235 
2.978768686149002 0.15129801296355927 
3.092792559828984 0.06502037359918794 
3.092792559828984 0.06502037359918794 
3.128022676848252 0.04774774960251901 
3.128022676848252 0.04774774960251901 
3.128022676848252 0.04774774960251901 
3.128022676848252 0.04774774960251901 
1.8937621705125827 0.4425329141243121 
3.128022676848252 0.04774774960251901 
3.092792559828984 0.06502037359918794 
3.128022676848252 0.04774774960251901 
3.128022676848252 0.04774774960251901 
3.128022676848252 0.04774774960251901 
3.092792559828984 0.06502037359918794 
3.092792559828984 0.06502037359918794 
1.8327955294945955 0.7801954769229125 
3.128022676848252 0.04774774960251901 
3.128022676848252 0.04774774960251901 
3.128022676848252 0.04774774960251901 
3.092792559828984 0.06502037359918794 
1.835420928734708 0.7230499949666235 
1.8709392855547378 0.49902206814518146 
3.092792559828984 0.06502037359918794 
3.092792559828984 0.06502037359918794 
1.8936897979195433 0.4695257392086315 
1.8936897979195433 0.4695257392086315 
3.092792559828984 0.06502037359918794 
3.092792559828984 0.06502037359918794 
3.092792559828984 0.06502037359918794 
3.128022676848252 0.04774774960251901 
3.092792559828984 0.06502037359918794 
3.128022676848252 0.04774774960251901 
3.128022676848252 0.04774774960251901 
3.128022676848252 0.04774774960251901 
3.128022676848252 0.04774774960251901 
3.128022676848252 0.04774774960251901 
3.128022676848252 0.04774774960251901 
3.092792559828984 0.06502037359918794 
3.128022676848252 0.04774774960251901 
3.128022676848252 0.04774774960251901 
3.092792559828984 0.06502037359918794 
3.128022676848252 0.04774774960251901 
3.128022676848252 0.04774774960251901 
