2.9787690186966813 -4.933871570213113 0.8105719451846422 
1.8937585645889312 -1.5869863960477495 4.741558402534229 
1.835420928734708 -1.318638958071732 4.823819637792173 
1.8709392855547378 -1.4781434696110956 4.775889367867941 
1.8937621705125827 -1.5869884649660901 4.741558402534229 
1.8936897979195433 -1.5869884649660901 4.741558402534229 
1.8937621705125827 -1.5869884649660901 4.741558402534229 
1.8936897979195433 -1.5869884649660901 4.741558402534229 
1.8936897979195433 -1.5869884649660901 4.741558402534229 
1.8937621705125827 -1.5869884649660901 4.741558402534229 
2.965771119506993 -4.925346351687473 0.8724083246550028 
1.8255495635495267 -1.274643106347402 4.777710396878317 
1.8937583049628228 -1.58698637996499 4.741558402534229 
1.8936897979195433 -1.5869884649660901 4.741558402534229 
1.8936897979195433 -1.5869884649660901 4.741558402534229 
2.9787690186966813 -4.933871570213113 0.8105719451846422 
1.8709392855547378 -1.4781434696110956 4.775889367867941 
1.8937621705125827 -1.5869884649660901 4.741558402534229 
2.9787690186966813 -4.933871570213113 0.8105719451846422 
1.8936897979195433 -1.5869884649660901 4.741558402534229 
1.8936897979195433 -1.5869884649660901 4.741558402534229 
1.8936897979195433 -1.5869884649660901 4.741558402534229 
1.8937621705125827 -1.5869884649660901 4.741558402534229 
1.8937621705125827 -1.5869884649660901 4.741558402534229 
1.835420928734708 -1.318638958071732 4.823819637792173 
1.8327955294945955 -1.2738769711034423 4.831582155944002 
1.8937621705125827 -1.5869884649660901 4.741558402534229 
1.8395173304177743 -1.3249417636547975 4.820705835304723 
1.8937621705125827 -1.5869884649660901 4.741558402534229 
1.8278865697568447 -1.274591253304387 4.777710396878317 
1.8936897979195433 -1.5869884649660901 4.741558402534229 
1.8936897979195433 -1.5869884649660901 4.741558402534229 
1.8937621705125827 -1.5869884649660901 4.741558402534229 
2.9787690186966813 -4.933871570213113 0.8105719451846422 
1.8937621705125827 -1.5869884649660901 4.741558402534229 
2.965771119506993 -4.925346351687473 0.8724083246550028 
1.8278865697568447 -1.274591253304387 4.777710396878317 
1.8937621705125827 -1.5869884649660901 4.741558402534229 
1.8937585645889312 -1.5869863960477495 4.741558402534229 
2.9701155202519054 -4.9273754087548856 0.8530389709833155 
3.092792559828984 -4.994052143385145 0.2438679114252665 
1.8936897979195433 -1.5869884649660901 4.741558402534229 
1.8937621705125827 -1.5869884649660901 4.741558402534229 
-3.141592653589793 -4.999999999999753 -1.7292010413894054E-4 
3.092792559828984 -4.994052143385145 0.2438679114252665 
3.092792559828984 -4.994052143385145 0.2438679114252665 
1.8936897979195433 -1.5869884649660901 4.741558402534229 
1.8937585645889312 -1.5869863960477495 4.741558402534229 
3.092792559828984 -4.994052143385145 0.2438679114252665 
3.092792559828984 -4.994052143385145 0.2438679114252665 
3.092792559828984 -4.994052143385145 0.2438679114252665 
1.8936897979195433 -1.5869884649660901 4.741558402534229 
3.092792559828984 -4.994052143385145 0.2438679114252665 
3.092792559828984 -4.994052143385145 0.2438679114252665 
1.8936897979195433 -1.5869884649660901 4.741558402534229 
2.9787690186966813 -4.933871570213113 0.8105719451846422 
1.835420928734708 -1.318638958071732 4.823819637792173 
2.978768686149002 -4.93391587933954 0.8102697562103789 
3.092792559828984 -4.994052143385145 0.2438679114252665 
3.092792559828984 -4.994052143385145 0.2438679114252665 
3.128022676848252 -4.999537345188624 0.06782017396810662 
3.128022676848252 -4.999537345188624 0.06782017396810662 
3.128022676848252 -4.999537345188624 0.06782017396810662 
3.128022676848252 -4.999537345188624 0.06782017396810662 
1.8937621705125827 -1.5869884649660901 4.741558402534229 
3.128022676848252 -4.999537345188624 0.06782017396810662 
3.092792559828984 -4.994052143385145 0.2438679114252665 
3.128022676848252 -4.999537345188624 0.06782017396810662 
3.128022676848252 -4.999537345188624 0.06782017396810662 
3.128022676848252 -4.999537345188624 0.06782017396810662 
3.092792559828984 -4.994052143385145 0.2438679114252665 
3.092792559828984 -4.994052143385145 0.2438679114252665 
1.8327955294945955 -1.2738769711034423 4.831582155944002 
3.128022676848252 -4.999537345188624 0.06782017396810662 
3.128022676848252 -4.999537345188624 0.06782017396810662 
3.128022676848252 -4.999537345188624 0.06782017396810662 
3.092792559828984 -4.994052143385145 0.2438679114252665 
1.835420928734708 -1.318638958071732 4.823819637792173 
1.8709392855547378 -1.4781434696110956 4.775889367867941 
3.092792559828984 -4.994052143385145 0.2438679114252665 
3.092792559828984 -4.994052143385145 0.2438679114252665 
1.8936897979195433 -1.5869884649660901 4.741558402534229 
1.8936897979195433 -1.5869884649660901 4.741558402534229 
3.092792559828984 -4.994052143385145 0.2438679114252665 
3.092792559828984 -4.994052143385145 0.2438679114252665 
3.092792559828984 -4.994052143385145 0.2438679114252665 
3.128022676848252 -4.999537345188624 0.06782017396810662 
3.092792559828984 -4.994052143385145 0.2438679114252665 
3.128022676848252 -4.999537345188624 0.06782017396810662 
3.128022676848252 -4.999537345188624 0.06782017396810662 
3.128022676848252 -4.999537345188624 0.06782017396810662 
3.128022676848252 -4.999537345188624 0.06782017396810662 
3.128022676848252 -4.999537345188624 0.06782017396810662 
3.128022676848252 -4.999537345188624 0.06782017396810662 
3.092792559828984 -4.994052143385145 0.2438679114252665 
3.128022676848252 -4.999537345188624 0.06782017396810662 
3.128022676848252 -4.999537345188624 0.06782017396810662 
3.092792559828984 -4.994052143385145 0.2438679114252665 
3.128022676848252 -4.999537345188624 0.06782017396810662 
3.128022676848252 -4.999537345188624 0.06782017396810662 
