1.0 1.0 
0.3898531062743192 8.965420561569395 
0.3898531062743192 8.965420561569395 
1.0 1.0 
0.8605913839025079 1.1619930723907488 
0.5576465977134674 3.5572816620478247 
0.42397791115248473 7.626359628767695 
0.8275026264064516 1.2090857953810465 
0.5168410573729146 4.5631100921013195 
0.454456945189295 6.432597778740311 
0.5096056902632591 4.740610462134657 
0.6069661196637209 2.5593507571126235 
0.593995247526646 2.794076659199684 
0.5013031584604 4.967917785780508 
0.886979689415821 1.1275492552484014 
0.8087272751688659 1.236510792798057 
0.627312045406083 2.163736469796981 
0.4595738343993603 6.295126292273282 
0.41754130177788773 7.781727319556824 
0.7305609627072978 1.368813808749424 
0.42602319109592107 7.432261116713751 
0.7210065279073004 1.3870429675806972 
0.5507753684656042 3.7251008779864363 
0.42969417951575906 7.309273982852351 
0.531155353667695 4.343263855782112 
0.43357689082542433 7.166821872917854 
0.6902046389874338 1.4488555721807372 
0.445180859736487 6.780339303376344 
0.6603234037276567 1.6419257090366346 
0.4411084363401414 6.883189360158406 
0.5069687715522052 4.874645630982085 
0.40478163996787614 8.297563447881904 
0.49591670975900637 5.250921906476126 
0.5820808162151377 3.0857555186647785 
0.9455032630648164 1.0703533614079137 
0.747333074955564 1.3380959604297364 
0.9050522033878451 1.1085178481671234 
0.3981822351178105 8.681293558268102 
0.6235838507771172 2.337057427255647 
0.9247598377407352 1.0813802214441492 
0.680166692478086 1.4702278295290363 
0.565959809239859 3.445978130794402 
0.9605855235659879 1.0410494157837837 
0.6420409651890281 1.9094288264021047 
0.8275026264064516 1.2090857953810465 
0.8766674098058138 1.1406905456001282 
0.5731970691350453 3.2899773892905526 
0.47911283241087227 5.693745685008768 
0.4100237083513276 8.104299537983374 
0.394965032268995 8.806044265300086 
0.4490759325757169 6.612992922313498 
0.47911283241087227 5.693745685008768 
0.665491750318602 1.5443088176771613 
0.4665209857589612 6.1266696690166675 
0.6420174397778006 2.1126135139278532 
0.9764678964262969 1.0249063755083678 
0.7054953364781619 1.4175373030547813 
0.41069688587563746 8.091015696574123 
0.6701673648851729 1.492754561653409 
0.497726250016298 5.162399337875625 
0.7519224079556497 1.33083983054256 
0.544450761409928 3.8940338582232146 
0.6184145816617345 2.4673709572687064 
0.9088594381599752 1.1002801515994662 
0.5868827335834219 2.9463000140384548 
0.4639331757914693 6.160844109785995 
0.5348799252383026 4.193003891635644 
0.4021334772492094 8.498681576420806 
0.4912756036358346 5.431250510612155 
0.5475084617116108 3.7924729305778104 
0.6574968779699707 1.783786707629856 
0.5903827516287906 2.9349148198635815 
0.4687484993737397 5.93523204054161 
0.6028490607400736 2.6874524793813617 
0.6388496011031385 2.140369020617665 
0.48191931507128566 5.544927953902226 
0.4036844656583097 8.353946741702524 
0.3991746664450801 8.550428582214181 
0.7650413512269882 1.3072529664491317 
0.8667350500474985 1.1540452860469672 
0.6493990181324397 1.8060301270609145 
0.7034190827458429 1.4278001352222305 
0.9230607204637813 1.0833539008326514 
0.3922011820151017 8.886923942609318 
0.5379251544237498 4.034032718274811 
0.5430544956247343 3.995929856785445 
0.9710467143856506 1.0306316367263144 
0.7676726343329294 1.3029483577900205 
0.4828000455104743 5.499358189330475 
0.44094181658645215 7.063605982029771 
0.4684963437391595 5.943126556892141 
0.5279191959139818 4.5151102516379 
0.41539985087713355 7.907685844702817 
0.7802020329808839 1.2817242806336842 
0.8000761410087198 1.2537039320133545 
0.6480586295330999 1.89169848343227 
0.4390552342984037 7.078644689232534 
0.576893937985016 3.145796216770556 
0.5319586043778026 4.213963972201776 
0.6184288114096399 2.3565384456352674 
