1.0 6.430435907538233E-19 
0.3898531062743192 2.49519705498348 
0.3898531062743192 2.49519705498348 
1.0 6.430435907538233E-19 
0.8605913839025079 1.2262538816444467E-6 
0.5576465977134674 0.9837060159494778 
0.42397791115248473 2.233408025102566 
0.8275026264064516 5.216712285494435E-4 
0.5168410573729146 1.3584026449106639 
0.454456945189295 1.9233387361577665 
0.5096056902632591 1.4158420668253595 
0.6069661196637209 0.5534391979030553 
0.593995247526646 0.6596682567897406 
0.5013031584604 1.4904328769833655 
0.886979689415821 1.132882212673477E-4 
0.8087272751688659 4.176466834641689E-9 
0.627312045406083 0.3573379505880814 
0.4595738343993603 1.89307532816826 
0.41754130177788773 2.249192555088309 
0.7305609627072978 1.9338870221035243E-6 
0.42602319109592107 2.166315598000526 
0.7210065279073004 6.703411359656954E-5 
0.5507753684656042 1.0516938086445249 
0.42969417951575906 2.1407524869176253 
0.531155353667695 1.3069478493900641 
0.43357689082542433 2.1073683447593674 
0.6902046389874338 6.837141937515387E-6 
0.445180859736487 2.018477280382174 
0.6603234037276567 0.08420197285901676 
0.4411084363401414 2.036232895692573 
0.5069687715522052 1.471293107291312 
0.40478163996787614 2.3587013401711423 
0.49591670975900637 1.6040199150611296 
0.5820808162151377 0.7961590909447599 
0.9455032630648164 0.01202259584357701 
0.747333074955564 3.368693573581609E-6 
0.9050522033878451 0.0032665209784077387 
0.3981822351178105 2.4567368727450427 
0.6235838507771172 0.45735126997533887 
0.9247598377407352 1.6998118731724108E-5 
0.680166692478086 6.430435907538233E-19 
0.565959809239859 0.9502851255491259 
0.9605855235659879 1.6998118731724108E-5 
0.6420409651890281 0.22593152666296057 
0.8275026264064516 5.216712285494435E-4 
0.8766674098058138 6.226001245049249E-6 
0.5731970691350453 0.8858053970619129 
0.47911283241087227 1.727946622171733 
0.4100237083513276 2.3229549501538944 
0.394965032268995 2.4780795574064465 
0.4490759325757169 1.969735963704549 
0.47911283241087227 1.727946622171733 
0.665491750318602 0.027724778108424886 
0.4665209857589612 1.8582199734091844 
0.6420174397778006 0.3563347194519431 
0.9764678964262969 7.881725265564009E-4 
0.7054953364781619 6.595658897901664E-5 
0.41069688587563746 2.3229549501538944 
0.6701673648851729 3.953910035864671E-4 
0.497726250016298 1.569461663527455 
0.7519224079556497 6.882899848502926E-4 
0.544450761409928 1.1201096990656685 
0.6184145816617345 0.5258581783436405 
0.9088594381599752 4.0126321784698017E-10 
0.5868827335834219 0.7291326061957626 
0.4639331757914693 1.8582199734091844 
0.5348799252383026 1.242753608081985 
0.4021334772492094 2.4176043743598914 
0.4912756036358346 1.6682408730984213 
0.5475084617116108 1.0764110203035817 
0.6574968779699707 0.17283419123096316 
0.5903827516287906 0.7327230871471774 
0.4687484993737397 1.7821311124388188 
0.6028490607400736 0.620128202978636 
0.6388496011031385 0.3673738950351107 
0.48191931507128566 1.6722078816641863 
0.4036844656583097 2.3723585265621603 
0.3991746664450801 2.413114477267825 
0.7650413512269882 1.0257584773234953E-4 
0.8667350500474985 2.5149875899796556E-4 
0.6493990181324397 0.17283419123096316 
0.7034190827458429 0.004341861462411778 
0.9230607204637813 1.4322198349892296E-6 
0.3922011820151017 2.485462074769682 
0.5379251544237498 1.1700076729284363 
0.5430544956247343 1.1700076729284363 
0.9710467143856506 7.91464584993129E-4 
0.7676726343329294 2.377982244293051E-4 
0.4828000455104743 1.655090384087153 
0.44094181658645215 2.1146392533671374 
0.4684963437391595 1.784333062283068 
0.5279191959139818 1.3836133735076563 
0.41539985087713355 2.28485152067277 
0.7802020329808839 3.889471361203083E-6 
0.8000761410087198 0.0030586038927032932 
0.6480586295330999 0.22593152666296057 
0.4390552342984037 2.1079160025461414 
0.576893937985016 0.814790767591131 
0.5319586043778026 1.2416543935507982 
0.6184288114096399 0.45735126997533887 
