0.6381135593807624 1.9718735474392142 
0.42905545104337045 7.314970570332233 
0.40840446157467863 8.145284344685916 
0.6126436345523789 2.4305201715876743 
0.4969004618035557 5.088812289413362 
0.46320378354274727 6.133002451357743 
0.4230370327517707 7.547206130681624 
0.7635724896852925 1.3097390702759946 
0.38963470502481434 8.967180694767142 
0.5232567570691408 4.379579021015961 
0.552748923320401 3.66422314332369 
0.41306614381123197 7.9509423274441655 
0.5290359498451482 4.231970237850688 
0.5867351765415667 2.9312106485316183 
0.42905545104337045 7.314970570332233 
0.42905545104337045 7.314970570332233 
0.4914540424998224 5.243586361915208 
0.6666559770367636 1.5001730192472076 
0.40531977202637204 8.278667795819866 
0.4969004618035557 5.088812289413362 
0.64717367959913 1.8168881737006444 
0.47077255495459286 5.870063319299546 
0.47433673355692285 5.758925096146862 
0.45485641522215514 6.389528973778844 
0.6031671067327593 2.605759471221568 
0.4969004618035557 5.088812289413362 
0.5663477658116024 3.3620174911742486 
0.5090431275957359 4.751604898547149 
0.40059656625997986 8.476985464525818 
0.623718090241115 2.223098902531338 
0.3895120466887458 8.973843674717864 
0.5370183911087419 4.035495137400087 
0.5782382530074706 3.1057742367637773 
0.597365183097547 2.7192782227057557 
0.5867351765415667 2.9312106485316183 
0.47874941464086385 5.627087781778824 
0.5782382530074706 3.1057742367637773 
0.64717367959913 1.8168881737006444 
0.6133799509632739 2.412527998519991 
0.6666559770367636 1.5001730192472076 
0.597365183097547 2.7192782227057557 
0.6666559770367636 1.5001730192472076 
0.47433673355692285 5.758925096146862 
0.4230370327517707 7.547206130681624 
0.44616560591276455 6.690167556036042 
0.4230370327517707 7.547206130681624 
0.44616560591276455 6.690167556036042 
0.5443783175807624 3.8588076985917614 
0.4649502223885888 6.057314387709384 
0.547945779477552 3.7753673914816632 
0.48780586685323685 5.350174259530872 
0.5170879284533244 4.546962413034498 
0.623718090241115 2.223098902531338 
0.3958948310133885 8.6860357461769 
0.552748923320401 3.66422314332369 
0.4689722860497446 5.926932680228397 
0.4035986690223539 8.348642181972966 
0.5698706282362016 3.2860424604699916 
0.6381135593807624 1.9718735474392142 
0.39328941198488787 8.79974495653315 
0.5090431275957359 4.751604898547149 
0.5443783175807624 3.8588076985917614 
0.6538883459872818 1.705321027034665 
0.46054625523805953 6.199651809853644 
0.5090431275957359 4.751604898547149 
0.6666559770367636 1.5001730192472076 
0.4832149925588616 5.487632099742955 
0.5236809375445465 4.367862741797555 
0.44986596879471863 6.563187574090108 
0.4827544872032975 5.5019827299014 
0.4141202558786561 7.908493391737355 
0.6562118613229481 1.668864330700652 
0.5642918812850846 3.406243877084265 
0.6381135593807624 1.9718735474392142 
0.5906754656758821 2.8523631313319244 
0.568716465533675 3.308562117762826 
0.45485641522215514 6.389528973778844 
0.4403244042242389 6.899057767211265 
0.6031671067327593 2.605759471221568 
0.6666559770367636 1.5001730192472076 
0.6623580460685364 1.5705629175815286 
0.6133799509632739 2.412527998519991 
0.4403244042242389 6.899057767211265 
0.5290359498451482 4.231970237850688 
0.3895120466887458 8.973843674717864 
0.5165738805093777 4.558932352748705 
0.5370183911087419 4.035495137400087 
0.4378822437655655 6.992309930498802 
0.6281231538242276 2.144668641196904 
0.45900850185223474 6.2517054323067835 
0.5590380433225816 3.521513913897001 
0.5575170503848006 3.557467413775451 
0.5370183911087419 4.035495137400087 
0.41306614381123197 7.9509423274441655 
0.5232567570691408 4.379579021015961 
0.5782382530074706 3.1057742367637773 
0.5090431275957359 4.751604898547149 
0.6302295219078237 2.107293720540348 
