0.6381135593807624 0.2582792480052077 
0.42905545104337045 2.138527997422877 
0.40840446157467863 2.3265704671641108 
0.6126436345523789 0.4890427117743442 
0.4969004618035557 1.528633176641109 
0.46320378354274727 1.8408299399458503 
0.4230370327517707 2.1927476870895264 
0.7635724896852925 8.072272874126707E-5 
0.38963470502481434 2.4939248049098053 
0.5232567570691408 1.291644315864854 
0.552748923320401 1.0253953972778656 
0.41306614381123197 2.284265086862863 
0.5290359498451482 1.2388643944977367 
0.5867351765415667 0.7198443973467192 
0.42905545104337045 2.138527997422877 
0.42905545104337045 2.138527997422877 
0.4914540424998224 1.5769817147601655 
0.6666559770367636 9.930987043871298E-5 
0.40531977202637204 2.355507743683776 
0.4969004618035557 1.528633176641109 
0.64717367959913 0.1758422047939891 
0.47077255495459286 1.7634647065718856 
0.47433673355692285 1.73166971890529 
0.45485641522215514 1.9063182439711404 
0.6031671067327593 0.5717084010981979 
0.4969004618035557 1.528633176641109 
0.5663477658116024 0.9040710947460644 
0.5090431275957359 1.4187718186556602 
0.40059656625997986 2.395851269324803 
0.623718090241115 0.3865870019039648 
0.3895120466887458 2.4954202164042107 
0.5370183911087419 1.1671351060137465 
0.5782382530074706 0.7958774689018968 
0.597365183097547 0.624402133399796 
0.5867351765415667 0.7198443973467192 
0.47874941464086385 1.693964981659369 
0.5782382530074706 0.7958774689018968 
0.64717367959913 0.1758422047939891 
0.6133799509632739 0.4797963054297174 
0.6666559770367636 9.930987043871298E-5 
0.597365183097547 0.624402133399796 
0.6666559770367636 9.930987043871298E-5 
0.47433673355692285 1.73166971890529 
0.4230370327517707 2.1927476870895264 
0.44616560591276455 1.9849226612967397 
0.4230370327517707 2.1927476870895264 
0.44616560591276455 1.9849226612967397 
0.5443783175807624 1.100651242827077 
0.4649502223885888 1.8163496716430765 
0.547945779477552 1.0686966281395522 
0.48780586685323685 1.6098463924863318 
0.5170879284533244 1.351179374911138 
0.623718090241115 0.3865870019039648 
0.3958948310133885 2.438756653908956 
0.552748923320401 1.0253953972778656 
0.4689722860497446 1.7795671683096512 
0.4035986690223539 2.3695008727881697 
0.5698706282362016 0.872619081358868 
0.6381135593807624 0.2582792480052077 
0.39328941198488787 2.4608465195719056 
0.5090431275957359 1.4187718186556602 
0.5443783175807624 1.100651242827077 
0.6538883459872818 0.11508954574502972 
0.46054625523805953 1.8552264248079542 
0.5090431275957359 1.4187718186556602 
0.6666559770367636 9.930987043871298E-5 
0.4832149925588616 1.6517061042430619 
0.5236809375445465 1.287366455690437 
0.44986596879471863 1.9525547363995055 
0.4827544872032975 1.656106851374949 
0.4141202558786561 2.2750673070009344 
0.6562118613229481 0.09512856874455099 
0.5642918812850846 0.9221157655156802 
0.6381135593807624 0.2582792480052077 
0.5906754656758821 0.6848209208762017 
0.568716465533675 0.881633753612685 
0.45485641522215514 1.9063182439711404 
0.4403244042242389 2.0378235010559083 
0.6031671067327593 0.5717084010981979 
0.6666559770367636 9.930987043871298E-5 
0.6623580460685364 0.04027498531700112 
0.6133799509632739 0.4797963054297174 
0.4403244042242389 2.0378235010559083 
0.5290359498451482 1.2388643944977367 
0.3895120466887458 2.4954202164042107 
0.5165738805093777 1.3550253764391458 
0.5370183911087419 1.1671351060137465 
0.4378822437655655 2.0618083614710607 
0.6281231538242276 0.3471160308165199 
0.45900850185223474 1.8695859445046143 
0.5590380433225816 0.9686602479582255 
0.5575170503848006 0.9833487393681344 
0.5370183911087419 1.1671351060137465 
0.41306614381123197 2.284265086862863 
0.5232567570691408 1.291644315864854 
0.5782382530074706 0.7958774689018968 
0.5090431275957359 1.4187718186556602 
0.6302295219078237 0.3280787140155026 
