-3.141591990835344 1.0096861880983465 
-3.141591990835344 1.0096861880983465 
-3.141591990835344 1.0096861880983465 
-3.141591990835344 1.0096861880983465 
0.2390201802921723 0.8256045114459922 
0.2390201802921723 0.8256045114459922 
-3.141591990835344 1.0096861880983465 
-3.141591990835344 1.0096861880983465 
-3.141591990835344 1.0096861880983465 
-3.141591990835344 1.0096861880983465 
0.2390201802921723 0.8256045114459922 
0.2390201802921723 0.8256045114459922 
0.2390201802921723 0.8256045114459922 
0.2390201802921723 0.8256045114459922 
0.2390201802921723 0.8256045114459922 
0.2390201802921723 0.8256045114459922 
0.2390201802921723 0.8256045114459922 
0.2390201802921723 0.8256045114459922 
-3.141591990835344 1.0096861880983465 
-3.141591990835344 1.0096861880983465 
-3.141591990835344 1.0096861880983465 
0.2390201802921723 0.8256045114459922 
0.2390201802921723 0.8256045114459922 
0.2390201802921723 0.8256045114459922 
0.2390201802921723 0.8256045114459922 
0.2390201802921723 0.8256045114459922 
0.2390201802921723 0.8256045114459922 
0.2390201802921723 0.8256045114459922 
0.2390201802921723 0.8256045114459922 
0.2390201802921723 0.8256045114459922 
0.2390201802921723 0.8256045114459922 
0.2390201802921723 0.8256045114459922 
0.2390201802921723 0.8256045114459922 
0.2390201802921723 0.8256045114459922 
0.2390201802921723 0.8256045114459922 
0.2390201802921723 0.8256045114459922 
0.2390201802921723 0.8256045114459922 
-3.141591990835344 1.0096861880983465 
-3.141591990835344 1.0096861880983465 
-3.141591990835344 1.0096861880983465 
-3.141591990835344 1.0096861880983465 
-3.141591990835344 1.0096861880983465 
-3.141591990835344 1.0096861880983465 
-3.141591990835344 1.0096861880983465 
-3.141591990835344 1.0096861880983465 
-3.141591990835344 1.0096861880983465 
-3.141591990835344 1.0096861880983465 
-3.141591990835344 1.0096861880983465 
-3.141591990835344 1.0096861880983465 
-3.141591990835344 1.0096861880983465 
-3.141591990835344 1.0096861880983465 
-3.141591990835344 1.0096861880983465 
-3.141591990835344 1.0096861880983465 
-3.141591990835344 1.0096861880983465 
-3.141591990835344 1.0096861880983465 
-3.141591990835344 1.0096861880983465 
-3.141591990835344 1.0096861880983465 
-3.141591990835344 1.0096861880983465 
-3.141591990835344 1.0096861880983465 
-3.141591990835344 1.0096861880983465 
-3.141591990835344 1.0096861880983465 
-3.141591990835344 1.0096861880983465 
-3.141591990835344 1.0096861880983465 
-3.141591990835344 1.0096861880983465 
-3.141591990835344 1.0096861880983465 
-3.141591990835344 1.0096861880983465 
-3.141591990835344 1.0096861880983465 
-3.141591990835344 1.0096861880983465 
-3.141591990835344 1.0096861880983465 
-3.141591990835344 1.0096861880983465 
-3.141591990835344 1.0096861880983465 
-3.141591990835344 1.0096861880983465 
-3.141591990835344 1.0096861880983465 
-3.141591990835344 1.0096861880983465 
-3.141591990835344 1.0096861880983465 
-3.141591990835344 1.0096861880983465 
-3.141591990835344 1.0096861880983465 
-3.141591990835344 1.0096861880983465 
-3.141591990835344 1.0096861880983465 
-3.141591990835344 1.0096861880983465 
-3.141591990835344 1.0096861880983465 
-3.141591990835344 1.0096861880983465 
-3.141591990835344 1.0096861880983465 
-3.141591990835344 1.0096861880983465 
-3.141591990835344 1.0096861880983465 
-3.141591990835344 1.0096861880983465 
-3.141591990835344 1.0096861880983465 
-3.141591990835344 1.0096861880983465 
-3.141591990835344 1.0096861880983465 
-3.141591990835344 1.0096861880983465 
-3.141591990835344 1.0096861880983465 
-3.141591990835344 1.0096861880983465 
-3.141591990835344 1.0096861880983465 
-3.141591990835344 1.0096861880983465 
-3.141591990835344 1.0096861880983465 
-3.141591990835344 1.0096861880983465 
-3.141591990835344 1.0096861880983465 
-3.141591990835344 1.0096861880983465 
-3.141591990835344 1.0096861880983465 
-3.141591990835344 1.0096861880983465 
