-3.141591990835344 -4.999999999998905 -4.218655569392717E-6 
-3.141591990835344 -4.999999999998905 -4.218655569392717E-6 
-3.141591990835344 -4.999999999998905 -4.218655569392717E-6 
-3.141591990835344 -4.999999999998905 -4.218655569392717E-6 
0.2390201802921723 4.858221675445042 1.1838352220415675 
0.2390201802921723 4.858221675445042 1.1838352220415675 
-3.141591990835344 -4.999999999998905 -4.218655569392717E-6 
-3.141591990835344 -4.999999999998905 -4.218655569392717E-6 
-3.141591990835344 -4.999999999998905 -4.218655569392717E-6 
-3.141591990835344 -4.999999999998905 -4.218655569392717E-6 
0.2390201802921723 4.858221675445042 1.1838352220415675 
0.2390201802921723 4.858221675445042 1.1838352220415675 
0.2390201802921723 4.858221675445042 1.1838352220415675 
0.2390201802921723 4.858221675445042 1.1838352220415675 
0.2390201802921723 4.858221675445042 1.1838352220415675 
0.2390201802921723 4.858221675445042 1.1838352220415675 
0.2390201802921723 4.858221675445042 1.1838352220415675 
0.2390201802921723 4.858221675445042 1.1838352220415675 
-3.141591990835344 -4.999999999998905 -4.218655569392717E-6 
-3.141591990835344 -4.999999999998905 -4.218655569392717E-6 
-3.141591990835344 -4.999999999998905 -4.218655569392717E-6 
0.2390201802921723 4.858221675445042 1.1838352220415675 
0.2390201802921723 4.858221675445042 1.1838352220415675 
0.2390201802921723 4.858221675445042 1.1838352220415675 
0.2390201802921723 4.858221675445042 1.1838352220415675 
0.2390201802921723 4.858221675445042 1.1838352220415675 
0.2390201802921723 4.858221675445042 1.1838352220415675 
0.2390201802921723 4.858221675445042 1.1838352220415675 
0.2390201802921723 4.858221675445042 1.1838352220415675 
0.2390201802921723 4.858221675445042 1.1838352220415675 
0.2390201802921723 4.858221675445042 1.1838352220415675 
0.2390201802921723 4.858221675445042 1.1838352220415675 
0.2390201802921723 4.858221675445042 1.1838352220415675 
0.2390201802921723 4.858221675445042 1.1838352220415675 
0.2390201802921723 4.858221675445042 1.1838352220415675 
0.2390201802921723 4.858221675445042 1.1838352220415675 
0.2390201802921723 4.858221675445042 1.1838352220415675 
-3.141591990835344 -4.999999999998905 -4.218655569392717E-6 
-3.141591990835344 -4.999999999998905 -4.218655569392717E-6 
-3.141591990835344 -4.999999999998905 -4.218655569392717E-6 
-3.141591990835344 -4.999999999998905 -4.218655569392717E-6 
-3.141591990835344 -4.999999999998905 -4.218655569392717E-6 
-3.141591990835344 -4.999999999998905 -4.218655569392717E-6 
-3.141591990835344 -4.999999999998905 -4.218655569392717E-6 
-3.141591990835344 -4.999999999998905 -4.218655569392717E-6 
-3.141591990835344 -4.999999999998905 -4.218655569392717E-6 
-3.141591990835344 -4.999999999998905 -4.218655569392717E-6 
-3.141591990835344 -4.999999999998905 -4.218655569392717E-6 
-3.141591990835344 -4.999999999998905 -4.218655569392717E-6 
-3.141591990835344 -4.999999999998905 -4.218655569392717E-6 
-3.141591990835344 -4.999999999998905 -4.218655569392717E-6 
-3.141591990835344 -4.999999999998905 -4.218655569392717E-6 
-3.141591990835344 -4.999999999998905 -4.218655569392717E-6 
-3.141591990835344 -4.999999999998905 -4.218655569392717E-6 
-3.141591990835344 -4.999999999998905 -4.218655569392717E-6 
-3.141591990835344 -4.999999999998905 -4.218655569392717E-6 
-3.141591990835344 -4.999999999998905 -4.218655569392717E-6 
-3.141591990835344 -4.999999999998905 -4.218655569392717E-6 
-3.141591990835344 -4.999999999998905 -4.218655569392717E-6 
-3.141591990835344 -4.999999999998905 -4.218655569392717E-6 
-3.141591990835344 -4.999999999998905 -4.218655569392717E-6 
-3.141591990835344 -4.999999999998905 -4.218655569392717E-6 
-3.141591990835344 -4.999999999998905 -4.218655569392717E-6 
-3.141591990835344 -4.999999999998905 -4.218655569392717E-6 
-3.141591990835344 -4.999999999998905 -4.218655569392717E-6 
-3.141591990835344 -4.999999999998905 -4.218655569392717E-6 
-3.141591990835344 -4.999999999998905 -4.218655569392717E-6 
-3.141591990835344 -4.999999999998905 -4.218655569392717E-6 
-3.141591990835344 -4.999999999998905 -4.218655569392717E-6 
-3.141591990835344 -4.999999999998905 -4.218655569392717E-6 
-3.141591990835344 -4.999999999998905 -4.218655569392717E-6 
-3.141591990835344 -4.999999999998905 -4.218655569392717E-6 
-3.141591990835344 -4.999999999998905 -4.218655569392717E-6 
-3.141591990835344 -4.999999999998905 -4.218655569392717E-6 
-3.141591990835344 -4.999999999998905 -4.218655569392717E-6 
-3.141591990835344 -4.999999999998905 -4.218655569392717E-6 
-3.141591990835344 -4.999999999998905 -4.218655569392717E-6 
-3.141591990835344 -4.999999999998905 -4.218655569392717E-6 
-3.141591990835344 -4.999999999998905 -4.218655569392717E-6 
-3.141591990835344 -4.999999999998905 -4.218655569392717E-6 
-3.141591990835344 -4.999999999998905 -4.218655569392717E-6 
-3.141591990835344 -4.999999999998905 -4.218655569392717E-6 
-3.141591990835344 -4.999999999998905 -4.218655569392717E-6 
-3.141591990835344 -4.999999999998905 -4.218655569392717E-6 
-3.141591990835344 -4.999999999998905 -4.218655569392717E-6 
-3.141591990835344 -4.999999999998905 -4.218655569392717E-6 
-3.141591990835344 -4.999999999998905 -4.218655569392717E-6 
-3.141591990835344 -4.999999999998905 -4.218655569392717E-6 
-3.141591990835344 -4.999999999998905 -4.218655569392717E-6 
-3.141591990835344 -4.999999999998905 -4.218655569392717E-6 
-3.141591990835344 -4.999999999998905 -4.218655569392717E-6 
-3.141591990835344 -4.999999999998905 -4.218655569392717E-6 
-3.141591990835344 -4.999999999998905 -4.218655569392717E-6 
-3.141591990835344 -4.999999999998905 -4.218655569392717E-6 
-3.141591990835344 -4.999999999998905 -4.218655569392717E-6 
-3.141591990835344 -4.999999999998905 -4.218655569392717E-6 
-3.141591990835344 -4.999999999998905 -4.218655569392717E-6 
-3.141591990835344 -4.999999999998905 -4.218655569392717E-6 
-3.141591990835344 -4.999999999998905 -4.218655569392717E-6 
-3.141591990835344 -4.999999999998905 -4.218655569392717E-6 
