3.134424950367551 0.027288615233144013 
3.141573999403892 0.009293245497936222 
2.9536916483980034 0.21533554128913307 
2.4691548399423584 0.3515103559370578 
2.430233086777869 0.4444619710004099 
3.134410265872428 0.05485447029342197 
3.134410265872428 0.05485447029342197 
2.9536916483980034 0.21533554128913307 
3.1344105598658887 0.054552309655410525 
2.4691548399423584 0.3515103559370578 
-3.141592653589793 1.0413800004056268 
2.4691548399423584 0.3515103559370578 
3.134410291414793 0.05483401639277165 
3.123702751396348 0.08455646933426023 
3.1375524282675236 0.02164614608236117 
3.134410265872428 0.05485447029342197 
2.4691548399423584 0.3515103559370578 
3.1237291373878175 0.055842333401780124 
2.4691548399423584 0.3515103559370578 
3.1344092224166262 0.05525048682377246 
2.4691548399423584 0.3515103559370578 
3.134410265872428 0.05485447029342197 
2.9540819837066774 0.14356966916168185 
3.134424950101408 0.03472044844923426 
3.141573999403892 0.009293245497936222 
2.4691548399423584 0.3515103559370578 
3.134424950367551 0.027288615233144013 
3.1344103703992494 0.054659761692594226 
3.1344105598658887 0.054552309655410525 
2.4691548399423584 0.3515103559370578 
3.134424969512659 0.027157584125697132 
2.954055933393062 0.14923128651017198 
3.1375524282675236 0.02164614608236117 
3.1344105598658887 0.054552309655410525 
3.134410265872428 0.05485447029342197 
3.141573999403892 0.009293245497936222 
2.4691548399423584 0.3515103559370578 
2.9540819837066774 0.14356966916168185 
3.134410265872428 0.05485447029342197 
3.1344098594903262 0.05517619906101938 
3.1344105598658887 0.054552309655410525 
2.421244621417227 0.6031469806839953 
3.1344105598658887 0.054552309655410525 
2.430233086777869 0.4444619710004099 
2.4691548399423584 0.3515103559370578 
3.1344105598658887 0.054552309655410525 
2.430233086777869 0.4444619710004099 
3.1344105598658887 0.054552309655410525 
2.638212084306719 0.27134983534682205 
2.4691548399423584 0.3515103559370578 
3.134410265872428 0.05485447029342197 
3.141573999403892 0.009293245497936222 
2.9540819837066774 0.14356966916168185 
2.4691548399423584 0.3515103559370578 
3.134410265872428 0.05485447029342197 
3.1237291373878175 0.055842333401780124 
3.1237291373878175 0.055842333401780124 
3.134410265872428 0.05485447029342197 
-3.141592653589793 1.0413800004056268 
3.134410265872428 0.05485447029342197 
2.4691548399423584 0.3515103559370578 
2.421244621417227 0.6031469806839953 
2.4691548399423584 0.3515103559370578 
3.134410265872428 0.05485447029342197 
3.1344105598658887 0.054552309655410525 
2.4691548399423584 0.3515103559370578 
2.9536916483980034 0.21533554128913307 
2.953694983466337 0.20645431030240113 
2.4691548399423584 0.3515103559370578 
3.1344105598658887 0.054552309655410525 
2.9541042865143665 0.10778965223038865 
2.953694983466337 0.20645431030240113 
3.134410265872428 0.05485447029342197 
3.134424950367551 0.027288615233144013 
2.4691548399423584 0.3515103559370578 
