3.134424950367551 -4.999870720545719 0.0358344327362895 
3.141573999403892 -4.9999999991632285 9.255016334433544E-5 
2.9536916483980034 -4.911966244474596 0.9319511897075005 
2.4691548399423584 -3.911453323703884 3.1156968134060428 
2.430233086777869 -3.7879455754297937 3.267556090464666 
3.134410265872428 -4.999870034086941 0.03583448187978538 
3.134410265872428 -4.999870034086941 0.03583448187978538 
2.9536916483980034 -4.911966244474596 0.9319511897075005 
3.1344105598658887 -4.999870053604405 0.03583448187978538 
2.4691548399423584 -3.911453323703884 3.1156968134060428 
-3.141592653589793 -4.999999999979207 6.945195762948254E-5 
2.4691548399423584 -3.911453323703884 3.1156968134060428 
3.134410291414793 -4.999870034086941 0.03583448187978538 
3.123702751396348 -4.999214103690707 0.08928150100341137 
3.1375524282675236 -4.999959685638626 0.02020300360530833 
3.134410265872428 -4.999870034086941 0.03583448187978538 
2.4691548399423584 -3.911453323703884 3.1156968134060428 
3.1237291373878175 -4.999204096527137 0.08925833001330762 
2.4691548399423584 -3.911453323703884 3.1156968134060428 
3.1344092224166262 -4.999871853449702 0.03583472559483384 
2.4691548399423584 -3.911453323703884 3.1156968134060428 
3.134410265872428 -4.999870034086941 0.03583448187978538 
2.9540819837066774 -4.912310870377308 0.9319511897075005 
3.134424950101408 -4.9998710884592334 0.035823226584611886 
3.141573999403892 -4.9999999991632285 9.255016334433544E-5 
2.4691548399423584 -3.911453323703884 3.1156968134060428 
3.134424950367551 -4.999870720545719 0.0358344327362895 
3.1344103703992494 -4.9998700536705565 0.035834726642274196 
3.1344105598658887 -4.999870053604405 0.03583448187978538 
2.4691548399423584 -3.911453323703884 3.1156968134060428 
3.134424969512659 -4.999870720545719 0.03583443337413482 
2.954055933393062 -4.912310870377308 0.931951143940505 
3.1375524282675236 -4.999959685638626 0.02020300360530833 
3.1344105598658887 -4.999870053604405 0.03583448187978538 
3.134410265872428 -4.999870034086941 0.03583448187978538 
3.141573999403892 -4.9999999991632285 9.255016334433544E-5 
2.4691548399423584 -3.911453323703884 3.1156968134060428 
2.9540819837066774 -4.912310870377308 0.9319511897075005 
3.134410265872428 -4.999870034086941 0.03583448187978538 
3.1344098594903262 -4.999870034086941 0.03583448187978538 
3.1344105598658887 -4.999870053604405 0.03583448187978538 
2.421244621417227 -3.762358121240579 3.30919920918564 
3.1344105598658887 -4.999870053604405 0.03583448187978538 
2.430233086777869 -3.7879455754297937 3.267556090464666 
2.4691548399423584 -3.911453323703884 3.1156968134060428 
3.1344105598658887 -4.999870053604405 0.03583448187978538 
2.430233086777869 -3.7879455754297937 3.267556090464666 
3.1344105598658887 -4.999870053604405 0.03583448187978538 
2.638212084306719 -4.37853296809927 2.4119466741936852 
2.4691548399423584 -3.911453323703884 3.1156968134060428 
3.134410265872428 -4.999870034086941 0.03583448187978538 
3.141573999403892 -4.9999999991632285 9.255016334433544E-5 
2.9540819837066774 -4.912310870377308 0.9319511897075005 
2.4691548399423584 -3.911453323703884 3.1156968134060428 
3.134410265872428 -4.999870034086941 0.03583448187978538 
3.1237291373878175 -4.999204096527137 0.08925833001330762 
3.1237291373878175 -4.999204096527137 0.08925833001330762 
3.134410265872428 -4.999870034086941 0.03583448187978538 
-3.141592653589793 -4.999999999979207 6.945195762948254E-5 
3.134410265872428 -4.999870034086941 0.03583448187978538 
2.4691548399423584 -3.911453323703884 3.1156968134060428 
2.421244621417227 -3.762358121240579 3.30919920918564 
2.4691548399423584 -3.911453323703884 3.1156968134060428 
3.134410265872428 -4.999870034086941 0.03583448187978538 
3.1344105598658887 -4.999870053604405 0.03583448187978538 
2.4691548399423584 -3.911453323703884 3.1156968134060428 
2.9536916483980034 -4.911966244474596 0.9319511897075005 
2.953694983466337 -4.911994896259058 0.931290340570875 
2.4691548399423584 -3.911453323703884 3.1156968134060428 
3.1344105598658887 -4.999870053604405 0.03583448187978538 
2.9541042865143665 -4.9124421804345735 0.9319586476990122 
2.953694983466337 -4.911994896259058 0.931290340570875 
3.134410265872428 -4.999870034086941 0.03583448187978538 
3.134424950367551 -4.999870720545719 0.0358344327362895 
2.4691548399423584 -3.911453323703884 3.1156968134060428 
