0.4975885640448907 5.104408054599553 
0.4094606505650069 8.159727275575522 
0.5443168271093813 3.8932736327217423 
0.6543971998055754 1.7376382275501343 
0.6691479973746721 1.4948369110879791 
0.7486376784990028 1.336795008290589 
0.5919901218677851 2.8510778205499814 
0.5038513311563781 4.9456871096783015 
0.43765036850799066 7.117774137179574 
0.4763892853246526 5.763471695653673 
0.898921027815597 1.129112076699474 
0.7341732595267244 1.3632565600323894 
0.40753397791573204 8.227215855585845 
0.7690398176373651 1.3041860736872155 
0.6239306915444237 2.226056675178756 
0.3962468102157034 8.667316105468137 
0.8493594075104185 1.1798186296876996 
0.47134094936524185 5.863255999536542 
0.4961384827746133 5.151384939657699 
0.5966820750458136 2.790909154605723 
0.48988683335326244 5.3049785976127755 
0.621164939358046 2.28578040827011 
0.4987045749652697 5.052557100544686 
0.4451608218995856 6.73431061671068 
0.5231712264293955 4.383432395624883 
0.49273336241484367 5.209039354321635 
0.44220937601075033 6.831166141467966 
0.9261881389136333 1.080839391258825 
0.5977693463088796 2.734415255404161 
0.43899370241983326 6.968880094447036 
0.5457554367704992 3.8357407839504254 
0.9999999998821775 1.0000000001178815 
0.9639782782540592 1.0373677934717642 
0.6349588499784178 2.0436152285941014 
0.46997899707910606 5.929133301656348 
0.7993817496012477 1.250997180815449 
0.6090535340447456 2.530554357930011 
0.6449441082981785 1.855402965026604 
0.4306368455159653 7.313983322027849 
0.5185867285906121 4.56460591498974 
0.4030084384147211 8.396762354279293 
0.5099658081290261 4.740223975389505 
0.6604525298932575 1.6081127386150442 
0.6419418905540881 1.948233721903377 
0.702311609104101 1.4251031867847344 
0.47883615060872114 5.651118717352004 
0.5039982893317111 4.909197398616491 
0.4248652377218874 7.509814140386997 
0.5568335656742933 3.646861137022251 
0.5742820860590748 3.2050225813204087 
0.42706282308306 7.411038370300982 
0.3988636043233211 8.56756935666056 
0.4837882198977623 5.560971478532909 
0.5516864703921094 3.716550708085994 
0.6300307499436893 2.1298085939307025 
0.41894480213917806 7.741061317721947 
0.5694299692708548 3.311908518806759 
0.4131684257090602 8.010750607889877 
0.5842972825737606 2.9828079080373184 
0.657071620458791 1.6724322149775688 
0.5123606489478321 4.66331281723389 
0.5365661490279009 4.06965973352553 
0.5299377831620429 4.224937980370531 
0.4647817946611229 6.1215672266244 
0.41043594811138245 8.064082185392689 
0.649368315830972 1.798384005417916 
0.420399459557414 7.673628642694942 
0.45842408424038855 6.284359230646247 
0.413417350813243 7.967291634071969 
0.46506925059666593 6.056904403624736 
0.5591754200770238 3.5194972628150296 
0.5997411586032981 2.67512283401548 
0.5274345891933676 4.295421770547121 
0.6111938297633774 2.4632130481314434 
0.40455046857151483 8.305428401724896 
0.45138157161909676 6.5142053365719965 
0.400308094738311 8.494235392034009 
0.5200261739712854 4.463604604958819 
0.43204127334607567 7.213697679551789 
0.6155232717606949 2.4087387763661705 
0.5890301729328491 2.9199711702267264 
0.3929615951009363 8.831714072617139 
0.5061999271625035 4.833300975407172 
0.5407639895212054 3.945877535845347 
0.5637502427099791 3.417260450690433 
0.5012684805061839 4.984175339972461 
0.422066794684586 7.585110001157831 
0.4841304379703243 5.463974963426032 
0.4561548548557922 6.349463827300943 
0.3894850066174241 8.98198119404645 
0.39743887966914987 8.612923115508952 
0.578822376383801 3.0949140598154448 
0.5333027556741932 4.150820392288096 
0.6035988977312526 2.5976550131116523 
0.4610092125581022 6.204220685323402 
0.44776994559923866 6.634735386850726 
0.467029288361239 5.988380388112069 
0.4146695028852646 7.890338646666901 
0.48673648274676423 5.381835519835738 
0.4540317883013595 6.419004031527618 
