0.4975885640448907 1.5398950741873656 
0.4094606505650069 2.341087238690185 
0.5443168271093813 1.1191743508317136 
0.6543971998055754 0.13710559038393114 
0.6691479973746721 2.6712545626206285E-4 
0.7486376784990028 7.751116357217203E-4 
0.5919901218677851 0.6878099064419227 
0.5038513311563781 1.4918910336943525 
0.43765036850799066 2.115096474093286 
0.4763892853246526 1.7456561620813171 
0.898921027815597 0.01498258850569445 
0.7341732595267244 8.665122501690164E-4 
0.40753397791573204 2.3528700047982825 
0.7690398176373651 0.0029710202736073915 
0.6239306915444237 0.3889050807613617 
0.3962468102157034 2.434396359922942 
0.8493594075104185 0.002090052281298327 
0.47134094936524185 1.7635926491930038 
0.4961384827746133 1.5558003081497638 
0.5966820750458136 0.6652854656345002 
0.48988683335326244 1.5988391661913535 
0.621164939358046 0.4198466486889125 
0.4987045749652697 1.5197333413148928 
0.4451608218995856 1.997851249062031 
0.5231712264293955 1.2932857023894133 
0.49273336241484367 1.5666674760061454 
0.44220937601075033 2.0208057168443143 
0.9261881389136333 0.0010606242545553313 
0.5977693463088796 0.6345496197599733 
0.43899370241983326 2.059294474381182 
0.5457554367704992 1.0933763868832815 
0.9999999998821775 5.878625313061351E-14 
0.9639782782540592 1.946712363103684E-8 
0.6349588499784178 0.29761157534649185 
0.46997899707910606 1.786568122660779 
0.7993817496012477 2.431514648204569E-5 
0.6090535340447456 0.5412430747896053 
0.6449441082981785 0.1966312108128796 
0.4306368455159653 2.1496707059544535 
0.5185867285906121 1.367144048759887 
0.4030084384147211 2.383966084137615 
0.5099658081290261 1.4173521503220938 
0.6604525298932575 0.062082126571880725 
0.6419418905540881 0.2506528386798814 
0.702311609104101 8.665122501690164E-4 
0.47883615060872114 1.7059599332497273 
0.5039982893317111 1.474227090894398 
0.4248652377218874 2.190658970002713 
0.5568335656742933 1.0306946904471075 
0.5742820860590748 0.8405870538671252 
0.42706282308306 2.1649789683976177 
0.3988636043233211 2.417291593887668 
0.4837882198977623 1.690332492501663 
0.5516864703921094 1.050370742177257 
0.6300307499436893 0.3418449056706748 
0.41894480213917806 2.243077402100266 
0.5694299692708548 0.885899966092015 
0.4131684257090602 2.309789217409757 
0.5842972825737606 0.7428465551057286 
0.657071620458791 0.0989077456027962 
0.5123606489478321 1.389297981284699 
0.5365661490279009 1.183641651071707 
0.5299377831620429 1.238954267314678 
0.4647817946611229 1.8451930017292013 
0.41043594811138245 2.309789217409757 
0.649368315830972 0.16781359281558972 
0.420399459557414 2.2259893342332457 
0.45842408424038855 1.8809016253466386 
0.413417350813243 2.293816600514547 
0.46506925059666593 1.8168799919294014 
0.5591754200770238 0.9680163603945297 
0.5997411586032981 0.6043812678785823 
0.5274345891933676 1.2655540169607684 
0.6111938297633774 0.5055006164105795 
0.40455046857151483 2.3599649516049745 
0.45138157161909676 1.9403922426713751 
0.400308094738311 2.4003111860438646 
0.5200261739712854 1.3211912248373454 
0.43204127334607567 2.1166151310071863 
0.6155232717606949 0.48263477244575803 
0.5890301729328491 0.7199511233575825 
0.3929615951009363 2.470524449451017 
0.5061999271625035 1.446616601705568 
0.5407639895212054 1.133788478445833 
0.5637502427099791 0.9264814084799442 
0.5012684805061839 1.4984099992443884 
0.422066794684586 2.2014230655186826 
0.4841304379703243 1.6452765921023316 
0.4561548548557922 1.8963387505545648 
0.3894850066174241 2.49834700480076 
0.39743887966914987 2.423110513704402 
0.578822376383801 0.7914055108060127 
0.5333027556741932 1.2136439535158772 
0.6035988977312526 0.5679417026002561 
0.4610092125581022 1.8602028926776306 
0.44776994559923866 1.9708351032354934 
0.467029288361239 1.7967490310963796 
0.4146695028852646 2.2718828042097554 
0.48673648274676423 1.6195356916464505 
0.4540317883013595 1.9144318795481206 
