-3.141592653589793 1.0286181231094687 
2.253338206317368 0.2821730291478209 
-3.141592653589793 1.0286181231094687 
1.9951456607252696 0.8022928363673348 
1.9964953296094858 0.6847173271843131 
1.9964953296094858 0.6847173271843131 
1.9987184104624471 0.5824675035745185 
2.1272392685610138 0.4017383347578408 
2.126702620759584 0.46564270704375177 
1.9997100802343746 0.5398739289526583 
2.2533382050629887 0.3344264684629502 
2.1266407850631674 0.47828521136463087 
1.9987184104624471 0.5824675035745185 
2.095854104267285 0.5043210554025729 
2.095854104267285 0.5043210554025729 
1.9997100802343746 0.5398739289526583 
2.2532513371393317 0.3669927299294512 
2.1308716112429145 0.37173705777405763 
2.1308305756224235 0.395867838075149 
2.130872098190571 0.37161627027176536 
2.126702620759584 0.46564270704375177 
2.2533302147736243 0.3604030328365537 
2.1308305246769645 0.3970515972032287 
2.1272392685610138 0.4017383347578408 
2.253337073776132 0.3469725557334766 
2.253333895829653 0.35540533119908435 
2.25333753741271 0.3446164209840289 
2.253332429139588 0.3576929025150384 
2.2533377055726236 0.3432358704366716 
2.2533348723575393 0.35351785170183925 
2.2533375406678333 0.3445636656756065 
2.2533354382778596 0.3522927967240413 
2.2533381951056777 0.3352429921117381 
2.1308305756224235 0.395867838075149 
2.2533347000890713 0.35404750322759515 
2.253334277497799 0.3547387487284348 
2.2533356340653046 0.3519413169258671 
2.2533369105147774 0.34769510215690647 
2.2533361786952524 0.3502714428407509 
2.2533357688734528 0.3514335594253645 
2.2533317248976497 0.3586310002882901 
2.2533365550844766 0.3490695815599916 
2.2533321499622323 0.35804250389313746 
2.253337912097223 0.3413445619492692 
2.2533362905972023 0.349895876792496 
2.25333783174824 0.3421455805017693 
2.253338186345621 0.3356679126513403 
2.2533319159124385 0.35838840403686745 
2.2533359011595344 0.3510804429044242 
2.2533313695187283 0.3590685904069735 
2.253338160373016 0.33692167781655946 
2.253338142567042 0.33743768786637124 
2.2533381308293485 0.3376706885433077 
2.253330558242874 0.3600196998111571 
2.253330932005761 0.3596018777377399 
2.253331273405692 0.35919261731912877 
2.2533364208978135 0.3494757682332134 
2.2533348465068763 0.35374469712068246 
2.253338154831767 0.3371189964867437 
2.2533379615182696 0.34074160336069603 
2.2533381692717906 0.33656544153380574 
2.2533377412681665 0.3429908486039305 
2.253338082299224 0.33882272473389047 
2.2533366275309903 0.3487990339579168 
2.253338037526819 0.3396008797584308 
2.2533367115870613 0.348478990646139 
2.2533360512336236 0.3506761313110155 
2.2533380277326414 0.33991623220211314 
2.253336801326697 0.3481346233211787 
2.2533380171945887 0.340045882770829 
2.2533378811275147 0.34176884686192577 
2.253336986902034 0.34739057173028903 
2.2533381826801815 0.3358365665468555 
2.2533370411305054 0.3472716943138184 
2.2533307971512837 0.3597290937227176 
2.2533379855440274 0.34035367008440826 
2.2533341212816387 0.355010685844925 
2.253338094130857 0.3385992043415694 
2.2533360610456814 0.35063153622360105 
2.253334039919968 0.3551560197760164 
2.2533381708369697 0.33641248307939714 
2.2533379839088266 0.3404637380402183 
2.2533378648568143 0.3417769581122255 
2.253337929242606 0.34110003914580717 
2.25333032234567 0.3602680442420546 
2.253338072584143 0.33918463616986655 
2.253337939612844 0.3409760645881473 
2.253335872749515 0.35123805020593174 
2.253335465815802 0.352215134781298 
2.2533377704202127 0.3427418240129406 
2.2533378081854494 0.3423916692804785 
2.2533324193520747 0.35771234901210563 
2.253336801326697 0.3481346233211787 
2.253338179378549 0.3360868541390176 
2.2533381739371516 0.33617512422777834 
2.2533381198616884 0.33797732596996766 
2.253336678745249 0.3485859624158991 
2.2533381093173244 0.33828730729844164 
2.253338118074022 0.33799370891439684 
2.2533381093173244 0.33828730729844164 
