-3.141592653589793 -4.999999999998234 2.3142440966608907E-5 
2.253338206317368 -3.1538374775042755 3.879863472143678 
-3.141592653589793 -4.999999999998234 2.3142440966608907E-5 
1.9951456607252696 -2.075843200607305 4.546937154557854 
1.9964953296094858 -2.0683946104876303 4.545742713226089 
1.9964953296094858 -2.0683946104876303 4.545742713226089 
1.9987184104624471 -2.075843200607305 4.5455052729380725 
2.1272392685610138 -2.6412330237343538 4.245728860653602 
2.126702620759584 -2.6384702806523173 4.245259664159388 
1.9997100802343746 -2.079270211409497 4.543234986491154 
2.2533382050629887 -3.1538374754734235 3.8801748266235 
2.1266407850631674 -2.6384702806523173 4.245259664159388 
1.9987184104624471 -2.075843200607305 4.5455052729380725 
2.095854104267285 -2.506446509046364 4.32321340214778 
2.095854104267285 -2.506446509046364 4.32321340214778 
1.9997100802343746 -2.079270211409497 4.543234986491154 
2.2532513371393317 -3.1538374783504928 3.880174905570063 
2.1308716112429145 -2.6563118087990687 4.236123555675588 
2.1308305756224235 -2.6563889438978516 4.236217739302412 
2.130872098190571 -2.6563118087990687 4.236123555675588 
2.126702620759584 -2.6384702806523173 4.245259664159388 
2.2533302147736243 -3.1538374779705998 3.8801749840611444 
2.1308305246769645 -2.6563118087990687 4.236123555675588 
2.1272392685610138 -2.6412330237343538 4.245728860653602 
2.253337073776132 -3.153837460781098 3.88017476334737 
2.253333895829653 -3.15383746234186 3.8801746526556995 
2.25333753741271 -3.1538374781832132 3.8801765699007893 
2.253332429139588 -3.1538374605722206 3.8801748228243644 
2.2533377055726236 -3.153837472444922 3.8801743680071588 
2.2533348723575393 -3.153837477237491 3.8801742756624753 
2.2533375406678333 -3.1538374616034623 3.880176537511784 
2.2533354382778596 -3.15383748107881 3.8801749453140966 
2.2533381951056777 -3.1538374687443724 3.8801767395442264 
2.1308305756224235 -2.6563889438978516 4.236217739302412 
2.2533347000890713 -3.153837479130677 3.8801766117066965 
2.253334277497799 -3.1538374791967647 3.8801748229218944 
2.2533356340653046 -3.153837477452233 3.8801768248101776 
2.2533369105147774 -3.1538374606287274 3.880174914019394 
2.2533361786952524 -3.153837461610953 3.8801748284409636 
2.2533357688734528 -3.153837462601586 3.8801748254079715 
2.2533317248976497 -3.153837468467683 3.8801748269816105 
2.2533365550844766 -3.1538374777881026 3.8801749453140966 
2.2533321499622323 -3.1538374606937363 3.88017440644805 
2.253337912097223 -3.153837477516739 3.8801749053864687 
2.2533362905972023 -3.153837468467683 3.880174343744794 
2.25333783174824 -3.1538374610409696 3.8801749732366084 
2.253338186345621 -3.1538374606946022 3.8801767422363036 
2.2533319159124385 -3.1538374607534774 3.880174901920206 
2.2533359011595344 -3.153837471794374 3.8801748009252828 
2.2533313695187283 -3.1538374605647586 3.8801748188788827 
2.253338160373016 -3.1538374687443724 3.8801766838494687 
2.253338142567042 -3.15383747762323 3.8801748266235 
2.2533381308293485 -3.153837463456091 3.880174907633467 
2.253330558242874 -3.153837461037086 3.8801749396349012 
2.253330932005761 -3.153837476592891 3.8801749377417134 
2.253331273405692 -3.153837463697644 3.880174907633467 
2.2533364208978135 -3.153837468048185 3.8801743680071588 
2.2533348465068763 -3.153837468048185 3.880176697308659 
2.253338154831767 -3.1538374685000314 3.880176774206422 
2.2533379615182696 -3.1538374769904918 3.8801747949256016 
2.2533381692717906 -3.153837481165913 3.8801746732732596 
2.2533377412681665 -3.1538374771335533 3.880174868830194 
2.253338082299224 -3.1538374716827073 3.8801746992648964 
2.2533366275309903 -3.1538374686261696 3.8801748950061707 
2.253338037526819 -3.1538374616498603 3.8801749732366084 
2.2533367115870613 -3.1538374714458426 3.8801747185397617 
2.2533360512336236 -3.153837497043067 3.8801748017800883 
2.2533380277326414 -3.1538374682603068 3.8801767802811087 
2.253336801326697 -3.1538374778680476 3.880174630006544 
2.2533380171945887 -3.1538374606895987 3.8801767357477863 
2.2533378811275147 -3.1538374616498603 3.8801767072910014 
2.253336986902034 -3.153837477764503 3.880174914635751 
2.2533381826801815 -3.1538374684342476 3.8801748012093 
2.2533370411305054 -3.153837477644837 3.880176571693773 
2.2533307971512837 -3.1538374601197328 3.8801746526556995 
2.2533379855440274 -3.1538374601197328 3.8801746526556995 
2.2533341212816387 -3.153837477380576 3.8801746275917344 
2.253338094130857 -3.1538374787983297 3.8801744092841663 
2.2533360610456814 -3.15383746164144 3.8801749726489345 
2.253334039919968 -3.153837471775301 3.8801746526556995 
2.2533381708369697 -3.153837471776554 3.8801747600581407 
2.2533379839088266 -3.153837481165913 3.8801748228243644 
2.2533378648568143 -3.1538374606937363 3.88017447974851 
2.253337929242606 -3.1538374674545673 3.8801746913392057 
2.25333032234567 -3.153837461037086 3.880174806210206 
2.253338072584143 -3.1538374772548967 3.8801767422363036 
2.253337939612844 -3.153837467568385 3.8801746917961264 
2.253335872749515 -3.1538375591907246 3.8801749760793567 
2.253335465815802 -3.1538374620337795 3.880174976303052 
2.2533377704202127 -3.1538374771335533 3.880174868830194 
2.2533378081854494 -3.1538374716567676 3.8801749099711342 
2.2533324193520747 -3.1538374607534774 3.8801749000111725 
2.253336801326697 -3.1538374778680476 3.880174630006544 
2.253338179378549 -3.1538374754301346 3.8801748266235 
2.2533381739371516 -3.1538374619039042 3.8801748269816105 
2.2533381198616884 -3.153837471864813 3.8801744305946575 
2.253336678745249 -3.153837478101467 3.880174411624236 
2.2533381093173244 -3.1538374768854975 3.8801748283944204 
2.253338118074022 -3.1538374618224365 3.880174941627484 
2.2533381093173244 -3.1538374768854975 3.8801748283944204 
