2.620647487426784 0.2679762405826206 
2.620647487426784 0.2679762405826206 
2.0042406871253076 0.5598809835625471 
2.3148995448781755 0.29563762907464175 
2.0042406871253076 0.5598809835625471 
2.314876903995118 0.34176344113595236 
2.271604737227304 0.4037834817293048 
2.3148986136358998 0.3030005143270878 
2.620647487426784 0.2679762405826206 
2.0042406871253076 0.5598809835625471 
2.620647487426784 0.2679762405826206 
2.620647487426784 0.2679762405826206 
2.620647487426784 0.2679762405826206 
2.620647487426784 0.2679762405826206 
2.620647487426784 0.2679762405826206 
2.620647487426784 0.2679762405826206 
2.620647487426784 0.2679762405826206 
2.620647487426784 0.2679762405826206 
2.620647487426784 0.2679762405826206 
2.620647487426784 0.2679762405826206 
2.620647487426784 0.2679762405826206 
2.620647487426784 0.2679762405826206 
2.620647487426784 0.2679762405826206 
2.620647487426784 0.2679762405826206 
2.620647487426784 0.2679762405826206 
2.620647487426784 0.2679762405826206 
2.620647487426784 0.2679762405826206 
2.620647487426784 0.2679762405826206 
2.620647487426784 0.2679762405826206 
2.0043368403063666 0.521589597485933 
2.2719133977111703 0.3540757383854884 
2.620647487426784 0.2679762405826206 
2.0042406871253076 0.5598809835625471 
2.0042406871253076 0.5598809835625471 
2.271913527818764 0.3539562077054346 
2.3148995448781755 0.29563762907464175 
2.314899295575601 0.2983811374393978 
2.620647487426784 0.2679762405826206 
2.314876903995118 0.34176344113595236 
2.620647487426784 0.2679762405826206 
2.3148992541099687 0.2987411577302203 
2.620647487426784 0.2679762405826206 
2.620647487426784 0.2679762405826206 
2.2719133977111703 0.3540757383854884 
-3.141592653589793 1.0855092471975967 
2.271114018468316 0.40793499201095434 
2.2248580949561165 0.4264721273467089 
2.2717936562059147 0.39051568423757965 
2.271114018468316 0.40793499201095434 
2.0042406871253076 0.5598809835625471 
2.3148986136358998 0.3030005143270878 
2.2719133977111703 0.3540757383854884 
1.9806900182724843 0.6644474512170534 
2.0042406871253076 0.5598809835625471 
2.620647487426784 0.2679762405826206 
2.620647487426784 0.2679762405826206 
2.620647487426784 0.2679762405826206 
2.3148980183711507 0.3104030604183518 
1.9759597589384041 1.069553900261302 
2.3148988573660056 0.30155111200144463 
1.9806900182724843 0.6644474512170534 
2.2719133977111703 0.3540757383854884 
2.314876903995118 0.34176344113595236 
2.3148980183711507 0.3104030604183518 
2.620647487426784 0.2679762405826206 
2.2719133977111703 0.3540757383854884 
2.620647487426784 0.2679762405826206 
2.3148995448781755 0.29563762907464175 
2.620647487426784 0.2679762405826206 
2.0042406871253076 0.5598809835625471 
2.620647487426784 0.2679762405826206 
2.3148988573660056 0.30155111200144463 
1.9769086000133882 0.937563114253687 
2.3148995448781755 0.29563762907464175 
2.3148986136358998 0.3030005143270878 
2.620647487426784 0.2679762405826206 
2.3148995448781755 0.29563762907464175 
2.004170081134897 0.5916075741995974 
2.0043785089020396 0.5068169567684289 
2.314899908847717 0.2932561872110746 
2.2248580949561165 0.4264721273467089 
2.3148993003110743 0.29831554117431264 
2.3148986136358998 0.3030005143270878 
2.2247179574202227 0.43035292434023603 
2.3148992541099687 0.2987411577302203 
2.620647487426784 0.2679762405826206 
2.2248580949561165 0.4264721273467089 
2.314899295575601 0.2983811374393978 
2.0042406871253076 0.5598809835625471 
1.9806900182724843 0.6644474512170534 
2.2237641724545436 0.49348837764297016 
2.3148995448781755 0.29563762907464175 
2.620647487426784 0.2679762405826206 
2.620647487426784 0.2679762405826206 
1.9775509330224823 0.7806709192066934 
2.0042406871253076 0.5598809835625471 
2.620647487426784 0.2679762405826206 
2.620647487426784 0.2679762405826206 
2.3148986136358998 0.3030005143270878 
2.620647487426784 0.2679762405826206 
