2.620647487426784 -4.337241180713173 2.4884740065105184 
2.620647487426784 -4.337241180713173 2.4884740065105184 
2.0042406871253076 -2.101189766236739 4.53955348425557 
2.3148995448781755 -3.3865625229223735 3.6784132950187374 
2.0042406871253076 -2.101189766236739 4.53955348425557 
2.314876903995118 -3.386562533373025 3.6784132950187374 
2.271604737227304 -3.225217834201017 3.821695333510407 
2.3148986136358998 -3.3865625904878285 3.6784132950187374 
2.620647487426784 -4.337241180713173 2.4884740065105184 
2.0042406871253076 -2.101189766236739 4.53955348425557 
2.620647487426784 -4.337241180713173 2.4884740065105184 
2.620647487426784 -4.337241180713173 2.4884740065105184 
2.620647487426784 -4.337241180713173 2.4884740065105184 
2.620647487426784 -4.337241180713173 2.4884740065105184 
2.620647487426784 -4.337241180713173 2.4884740065105184 
2.620647487426784 -4.337241180713173 2.4884740065105184 
2.620647487426784 -4.337241180713173 2.4884740065105184 
2.620647487426784 -4.337241180713173 2.4884740065105184 
2.620647487426784 -4.337241180713173 2.4884740065105184 
2.620647487426784 -4.337241180713173 2.4884740065105184 
2.620647487426784 -4.337241180713173 2.4884740065105184 
2.620647487426784 -4.337241180713173 2.4884740065105184 
2.620647487426784 -4.337241180713173 2.4884740065105184 
2.620647487426784 -4.337241180713173 2.4884740065105184 
2.620647487426784 -4.337241180713173 2.4884740065105184 
2.620647487426784 -4.337241180713173 2.4884740065105184 
2.620647487426784 -4.337241180713173 2.4884740065105184 
2.620647487426784 -4.337241180713173 2.4884740065105184 
2.620647487426784 -4.337241180713173 2.4884740065105184 
2.0043368403063666 -2.1001743452127477 4.53955348425557 
2.2719133977111703 -3.2252690446540484 3.820748633549722 
2.620647487426784 -4.337241180713173 2.4884740065105184 
2.0042406871253076 -2.101189766236739 4.53955348425557 
2.0042406871253076 -2.101189766236739 4.53955348425557 
2.271913527818764 -3.225269087532099 3.82074665435719 
2.3148995448781755 -3.3865625229223735 3.6784132950187374 
2.314899295575601 -3.386562533259213 3.6784132950187374 
2.620647487426784 -4.337241180713173 2.4884740065105184 
2.314876903995118 -3.386562533373025 3.6784132950187374 
2.620647487426784 -4.337241180713173 2.4884740065105184 
2.3148992541099687 -3.386562533373025 3.6784132950187374 
2.620647487426784 -4.337241180713173 2.4884740065105184 
2.620647487426784 -4.337241180713173 2.4884740065105184 
2.2719133977111703 -3.2252690446540484 3.820748633549722 
-3.141592653589793 -4.9999999999999964 -6.248945455605709E-4 
2.271114018468316 -3.22449164936377 3.82319569173257 
2.2248580949561165 -3.0425641029694575 3.9676365051980387 
2.2717936562059147 -3.224498760377361 3.820791105905384 
2.271114018468316 -3.22449164936377 3.82319569173257 
2.0042406871253076 -2.101189766236739 4.53955348425557 
2.3148986136358998 -3.3865625904878285 3.6784132950187374 
2.2719133977111703 -3.2252690446540484 3.820748633549722 
1.9806900182724843 -1.9976734661129583 4.589668661585228 
2.0042406871253076 -2.101189766236739 4.53955348425557 
2.620647487426784 -4.337241180713173 2.4884740065105184 
2.620647487426784 -4.337241180713173 2.4884740065105184 
2.620647487426784 -4.337241180713173 2.4884740065105184 
2.3148980183711507 -3.386568789266756 3.6784132950187374 
1.9759597589384041 -2.0564487300711907 4.570237589238152 
2.3148988573660056 -3.386562533035284 3.6784132950187374 
1.9806900182724843 -1.9976734661129583 4.589668661585228 
2.2719133977111703 -3.2252690446540484 3.820748633549722 
2.314876903995118 -3.386562533373025 3.6784132950187374 
2.3148980183711507 -3.386568789266756 3.6784132950187374 
2.620647487426784 -4.337241180713173 2.4884740065105184 
2.2719133977111703 -3.2252690446540484 3.820748633549722 
2.620647487426784 -4.337241180713173 2.4884740065105184 
2.3148995448781755 -3.3865625229223735 3.6784132950187374 
2.620647487426784 -4.337241180713173 2.4884740065105184 
2.0042406871253076 -2.101189766236739 4.53955348425557 
2.620647487426784 -4.337241180713173 2.4884740065105184 
2.3148988573660056 -3.386562533035284 3.6784132950187374 
1.9769086000133882 -2.063668977885111 4.589549486819258 
2.3148995448781755 -3.3865625229223735 3.6784132950187374 
2.3148986136358998 -3.3865625904878285 3.6784132950187374 
2.620647487426784 -4.337241180713173 2.4884740065105184 
2.3148995448781755 -3.3865625229223735 3.6784132950187374 
2.004170081134897 -2.101189766236739 4.540978928196922 
2.0043785089020396 -2.1005163294085505 4.53955348425557 
2.314899908847717 -3.386562533214413 3.6784132950187374 
2.2248580949561165 -3.0425641029694575 3.9676365051980387 
2.3148993003110743 -3.386562522871837 3.6784132950187374 
2.3148986136358998 -3.3865625904878285 3.6784132950187374 
2.2247179574202227 -3.042560182902528 3.968322397908842 
2.3148992541099687 -3.386562533373025 3.6784132950187374 
2.620647487426784 -4.337241180713173 2.4884740065105184 
2.2248580949561165 -3.0425641029694575 3.9676365051980387 
2.314899295575601 -3.386562533259213 3.6784132950187374 
2.0042406871253076 -2.101189766236739 4.53955348425557 
1.9806900182724843 -1.9976734661129583 4.589668661585228 
2.2237641724545436 -3.038193251632454 3.9683466691387785 
2.3148995448781755 -3.3865625229223735 3.6784132950187374 
2.620647487426784 -4.337241180713173 2.4884740065105184 
2.620647487426784 -4.337241180713173 2.4884740065105184 
1.9775509330224823 -1.966591691592759 4.581639106667373 
2.0042406871253076 -2.101189766236739 4.53955348425557 
2.620647487426784 -4.337241180713173 2.4884740065105184 
2.620647487426784 -4.337241180713173 2.4884740065105184 
2.3148986136358998 -3.3865625904878285 3.6784132950187374 
2.620647487426784 -4.337241180713173 2.4884740065105184 
