6.281210957162976E-10 1.0015034578297937 
0.8515552996159428 -0.7723573094364121 
0.6527185491199898 -0.4572778682163989 
0.8233920790351112 -0.45859004899997313 
0.6185681252803285 -0.12616895926665903 
0.45358218694190056 -0.12318472481985145 
0.2583647778874616 0.2437326031422966 
0.4095027252720887 0.24090152626378672 
0.18229648857280595 0.6707940122755326 
0.08142224818814384 0.6710432461297912 
0.42319692690385885 0.07056431556993614 
0.6326792324103896 -0.3312763168994667 
0.009957485892429896 0.8997248364035273 
0.6250299664635898 -0.23154939155642687 
0.006451785993283735 0.9203229201815812 
0.2124145270728831 0.4599177623922691 
0.059903651593828086 0.7001553495702717 
0.8266840447394034 -0.522511833622906 
0.419408193174137 0.11385556931368195 
0.6234577926969709 -0.20704122346611495 
0.22919370045191068 0.3406562211424671 
0.8406949762149069 -0.721057530551187 
0.18704091228382058 0.6434815004867712 
0.842683142121341 -0.7373755025818124 
0.033824315536411464 0.8024108794019945 
0.20914241196235828 0.4958013165354437 
0.0025519642318583835 0.9509617084406559 
0.8471882894198735 -0.7631521317538369 
0.4150576875559094 0.16824449012652423 
0.6222164333223018 -0.1766348924165841 
0.4170407134903942 0.14316764447926525 
0.6296143062624808 -0.29645819843629445 
0.8358701952337859 -0.6665897432387708 
0.6352762297271695 -0.3640283733534205 
0.627825278001261 -0.2721910582276923 
0.22202414144220192 0.38884608832434675 
0.4466416193931261 -0.11048269821968942 
0.06714283581424088 0.6848720327810277 
0.8279472591091993 -0.5456546047383274 
0.4423453567958531 -0.0929375965873521 
0.42543429228634383 0.04582527684675557 
0.8248966483848829 -0.4886098220803697 
0.01628290139906248 0.8664850000369003 
0.053382724058991415 0.7222209096507952 
0.05249082353273299 0.7284321347827406 
0.21488080380800284 0.4416300954507961 
0.43178342092809263 -0.001475386189997789 
0.2376514917820447 0.29424504759060266 
0.4327132330138921 -0.026363195204201603 
0.021353478211011412 0.8498620453518282 
0.8379600974030003 -0.6870449293126306 
0.2068438324661672 0.5023149338510654 
0.20041752550947012 0.5525719198206797 
0.20392034146191268 0.526138986471283 
0.0014955557319848434 0.9635464120573787 
0.23409053372600025 0.31237193176548356 
0.02688482315008503 0.8216529945371901 
0.6201908782752592 -0.1529706420903995 
0.19122152633184375 0.6165211931864671 
0.03535568002677403 0.7840526429511315 
0.832178860555887 -0.6162190817641666 
0.41038978964559175 0.2323018020819673 
0.8339775701404796 -0.6421735558310885 
0.42893159978813983 0.008351499283274087 
0.8307955736361781 -0.5872923907409341 
0.1897162295076479 0.6266406392356016 
0.2508199317699945 0.2498377898102777 
0.07288122971782109 0.6807693941240983 
0.023133958294758672 0.8389033054634041 
0.418617134190201 0.12356853480956054 
0.2027209320061702 0.5340101084846716 
0.22510319118212568 0.36778525131241646 
0.19818720198837195 0.5747523441324399 
0.8247373694518358 -0.4810952383361077 
0.19406319789894003 0.5972128081853088 
0.43979582881071677 -0.07898225988893501 
0.8312769680503715 -0.6024484956420366 
0.19485686724511886 0.5916401988136722 
0.6360980800826146 -0.3729380890083374 
0.6417308908853301 -0.4194221250272666 
0.41344714058766485 0.18895100279012914 
0.6381468472329401 -0.3889978452929616 
0.01628290139906248 0.8664850000369003 
0.8334507570492514 -0.635126492076313 
0.6443593484875949 -0.4353431201405432 
0.4389337851845183 -0.06796284057264036 
0.21718084903725188 0.4272523602071686 
0.42735749800706113 0.02537742457729384 
0.03833229986386466 0.7742383713440185 
0.620605971557018 -0.16045516579306943 
0.437093488133544 -0.05589508548871869 
0.24568957392619944 0.26278822123632645 
0.8289687241978552 -0.5636891782946483 
0.6388283271865518 -0.3979422784663885 
0.07942402549019734 0.6756525561452225 
0.8294149992911862 -0.57041163919898 
0.4119715646515379 0.20886403041749324 
0.4513865615702248 -0.12105607782863669 
0.219786776059842 0.40481811742212437 
0.19847018102132985 0.5659207955189968 
