-15.941853933757585 -7.724660735933088 
-16.642505201202066 -5.126670569973248 
-16.419708765315157 -6.209627293084392 
-14.68040770364346 -11.301913548417932 
-14.715029654248674 -11.211579756753796 
-14.554539099392791 -11.52845317417426 
-17.99242413483601 -3.8358796943974593 
-14.950957939568653 -10.410147192141505 
-14.815410708996122 -10.906276467946434 
-16.330168825836978 -6.608855729479255 
-18.10140900253535 -3.5529282382518232 
-18.57480081647565 -1.38162649488674 
-14.838520498513626 -10.826785011149354 
-18.320205844714017 -2.568907984490532 
-14.679950772726043 -11.303036710479994 
-18.620968328975145 -1.1957096561026623 
-15.318171653143278 -8.878101106074869 
-14.517726281594145 -11.586703370946775 
-15.385804939421686 -8.606720300177114 
-16.454844554636143 -6.043925324423988 
-18.476090186596036 -1.815361663522001 
-15.113722301489982 -9.739807478184776 
-15.985845544824326 -7.673236742189815 
-15.082224457704918 -9.872306317269489 
-15.04034519210764 -10.046791933892479 
-17.950618463623012 -3.873094784092019 
-15.355769940038119 -8.725899641510782 
-15.013333448144941 -10.154168103023524 
-18.181146655216057 -3.2320077039216253 
-18.01243911154146 -3.802110031421544 
-14.485068978411398 -11.612162515375758 
-15.96490672887878 -7.701010027419335 
-16.09273108009468 -7.452841463637505 
-18.074050033080795 -3.644477543788846 
-14.645353130361555 -11.382029893877885 
-16.506562832579263 -5.796847615583947 
-19.999008926370202 0.002737667057632619 
-18.030646302856574 -3.7631351239846165 
-18.38536381003881 -2.2480118196908494 
-15.241920130178196 -9.195534120028118 
-16.211257841940146 -7.079618949119446 
-18.276648215130425 -2.783588230737223 
-17.999663932924605 -3.8247676685078593 
-16.116268256092688 -7.387703227569131 
-17.950618463623012 -3.873094784092019 
-18.444227549128055 -1.9643947190447275 
-18.251119770801637 -2.9074264491849258 
-18.683012905459385 -0.9646059280451874 
-17.96595448480557 -3.8650355317558884 
-15.941853933757585 -7.724660735933088 
-18.10140900253535 -3.5529282382518232 
-18.533884713608614 -1.5557876164496944 
-18.042444565012683 -3.734673065007714 
-14.97648799614192 -10.308219655061956 
-16.141524665479213 -7.313225969817008 
-16.34856849707908 -6.528294468377439 
-14.566910309669884 -11.526866836438698 
-14.92139695551397 -10.524780358836516 
-14.514331275951587 -11.589327462004555 
-17.95420073488967 -3.871561388294735 
-16.223314552531427 -7.035961881003855 
-14.679950772726043 -11.303036710479994 
-18.21873144137511 -3.061053134157602 
-14.468252538945396 -11.620539859555544 
-14.566910309669884 -11.526866836438698 
-15.264842943422986 -9.099154765601345 
-14.610100053140798 -11.454508513536458 
-16.388012413730568 -6.354091660664265 
-16.055301945041975 -7.544073693521405 
-15.183730458589068 -9.44233721628447 
-14.875360350365275 -10.696339882080549 
-16.253648167124034 -6.921039862028721 
-16.601389516682165 -5.334431120541083 
-14.745147397771618 -11.124788787523858 
-15.941853933757585 -7.724660735933088 
-16.175522974524533 -7.203793865020003 
-17.979294717423723 -3.8526526554844485 
-15.169916042439977 -9.501217256516714 
-16.52570734777042 -5.706276966768639 
-16.564632299737145 -5.5169883199159955 
-16.034729681419726 -7.588051361360821 
-15.997268778990618 -7.655653691542265 
-14.801175598653877 -10.953172510918609 
-16.294253902205092 -6.759078343415872 
-18.151204205308726 -3.360077871084917 
