-1.1331601657968524 1.9527914219974583E-5 -1.134682949249489 
-0.987650706629511 1.5851521301008018E-5 -0.8510058206473116 
-0.9826344008446282 1.8975968690889486E-5 -0.9898672772102114 
-1.116193605569791 -1.0706301478490816 -1.1146381430199004 
-1.1088508315468972 -1.057423822802848 -1.114635493727397 
-1.1461989489680489 -1.100713817003649 -1.1462379138147432 
-1.1202367448288686 1.882720820602234E-5 1.7335875349557169E-4 
-1.0830228955210086 -0.9693806824684166 -1.0864915002390352 
-1.0971102450745565 -1.0226305713811086 -1.0985146994187927 
-1.0121428786878088 1.4048165041022886E-5 -1.015037822546977 
-1.0525202214014253 1.897832669979128E-5 1.7335875349557169E-4 
-0.7685832851116974 1.8861231661030458E-5 1.7335875349557169E-4 
-1.0974100990064999 -1.0153086169345744 -1.0905448682277055 
-0.9192736742496664 5.8285803923684386E-5 1.707234173854324E-4 
-1.116193605569791 -1.0708548780181915 -1.1146381430199004 
-0.7417363097083347 1.7398056828290563E-5 1.7335468151190078E-4 
-1.0698622836770995 -0.7970495501563656 -1.06820562415659 
-1.1370942003116296 -1.1264477438024487 -1.140542875939523 
-1.0698622836770995 -0.7596319259800388 -1.0681931701941116 
-0.9873378191265969 5.901234359099869E-5 -0.9638132265819789 
-0.8264734771109835 1.897986688548757E-5 1.7322541333791755E-4 
-1.0698604008759427 -0.9045029232922303 -1.0690022523131066 
-1.1219692728600843 1.9118211446596003E-5 -1.118317356633049 
-1.0698604008759427 -0.9203519129418262 -1.0693832057079524 
-1.0685812876976937 -0.9364641982233818 -1.079529294820741 
-1.1464572821792973 1.8858521237817026E-5 1.7356792228358396E-4 
-1.0698604008759427 -0.7757889393104758 -1.0690494697191175 
-1.070070646041877 -0.9556064365384999 -1.0682276513992748 
-1.0035507251492786 1.8858521237817026E-5 1.733620762025374E-4 
-1.10773170349895 1.897832669979128E-5 1.7335875349557169E-4 
-1.1458928074010808 -1.135133064071127 -1.1462379138147432 
-1.1267170249742853 1.7852486992179223E-5 -1.1266758711200724 
-1.0878186741524107 1.9048859643647832E-5 -1.085827415992551 
-1.0694331326424822 1.8858521237817026E-5 1.7357541765273293E-4 
-1.1258555563841421 -1.0816251992204073 -1.1169887706931514 
-0.9766121774850548 1.8837134908914565E-5 -0.9431859307292237 
-3.2087991823200507E-4 1.719791204439776E-5 1.7335875349557169E-4 
-1.0963687619159435 5.6531510361020926E-5 1.7723871293986315E-4 
-0.8802783226680237 2.1929226862853427E-5 1.7323210774558442E-4 
-1.0698357309741797 -0.8375926482568746 -1.069067056372915 
-1.0544276839158448 1.8989594449669607E-5 -1.04583944515097 
-0.945527088027942 2.1901889967751837E-5 1.7073625591741803E-4 
-1.1157097257112618 1.958139062996823E-5 1.7335875349557169E-4 
-1.075694610754778 2.1457746072931545E-5 -1.0833389209548447 
-1.1464572821792973 1.8858521237817026E-5 1.7356792228358396E-4 
-0.8453067422010041 1.9058736270058515E-5 1.7064555958094644E-4 
-0.9609695282806954 1.8837134908914565E-5 1.73358752474062E-4 
-0.7058817398293507 1.897832669979128E-5 1.7335875349557169E-4 
-1.136822806947546 1.8127947720755817E-5 1.7335875349557169E-4 
-1.1331601657968524 1.9527914219974583E-5 -1.134682949249489 
-1.0525202214014253 1.897832669979128E-5 1.7335875349557169E-4 
-0.7924978519369831 1.8858521237817026E-5 1.7327498355748126E-4 
-1.0890465399402682 1.9028802474034825E-5 1.7064555958094644E-4 
-1.0851525138774278 -0.9556064365384999 -1.0859914025582458 
-1.074714242950949 1.9645050832017556E-5 -1.06865909143414 
-1.0134459107932738 9.697752100999994E-5 -1.0024794304518605 
-1.1326027768398583 -1.1103966436879298 -1.1291860102834368 
-1.0851525138774278 -0.9824743646811493 -1.087433072263777 
-1.1370942003116296 -1.1264477438024487 -1.1438289181443257 
-1.1441906722944837 5.6531510361020926E-5 1.7723871293986315E-4 
-1.0469895749833937 8.05037732574707E-5 -1.04583944515097 
-1.116193605569791 -1.0708548780181915 -1.1146381430199004 
-0.9806339250498399 1.897832669979128E-5 1.7335875349557169E-4 
-1.1461989489680489 -1.1432181515993678 -1.1462379138147432 
-1.1326027768398583 -1.1103966436879298 -1.1291860102834368 
-1.069834743654061 -0.8253512519396404 -1.069067056372915 
-1.1259958683308149 -1.092853347312491 -1.128663688619408 
-1.0004127180113602 1.568869800460437E-5 -0.9914128953873268 
-1.0984166912556617 5.2779350914004856E-5 -1.0985146994187927 
-1.0682622301066833 -0.8685636091878368 -1.070158231958948 
-1.0884766672185027 -1.0020861104585765 -1.090155447252714 
-1.0402479964850115 5.6109409727162355E-5 -1.0339028873289353 
-0.9553432060893051 5.2683485526857824E-5 -0.907231287023339 
-1.114783478777255 -1.045088060839379 -1.1038969452372882 
-1.1331601657968524 1.9527914219974583E-5 -1.134682949249489 
-1.0654274744478687 1.8870647240688048E-5 -1.056907169157843 
-1.128456538937422 1.8858521237817026E-5 1.7356792228358396E-4 
-1.0701020007506552 -0.8753067141541272 -1.069067056372915 
-0.9615901406721143 5.859904401906457E-5 -0.9465719732529774 
-0.9418689308298437 5.8271916809814086E-5 -0.9427554595486372 
-1.1052876586178044 5.333082056368922E-5 -1.1044653584697488 
-1.1161425136403937 9.378642797724194E-5 -1.1170001872464481 
-1.0974100990064999 -1.0288570580583813 -1.0997371352164758 
-1.0221817742370223 5.2779350914004856E-5 -1.0270168842449567 
-1.0218722697501303 5.89213016689388E-5 1.7354597274522047E-4 
