0.40943622614171626 0.24440059772485703 
0.8299671952133884 -0.5803072408779952 
0.8418150935338586 -0.7139590969691338 
0.22900121346477337 0.3425109300583454 
0.4303019451152278 -0.00411796015431493 
0.8269117752717912 -0.5262500278686595 
0.6515591926226719 -0.45636170183594266 
0.625200251392914 -0.2334078924126109 
0.06974016159130977 0.6806475203210688 
0.6208478440636659 -0.16406918269237836 
0.018038618702773852 0.8583195654767682 
0.6358673797854442 -0.36977265232071105 
0.45248011444595765 -0.12240581139783326 
0.03937149780110187 0.7685843454045868 
0.6262632164050997 -0.24937648012352417 
0.4356665787848354 -0.05042205060012314 
0.6241035021264785 -0.2146579292049448 
0.4396595820130674 -0.07756013960915642 
0.188015142936822 0.638330174952876 
0.18249975262655138 0.6700081141767843 
0.43210146743222017 -0.02021811685419558 
5.631199182785096E-4 0.978828326442817 
0.003992423177363258 0.9521855738179129 
0.19625777931364524 0.5820302070054477 
0.03396400397209974 0.788951710601105 
0.014406022606482351 0.8771251999524312 
0.434001983744941 -0.03814203876184955 
0.6215498845391308 -0.17583880172902303 
0.8359548509877419 -0.6679890993135571 
0.4212681315607666 0.09227973497331274 
0.23628528848027863 0.3016135489346316 
0.6293863537141597 -0.2931880762325423 
0.029397338986192234 0.8071238774551109 
0.23321585189556598 0.317408841549321 
0.2239248679869456 0.37582020906802893 
0.19915587171335236 0.5703137979932453 
0.05784245294336737 0.7057243356657399 
0.8379448085563987 -0.6921875532266885 
0.02220448745016035 0.8471087514816233 
0.6199257462063458 -0.14756863225286282 
0.0640817082824256 0.6923502631515546 
0.21886860492969448 0.41433745779312914 
0.8245895133642066 -0.48195619389561173 
0.4451827895469666 -0.10519982916452271 
0.2011608738968529 0.5459898426507886 
0.41658481183210416 0.1493267607822311 
0.42931206661752797 0.010307460890608347 
0.20764803677523733 0.4973927515888684 
0.23980046425383342 0.28620601023106923 
0.4151989050814767 0.16702111260627583 
0.42567793336199045 0.042797559896863194 
0.6224783407470241 -0.19178921508307734 
0.24873094773369592 0.2550449583278176 
0.6273528791992801 -0.2655974456410197 
2.2846976383795457E-10 1.00290487693235 
0.007389573752809381 0.9154810815604739 
0.2097665375581282 0.4812335291605934 
0.41411778717510944 0.18137884671148596 
0.013306997307003354 0.8962617826923635 
0.004520487827691773 0.9351689467282537 
0.8311679261136781 -0.5999772469309856 
0.8282375357719384 -0.5503079678360805 
0.8341228069619566 -0.6415254987802431 
0.4123022762687734 0.2046662588783355 
0.8523928406429344 -0.7716464674406953 
0.02534036681320813 0.8280733630282288 
0.21464824915092842 0.44343145056535666 
0.18993716686517928 0.625483006691658 
0.22110570749448938 0.3955943830626987 
0.20561185673737398 0.5132394580949281 
0.2168144240878111 0.4299523742886026 
0.8233385662193947 -0.456624229418211 
0.2121603300459712 0.46479858642722216 
0.6408188240282717 -0.4129897981847257 
0.24394854556795115 0.26892880823014464 
0.22671374001069125 0.3596807965671388 
0.4200112321438637 0.10707978679417811 
0.2038978305583165 0.5256619531670748 
0.6378177803655803 -0.3882162603958358 
0.6309075824753703 -0.3128974457901467 
0.05218339275632328 0.7226473872251948 
0.1930536487447393 0.6046224277357233 
0.42410585957759456 0.0601676846790176 
0.42273105732218474 0.07571367573028451 
0.8323088418073764 -0.6177775898325626 
0.44232582981752194 -0.09229406916113225 
0.41862437000809244 0.12449479556128722 
0.6443840192332555 -0.43487204527137535 
0.618711682333353 -0.12681567772254831 
0.8422794690729295 -0.7331655398231334 
0.08185292377366749 0.6719650110084842 
0.8258216659329001 -0.5057148733868496 
0.6328001109447726 -0.33074572651977174 
0.04277700847133993 0.7568694439164524 
0.6342367120802723 -0.35154279889078016 
0.41069429691074555 0.2277520931374117 
0.25881044130883685 0.24461288059606323 
0.4375146799636631 -0.06379597486562176 
0.047096888366038925 0.7392557693388131 
0.42713864535257934 0.026905757249402713 
