0.24525500015529592 0.2623458550619085 
0.4501741695248367 -0.12101451151715643 
0.8350079270933128 -0.6577896692598683 
0.21732306698791637 0.42141886656410377 
0.253503552560822 0.24465753446893293 
0.23612758781289206 0.3001157018140053 
0.25712351868778077 0.24234358693849264 
0.6505587022057113 -0.45694076742013817 
0.6499823430767928 -0.4561041717321558 
0.2337870887397015 0.312520992432881 
0.027220218706135224 0.8146297665306853 
0.43232852757322004 -0.024779342545081177 
0.4249993452612396 0.047667108862428816 
0.6479071006090953 -0.4513332671096206 
0.640102989400309 -0.4093602994594303 
0.008357971764447206 0.9065860507330544 
0.6295515993964125 -0.2973917395329643 
0.6518820259541481 -0.45803956724392586 
0.42799364352269476 0.016223143406102654 
0.05287941317209252 0.717533710326331 
0.45230516689441314 -0.12355763848135846 
0.24800884994366432 0.254605689335444 
0.013243719175204588 0.8797350562585065 
0.020223036518285636 0.8459883030591352 
0.4213439391923063 0.08918292869289632 
0.6394769802677404 -0.4044170314911506 
0.20381414966206957 0.5242928631344366 
0.22180849993443133 0.3888545534679494 
0.6374560509911368 -0.3868927542704355 
0.44876457138276726 -0.11818072841554661 
0.25119835400527457 0.24792704026397608 
0.6349372019326613 -0.36189441854759735 
0.20029689033433384 0.5507559393229321 
0.6439790686594636 -0.4348899368607698 
0.0021009210673707396 0.9542375669789538 
0.4470502478520743 -0.11363913634733645 
0.25419736053735725 0.2439772964544228 
0.243672482738835 0.26763339293792904 
0.2499704602507096 0.2502332655802377 
0.4494431339548236 -0.11965417411319063 
0.25539878588487525 0.2430333237040809 
0.005032809974074112 0.9284700372212409 
0.4431313200347621 -0.09839752446442099 
0.23897947646351675 0.2864570840076257 
0.22419020743544246 0.3724827977753255 
0.21343741428984123 0.4507287969987338 
0.07391636818879888 0.6742628108814994 
0.4369322653723115 -0.06152450858313596 
0.04919320812734812 0.7292183088728985 
0.45115104456932914 -0.1224241890620934 
0.03609309424626317 0.7774877045215498 
0.20799521205042387 0.49237349928974544 
0.8489661869455616 -0.7698298988092569 
0.8404179337613127 -0.7192729361193878 
0.651471682777367 -0.4578218390326257 
0.4454639492082575 -0.10824991413025667 
0.23115288812396845 0.32756676915905814 
0.04048914505760154 0.7602561306178311 
0.645065892359217 -0.44039285680303475 
0.6468349173717747 -0.44780621114946145 
0.8455701428298388 -0.756848401226188 
0.017605455361608482 0.8582433163206882 
0.4342539349925669 -0.041072564574050126 
0.45381351822523375 -0.12411375574524211 
0.8499288899830082 -0.7717381531275385 
0.028574385162885824 0.8088064280036971 
0.8388393962147036 -0.7035627932522366 
0.0648228573049292 0.6876208259344373 
0.07600614674418729 0.6724168808319703 
0.03372031538225845 0.7871396202227353 
0.07719452454645187 0.6716330484133003 
0.8482300170582495 -0.7678099159307051 
0.046008596219564574 0.74008033247994 
0.06960625989930591 0.6795014460240126 
0.4391321979007283 -0.0763396262296407 
0.4414059191438392 -0.08968406265662567 
0.6318961530114995 -0.3272350787438225 
0.08147475867212095 0.6699759248149249 
0.6419735576221925 -0.42276166565848244 
0.6486479889079624 -0.45333976828482203 
0.22673079990996614 0.3552379841254547 
0.8365996722233842 -0.6781045189659242 
0.8469216371742408 -0.7631516737016165 
0.8442296732247185 -0.7491434145865502 
0.8507101687724803 -0.7727639345226127 
0.06620097131172983 0.6850759680384271 
0.07120737529814594 0.6773604338073601 
0.4533308272382277 -0.12401068539207072 
0.07993279660663238 0.6702956056933539 
0.8434569353807974 -0.7439855216660216 
0.05680882984740761 0.7063419345701297 
0.8512469947338764 -0.7731165711597128 
0.06058173900640301 0.6968025741757562 
0.8413847158369878 -0.7279045531281405 
0.25571431735785904 0.2428682521701252 
0.0793104289660924 0.6705139130089727 
