0.7570934280994354 1.320842085841327 
0.9196498979852173 1.0873703162459425 
0.43273492928603424 7.241044012439672 
0.6774789000449679 1.4761874027519797 
0.6355509317077739 2.055273140339954 
0.8985046357309829 1.1129605443093973 
0.6649271660674932 1.559272287853014 
0.48806949639882397 5.3581943016975915 
0.6000140631263218 2.676298489008802 
0.7211223248997924 1.390750833913682 
0.8658357290539282 1.1549567938899397 
0.4289571141094314 7.3326602200793385 
0.5600489195243578 3.515429470548935 
0.6597579858096112 1.6167278001141208 
0.41886043116502986 7.713118938519003 
0.45941581024366046 6.266673282365441 
0.46833910948447155 5.968306874613953 
0.46125044691913963 6.182787223309735 
0.8336295526898992 1.199577023675255 
0.6014184062168444 2.6404103582127063 
0.5463243894081669 3.865027943867731 
0.4029523944880978 8.387246884155687 
0.9459320258292604 1.0571584142434283 
0.5808236334033519 3.0576227001749854 
0.9999998272767577 1.0000001742060636 
0.4564303373167046 6.347982065977511 
0.46341298324584745 6.106981136251187 
0.3996737279285011 8.520211626897055 
0.4356526569300134 7.113194824103359 
0.49523466339956 5.214326234162674 
0.5165940941968051 4.571753134751106 
0.43693325460975274 7.0228902416327275 
0.7921571076684243 1.279221536358473 
0.39576439029619465 8.719791933448782 
0.393164162439374 8.829217868445255 
0.5044704541056121 4.895695322258121 
0.47470376225921485 5.757532964168216 
0.5023974930688377 4.971623548143963 
0.6543749932561883 1.7378899166888961 
0.4442018935822354 6.825186164298181 
0.414714877743554 7.879847583002712 
0.5353932183872394 4.1042357096399344 
0.4827075416372217 5.511985003726038 
0.44850224592610893 6.609343506728849 
0.44178461233253885 6.8775947703105 
0.45151949390393337 6.507487508595139 
0.5699020294200815 3.311658391340378 
0.538316147240703 4.028196349169254 
0.47348427871310816 5.822588359828453 
0.4797300381303289 5.631223847452348 
0.5521638644251139 3.6801440722998215 
0.4227503213701188 7.6055335127328725 
0.5642642731964537 3.4082588794731787 
0.4968414570218977 5.139795992465449 
0.40676517712326465 8.23711383766367 
0.5197012852558238 4.474133464342242 
0.5258596754432452 4.395240042602957 
0.4539551636273132 6.451530439000246 
0.3974343013657684 8.649901138641706 
0.6275052451720378 2.197106682118135 
0.40736323576149486 8.18421739219073 
0.5269868289878158 4.284685078207634 
0.43555824324804454 7.196102344493595 
0.3938986599882798 8.778777069092179 
0.6145871335943944 2.4216397277153416 
0.57659462265007 3.14194163424652 
0.4710095387950084 5.878475549881004 
0.4298595176475344 7.2915023786230755 
0.4907242191789378 5.272348335919538 
0.5483110026399466 3.76783273357333 
0.5942195204238471 2.7822670144788524 
0.605125720834927 2.568539620643824 
0.4889271350654782 5.3219594107480654 
0.5899749044985589 2.866061730083871 
0.637456605191949 1.9878002603480165 
0.5443996154491246 3.967024127718635 
0.39146160511417766 8.912139994714929 
0.49818207795976616 5.063895530184783 
0.640492351373161 1.9311375449295354 
0.4267020733900716 7.404911659252989 
0.4450122734704912 6.733435984453288 
0.5311404142968085 4.18338475528327 
0.41700532584753147 7.80570253740175 
0.5560122812946425 3.5921223443716372 
0.46549778415300963 6.042098573726522 
0.5112501219505745 4.69284718820777 
0.38965194476536674 8.965590237003079 
0.44124013029567233 6.9278812119997495 
0.41240178170044683 8.020688167861232 
0.485995353123151 5.404993194288601 
0.5731565159489329 3.229356149619453 
0.4243641652595571 7.499276361860111 
0.6167746633699026 2.3533319819380516 
0.40476354985122853 8.296028295404117 
0.6211219046288544 2.2787967478327253 
0.41000802723267754 8.075039324112145 
0.5070739725981076 4.808905598579312 
0.6463893863379723 1.8401621610642493 
0.6084830506457559 2.5057911194730815 
0.5841999965128917 2.985256480258469 
