0.7570934280994354 8.627476189392019E-7 
0.9196498979852173 4.077345980077231E-10 
0.43273492928603424 2.133452668680143 
0.6774789000449679 8.581787664919266E-5 
0.6355509317077739 0.30623075925702015 
0.8985046357309829 2.084476716001163E-7 
0.6649271660674932 0.03680250348968117 
0.48806949639882397 1.6151711944365919 
0.6000140631263218 0.6058167305290069 
0.7211223248997924 0.0029014747081596015 
0.8658357290539282 2.8576634833231765E-6 
0.4289571141094314 2.145396766750261 
0.5600489195243578 0.9688124766450162 
0.6597579858096112 0.066649077005696 
0.41886043116502986 2.230720324215227 
0.45941581024366046 1.879008783550218 
0.46833910948447155 1.7951915267867484 
0.46125044691913963 1.8518133699575619 
0.8336295526898992 2.8576634833231765E-6 
0.6014184062168444 0.5879913893947332 
0.5463243894081669 1.111559031479041 
0.4029523944880978 2.379661215133371 
0.9459320258292604 4.077345980077231E-10 
0.5808236334033519 0.7759395262922026 
0.9999998272767577 1.4827913083278778E-9 
0.4564303373167046 1.8974115956545066 
0.46341298324584745 1.830054346976278 
0.3996737279285011 2.405304743661705 
0.4356526569300134 2.098882224381448 
0.49523466339956 1.5823150974310471 
0.5165940941968051 1.3617406695381518 
0.43693325460975274 2.0685342900436603 
0.7921571076684243 0.013344432308886045 
0.39576439029619465 2.450983138051033 
0.393164162439374 2.4713320482420342 
0.5044704541056121 1.4697336423822756 
0.47470376225921485 1.7331225594221014 
0.5023974930688377 1.4977312070695272 
0.6543749932561883 0.1372317025132942 
0.4442018935822354 2.031760618232526 
0.414714877743554 2.267890027022809 
0.5353932183872394 1.1973799656039599 
0.4827075416372217 1.660676730689828 
0.44850224592610893 1.9643054068650334 
0.44178461233253885 2.038415539381921 
0.45151949390393337 1.938257466467045 
0.5699020294200815 0.8873208379709239 
0.538316147240703 1.168443139013858 
0.47348427871310816 1.7569040497967143 
0.4797300381303289 1.701467231058732 
0.5521638644251139 1.0320425726022453 
0.4227503213701188 2.2152417366990305 
0.5642642731964537 0.9231587194912929 
0.4968414570218977 1.553663729691844 
0.40676517712326465 2.3505710691617576 
0.5197012852558238 1.325212911824755 
0.5258596754432452 1.311279502298346 
0.4539551636273132 1.9287055560829487 
0.3974343013657684 2.437767415919031 
0.6275052451720378 0.37869596723166277 
0.40736323576149486 2.333949279058319 
0.5269868289878158 1.2579726025760523 
0.43555824324804454 2.134321695400765 
0.3938986599882798 2.4579485238512477 
0.6145871335943944 0.48830861885488147 
0.57659462265007 0.8116266509869163 
0.4710095387950084 1.7688180575671848 
0.4298595176475344 2.134321695400765 
0.4907242191789378 1.5872690203834876 
0.5483110026399466 1.0659441439252033 
0.5942195204238471 0.6532773710347125 
0.605125720834927 0.5542893894351639 
0.4889271350654782 1.6020503676318123 
0.5899749044985589 0.6909044954932064 
0.637456605191949 0.26713640576111897 
0.5443996154491246 1.159646409607424 
0.39146160511417766 2.488760627333365 
0.49818207795976616 1.5227419977986265 
0.640492351373161 0.2368788269769112 
0.4267020733900716 2.159691158273566 
0.4450122734704912 1.9964616557095727 
0.5311404142968085 1.2219647120841086 
0.41700532584753147 2.25501953007812 
0.5560122812946425 0.9972641393835335 
0.46549778415300963 1.8125834977037556 
0.5112501219505745 1.3992186972666332 
0.38965194476536674 2.493459671817635 
0.44124013029567233 2.05685920865571 
0.41240178170044683 2.3077460908896645 
0.485995353123151 1.6268015760865164 
0.5731565159489329 0.8509265194741465 
0.4243641652595571 2.1824241533514943 
0.6167746633699026 0.45147554095746767 
0.40476354985122853 2.3579298625140064 
0.6211219046288544 0.4154105762759016 
0.41000802723267754 2.3108309431055147 
0.5070739725981076 1.438470865720892 
0.6463893863379723 0.18946129005267698 
0.6084830506457559 0.5247314246580245 
0.5841999965128917 0.7439868253570849 
