-14.440972706563265 -11.627069565300017 
-19.997452868762764 0.006384997404476194 
-14.440972706563265 -11.627069565300017 
-19.997452868762764 0.006384997404476194 
-19.070883393245737 -0.008767770742158492 
-17.94488124549982 -3.87290570649142 
-17.03885624220372 -3.886807800395736 
-19.997357122054808 0.006351016328951265 
-15.636170672796531 -7.749899380877415 
-18.4784364895544 -1.7981903970324775 
-15.300441357819892 -8.923297533428567 
-15.373917106842876 -8.653528133270475 
-18.535100939005837 -1.4654167467262555 
-14.741022878550659 -11.099206219989954 
-14.860800257806005 -10.678580989688536 
-18.711538617546523 -0.8398671733951184 
-18.67167664595316 -1.0019104256810136 
-16.53363507651251 -5.648926934156486 
-16.57623166829428 -5.422105828258225 
-15.886313311548417 -7.7497431810347805 
-18.03141283341893 -3.7571457828235855 
-16.284638990410862 -6.767895847352193 
-18.25195662049901 -2.879676250057936 
-16.43772123674517 -6.1158593012933675 
-18.21244004718418 -3.080121241470822 
-16.491060138762027 -5.802574534626565 
-16.817174561770727 -4.394416890804319 
-16.693480394472765 -4.781535394184556 
-16.340517393117548 -6.5624164870133 
-15.214308414710494 -9.274725391143427 
-15.525377731007737 -8.094307542920708 
-18.18361396822191 -3.210331229283515 
-18.57708003478048 -1.3682622354895941 
-14.911317789042535 -10.521924347958759 
-16.740749704886355 -4.6832188308483085 
-16.227303434193637 -6.9655366732882475 
-16.020362510637067 -7.545313931315123 
-18.996601675255718 -0.13122137862204022 
-15.985572965171972 -7.651849334657209 
-15.03714914023591 -10.037300031108261 
-18.07624836612119 -3.63235837056149 
-16.077202721130725 -7.455305946891814 
-16.379448830460973 -6.35548218559715 
-18.352287460810473 -2.3842028057113955 
-16.64919451846942 -5.034105447964387 
-14.986109816394489 -10.269938126773518 
-16.39339446181603 -6.3070172493257814 
-15.187536793344526 -9.371898526674883 
-15.581121267929436 -7.89358614957622 
-15.450160414509426 -8.35859119651768 
-18.90155294787469 -0.2268964569983629 
-16.65295951858293 -4.959960125733831 
-14.810177941139402 -10.91690182951752 
-18.150163291648035 -3.358767559305273 
-16.86177577940495 -4.240891865796088 
-18.81909431400063 -0.48024657056719683 
-15.013741630862683 -10.148678221557384 
-15.114141460359512 -9.721619572091909 
-14.637115150883565 -11.392623005616468 
-14.810030001517285 -10.917370274687737 
-18.434248022966003 -2.0049087722889154 
-16.319037311495585 -6.65070817368939 
-15.564594771117944 -7.9524460304257705 
-18.875518606156827 -0.32467710057001464 
-16.137251035675337 -7.305940226838672 
-14.674228427002763 -11.255536929154431 
-15.247312018938425 -9.078230111492239 
-18.434248022966003 -2.0049087722889154 
-15.925508965164749 -7.723540315020811 
-18.78307196139267 -0.6344993285941722 
-18.150163291648035 -3.358767559305273 
-18.386692216994227 -2.2349621432284796 
-15.1483848447449 -9.557796063264547 
-15.06508182561382 -9.879993922430906 
-18.970892019380102 -0.17745138330770785 
-18.61176266355858 -1.2190662862889514 
-18.283192679569257 -2.747140363123016 
-16.16836681992781 -7.173180222603101 
-18.78307196139267 -0.6344993285941722 
-18.07624836612119 -3.63235837056149 
-16.108471515952594 -7.362545983445957 
-18.61176266355858 -1.2190662862889514 
-18.319090475885815 -2.5631588795963505 
-18.852486263664566 -0.43990138254515354 
-16.94292203172202 -4.064631084391443 
-15.158051150031046 -9.513613021242397 
-14.950358951776263 -10.379565690688123 
-18.295392456958744 -2.682925213451388 
-16.608886629874643 -5.251851594691784 
-14.538223221432492 -11.55033294515782 
-16.194321388001434 -7.138159701229358 
-16.911995969704 -4.137122602265455 
-16.768162216664525 -4.512934363537664 
-18.386692216994227 -2.2349621432284796 
-18.335081945400574 -2.492060454097178 
-14.538223221432492 -11.55033294515782 
-16.981316968027606 -3.9097593601394927 
-16.467664189794174 -5.983478051024381 
-16.21846880532657 -7.021539494606095 
-16.97329332421775 -3.9960311224871474 
