-1.1524906590291184 -1.1508987395740915 -1.1512785405060644 
8.025121857426344E-4 2.530130192311646E-4 -3.50405432675002E-4 
-1.1524906590291184 -1.1508987395740915 -1.1512785405060644 
8.025121857426344E-4 2.530130192311646E-4 -3.50405432675002E-4 
8.229176603006261E-4 -1.319264547291997E-4 -0.4866585327869605 
-1.149859613685221 2.5352322206354146E-4 -2.2493170541193486E-4 
-0.4989886863242516 4.645965954935519E-4 -1.122815120884793 
8.869531030836278E-4 3.152991889204185E-4 -2.1248231828491226E-4 
-1.0691789249740216 -0.5964171693645985 -1.083933337976181 
-0.8246163759733411 3.172167026915034E-4 -4.802312670331001E-4 
-1.0676062021977937 -0.7846718467612404 -1.1029571905533626 
-1.0676062021977937 -0.7658609741752442 -1.0710561629610145 
-0.7832353619105966 0.007408756441460889 8.193769043834589E-4 
-1.0971475742102004 -1.070295891206956 -1.0768363873242566 
-1.0431932002180675 -1.028561805704541 -1.0988743428349954 
0.0026446940844753186 3.3485697165077386E-4 -0.6866249210240343 
-1.5401423843312573E-4 3.7880380469886775E-4 -0.7121430672669197 
-0.9039296185693242 2.8256559333633696E-4 -0.9998854469065531 
-1.0202076513965046 2.9722463796165097E-4 -0.8587204178663808 
-1.1498165635170432 2.8262234939820173E-4 -1.1529271813357176 
-1.0954094426533794 3.1323680561685485E-4 -4.8012651383533755E-4 
-1.059651244417541 3.241386857079163E-4 -0.9956534705718398 
-0.9583943091266252 -4.058243647145614E-4 -0.0018374332766081247 
-1.0048292642812688 -4.3666892472282335E-4 -0.9568208256075361 
8.229176603006261E-4 2.851772818390848E-4 -0.9836147092133709 
-1.0434020729154327 3.094835087818863E-4 -0.8869599761506308 
-1.0633124018245093 0.005907319922373999 -0.6774055681664967 
-0.7094930211663197 6.303119194868353E-4 -1.1054852168474412 
-1.005079684859914 2.8365467055887074E-4 -1.0157711550628186 
-1.0772348408962016 -0.8727070749135485 -1.0282207687856493 
-1.0971475742102004 -0.6495456685823598 -1.0768363873242566 
-1.001138999688593 -4.058243647145614E-4 8.193769043834589E-4 
-1.5401423843312573E-4 -4.1324039189103996E-4 -0.7669435660387285 
-1.1174561852086462 -0.9598833309936968 -1.1040830259068388 
-1.0468610241040959 3.177170868991001E-4 -0.7368089457701759 
-1.005894431040669 5.048782754560952E-4 -1.0847870520594851 
-1.12068638172738 -0.03009403163924068 -1.0972415118332015 
-0.5282220551603666 3.733393401157472E-4 -1.9611243755668644E-4 
-1.1021923743358268 2.538945275017948E-4 -1.1383293395504896 
-1.0969989065271668 -0.9112376247017488 -1.096850273447585 
-1.0675760331638788 3.1674990936900616E-4 -4.8012651383533755E-4 
-1.0834914562530613 0.014201003061569666 -1.0996366714381631 
-1.0410279814219385 -4.3666892472282335E-4 -0.9563785456013034 
-0.897678513220634 -1.319264547291997E-4 -0.002143242045397342 
-0.8250946606985585 0.023011652420008577 -1.009730011735227 
-1.078110008314233 -0.9552914389626895 -1.0850236646225118 
-1.0106020925020844 0.006609829296716961 -0.9779452414942911 
-1.0299302953191527 -0.9043559619140424 -1.044954705398782 
-1.0691789249740216 -0.6029247218125182 -1.1170176131864107 
-1.0632397844594237 -0.7261562646414337 -1.0705378789020716 
-0.015094943580791595 2.6377435957300856E-4 -0.5648906057182321 
-1.0679857308074858 0.024714704911536323 -0.7672904839893595 
-1.0971475742102004 -1.0325038943651021 -1.084771305811138 
-1.022032307597794 3.1323680561685485E-4 -4.8012651383533755E-4 
-1.0827289649219183 0.014279234020790756 -0.6339115759064203 
-0.6205755021999901 0.006798500837828169 -4.802312670331001E-4 
-1.0734064441793738 -0.9371409281637013 -1.0969432286979248 
-1.0772506289734802 -0.8829601426735343 -1.0969432286979248 
-1.127409742196523 -1.089993376549562 -1.1070134472806672 
-1.0971475742102004 -1.032576553059853 -1.084771305811138 
-5.368400546870156E-4 2.8365516800831425E-4 -0.8507028127870762 
-1.0301460727486935 2.530130192311646E-4 -1.003887480179852 
-1.117186047101104 -0.6004378982963384 -1.0838560083718922 
-0.5865755443240133 5.296945198712093E-4 0.008756775722520094 
-1.0633124018245093 0.005937373348390063 -1.0826929734026838 
-1.0779713631806127 -1.096683752573592 -1.1075482804759555 
-1.117691563443993 -0.7787177128900428 -1.1040898784104733 
-5.368400546870156E-4 2.8365516800831425E-4 -0.8507028127870762 
-1.1255796398345452 -1.0528966897933346E-4 -1.152557866327876 
-0.6482001727085049 3.2413692509647223E-4 4.0895788551307936E-4 
-1.022032307597794 3.1323680561685485E-4 -4.8012651383533755E-4 
-0.8790082896421076 3.172167026915034E-4 -4.802312670331001E-4 
-1.0794485919608836 -0.9027506294001384 -1.0321847710695304 
-1.1103138906504242 -0.9249444713179175 -1.0356857283701224 
-0.5423494814569048 3.344085779135724E-4 -4.7810546829951835E-4 
-0.7459511803247058 0.001049608793060955 -4.558091410666134E-4 
-0.941257489804074 3.7729097377130666E-4 -2.171303374022584E-4 
-1.040724971872418 0.014201003061569666 -1.0859435684794518 
-0.6482001727085049 3.2413692509647223E-4 4.0895788551307936E-4 
-1.0675760331638788 3.1674990936900616E-4 -4.8012651383533755E-4 
-1.0784375089802527 -0.021098602336888428 -1.0850227644983996 
-0.7459511803247058 0.001049608793060955 -4.558091410666134E-4 
8.801057529482675E-4 3.161002237976958E-4 -0.9190368855369706 
8.229176603006261E-4 2.837752464346864E-4 -0.6084505063086121 
-0.5864457371694118 5.048782754560952E-4 -1.0847870520594851 
-1.0794485919608836 -0.8991054420667718 -1.030008743971102 
-1.078110008314233 -0.9552914389626895 -1.11670223547871 
-0.9335548609272852 6.303119194868353E-4 -3.50405432675002E-4 
-0.82658373280652 9.014433867224891E-4 -1.0334997627744131 
-1.1490608111167415 -1.1068619460150482 -1.1471098909378086 
-1.0601836345462603 2.8199951355425436E-4 -1.0505371865075648 
-0.5851370869040244 6.303119194868353E-4 -1.1054852168474412 
-0.8755493384534445 3.089831245742896E-4 -0.8869599761506308 
-0.8790082896421076 3.172167026915034E-4 -4.802312670331001E-4 
-0.9101058403576866 3.120063819643423E-4 -2.124537858285891E-4 
-1.1490608111167415 -1.1068619460150482 -1.1471098909378086 
-1.039962480541275 2.530130192311646E-4 -0.6056511454040971 
-0.9641974723754283 2.851772818390848E-4 -0.9791492370352299 
-1.018486434208036 3.7810540672224437E-4 -1.0775038909166956 
-0.5693994040971377 5.048782754560952E-4 -1.0847870520594851 
