-3.141149967422543 1.0046000553912007 
-3.141149967422543 1.0046000553912007 
-3.141149967422543 1.0046000553912007 
-3.141149967422543 1.0046000553912007 
-3.141149967422543 1.0046000553912007 
-3.141149967422543 1.0046000553912007 
-3.141149967422543 1.0046000553912007 
-3.141149967422543 1.0046000553912007 
-3.141149967422543 1.0046000553912007 
-3.141149967422543 1.0046000553912007 
-3.141149967422543 1.0046000553912007 
-3.1415871051472406 1.0563407138849894 
-3.141149967422543 1.0046000553912007 
-3.141149967422543 1.0046000553912007 
-3.141149967422543 1.0046000553912007 
-3.141149967422543 1.0046000553912007 
-3.141149967422543 1.0046000553912007 
-3.141149967422543 1.0046000553912007 
-3.141149967422543 1.0046000553912007 
-3.141149967422543 1.0046000553912007 
-3.141149967422543 1.0046000553912007 
-3.141149967422543 1.0046000553912007 
-3.141149967422543 1.0046000553912007 
-3.141149967422543 1.0046000553912007 
-3.141149967422543 1.0046000553912007 
-3.141149967422543 1.0046000553912007 
-3.141149967422543 1.0046000553912007 
-3.141149967422543 1.0046000553912007 
-3.141149967422543 1.0046000553912007 
-3.141149967422543 1.0046000553912007 
-3.141149967422543 1.0046000553912007 
-3.141149967422543 1.0046000553912007 
-3.141149967422543 1.0046000553912007 
-3.141149967422543 1.0046000553912007 
-3.141149967422543 1.0046000553912007 
-3.141149967422543 1.0046000553912007 
-3.141149967422543 1.0046000553912007 
-3.141149967422543 1.0046000553912007 
-3.141149967422543 1.0046000553912007 
-3.141149967422543 1.0046000553912007 
-3.141149967422543 1.0046000553912007 
-3.141149967422543 1.0046000553912007 
-3.141149967422543 1.0046000553912007 
-3.141149967422543 1.0046000553912007 
-3.141149967422543 1.0046000553912007 
-3.141149967422543 1.0046000553912007 
-3.141149967422543 1.0046000553912007 
-3.141149967422543 1.0046000553912007 
-3.141149967422543 1.0046000553912007 
-3.141149967422543 1.0046000553912007 
-3.141149967422543 1.0046000553912007 
-3.141149967422543 1.0046000553912007 
-3.141149967422543 1.0046000553912007 
-3.141149967422543 1.0046000553912007 
-3.141149967422543 1.0046000553912007 
-3.141149967422543 1.0046000553912007 
-3.141149967422543 1.0046000553912007 
-3.141149967422543 1.0046000553912007 
-3.141149967422543 1.0046000553912007 
-3.141149967422543 1.0046000553912007 
-3.141149967422543 1.0046000553912007 
-3.141149967422543 1.0046000553912007 
-3.141149967422543 1.0046000553912007 
-3.141149967422543 1.0046000553912007 
-3.141149967422543 1.0046000553912007 
-3.141149967422543 1.0046000553912007 
-3.141149967422543 1.0046000553912007 
-3.141149967422543 1.0046000553912007 
-3.141149967422543 1.0046000553912007 
-3.141149967422543 1.0046000553912007 
-3.141149967422543 1.0046000553912007 
-3.141149967422543 1.0046000553912007 
-3.141149967422543 1.0046000553912007 
-3.141149967422543 1.0046000553912007 
-3.141149967422543 1.0046000553912007 
-3.141149967422543 1.0046000553912007 
-3.141149967422543 1.0046000553912007 
-3.141149967422543 1.0046000553912007 
-3.141149967422543 1.0046000553912007 
-3.141149967422543 1.0046000553912007 
-3.141149967422543 1.0046000553912007 
-3.141149967422543 1.0046000553912007 
-3.141149967422543 1.0046000553912007 
-3.141149967422543 1.0046000553912007 
-3.141149967422543 1.0046000553912007 
-3.141149967422543 1.0046000553912007 
-3.141149967422543 1.0046000553912007 
-3.141149967422543 1.0046000553912007 
-3.141149967422543 1.0046000553912007 
-3.141149967422543 1.0046000553912007 
-3.141149967422543 1.0046000553912007 
-3.141149967422543 1.0046000553912007 
-3.141149967422543 1.0046000553912007 
-3.141149967422543 1.0046000553912007 
-3.141149967422543 1.0046000553912007 
-3.141149967422543 1.0046000553912007 
-3.141149967422543 1.0046000553912007 
-3.141149967422543 1.0046000553912007 
-3.141149967422543 1.0046000553912007 
-3.141149967422543 1.0046000553912007 
