-3.141149967422543 -4.999999516677339 -0.0022134509724031103 
-3.141149967422543 -4.999999516677339 -0.0022134509724031103 
-3.141149967422543 -4.999999516677339 -0.0022134509724031103 
-3.141149967422543 -4.999999516677339 -0.0022134509724031103 
-3.141149967422543 -4.999999516677339 -0.0022134509724031103 
-3.141149967422543 -4.999999516677339 -0.0022134509724031103 
-3.141149967422543 -4.999999516677339 -0.0022134509724031103 
-3.141149967422543 -4.999999516677339 -0.0022134509724031103 
-3.141149967422543 -4.999999516677339 -0.0022134509724031103 
-3.141149967422543 -4.999999516677339 -0.0022134509724031103 
-3.141149967422543 -4.999999516677339 -0.0022134509724031103 
-3.1415871051472406 -4.999999992033002 1.3280276548026165E-4 
-3.141149967422543 -4.999999516677339 -0.0022134509724031103 
-3.141149967422543 -4.999999516677339 -0.0022134509724031103 
-3.141149967422543 -4.999999516677339 -0.0022134509724031103 
-3.141149967422543 -4.999999516677339 -0.0022134509724031103 
-3.141149967422543 -4.999999516677339 -0.0022134509724031103 
-3.141149967422543 -4.999999516677339 -0.0022134509724031103 
-3.141149967422543 -4.999999516677339 -0.0022134509724031103 
-3.141149967422543 -4.999999516677339 -0.0022134509724031103 
-3.141149967422543 -4.999999516677339 -0.0022134509724031103 
-3.141149967422543 -4.999999516677339 -0.0022134509724031103 
-3.141149967422543 -4.999999516677339 -0.0022134509724031103 
-3.141149967422543 -4.999999516677339 -0.0022134509724031103 
-3.141149967422543 -4.999999516677339 -0.0022134509724031103 
-3.141149967422543 -4.999999516677339 -0.0022134509724031103 
-3.141149967422543 -4.999999516677339 -0.0022134509724031103 
-3.141149967422543 -4.999999516677339 -0.0022134509724031103 
-3.141149967422543 -4.999999516677339 -0.0022134509724031103 
-3.141149967422543 -4.999999516677339 -0.0022134509724031103 
-3.141149967422543 -4.999999516677339 -0.0022134509724031103 
-3.141149967422543 -4.999999516677339 -0.0022134509724031103 
-3.141149967422543 -4.999999516677339 -0.0022134509724031103 
-3.141149967422543 -4.999999516677339 -0.0022134509724031103 
-3.141149967422543 -4.999999516677339 -0.0022134509724031103 
-3.141149967422543 -4.999999516677339 -0.0022134509724031103 
-3.141149967422543 -4.999999516677339 -0.0022134509724031103 
-3.141149967422543 -4.999999516677339 -0.0022134509724031103 
-3.141149967422543 -4.999999516677339 -0.0022134509724031103 
-3.141149967422543 -4.999999516677339 -0.0022134509724031103 
-3.141149967422543 -4.999999516677339 -0.0022134509724031103 
-3.141149967422543 -4.999999516677339 -0.0022134509724031103 
-3.141149967422543 -4.999999516677339 -0.0022134509724031103 
-3.141149967422543 -4.999999516677339 -0.0022134509724031103 
-3.141149967422543 -4.999999516677339 -0.0022134509724031103 
-3.141149967422543 -4.999999516677339 -0.0022134509724031103 
-3.141149967422543 -4.999999516677339 -0.0022134509724031103 
-3.141149967422543 -4.999999516677339 -0.0022134509724031103 
-3.141149967422543 -4.999999516677339 -0.0022134509724031103 
-3.141149967422543 -4.999999516677339 -0.0022134509724031103 
-3.141149967422543 -4.999999516677339 -0.0022134509724031103 
-3.141149967422543 -4.999999516677339 -0.0022134509724031103 
-3.141149967422543 -4.999999516677339 -0.0022134509724031103 
-3.141149967422543 -4.999999516677339 -0.0022134509724031103 
-3.141149967422543 -4.999999516677339 -0.0022134509724031103 
-3.141149967422543 -4.999999516677339 -0.0022134509724031103 
-3.141149967422543 -4.999999516677339 -0.0022134509724031103 
-3.141149967422543 -4.999999516677339 -0.0022134509724031103 
-3.141149967422543 -4.999999516677339 -0.0022134509724031103 
-3.141149967422543 -4.999999516677339 -0.0022134509724031103 
-3.141149967422543 -4.999999516677339 -0.0022134509724031103 
-3.141149967422543 -4.999999516677339 -0.0022134509724031103 
-3.141149967422543 -4.999999516677339 -0.0022134509724031103 
-3.141149967422543 -4.999999516677339 -0.0022134509724031103 
-3.141149967422543 -4.999999516677339 -0.0022134509724031103 
-3.141149967422543 -4.999999516677339 -0.0022134509724031103 
-3.141149967422543 -4.999999516677339 -0.0022134509724031103 
-3.141149967422543 -4.999999516677339 -0.0022134509724031103 
-3.141149967422543 -4.999999516677339 -0.0022134509724031103 
-3.141149967422543 -4.999999516677339 -0.0022134509724031103 
-3.141149967422543 -4.999999516677339 -0.0022134509724031103 
-3.141149967422543 -4.999999516677339 -0.0022134509724031103 
-3.141149967422543 -4.999999516677339 -0.0022134509724031103 
-3.141149967422543 -4.999999516677339 -0.0022134509724031103 
-3.141149967422543 -4.999999516677339 -0.0022134509724031103 
-3.141149967422543 -4.999999516677339 -0.0022134509724031103 
-3.141149967422543 -4.999999516677339 -0.0022134509724031103 
-3.141149967422543 -4.999999516677339 -0.0022134509724031103 
-3.141149967422543 -4.999999516677339 -0.0022134509724031103 
-3.141149967422543 -4.999999516677339 -0.0022134509724031103 
-3.141149967422543 -4.999999516677339 -0.0022134509724031103 
-3.141149967422543 -4.999999516677339 -0.0022134509724031103 
-3.141149967422543 -4.999999516677339 -0.0022134509724031103 
-3.141149967422543 -4.999999516677339 -0.0022134509724031103 
-3.141149967422543 -4.999999516677339 -0.0022134509724031103 
-3.141149967422543 -4.999999516677339 -0.0022134509724031103 
-3.141149967422543 -4.999999516677339 -0.0022134509724031103 
-3.141149967422543 -4.999999516677339 -0.0022134509724031103 
-3.141149967422543 -4.999999516677339 -0.0022134509724031103 
-3.141149967422543 -4.999999516677339 -0.0022134509724031103 
-3.141149967422543 -4.999999516677339 -0.0022134509724031103 
-3.141149967422543 -4.999999516677339 -0.0022134509724031103 
-3.141149967422543 -4.999999516677339 -0.0022134509724031103 
-3.141149967422543 -4.999999516677339 -0.0022134509724031103 
-3.141149967422543 -4.999999516677339 -0.0022134509724031103 
-3.141149967422543 -4.999999516677339 -0.0022134509724031103 
-3.141149967422543 -4.999999516677339 -0.0022134509724031103 
-3.141149967422543 -4.999999516677339 -0.0022134509724031103 
-3.141149967422543 -4.999999516677339 -0.0022134509724031103 
-3.141149967422543 -4.999999516677339 -0.0022134509724031103 
