0.3898840579675438 8.991407437816205 
1.0 1.0000000000000002 
0.3898840579675438 8.991407437816205 
1.0 1.0000000000000002 
0.9257400443687775 1.0802168558108893 
0.8938361522799967 1.1187732882717176 
0.4052425088643714 8.300835820640938 
0.9445591466137127 1.059231330435689 
0.7887369128600584 1.2678537630444966 
0.6658581456739652 1.5224177339230607 
0.607150470508868 2.540007962653312 
0.5830904440900144 3.026641201601089 
0.5154478417504526 4.616383991925516 
0.43489249567057703 7.322742057363976 
0.4377889983224865 7.1697347573462435 
0.43890006428744077 6.968179177056235 
0.4262539945031219 7.4282485896415755 
0.590126750484997 2.861871881782715 
0.468752893259565 5.933867847932759 
0.7005837542100138 1.4273810870121069 
0.5048539653740451 5.0131559092727835 
0.4112351157215891 8.051737214436542 
0.57859199802514 3.1239509887997143 
0.48923653414971124 5.326555606879872 
0.8056146734855731 1.241288431196683 
0.3997044008063711 8.551122830554743 
0.7660508767823184 1.3053969809788593 
0.467660318368524 6.137623372710037 
0.4579442558100839 6.313231562863046 
0.3934990186164718 8.810797652187846 
0.6814114084599128 1.4675428601107507 
0.7131878019363392 1.4021552210544723 
0.41485574026535715 7.888281283825867 
0.5335890518375929 4.129538006972114 
0.4182925757260093 7.743705523656191 
0.4543025228464342 6.466899988188855 
0.3969641646393322 8.716861966342378 
0.602056750711393 2.634678663328108 
0.6387094238605928 2.089988388534541 
0.5633360996571929 3.5786721014521126 
0.6613370629399358 1.622439987864156 
0.7766394129928595 1.2875988337577435 
0.5075141687619827 4.8108214992968215 
0.963791226097093 1.037569105225309 
0.981933936540861 1.0186637183824423 
0.4019726423922868 8.420679055957855 
0.6513802657701575 1.7667846173520592 
0.44290625119988164 6.832376692982115 
0.5293371159995389 4.364990304642915 
0.839228143430949 1.1915720293826462 
0.6294846337786417 2.1206161483294306 
0.7402747428216956 1.3508498221959533 
0.4611683794368572 6.195687735705367 
0.8281905396462236 1.2074516123391996 
0.6478489575906257 1.9425292848631237 
0.45125680332993634 6.572423083071743 
0.4985923656713863 5.076113904043954 
0.5125783353878678 4.780173594859282 
0.6881855826609549 1.4568766179210038 
0.5306292048396245 4.1925527700208445 
0.8824936291593065 1.133184936236481 
0.5649764791593176 3.3917513917269067 
0.6151734237081166 2.3901030696406296 
0.8496043438422627 1.1770184642390817 
0.6586485713004392 1.763315770437372 
0.6151734237081166 2.3901030696406296 
0.9587867784783876 1.0429847620416905 
0.6473404749957603 2.0147212689701974 
0.47939924592676114 5.637499026344306 
0.4258685428761727 7.60594926142666 
0.5568574364517068 3.624325448760145 
0.9869396522058567 1.0134970996119097 
0.47939924592676114 5.637499026344306 
0.6009377607978253 2.7984550791690332 
0.44290625119988164 6.832376692982115 
0.5557370079612356 3.7378450709873983 
0.6246230829163597 2.2119168287809217 
0.42275725276402004 7.643632483903318 
0.48516068098620035 5.460689683001031 
0.5724355374694224 3.256077389101356 
0.47251406018793946 5.816335362896213 
0.3901385035309076 8.985543305693271 
0.5435347455764301 3.8832578802696354 
0.523635157415078 4.412521478946625 
0.8744369364400139 1.1515322979219857 
0.7323443888661497 1.3730411112854675 
0.4933500302864928 5.204399571229574 
0.5724355374694224 3.256077389101356 
0.6246230829163597 2.2119168287809217 
0.45125680332993634 6.572423083071743 
0.8184509242436109 1.2218203764955258 
0.41364540872163574 8.03822770565839 
0.48516068098620035 5.460689683001031 
0.47251406018793946 5.816335362896213 
0.550546201076882 3.7837300865239705 
0.5971750116384419 2.81608790755518 
0.8672723717696885 1.153040323839577 
0.7524274393741659 1.332098798280743 
0.49519038542530697 5.186006790437912 
0.5200322714582931 4.466791611499775 
