0.3898840579675438 2.5056064186953377 
1.0 1.972668133401443E-16 
0.3898840579675438 2.5056064186953377 
1.0 1.972668133401443E-16 
0.9257400443687775 2.6274005367285468E-11 
0.8938361522799967 1.1262431578903808E-8 
0.4052425088643714 2.3638515336277766 
0.9445591466137127 5.066415428419531E-4 
0.7887369128600584 3.063021724199948E-6 
0.6658581456739652 0.013714249251169264 
0.607150470508868 0.5421670296212293 
0.5830904440900144 0.7648055623427136 
0.5154478417504526 1.3795051653293455 
0.43489249567057703 2.184605568478915 
0.4377889983224865 2.138830997656528 
0.43890006428744077 2.0583342887763876 
0.4262539945031219 2.166320633496903 
0.590126750484997 0.688867153900817 
0.468752893259565 1.781517721938389 
0.7005837542100138 6.273122599637981E-10 
0.5048539653740451 1.5309116398346914 
0.4112351157215891 2.311157085138637 
0.57859199802514 0.8074930443422386 
0.48923653414971124 1.6059456040656204 
0.8056146734855731 1.7419993519554458E-7 
0.3997044008063711 2.4179214272085634 
0.7660508767823184 5.018278466627766E-7 
0.467660318368524 1.8703229005076698 
0.4579442558100839 1.8911081298120505 
0.3934990186164718 2.4670402293642315 
0.6814114084599128 4.4728335551682966E-7 
0.7131878019363392 7.740103229856411E-11 
0.41485574026535715 2.272498771422942 
0.5335890518375929 1.203476269667553 
0.4182925757260093 2.2391345291538736 
0.4543025228464342 1.937928979629772 
0.3969641646393322 2.460281828745469 
0.602056750711393 0.5862260752119568 
0.6387094238605928 0.33489527951622544 
0.5633360996571929 1.0159951835840435 
0.6613370629399358 0.07297969637038582 
0.7766394129928595 2.419904426645344E-9 
0.5075141687619827 1.441560074277902 
0.963791226097093 8.55644308429702E-11 
0.981933936540861 2.604750026227176E-4 
0.4019726423922868 2.384882610860766 
0.6513802657701575 0.15084863360941037 
0.44290625119988164 2.0261023478741533 
0.5293371159995389 1.3105513792256294 
0.839228143430949 7.819830462573439E-7 
0.6294846337786417 0.33489527951622544 
0.7402747428216956 4.7168425420395285E-9 
0.4611683794368572 1.8572552725720555 
0.8281905396462236 2.419904426645344E-9 
0.6478489575906257 0.2584655722878382 
0.45125680332993634 1.9658506305988392 
0.4985923656713863 1.5309116398346914 
0.5125783353878678 1.4502134241180105 
0.6881855826609549 0.0026014841690874535 
0.5306292048396245 1.2246909426043262 
0.8824936291593065 2.848688798939847E-5 
0.5649764791593176 0.916259759481583 
0.6151734237081166 0.47032788836610506 
0.8496043438422627 7.280147956766741E-14 
0.6586485713004392 0.16140541295010835 
0.6151734237081166 0.47032788836610506 
0.9587867784783876 1.972668133401443E-16 
0.6473404749957603 0.3042106232392285 
0.47939924592676114 1.7026127821423107 
0.4258685428761727 2.2391345291538736 
0.5568574364517068 1.018232578263256 
0.9869396522058567 2.604750026227176E-4 
0.47939924592676114 1.7026127821423107 
0.6009377607978253 0.6816973289691399 
0.44290625119988164 2.0261023478741533 
0.5557370079612356 1.0772588359731887 
0.6246230829163597 0.3816143087477172 
0.42275725276402004 2.2314010700327893 
0.48516068098620035 1.6493119252590984 
0.5724355374694224 0.8638944102722683 
0.47251406018793946 1.7483002377367818 
0.3901385035309076 2.5056064186953377 
0.5435347455764301 1.1106855839600236 
0.523635157415078 1.3105513792256294 
0.8744369364400139 0.0069423748066306246 
0.7323443888661497 0.005538953532454802 
0.4933500302864928 1.5675906860891207 
0.5724355374694224 0.8638944102722683 
0.6246230829163597 0.3816143087477172 
0.45125680332993634 1.9658506305988392 
0.8184509242436109 1.6402439575506446E-8 
0.41364540872163574 2.324975984704641 
0.48516068098620035 1.6493119252590984 
0.47251406018793946 1.7483002377367818 
0.550546201076882 1.0831182250360738 
0.5971750116384419 0.6816973289691399 
0.8672723717696885 1.6402439575506446E-8 
0.7524274393741659 0.002307687783783015 
0.49519038542530697 1.568060701375209 
0.5200322714582931 1.3228757878590776 
