0.5553543736684224 3.607830852789848 
0.398027994713648 8.670702402661368 
0.7691174553236118 1.3001916275494998 
0.696215966751027 1.437617579584214 
0.4573384028491159 6.412194927537121 
0.8125668077198178 1.2406632349853308 
0.8395600993124412 1.1911071435165557 
0.43969111956217666 6.958304226821844 
0.5039550875153477 4.926228595591777 
0.5085413023532603 4.789266417759501 
0.515025982110195 4.607768706597439 
0.9571998035531801 1.0449199901611266 
0.627473505136553 2.198012661957766 
0.7575444133602686 1.3358715155668555 
0.47690305767167285 5.727931324729479 
0.7278438617224096 1.3981964674103298 
0.8776187325196773 1.139453271828046 
0.4131210874600033 7.992190544224077 
0.4929042920211526 5.204323666713649 
0.661141219879803 1.621510706928129 
0.6388905434130279 2.023028742828132 
0.9999999997018796 1.0000000068262638 
0.5107462569847065 4.7496634347360915 
0.6291504862081685 2.1303070744895325 
0.6669397624638216 1.499387495378962 
0.6553972031745885 1.6841374540631757 
0.567825490987492 3.3416882839985242 
0.9187002654900263 1.0884952392514442 
0.5595039001984777 3.5576535422725017 
0.47087660594149994 5.867386297736908 
0.4174687216779441 7.769264586244482 
0.5194130657767997 4.513013448649499 
0.5900940316293071 2.9623517545048186 
0.5475275018800866 3.8434788029087006 
0.39543995960757067 8.72744953118805 
0.5263969123309765 4.303807731306496 
0.541230371179197 3.9492501858680793 
0.46469316158235907 6.0972502407393065 
0.4158773706186141 7.860053043952275 
0.5016657340584063 4.989199708747235 
0.5380389005209091 4.01145365622168 
0.39210628933860325 8.853649638288083 
0.4254585772649487 7.452944916864277 
0.4669799030152238 5.993190688546489 
0.4845572968980314 5.453569785064864 
0.4097280812314841 8.092557940863893 
0.4816652572632084 5.612328659758159 
0.43631239576708236 7.063096095109227 
0.42877825637728384 7.395242864118093 
0.47739544922819677 5.66340041939504 
0.5834369251795806 3.0464081932549294 
0.5220646186240001 4.422691324868515 
0.5143477375497696 4.6591538736280445 
0.6004227985639113 2.6609535320698883 
0.39841340788915114 8.601223689407528 
0.45317689844663206 6.471077843925837 
0.48984242079980866 5.290697430990163 
0.5059961857817622 4.842226741717925 
0.5772525296763682 3.126598115448987 
0.5329403588019156 4.1818467261183905 
0.4827791114743841 5.5352323064745566 
0.5935986832842035 2.8053790608539826 
0.5432872533776725 3.890884269673795 
0.5477924856608372 3.794783257623344 
0.5719576834031959 3.244104992975935 
0.4989138140978181 5.037013785675246 
0.4043442322077899 8.366985820768267 
0.5357390297531662 4.072594558114699 
0.6260070910094125 2.362922876081246 
0.5286753905835121 4.243663320140908 
0.43544614698140605 7.163768101089266 
0.40255070520957276 8.459657779170398 
0.6405899821287581 1.9400973939798445 
0.44483955099045697 6.74867897637274 
0.6057502110990391 2.5754669365202125 
0.4427164547741147 6.835251091173617 
0.590472484979139 2.8692192656622697 
0.457362093888985 6.312241880797178 
0.40811097775216454 8.174833950053417 
0.45126234752130745 6.535480542982881 
0.5519622999330833 3.6952541476581113 
0.4880109731020579 5.372166954798119 
0.561063138127404 3.48165781401515 
0.47310652369742356 5.800834185751515 
0.44772875361814074 6.64986027210593 
0.6107769412480508 2.4675367902888374 
0.40521094889879195 8.275726860732256 
0.39929752905200994 8.531258698904956 
0.6076927136086192 2.5216549859505197 
0.4314771334883778 7.229665202111224 
0.4955024867448612 5.149603099171247 
0.5333510246348956 4.127468755968065 
0.5976312795048219 2.7334099419742226 
0.4607521449601321 6.206172244101616 
0.42147880549312905 7.639571411888067 
0.6140278289078445 2.4090218819010887 
0.429101953465422 7.3148588159090355 
0.647125502654715 1.8198250751582756 
0.6635340341028654 1.5524803449630433 
0.42000566809192064 7.702264371037291 
