0.5553543736684224 1.0036246435527163 
0.398027994713648 2.451182290090114 
0.7691174553236118 7.601393652132034E-8 
0.696215966751027 8.923129884951808E-4 
0.4573384028491159 1.9325429869170294 
0.8125668077198178 0.008121764307372478 
0.8395600993124412 6.031702517588113E-6 
0.43969111956217666 2.059504575745523 
0.5039550875153477 1.4825979630120625 
0.5085413023532603 1.4355397814041506 
0.515025982110195 1.3731206034519694 
0.9571998035531801 1.9720931102112926E-4 
0.627473505136553 0.3791947093331648 
0.7575444133602686 0.011982003584786294 
0.47690305767167285 1.7316679628968437 
0.7278438617224096 0.017668716286565744 
0.8776187325196773 5.536187129033185E-6 
0.4131210874600033 2.3017424488174063 
0.4929042920211526 1.5652334723904202 
0.661141219879803 0.07204756682662494 
0.6388905434130279 0.2924939328456398 
0.9999999997018796 6.5281433154411906E-9 
0.5107462569847065 1.4258728212285838 
0.6291504862081685 0.34028373168779047 
0.6669397624638216 1.1400092694765608E-6 
0.6553972031745885 0.10377897715457751 
0.567825490987492 0.8974957905886116 
0.9187002654900263 8.65284931528959E-7 
0.5595039001984777 0.9905210324563947 
0.47087660594149994 1.762814945626018 
0.4174687216779441 2.243424955197205 
0.5194130657767997 1.3441181512549636 
0.5900940316293071 0.7480660899198998 
0.5475275018800866 1.1044103474856666 
0.39543995960757067 2.451182290090114 
0.5263969123309765 1.2655111010259246 
0.541230371179197 1.1374541439768933 
0.46469316158235907 1.8333504913279486 
0.4158773706186141 2.268818192841706 
0.5016657340584063 1.5029105342526687 
0.5380389005209091 1.1583181146840937 
0.39210628933860325 2.471571706773207 
0.4254585772649487 2.1709193407631067 
0.4669799030152238 1.798699606489182 
0.4845572968980314 1.6425670334958087 
0.4097280812314841 2.315748237364773 
0.4816652572632084 1.7032637277480913 
0.43631239576708236 2.081716378790231 
0.42877825637728384 2.1709193407631067 
0.47739544922819677 1.703681587376253 
0.5834369251795806 0.7773870291145375 
0.5220646186240001 1.3089306598091552 
0.5143477375497696 1.3964252537968296 
0.6004227985639113 0.5976971665739268 
0.39841340788915114 2.4268428421137505 
0.45317689844663206 1.9325429869170294 
0.48984242079980866 1.5916080373155501 
0.5059961857817622 1.4501482619997206 
0.5772525296763682 0.8048366714242932 
0.5329403588019156 1.2286748946721509 
0.4827791114743841 1.6722945347240925 
0.5935986832842035 0.6652693166359995 
0.5432872533776725 1.1138678280814673 
0.5477924856608372 1.0787537532376206 
0.5719576834031959 0.8554907764992568 
0.4989138140978181 1.5130357594745267 
0.4043442322077899 2.38314245759201 
0.5357390297531662 1.1818478571423934 
0.6260070910094125 0.47920647593521526 
0.5286753905835121 1.2435203632804184 
0.43544614698140605 2.1194352174876245 
0.40255070520957276 2.4054412048366913 
0.6405899821287581 0.24280695493759863 
0.44483955099045697 2.002079325628386 
0.6057502110990391 0.5600896404757145 
0.4427164547741147 2.0260781305752826 
0.590472484979139 0.6941950297456208 
0.457362093888985 1.886980163735142 
0.40811097775216454 2.336239476317889 
0.45126234752130745 1.9492162920062839 
0.5519622999330833 1.0396409781786367 
0.4880109731020579 1.6216764232777487 
0.561063138127404 0.9534298590171376 
0.47310652369742356 1.7444124961660736 
0.44772875361814074 1.9773336513647783 
0.6107769412480508 0.5071145731896491 
0.40521094889879195 2.3534151340645377 
0.39929752905200994 2.4065105181762143 
0.6076927136086192 0.5323913611969758 
0.4314771334883778 2.1194352174876245 
0.4955024867448612 1.5516411413883973 
0.5333510246348956 1.2013896901440857 
0.5976312795048219 0.6335712810332554 
0.4607521449601321 1.8595071734618562 
0.42147880549312905 2.2199174331620397 
0.6140278289078445 0.47920647593521526 
0.429101953465422 2.138820207230331 
0.647125502654715 0.17765521650545368 
0.6635340341028654 0.030123546158736247 
0.42000566809192064 2.2349946929781144 
