0.6225100281997522 -0.18866556259077857 
0.006198299996525436 0.9216558882899833 
0.8330009396297998 -0.6240784971485893 
0.637527999991057 -0.385596602603402 
0.4126312612619859 0.1994267968433001 
0.6440286125938001 -0.43281147757764876 
0.08264999914980115 0.6716650288002263 
0.6372667436215962 -0.3759769097730839 
0.4359310492338515 -0.05203461355350315 
0.838478552479545 -0.6982054471434962 
0.19318097940393628 0.6036058577532868 
0.6352708158090885 -0.36397124139262993 
0.2033342034132831 0.5295518098632199 
0.02786187246755889 0.8141486266224969 
0.4165274208584273 0.14942600066050654 
0.8283736768534894 -0.5529366945763983 
0.20117597736047566 0.546783274905508 
0.05352973625931369 0.7187770796456587 
0.8516039796672468 -0.7545335139310848 
0.6234465295937383 -0.20707153822229069 
0.003984184200062664 0.9387189096272719 
0.4195418155363376 0.11248283986935471 
0.2075803152684417 0.49817665101752373 
0.2254782977320563 0.3653092681815439 
0.21644591023956572 0.4294605517566942 
0.42076370882297215 0.09806291869908106 
0.45294967794575736 -0.12265482571174816 
0.00874756955964373 0.9072391805712191 
0.4238540190302592 0.062433342714698456 
0.18647609806668491 0.6469746987665684 
0.4468173809931556 -0.11076701307975505 
0.8517813897577104 -0.7718847008118332 
0.42878297913155694 0.010958041086016057 
0.013394114566413734 0.8809178095288965 
0.6185288046011848 -0.12369802198960293 
0.2050221113365282 0.5169142877863012 
0.19068496691297437 0.6201748267022155 
0.41806177280019596 0.13095375857038613 
0.2278964048938376 0.3493650855675702 
0.825200899974627 -0.4939566897423595 
0.62428607856691 -0.22030070405960092 
0.84364422120876 -0.7440602454435985 
0.045034819717527375 0.7450827539448444 
0.06252416997443878 0.6946122255034702 
0.6280429385982056 -0.2753955416303605 
0.4402679179137323 -0.06877602400605716 
0.21401726940398755 0.44779514124437125 
0.411558198267287 0.21462963728674306 
0.6256863052207762 -0.2404841412620626 
0.21951159714962445 0.4077718355561292 
0.23123554418122821 0.3286073273129943 
0.23482617974268016 0.30824322054527026 
0.022594504204786287 0.8381685677267138 
0.8296081407588283 -0.5722984966443908 
0.6519913624304696 -0.4566416074325288 
0.619392174898438 -0.14023554848668104 
0.4270046589649835 0.028561209898167045 
0.6416936959027677 -0.4167532061435655 
0.01937432094428121 0.8526431287207678 
0.639351141430716 -0.402120962610296 
0.826140648871391 -0.5124527817953366 
0.8416470532651595 -0.7290487777731148 
0.44147766234863706 -0.0867056753200273 
0.245410993579564 0.26361708496899133 
0.6293864237367794 -0.2939210569379463 
0.41374827072880355 0.18590506711089505 
0.8243228746345408 -0.4764297824058419 
0.4324408729791728 -0.024208262053777616 
0.827414581991121 -0.5354265753603321 
0.4096359742974188 0.23959341605880702 
0.2396898262830367 0.28502438224731147 
1.21453884639603E-6 1.0012139160263616 
0.4221831730201546 0.08118073734239407 
0.8397482519815083 -0.7112851757920867 
0.18228127882659473 0.6712945197216702 
0.03284476126465824 0.7922193685514755 
0.834923169505215 -0.6548525666058406 
0.4151347807499658 0.16736659670914525 
0.4305779926472907 -0.007043207352768902 
0.8338065996997224 -0.6396312737985321 
0.22217491494544786 0.3884346333273259 
0.425425772672596 0.04524375440119765 
0.03701134543062219 0.7766892169561581 
0.4341907872413837 -0.038069945550440694 
0.6318882114407037 -0.325083602938674 
0.8315912894524466 -0.6068314641021465 
0.19604703832986373 0.5839966129999481 
0.07035895146417283 0.6797920062360815 
0.04097467989821542 0.761903510676777 
0.21045203915223681 0.4756228171072742 
0.8233485189275966 -0.4568760654917714 
0.6331666254330142 -0.34008888204732196 
0.6304973411911212 -0.30834740910125685 
0.830310951226464 -0.5864372679377421 
0.83657975733531 -0.676779143239019 
0.1988478298651312 0.5637222329480344 
0.0011252385404756787 0.9692357003954504 
0.626867495288108 -0.25874431596417985 
0.2573299757947131 0.2439764217473149 
0.6211705931394871 -0.1701603188932805 
