-15.221432713981448 -9.277322454722352 
-18.13649358367162 -3.414868165147731 
-16.732006756931597 -4.71836167524048 
-16.536798220645984 -5.647929972659668 
-15.977814318179615 -7.67548144589011 
-16.262417179119304 -6.842477926281099 
-16.142732594392967 -7.305239043527096 
-18.24724004535468 -2.913063974315119 
-14.737100999078756 -11.106094633052194 
-18.57160708047789 -1.2761416457810597 
-17.93302074424165 -3.8727617358553275 
-16.63472334723759 -5.168174747453751 
-16.958110558135353 -4.028171078835097 
-18.69210341713751 -0.9209751549376112 
-16.34712643606027 -6.452383858290265 
-14.896418223860426 -10.570555299538285 
-18.97828247961531 -0.10698782400948348 
-15.352104862123166 -8.7345784161643 
-14.917790689424105 -10.488869874540223 
-14.94204411020171 -10.375562236075424 
-15.389594144833168 -8.58488379321371 
-19.052592769492794 -0.028700813555270134 
-14.46556149720064 -11.620616270422847 
-14.994465328261438 -10.114589986362116 
-18.402382605403346 -2.1508120011537404 
-14.830129588536963 -10.840975463366963 
-16.183846525435083 -7.176292460822184 
-18.721592980231538 -0.8240833810223266 
-14.632989543438505 -11.397544241210543 
-16.82019017444299 -4.397834109820731 
-18.17113645438553 -3.263702049092227 
-18.021872112239727 -3.775701299018473 
-16.759443560985503 -4.613704229639767 
-15.164280678714174 -9.52388849160845 
-16.843636547590847 -4.277786029355815 
-15.887913370185672 -7.7507015254268925 
-18.563378050384948 -1.4156061768476873 
-18.064806316574803 -3.662374338790984 
-16.496680235487585 -5.836191260621028 
-14.515662776678175 -11.538706190683804 
-18.382020370880632 -2.2490298608535695 
-16.701837364014587 -4.810878172350442 
-16.67641152859514 -4.949151125593193 
-18.261938319667024 -2.841247571247759 
-15.321785679747428 -8.857683110679986 
-15.433760847166063 -8.29521000577813 
-15.42505058292275 -8.42331043140563 
-14.782892457220354 -10.99466905037973 
-16.03825909059792 -7.578218273974297 
-16.9004896441771 -4.165643760851925 
-14.685936663748471 -11.26323273405026 
-15.247645054367968 -9.165784026948382 
-15.122987896585407 -9.700751062303851 
-18.660961514074003 -1.0282152859898108 
-19.996564069014944 0.007252585891037873 
-18.495609672373824 -1.7004818192588438 
-18.20236982208131 -3.1304849491843125 
-16.513040176441844 -5.742051517314051 
-15.073534845748384 -9.909110035082987 
-16.343960139550155 -6.533694523220429 
-18.842015224077254 -0.46263786138177876 
-15.096382179582555 -9.802973220657407 
-15.268149573606262 -9.022127894102567 
-16.454149968724174 -6.045873057416221 
-16.784645969244174 -4.520344753985213 
-15.500999017282666 -8.166683618753474 
-15.194273929157488 -9.397176944319774 
-16.088554992372067 -7.45186024269854 
-14.597436945470044 -11.473061852146394 
-14.87165620504139 -10.692544870442507 
-16.246901028005865 -6.944616835872157 
-17.04087493423018 -3.8809250203079007 
-15.582870092837648 -7.880953340182364 
-16.479639166708658 -5.922307249170588 
-16.302107957651888 -6.707490598438875 
-18.101802691984485 -3.532606608067651 
-18.784302461216143 -0.6160012739303863 
-16.21526263840787 -7.058923003749233 
-16.59208371119462 -5.378001578792709 
-18.42522748731246 -2.042537407062966 
-15.045894282941202 -10.00909811015457 
-18.36048848597062 -2.3575639639421007 
-16.567408004068994 -5.499181379471046 
-16.412014709010187 -6.18387940598114 
-16.382547788950923 -6.374557404430372 
-18.335359089540674 -2.4872723695924113 
-14.984312915032223 -10.238594377924084 
-18.75034482764962 -0.7141347464418102 
-18.530977359056628 -1.550397024080271 
-18.471016283741484 -1.8125243462825205 
-18.628931641796164 -1.1417066465110364 
-18.445028548828834 -1.9483795081671174 
-18.89490454180743 -0.3264884403789913 
-18.284766173224845 -2.716841817318731 
-15.533071951401745 -8.072901766907908 
-15.556128338811035 -7.989258720792487 
-18.954077035118832 -0.20730261218549967 
-18.312638879215918 -2.596443801373 
-15.631797776042847 -7.759413847503723 
-18.231920833745306 -2.985827839874995 
