-1.0563288268667705 -0.8599018106079998 -1.0642085131271688 
-1.030370719288595 -4.7090643761906526E-5 -6.1513448610186E-4 
-0.7764485344298683 6.354416521751714E-4 -1.0103749956963564 
-0.973333811186165 3.032247341349481E-4 -0.9282097074421702 
-1.134550371230403 2.572293645731723E-5 -1.1107890447298634 
-1.0000593506626518 0.002531361557784632 -1.0689268061695896 
-1.0644496342339969 6.364758555174379E-4 -1.0781826105248022 
-0.9621396621549495 -4.709069309380542E-5 -0.0011479853096044038 
-1.1029057458735614 -1.0710830954184032 -1.073225989989154 
-0.7576288160173336 -0.011107603140954627 4.700675566314463E-4 
-1.1572086403975599 -2.0218328726362932E-5 4.3380796260483745E-4 
-0.9624514148718216 2.6899893205504263E-4 -0.8802860101560057 
-0.5820046252242155 -4.4705095304505905E-5 -1.0802639065485498 
-0.6994954183627482 2.5247284078358946E-4 -0.00115088450997679 
-1.05775113165183 0.011158954298763901 -0.9594100445459711 
-1.1098529940567212 -1.0012048989000608 -1.0509089661549118 
-0.5285778150945031 -0.009103727867288636 -0.001322328748434129 
-1.0594289017575138 -0.7915919774118031 -1.0591741513191892 
-1.097200171789782 -1.0008846489993697 -1.044617572147701 
-1.0338329101724895 -1.0012048989000608 -1.0850940450548499 
-1.0883003166111052 -0.7475127876801253 -1.0637548860890236 
-0.49560534401545825 3.389679757126982E-4 -0.001838154277083383 
-1.1468991714787184 -1.1456660639712934 -1.1432753122429866 
-1.0291255541614606 -1.0012048989000608 -1.041538149931184 
-0.8689806180006848 3.3990331859793115E-4 -0.0010985495786654622 
-1.097859093267616 -1.027912739977865 -1.0741846771590042 
-1.057315121127446 2.8747175024435023E-5 -1.0598717732965657 
-0.6828459480188871 -5.482746928076653E-5 9.317879210559131E-4 
-1.1258489793336284 -1.0766069461546934 -1.138296662396772 
-0.6791830008364794 7.079602159412348E-4 -1.0595725825083968 
-1.0084797136687293 -4.709069309380542E-5 -0.0011479853096044038 
-1.100715735272289 -3.389991816454379E-5 -0.0010831704527883988 
-1.044627311304791 -3.544642884530658E-5 -0.7280855789129679 
-1.0698708430418191 -0.8727967709724099 -1.0781826105248022 
-0.7139805544317158 6.938815086148971E-4 -1.007932028539856 
-1.151660763515317 -7.519229421480461E-5 -1.1500755451893532 
-0.7739073697525728 -3.8316682057851255E-5 -0.001322328748434129 
-1.0738291249568048 -3.792082533379823E-5 0.0012480918460269289 
-0.9874074020766479 -0.0012691673526920482 -0.9384419117082572 
-1.1056285722834491 -1.143280923260617 -1.1401448703932893 
-0.8809027830501354 -3.8316682057851255E-5 -0.001322328748434129 
-0.7386542069246187 0.002531361557784632 -1.0689268061695896 
-0.8901066886414724 -0.006108024939255995 -0.927291730694982 
-0.9531447029089885 -2.053159469295815E-5 -0.0012267652528279453 
-1.0586176204398132 -0.8085276189698907 -1.0591741513191892 
-0.9928808137127573 -0.7913468360964269 -1.0592681334823286 
-1.0981603703032015 -0.733919346540486 -1.044617572147701 
-1.1098029313246733 -1.0421412865374702 -1.0791879620616707 
-1.0967729023289132 2.572293645731723E-5 -1.1107890447298634 
-0.6223513650186789 -4.694165432444868E-5 -1.071634809333303 
-1.1056285722834491 -1.0602295225100757 -1.1397285610173875 
-1.0578560085324191 -0.8483723921532279 -1.0591741513191892 
-1.0688415055098144 -0.897626994238295 -1.0735856905495795 
-0.7168792914919033 -3.5251509887793376E-5 0.0016609111244439978 
-9.265675452763134E-5 3.3978446946899784E-4 -0.0013230378006323306 
-0.8125322260414061 -4.408679820938646E-5 -0.002248294752144007 
-0.9900398925783701 -4.709069309380542E-5 -6.299093423643431E-4 
-0.9885479353038868 -0.0063510070363017885 -0.9274156766502758 
-1.0688415055098144 -0.9229187180266881 -1.0735856905495795 
-0.9874074020766479 -0.001276208210235415 -1.0314264156999953 
-0.6138154434791994 3.486556073605182E-4 -0.0013128751259104622 
-1.0559327522117117 -0.9241985288261864 -1.0642306971999602 
-1.1173752631712448 -0.784706700060461 -1.0791514132612365 
-0.9898696515935975 1.6059661062634625E-4 -0.9617154590970667 
-0.7135394121844587 -7.385897962265567E-5 -1.044617572147701 
-1.1057573027181649 -0.6577825879970995 -1.0766591437293274 
-1.0709265796911154 -0.8592611312659393 -1.0735856905495795 
-1.1029057458735614 1.9472824381512436E-4 -1.0733790543881339 
-1.1258489793336284 -1.0941816400371223 -1.138296662396772 
-1.1098529940567212 -1.0012048989000608 -1.0736908920987518 
-1.0366748615137413 6.899328571430773E-4 -1.0416267958304974 
-1.102914134052303 1.9472824381512436E-4 -0.5155025899519321 
-1.0492318435188341 -0.6554802412714589 -1.0742897179531812 
-0.9898696515935975 1.6059661062634625E-4 -0.9462917186237845 
-1.0385809142229816 0.0041541267528982795 -1.0058343310791233 
-1.0503978830966947 -0.0013064762280251894 -0.0010830314595414376 
-0.6454935442675467 -4.694165432444868E-5 -0.0022848445074170522 
-1.0382430725543255 6.938815086148971E-4 -1.0595725825083968 
-0.9624514148718216 2.702702979466675E-4 -0.905774885484127 
-0.8554684283331444 -4.4747984106134416E-5 -0.0010985495786654622 
-1.0515490287399842 -0.9463046658308764 -1.074278695609965 
-0.8940261623898946 -4.994652224761806E-5 -0.0010985495786654622 
-0.9141913678823587 -7.183098779976936E-5 -0.9689071304604921 
-1.0484353933082011 -3.544642884530658E-5 -0.929458392448542 
-0.9826549085811287 -4.313501981398853E-5 -1.0125464101157164 
-0.9095970083430781 -6.74299518472916E-5 -6.597100181736258E-4 
-1.0981603703032015 -0.9674813941940156 -1.044617572147701 
0.0014895788717044223 -0.0018807782782116118 -0.6647168331662062 
-0.7924591406367312 -3.5251509887793376E-5 0.0016609111244439978 
-0.8269893312499819 -4.6198280254784475E-5 -0.002274019562093042 
-0.7346831491568708 -5.521053529028988E-5 -0.002277458278560116 
-0.8437344661049146 -3.930434475610088E-5 -0.0010985495786654622 
-0.5829365627736262 -4.701176741453601E-5 -0.002309730487253703 
0.0014895788717044223 -0.0013064762280251894 -0.9384419117082572 
-1.0830738893521292 -0.6578409939345715 -1.07511518138352 
-1.0665089503184573 -0.6578409939345715 -1.0742897179531812 
-0.5511111650507481 -6.730580799978961E-5 -0.001134981613450407 
-0.9229935100901321 1.5735926389532433E-4 -8.55631539690969E-4 
-1.1191003011867215 -0.5116371395756392 -1.1226498790657948 
-0.971463002430917 1.9326160324844308E-4 -0.0011076440866897236 
