-15.422914650328774 -8.416736539431302 
-16.599733597772442 -5.339161074928274 
-15.030454500889505 -10.076951557123557 
-16.797348595948364 -4.4632347613097005 
-18.61347545856735 -1.214284837151305 
-16.20919188740527 -7.020478632881456 
-18.378079685146712 -2.2670517023065453 
-15.12753150798785 -9.648783176352627 
-18.08094483617184 -3.6138325513488443 
-14.872358873918202 -10.681816751230286 
-16.672340699611212 -4.841036940946427 
-16.829328677457227 -4.36168545941545 
-16.924623631765897 -3.9794484875344582 
-14.913842958088779 -10.545620224105813 
-16.64785788528929 -5.104137550499049 
-16.13998485110674 -7.311662295092563 
-16.103232943506285 -7.418192284541853 
-16.875382699893663 -4.226517511957811 
-16.661446429138955 -4.980814199114433 
-16.400524247209695 -6.2607226633597435 
-15.564625628140266 -7.97364939360722 
-15.870758950674343 -7.747401343483048 
-15.089406955376347 -9.832528116677622 
-19.00304635919432 -0.1151893475570523 
-16.18248512611091 -7.16650117925113 
-18.161787925973826 -3.315846971394869 
-16.45002796751448 -6.056137459779009 
-14.97461757030122 -10.309612543495845 
-18.76911759528824 -0.659465722455857 
-16.732179614643947 -4.7137261835510165 
-15.990633476854157 -7.639947501409857 
-16.54765379673483 -5.5380546294947655 
-18.59143271543299 -1.3035836925287179 
-16.573933130608236 -5.44537999951274 
-16.05861225694648 -7.5022291378142665 
-18.231211126558755 -2.9914867182039595 
-16.49842893854194 -5.834265137500362 
-14.9463890564741 -10.425961690114987 
-17.93783612649105 -3.874468306385741 
-16.517501982604593 -5.744746217745369 
-14.83480373885453 -10.824408947828825 
-15.460071959189856 -8.281498461360497 
-15.573155437351634 -7.866334574097396 
-18.805798461561878 -0.5363160028168367 
-16.528617160493823 -5.630986479438578 
-15.4093760003665 -8.5158251342579 
-18.01893923326005 -3.7686971371794167 
-18.325422345586027 -2.525982617460257 
-16.306916866305798 -6.703214901467337 
-16.27706146879146 -6.799050445164627 
-18.10464195601925 -3.4569774313645945 
-16.429886031215197 -6.153335609926671 
-14.75500847667273 -11.064254268516002 
-16.327726708349786 -6.545911032039909 
-15.524212336249345 -8.084307630765283 
-16.90686521970812 -4.1156005250736545 
-17.042850224310428 -3.8791101971021833 
-18.191191311913187 -3.187551156791463 
-16.239883412737896 -6.8802610546415925 
-18.516293370851702 -1.620982592362204 
-19.074345405099805 -0.001979751157496637 
-15.004000261089978 -10.192980860965207 
-18.40790004424995 -2.1270288193271853 
-15.192560494032843 -9.403286188071466 
-18.462102669450815 -1.8790200102947954 
-19.996123720574765 0.009124553096737343 
-16.470324830177887 -5.948902980164628 
-15.21964092489241 -9.287425686762308 
-16.36958040135373 -6.40021041255002 
-15.163757211029031 -9.523320931168978 
-16.758212570995624 -4.595756547492211 
-18.350011950947987 -2.4050413532950996 
-18.262372407335143 -2.8462922989258006 
-18.557639695448916 -1.4125610178820154 
-15.246112111984914 -9.175596643553998 
-15.265865520852362 -9.088103843784843 
-18.4337940051801 -2.0017774089169693 
-18.536196740166957 -1.5304573316915389 
-14.625739651224698 -11.38765458747496 
-15.376553677129326 -8.629828219803711 
-16.62357196813017 -5.222313382535266 
-15.63807826082147 -7.761430302798502 
-14.545502101611628 -11.487145631298006 
-15.318366816989435 -8.868795327899896 
-15.072199903898236 -9.900945052358802 
-18.734755272619317 -0.7792212136560354 
-18.85271835094158 -0.4478324963797162 
-18.945407297502875 -0.22490403109793863 
-18.487901163855692 -1.746869585830498 
-14.722706915412687 -11.186701936056934 
-15.293813552152548 -8.971971592916914 
-18.694963294767682 -0.9125938706532492 
-18.298392622184085 -2.6720258080690393 
-15.34843906246873 -8.75532309702978 
-14.425204183539925 -11.625438522283588 
-14.806037437177409 -10.936575339933594 
-14.681470268926422 -11.293254633313751 
-18.658441121070126 -1.0431736099455924 
-18.89564008921204 -0.3338817087596855 
-14.518411419531258 -11.579800637980455 
