-1.094695927027756 -0.7468392686689239 -1.031793599514699 
-0.9657155596686058 -3.4042999140388667E-4 -0.8979700531665746 
-1.093333068563114 -0.9209143214950378 -1.0901219416014043 
-0.7259544205183577 -5.343627233945615E-4 -1.023586029272583 
-0.74515128995415 -4.3158620342288143E-4 -8.770500050641616E-4 
-1.093028543680377 -5.654891086236645E-4 -1.0088632547564704 
-0.8832975820579533 -5.267650420819354E-4 0.0011727344601210109 
-1.074664585208 -0.9148815602182256 -1.0342874920309848 
-1.0642964689836252 -4.3417560247542737E-4 7.618421357596938E-4 
-1.1143928761781436 -0.9999298911620276 -1.0708067718126084 
-0.8598709720134929 -0.06406119646545427 -0.9558720210653657 
-0.6882451205810929 -6.416872341899223E-4 -1.0441790359575078 
-1.0043290810909764 0.007113501389830024 -0.6707957116052841 
-1.094950817203066 -0.9734110059077462 -1.100663283179386 
-0.9488447002036539 -5.344040084379476E-4 -0.8858605463404725 
-1.0705140036984535 0.001923860660305421 -1.0738085799340236 
-1.0737822547564075 -4.4110572924112426E-4 -1.093358905683892 
-0.6055114770603138 -4.412520113619178E-4 -1.105759020975232 
-1.0677677926010563 -2.0015639491120438E-4 -0.7632171997020338 
-0.970392890361966 -0.011375386889301665 -1.0137603723787212 
-1.094182902270266 -0.6156206387934763 -1.0900042797359595 
-1.1529253541368125 -4.920974627934394E-4 -1.1596158463663748 
-1.0531872929015589 -0.9210935608957933 -1.0784505954215327 
-0.5240354258617481 -4.0905117434879247E-4 -8.772122284911841E-4 
-1.0779897433101295 -8.982058596944094E-5 -1.0401098058911706 
-1.0153866529762974 1.8062791215062157E-4 -1.9054060367094052E-5 
-0.94981346921536 -5.267650420819354E-4 -1.0043861163988947 
-1.0659487965794041 -0.9688314092512743 -1.0832844929075978 
-0.6542616864171616 -0.0020069610727989117 -8.397341502990417E-4 
-0.7719140092605208 0.0021416898357688174 -1.0150203385663406 
-1.0989671107353034 -4.344070264707884E-4 -1.1384017792524803 
-1.0239380354279042 0.007094387651982337 -0.872041512326411 
-8.578682916834704E-4 -2.810505977114409E-4 -0.7580473272086589 
-0.9697529637493637 -0.008084872574417368 -0.9093707391465312 
-1.094182902270266 -0.01433485886644792 -1.1005016269876717 
-0.9721412787104933 2.800503724687115E-4 -8.770812268921377E-4 
-0.9488447002036539 -6.142245952881314E-4 -0.9758625360693646 
-1.0930651577238994 -0.9670860399662526 -1.0846274608092454 
-1.1544932063325712 1.8062791215062157E-4 -1.8190245951370666E-5 
-0.953264237461974 -4.3417560247542737E-4 -0.9598550234043022 
-1.094182902270266 -1.0277682899036449 -1.0738041280216877 
-1.1190219084169268 -0.661251814001225 -1.0900691002807803 
-1.111474420572468 -0.5418134702176113 -1.1435099244118119 
-0.6314959852475175 -0.002006827446524774 0.0032914455996902554 
-1.0239380354279042 0.007094387651982337 -0.8833867626050114 
-1.0703346392624706 -0.7425777305172485 -1.0729543187202324 
-1.1005661368472175 -5.297849029216974E-4 0.0026175998311700702 
-0.9147792562994173 -6.884739142437592E-4 0.0011184856258046713 
-1.0287458456459433 -5.128000696779151E-4 -1.012695858060184 
-0.99921546058423 -5.700568325059136E-4 -1.060727697454573 
-1.040847810412967 -0.0019857059851645107 -0.007781200818643594 
-1.0043290810909764 -6.099452304027924E-4 -0.9620626441871849 
-1.073477180700833 -1.0575466665583118 -1.1120656049436053 
-0.9646128922915398 -0.003934763357748283 -1.0645469941229617 
-1.1115558966400072 -0.626598284904809 -1.0900691002807803 
-0.5874886000384314 0.015095906729763794 -1.105759020975232 
-0.5088504840474687 -6.819800192238828E-4 -1.109172332281258 
-0.9974308919706738 1.6201971417525567E-4 -3.107521455392372E-6 
-1.0939433170618529 -5.697444436310865E-4 -0.9892258266036145 
-8.597602082645595E-4 -5.327807686211859E-4 -0.8018318985760241 
-0.48459082630749245 -4.3412214706174223E-4 -8.770500050641616E-4 
-1.0658922819265042 -0.9541641681169126 -1.0832844929075978 
-8.578682916834704E-4 -3.4402126557653236E-4 -0.8659675960583894 
-1.0666482574161114 -0.8694268099512938 -1.0628675651136206 
-0.8346077622363481 -2.7860840363530667E-4 -1.8926071209344466E-6 
-8.597602082645595E-4 -5.327807686211859E-4 7.584434395520816E-4 
-0.9293710252506227 -5.691108477376464E-4 -1.012695858060184 
-1.067238900557834 -0.856771368430284 -1.059873247604987 
-0.9741366686180142 0.007970291774933469 -1.0290256358103038 
-1.0669575023717819 -0.8717160742665275 -1.0832844929075978 
-0.745300472099958 -0.008061340907537348 -1.027030346961373 
-0.900078008844131 -6.102595365300158E-4 0.0011250621163444866 
2.1543189085493353E-4 -5.700568325059136E-4 -0.9536290126905105 
-0.7743804503323772 -1.8958376051933967E-5 0.0037880512734289338 
-1.0666436986384882 -0.8432277422253631 -1.059873247604987 
-1.0802658556960394 -0.8096256168679231 -1.0817067602309887 
-0.8505314544156041 -4.344070264707884E-4 -8.770500050641616E-4 
-0.7898958560036335 -8.505456119624024E-4 -9.012517027051464E-4 
-1.1487487806344594 -1.087033160647771 -1.1021322393794444 
-1.0930651577238994 -0.7364923907712204 -1.084396105252015 
-0.9578537207437857 -6.007494948847394E-4 -0.8914720863585929 
-1.1122498237385987 -0.5359387343405557 -1.1022099153749227 
-1.1129729835983224 -1.1421776579744032 -1.105759020975232 
-1.081983156599347 -0.7979735078290294 -1.0545138109953058 
-1.0572600565960977 -0.9377139322389685 -1.0604966274117615 
-0.6752554199860938 -4.344070264707884E-4 -8.770500050641616E-4 
-0.6092336823965901 -6.0819366510890256E-5 -4.962499701777201E-6 
-0.5561422848425346 -4.0905117434879247E-4 -8.772122284911841E-4 
-0.8183526002075912 -5.08734070161818E-4 -0.0010402384202169719 
-1.1162889257047501 -1.0575466665583118 -1.0997417036260286 
-1.0684462348298025 -0.7993812851219741 -1.0859738210318863 
-0.698081735286139 -4.3158620342288143E-4 -8.770500050641616E-4 
-0.9319723761339717 -5.34272560595599E-4 -2.024265060662973E-6 
-1.0703346392624706 -0.7768364369306164 -1.0729543187202324 
-1.1529253541368125 -1.1543460026314079 -1.1593960339107812 
-1.094182902270266 -1.0277682899036449 -1.1005016269876717 
-1.1193931964111792 -1.074704022427756 -1.1025619147514631 
-0.719128123899085 -4.217376506840333E-4 -8.770500050641616E-4 
-0.5839415692245277 -1.2537115247877742E-4 -0.0010401546757636826 
-1.1499403267986812 -1.118058784501985 -1.1435099244118119 
