0.04145726210205686 0.7588187914920239 
0.8245666252403834 -0.4818551913656998 
0.8286527091095114 -0.5579950356273642 
0.023131781118460037 0.8401831502277096 
0.00534119070708583 0.9284278920288649 
0.4151202849333774 0.16793585858067778 
0.8274118009361184 -0.5343769366159127 
0.6430771540079936 -0.4282311834946453 
0.226415458125412 0.3592401319120758 
0.6414635254302391 -0.4024440644716228 
0.07073483422735544 0.6815204307551795 
0.22311985793859823 0.3824094753399276 
0.4427945643914065 -0.09450038700552581 
0.08268097362118909 0.6720606066042087 
0.6285898992995632 -0.28211023982010097 
0.4096805348812792 0.23995184658815844 
0.6204545136646602 -0.1578654647875876 
0.624308866868583 -0.22018929968485032 
0.83028706828747 -0.5855416875989713 
0.20587087239197543 0.5103297184522003 
0.21199009917778633 0.463652419380907 
0.2478750573022702 0.25791316130761766 
0.002648740419059936 0.9505534433795305 
0.8235062214582597 -0.4599689163318416 
0.6371239484187136 -0.38230879222880304 
0.20195962127030626 0.5433902123972163 
0.017995470781981878 0.8596731799205632 
0.2578914329496042 0.24408934726940026 
0.19245266722668353 0.6088829009678082 
0.45293668585866576 -0.12229041733642587 
0.6425706768149787 -0.4165638385269297 
0.43621472509023135 -0.05460328623708059 
0.8515642709806958 -0.7717524390135648 
0.050458287649199796 0.7308815385651427 
0.4123202132333337 0.20443346292052914 
0.4138889992955759 0.18358208579720278 
0.829508186634788 -0.5725261987369353 
0.4463929047629212 -0.10977951507561537 
0.008225574412416725 0.9099775270391203 
0.4182686115552803 0.12821439295267367 
0.6300945107658552 -0.3022172395402853 
0.8335535307962445 -0.6336937204260746 
0.8368425222280178 -0.6790881116819917 
0.8383125890365895 -0.6940364338589042 
0.6257349565955579 -0.24202176465433503 
0.826782251631528 -0.5222315828212336 
0.06075266966735818 0.704082947018029 
0.8444537243664764 -0.7484054193653845 
0.19010935122329703 0.6249299193613262 
0.8396768388431654 -0.7079018886206979 
0.8258319797684112 -0.5055452858660692 
0.8345302881567336 -0.6502616464706261 
0.6320331803994912 -0.3272831114489504 
0.029507477384271587 0.8108144014297141 
0.23167873225109673 0.32749369033599385 
0.2162857460279023 0.4313001773403604 
0.6331334450783545 -0.3396527803578253 
0.4172076572303681 0.14219370716695975 
0.1949004974293171 0.592961356446027 
1.889198448238238E-7 1.003386097003352 
0.025629327950147628 0.8263950760761859 
4.249868475725352E-4 0.988723972463659 
0.21384693181259726 0.44959110835734717 
0.8418865120408836 -0.7298316313725912 
0.6227846532611655 -0.19547801866731543 
0.42753698714362653 0.022883539550953232 
0.4317240162369266 -0.01727292923068398 
0.20386165366967962 0.527959043210875 
0.4223855062727684 0.07961348177780023 
0.4240666980069711 0.059911337728698486 
0.42962300943617543 0.0020933206234066346 
0.03276466587678386 0.7934317796388621 
0.6525902739462526 -0.456863706835629 
0.4397407778040212 -0.07871997880349944 
0.2409639494564934 0.2797367016409514 
0.22888488408495933 0.3434839765642426 
0.4212021288102912 0.09857062346626048 
0.42700416395961593 0.040181151903641604 
0.20900165241192306 0.48949260508909137 
0.4338615114247097 -0.03592067080105234 
0.41073288654467405 0.22559300172961405 
0.05369750514956148 0.7172624295056217 
0.18366446907782666 0.6657824192843989 
0.001137720487202714 0.9710912133509465 
0.21923950511445137 0.4099399812251743 
0.18687784245407774 0.6449043709514747 
0.4194072813001412 0.11520373955523312 
0.03734490607678492 0.7754420467687819 
0.6271660585997532 -0.2624137242355529 
0.04475325437887612 0.7466409193296916 
0.6357136936057659 -0.3681157872068402 
0.8322422284707903 -0.616251028053498 
0.6218368070205544 -0.17491200947767468 
0.6185257789462298 -0.12304154213873446 
0.01448616804025487 0.8778386216512855 
0.01099980865840583 0.8936525924659232 
0.6193911274339199 -0.1393660057003124 
0.6342881172335948 -0.3527129655557419 
0.19895239701236028 0.5634527715854565 
0.23595657113717958 0.3031816790062887 
