-3.141498817086533 1.0579651873506544 
-3.1321757062952185 1.011367592168715 
-3.1321757062952185 1.011367592168715 
-3.1321757062952185 1.011367592168715 
2.4300809427284795 0.32103746021424817 
2.430080942728478 0.3210374613088177 
-3.141498817086533 1.0579651873506544 
-3.1321757062952185 1.011367592168715 
-3.1321757062952185 1.011367592168715 
-3.1321757062952185 1.011367592168715 
-3.141498817086533 1.0579651873506544 
2.9360212435755635 0.13120693259475422 
-3.1321757062952185 1.011367592168715 
-3.1321757062952185 1.011367592168715 
-3.1321757062952185 1.011367592168715 
-3.1321757062952185 1.011367592168715 
2.9360212435755635 0.13120693259475422 
2.9360212435755635 0.13120693259475422 
-3.1321757062952185 1.011367592168715 
-3.1321757062952185 1.011367592168715 
-3.1321757062952185 1.011367592168715 
-3.1321757062952185 1.011367592168715 
-3.1321757062952185 1.011367592168715 
-3.1321757062952185 1.011367592168715 
-3.1321757062952185 1.011367592168715 
-3.1321757062952185 1.011367592168715 
-3.1321757062952185 1.011367592168715 
-3.1321757062952185 1.011367592168715 
-3.1321757062952185 1.011367592168715 
-3.1321757062952185 1.011367592168715 
-3.1321757062952185 1.011367592168715 
-3.1321757062952185 1.011367592168715 
-3.1321757062952185 1.011367592168715 
-3.1321757062952185 1.011367592168715 
-3.1321757062952185 1.011367592168715 
-3.1321757062952185 1.011367592168715 
-3.1321757062952185 1.011367592168715 
-3.1321757062952185 1.011367592168715 
-3.1321757062952185 1.011367592168715 
-3.1321757062952185 1.011367592168715 
-3.1321757062952185 1.011367592168715 
-3.1321757062952185 1.011367592168715 
-3.1321757062952185 1.011367592168715 
-3.1321757062952185 1.011367592168715 
-3.1321757062952185 1.011367592168715 
-3.1321757062952185 1.011367592168715 
-3.1321757062952185 1.011367592168715 
-3.1321757062952185 1.011367592168715 
-3.1321757062952185 1.011367592168715 
-3.1321757062952185 1.011367592168715 
