-3.141498817086533 -4.999999966295852 -2.964149023757835E-4 
-3.1321757062952185 -4.999777876569055 -0.047084096962235054 
-3.1321757062952185 -4.999777876569055 -0.047084096962235054 
-3.1321757062952185 -4.999777876569055 -0.047084096962235054 
2.4300809427284795 -3.786858009447278 3.2654127483580364 
2.430080942728478 -3.786858009444943 3.2654127483588935 
-3.141498817086533 -4.999999966295852 -2.964149023757835E-4 
-3.1321757062952185 -4.999777876569055 -0.047084096962235054 
-3.1321757062952185 -4.999777876569055 -0.047084096962235054 
-3.1321757062952185 -4.999777876569055 -0.047084096962235054 
-3.141498817086533 -4.999999966295852 -2.964149023757835E-4 
2.9360212435755635 -4.8947389554404435 1.0205618090888195 
-3.1321757062952185 -4.999777876569055 -0.047084096962235054 
-3.1321757062952185 -4.999777876569055 -0.047084096962235054 
-3.1321757062952185 -4.999777876569055 -0.047084096962235054 
-3.1321757062952185 -4.999777876569055 -0.047084096962235054 
2.9360212435755635 -4.8947389554404435 1.0205618090888195 
2.9360212435755635 -4.8947389554404435 1.0205618090888195 
-3.1321757062952185 -4.999777876569055 -0.047084096962235054 
-3.1321757062952185 -4.999777876569055 -0.047084096962235054 
-3.1321757062952185 -4.999777876569055 -0.047084096962235054 
-3.1321757062952185 -4.999777876569055 -0.047084096962235054 
-3.1321757062952185 -4.999777876569055 -0.047084096962235054 
-3.1321757062952185 -4.999777876569055 -0.047084096962235054 
-3.1321757062952185 -4.999777876569055 -0.047084096962235054 
-3.1321757062952185 -4.999777876569055 -0.047084096962235054 
-3.1321757062952185 -4.999777876569055 -0.047084096962235054 
-3.1321757062952185 -4.999777876569055 -0.047084096962235054 
-3.1321757062952185 -4.999777876569055 -0.047084096962235054 
-3.1321757062952185 -4.999777876569055 -0.047084096962235054 
-3.1321757062952185 -4.999777876569055 -0.047084096962235054 
-3.1321757062952185 -4.999777876569055 -0.047084096962235054 
-3.1321757062952185 -4.999777876569055 -0.047084096962235054 
-3.1321757062952185 -4.999777876569055 -0.047084096962235054 
-3.1321757062952185 -4.999777876569055 -0.047084096962235054 
-3.1321757062952185 -4.999777876569055 -0.047084096962235054 
-3.1321757062952185 -4.999777876569055 -0.047084096962235054 
-3.1321757062952185 -4.999777876569055 -0.047084096962235054 
-3.1321757062952185 -4.999777876569055 -0.047084096962235054 
-3.1321757062952185 -4.999777876569055 -0.047084096962235054 
-3.1321757062952185 -4.999777876569055 -0.047084096962235054 
-3.1321757062952185 -4.999777876569055 -0.047084096962235054 
-3.1321757062952185 -4.999777876569055 -0.047084096962235054 
-3.1321757062952185 -4.999777876569055 -0.047084096962235054 
-3.1321757062952185 -4.999777876569055 -0.047084096962235054 
-3.1321757062952185 -4.999777876569055 -0.047084096962235054 
-3.1321757062952185 -4.999777876569055 -0.047084096962235054 
-3.1321757062952185 -4.999777876569055 -0.047084096962235054 
-3.1321757062952185 -4.999777876569055 -0.047084096962235054 
-3.1321757062952185 -4.999777876569055 -0.047084096962235054 
