0.0029157614783730332 0.950211987789119 
0.6350080470658037 -0.35941196636134165 
0.8412636598918217 -0.7250723696254018 
7.905204354973841E-4 0.9746939466325611 
0.8276528614062336 -0.5398602764056384 
0.44466166021571374 -0.10061886092967531 
0.6280245069936095 -0.2746741048109285 
0.21717483273492644 0.4297852930372199 
0.21181188090975087 0.46547449262397506 
0.42275741912148695 0.07522185487961038 
0.20512161990238797 0.5166246127240406 
0.433425139676677 -0.031650199222316565 
0.8362892524748712 -0.6718674814022921 
0.8452001318614832 -0.7533122083330375 
0.6331092600620671 -0.33866833472138475 
0.0818154280399519 0.6729889522147651 
0.19684163150238662 0.5791908920786423 
0.41267370821680216 0.200794801813474 
0.20263987978948478 0.5347212355952107 
0.8376092167649214 -0.6879278489260882 
0.6210532678339837 -0.1671524380797231 
0.8344700898104932 -0.6484032901567193 
0.43835599213608123 -0.06895277112990371 
0.05496210654847605 0.7134678423556471 
0.824579738344824 -0.4810254584691953 
0.19058815402194457 0.6210829405799704 
0.8264617004160094 -0.5172721240144759 
0.005946622878887975 0.9248830525949134 
0.45346121183904203 -0.12205137343584654 
0.23444102271716233 0.31237182493964993 
0.03540884047742557 0.7837664672833393 
0.4095530571489354 0.24120658852440957 
0.01242819160019687 0.8876175054139758 
0.4356992105974161 -0.05020358017618066 
0.21442018024233886 0.44569941982926153 
0.22130529524661158 0.3951643057196578 
0.6184496371369201 -0.12340892113564453 
0.6390046367813653 -0.3987034662924087 
0.024229891975548812 0.8327685614911757 
0.2067903156624925 0.5038737879883249 
0.6465540577756835 -0.4437725305443931 
0.6217867522915719 -0.17980118393625702 
0.4311703103675158 -0.012219253153727237 
0.008559160047676095 0.90908969990043 
0.8303618496855975 -0.5864860855359285 
0.6267897453315933 -0.25323756777316464 
0.20146862371656893 0.5501123376524109 
0.4199442436924833 0.10958092936868907 
0.040661314650731264 0.7633449511931436 
0.019492285027435108 0.8528041452296866 
0.2284719145271335 0.346762473064339 
0.015520832645694288 0.8724081252982059 
0.4300064559328723 0.004143530007587961 
0.6536828730163238 -0.4564469381590589 
0.23216280591958227 0.32509041357478374 
0.19907242292194202 0.567051632360907 
0.24799726957824497 0.2584440738620806 
0.0649401303268928 0.6906101335802188 
0.41565293376151813 0.16213463882148027 
0.6239240518872523 -0.21351510510709623 
0.24328892869779128 0.2718595968104385 
0.6193524594639083 -0.13835234376270777 
0.6424943415362877 -0.4239896880225139 
0.23981086573337515 0.2853918793655912 
0.8385678419666089 -0.6992310893106473 
0.41119263021193425 0.2199179498450594 
0.4277554820766011 0.021078358398001436 
0.04771184910221411 0.7365801207065353 
0.6251112097447011 -0.23182145589842704 
0.44721497836617197 -0.11172583010226748 
0.42125226876707667 0.09357376141525152 
0.18300213739855953 0.668639357471282 
0.426097421905966 0.03767465080096206 
0.6366464196828138 -0.3777869669616927 
0.8256317774538596 -0.5010856990297172 
0.22579697602498808 0.3649486427953518 
0.41684929098709683 0.14694657776142897 
0.8521832877878267 -0.7714232158288317 
0.6200299499876725 -0.1505448646018503 
0.19426724895579964 0.5979123634365532 
0.2571514526067138 0.24498714694186075 
0.42447724101836315 0.055905390001813195 
0.8316612281810658 -0.6070087834333775 
0.8234124882473118 -0.45781117684717015 
0.1868385825377916 0.6455099410936209 
0.6304372024698026 -0.3063373737853 
0.8329367778607688 -0.6265699016499746 
0.4145294900702756 0.17714308342840193 
0.2233645819011942 0.3805801429595458 
0.027041313635384187 0.8194779804349002 
0.23732588387952974 0.2974439018989197 
0.41829308202047233 0.12854617202139462 
0.20962100850259918 0.4842741647451224 
0.44092270312033843 -0.08452802346501002 
0.030931472808436777 0.8017380952441564 
0.6316365844979741 -0.3219084243175128 
0.8289475515014828 -0.5621040638854171 
0.21894129162558357 0.41244439496567736 
3.67998095352276E-6 1.0026193597231807 
0.6292497210366725 -0.29017065238962086 
