2.395809492225289 0.28576559532978557 
2.395809492225223 0.28576559549610675 
-3.1415711131894026 1.0605397678776158 
2.3958094922202133 0.2857656081039454 
-3.1415711132295945 1.0605397814830198 
2.3958094922201174 0.2857656083533368 
-3.1415711132662776 1.0605397952506028 
-3.1415711133801603 1.060539909771683 
-3.1415711132655053 1.0605397929628901 
-3.1415711132605093 1.060539791899581 
2.3958094922253634 0.28576559510367766 
-3.1415711132299746 1.060539781660854 
2.395809492220535 0.2857656073228857 
-3.1415711132655053 1.0605397929628901 
-3.141571113283144 1.0605398040878868 
-3.1415711149747994 1.0605405119454714 
-3.14157111328343 1.0605398042216778 
2.3958094922254256 0.2857655949944191 
2.3958094922253634 0.28576559510367766 
2.395809492221525 0.2857656062916523 
2.3958094922252964 0.28576559531060824 
2.395809492225485 0.28576559289059855 
2.3958094922202133 0.2857656081039454 
2.3958094922253634 0.28576559510367766 
-3.1415711132662776 1.0605397952506028 
-3.141571113302648 1.0605398880280394 
-3.1415711132848387 1.0605398053285215 
2.395809492220535 0.2857656073228857 
2.395809492220535 0.2857656073228857 
-3.14157111328343 1.0605398042216778 
