2.395809492225289 -3.6728033455951805 3.3926920167834904 
2.395809492225223 -3.672803345595182 3.3926920167834904 
-3.1415711131894026 -4.999999999457519 -3.203522213532363E-4 
2.3958094922202133 -3.6728033455951152 3.3926920167834904 
-3.1415711132295945 -4.999999999457519 -3.2035218326418555E-4 
2.3958094922201174 -3.6728033455951308 3.3926920167834904 
-3.1415711132662776 -4.999999999457519 -3.2035216881617473E-4 
-3.1415711133801603 -4.999999999457519 -3.2035288450676914E-4 
-3.1415711132655053 -4.999999999457519 -3.2035214822631776E-4 
-3.1415711132605093 -4.999999999457519 -3.203521574778615E-4 
2.3958094922253634 -3.6728033455951308 3.3926920167835477 
-3.1415711132299746 -4.999999999457519 -3.2035218326418555E-4 
2.395809492220535 -3.6728033455951805 3.3926920167834904 
-3.1415711132655053 -4.999999999457519 -3.2035214822631776E-4 
-3.141571113283144 -4.999999999457519 -3.2035218766461636E-4 
-3.1415711149747994 -4.999999999457519 -3.203521897896374E-4 
-3.14157111328343 -4.999999999457519 -3.2035218766461636E-4 
2.3958094922254256 -3.6728033455951805 3.3926920167834536 
2.3958094922253634 -3.6728033455951308 3.3926920167835477 
2.395809492221525 -3.6728033456025555 3.392692016790627 
2.3958094922252964 -3.6728033455951805 3.3926920167834904 
2.395809492225485 -3.6728033455950686 3.392692016790617 
2.3958094922202133 -3.6728033455951152 3.3926920167834904 
2.3958094922253634 -3.6728033455951308 3.3926920167835477 
-3.1415711132662776 -4.999999999457519 -3.2035216881617473E-4 
-3.141571113302648 -4.999999999457519 -3.203529960314619E-4 
-3.1415711132848387 -4.999999999457519 -3.203521924513793E-4 
2.395809492220535 -3.6728033455951805 3.3926920167834904 
2.395809492220535 -3.6728033455951805 3.3926920167834904 
-3.14157111328343 -4.999999999457519 -3.2035218766461636E-4 
