0.8514341577359189 -0.7728074450200781 
2.0607778148870604E-9 1.0013206463749418 
0.8514341577359189 -0.7728074450200781 
0.6522751382917791 -0.4575270539156096 
0.6184534335390619 -0.12431365338338 
0.45393202414468115 -0.12317313872479403 
0.8234429723478607 -0.45973616646991516 
0.4093873850456387 0.2421133899809053 
0.2567227264827593 0.24298375648697648 
0.1827391219441636 0.6682641104747581 
0.08342224169085175 0.6709335185424856 
0.6451941933416153 -0.43987850314885574 
0.6377775632321273 -0.38887462273429757 
0.06367800655643478 0.6908979288375257 
0.19292977604143263 0.6053355752472374 
0.01148183371178152 0.890328971712794 
0.44216557767426795 -0.09296379472331548 
0.07691211954540156 0.6733218027102219 
0.41931762330609906 0.11996081353093949 
0.6204503195444041 -0.15867300404217774 
0.6241736178978243 -0.21896221423405962 
0.21126711195148276 0.46881474423030456 
0.1891244847007305 0.6342065137712949 
0.8383852378048298 -0.6975051295202591 
0.44690178900016364 -0.11192016833155975 
0.8252801041787837 -0.4963647567383914 
0.001896034714315764 0.9584173305400846 
0.2334658245054668 0.3164303117494576 
0.023887572256354433 0.8309937950570506 
0.41365161508170245 0.1886559316130429 
0.20439632964648585 0.5210591510497614 
0.2390418408026898 0.2880977941371047 
0.43013508697992703 0.003835489008827132 
0.41684281283782537 0.14508087067133865 
0.4320436788630917 -0.021165428310613257 
0.62810579208967 -0.2768723592778607 
0.0032140016863900084 0.9455744825177773 
0.415412068729873 0.16342810425765908 
0.8300278796909972 -0.5815834373395369 
0.017212222914087832 0.8611050527034675 
0.42436120275822764 0.055725554479084644 
0.6228722224566222 -0.18887231651915826 
0.1864143857788645 0.6472070148625406 
0.41190452340724104 0.2092413071897036 
7.181545254478943E-5 0.9928442265711814 
0.19640900182879278 0.5803586529557889 
0.8341036683796148 -0.6387595935639133 
0.21680531891478977 0.4267333728225418 
0.0582361182010781 0.7039461820735311 
0.8471873434004873 -0.7630552803969128 
0.20202215641389265 0.5402067354445333 
0.8436983274312935 -0.7447185044485573 
0.8352970372164769 -0.6608406481987784 
0.029590666810209887 0.8058056754642812 
0.046080736675776335 0.7407992056726749 
0.6262085458757481 -0.24642838234459521 
0.22252158176823184 0.3850519784344855 
0.42154174802415817 0.09405447533463998 
0.42627029905673064 0.03493590583698778 
0.824330011541368 -0.4662718722823009 
0.23595361824042071 0.3023962652261944 
0.6310684752906108 -0.3161236429118757 
0.25340468311238606 0.24593835765426855 
0.4275448458211435 0.021792131641851776 
0.04130040688718152 0.7582736184145724 
0.22651313972919793 0.35934900145965387 
0.4388292542551421 -0.06679675170940164 
0.8283159438539645 -0.552709225963433 
0.4104130453344949 0.22885291780569145 
0.2079966826574004 0.4938026298359798 
0.8268625779076637 -0.5156231787916203 
0.03756512040923471 0.7726162347187112 
0.6348738905601774 -0.36046587873108316 
0.19983173353598188 0.5557224829354025 
0.006671962745558993 0.9179664674602073 
0.24632636007643782 0.26059316446874187 
0.00801426335817762 0.9105303530103516 
0.621664324932088 -0.17674190487817518 
0.8308648267386325 -0.5959348864856348 
0.2075807718484689 0.49911137627410235 
0.6359412010635099 -0.3714067042010604 
0.8271056145710591 -0.5304027349302947 
0.22460381761706386 0.37109853997097164 
0.4233421884803016 0.07652750541396505 
0.24424027731236037 0.2673161192183566 
0.21994241086785507 0.40323136066260323 
0.1979777317653377 0.5690295711812824 
0.633071721031276 -0.34012122958994473 
0.6255269678546329 -0.23924729530210492 
0.049888588537899264 0.733023130245846 
0.033253823546495975 0.7907044583123893 
0.05389586694683757 0.7155524154013415 
0.8324432253453754 -0.6203410244439757 
0.22905763273773982 0.34144488684998003 
0.21903782669202804 0.40997076500312907 
0.214321914813775 0.44576099007946945 
0.021467699945694363 0.8422642376716377 
0.2136441355706518 0.44992662851715287 
0.6326272134996561 -0.33343709009628836 
0.831965282261322 -0.6127892409739562 
