-3.141554490315231 1.1169857039378024 
-3.1412824634638348 1.0050846530555277 
-3.1412824634638348 1.0050846530555277 
-3.1412824634638348 1.0050846530555277 
-3.1412824634638348 1.0050846530555277 
-3.1412824634638348 1.0050846530555277 
-3.1412824634638348 1.0050846530555277 
-3.1412824634638348 1.0050846530555277 
-3.1412824634638348 1.0050846530555277 
-3.1412824634638348 1.0050846530555277 
-3.1412824634638348 1.0050846530555277 
-3.1412824634638348 1.0050846530555277 
-3.1412824634638348 1.0050846530555277 
-3.1412824634638348 1.0050846530555277 
-3.1412824634638348 1.0050846530555277 
-3.1412824634638348 1.0050846530555277 
-3.1412824634638348 1.0050846530555277 
-3.1412824634638348 1.0050846530555277 
-3.1412824634638348 1.0050846530555277 
-3.1412824634638348 1.0050846530555277 
-3.1412824634638348 1.0050846530555277 
-3.1412824634638348 1.0050846530555277 
-3.1412824634638348 1.0050846530555277 
-3.1412824634638348 1.0050846530555277 
-3.1412824634638348 1.0050846530555277 
-3.1412824634638348 1.0050846530555277 
-3.1412824634638348 1.0050846530555277 
-3.1412824634638348 1.0050846530555277 
-3.1412824634638348 1.0050846530555277 
-3.1412824634638348 1.0050846530555277 
-3.1412824634638348 1.0050846530555277 
-3.1412824634638348 1.0050846530555277 
-3.1412824634638348 1.0050846530555277 
-3.1412824634638348 1.0050846530555277 
-3.1412824634638348 1.0050846530555277 
-3.1412824634638348 1.0050846530555277 
-3.1412824634638348 1.0050846530555277 
-3.1412824634638348 1.0050846530555277 
-3.1412824634638348 1.0050846530555277 
-3.1412824634638348 1.0050846530555277 
-3.1412824634638348 1.0050846530555277 
-3.1412824634638348 1.0050846530555277 
-3.1412824634638348 1.0050846530555277 
-3.1412824634638348 1.0050846530555277 
-3.1412824634638348 1.0050846530555277 
-3.1412824634638348 1.0050846530555277 
-3.1412824634638348 1.0050846530555277 
-3.1412824634638348 1.0050846530555277 
-3.1412824634638348 1.0050846530555277 
-3.1412824634638348 1.0050846530555277 
-3.1412824634638348 1.0050846530555277 
-3.1412824634638348 1.0050846530555277 
-3.1412824634638348 1.0050846530555277 
-3.1412824634638348 1.0050846530555277 
-3.1412824634638348 1.0050846530555277 
-3.1412824634638348 1.0050846530555277 
-3.1412824634638348 1.0050846530555277 
-3.1412824634638348 1.0050846530555277 
-3.1412824634638348 1.0050846530555277 
-3.1412824634638348 1.0050846530555277 
-3.1412824634638348 1.0050846530555277 
-3.1412824634638348 1.0050846530555277 
-3.1412824634638348 1.0050846530555277 
-3.1412824634638348 1.0050846530555277 
-3.1412824634638348 1.0050846530555277 
-3.1412824634638348 1.0050846530555277 
-3.1412824634638348 1.0050846530555277 
-3.1412824634638348 1.0050846530555277 
-3.1412824634638348 1.0050846530555277 
-3.1412824634638348 1.0050846530555277 
-3.1412824634638348 1.0050846530555277 
-3.1412824634638348 1.0050846530555277 
-3.1412824634638348 1.0050846530555277 
-3.1412824634638348 1.0050846530555277 
-3.1412824634638348 1.0050846530555277 
-3.1412824634638348 1.0050846530555277 
-3.1412824634638348 1.0050846530555277 
-3.1412824634638348 1.0050846530555277 
-3.1412824634638348 1.0050846530555277 
-3.1412824634638348 1.0050846530555277 
-3.1412824634638348 1.0050846530555277 
-3.1412824634638348 1.0050846530555277 
-3.1412824634638348 1.0050846530555277 
-3.1412824634638348 1.0050846530555277 
-3.1412824634638348 1.0050846530555277 
-3.1412824634638348 1.0050846530555277 
-3.1412824634638348 1.0050846530555277 
-3.1412824634638348 1.0050846530555277 
-3.1412824634638348 1.0050846530555277 
-3.1412824634638348 1.0050846530555277 
-3.1412824634638348 1.0050846530555277 
-3.1412824634638348 1.0050846530555277 
-3.1412824634638348 1.0050846530555277 
-3.1412824634638348 1.0050846530555277 
-3.1412824634638348 1.0050846530555277 
-3.1412824634638348 1.0050846530555277 
-3.1412824634638348 1.0050846530555277 
-3.1412824634638348 1.0050846530555277 
-3.1412824634638348 1.0050846530555277 
-3.1412824634638348 1.0050846530555277 
