-3.141554490315231 -4.999999759604064 -0.0015510450929368774 
-3.1412824634638348 -4.999999759604064 -0.0015510450929368774 
-3.1412824634638348 -4.999999759604064 -0.0015510450929368774 
-3.1412824634638348 -4.999999759604064 -0.0015510450929368774 
-3.1412824634638348 -4.999999759604064 -0.0015510450929368774 
-3.1412824634638348 -4.999999759604064 -0.0015510450929368774 
-3.1412824634638348 -4.999999759604064 -0.0015510450929368774 
-3.1412824634638348 -4.999999759604064 -0.0015510450929368774 
-3.1412824634638348 -4.999999759604064 -0.0015510450929368774 
-3.1412824634638348 -4.999999759604064 -0.0015510450929368774 
-3.1412824634638348 -4.999999759604064 -0.0015510450929368774 
-3.1412824634638348 -4.999999759604064 -0.0015510450929368774 
-3.1412824634638348 -4.999999759604064 -0.0015510450929368774 
-3.1412824634638348 -4.999999759604064 -0.0015510450929368774 
-3.1412824634638348 -4.999999759604064 -0.0015510450929368774 
-3.1412824634638348 -4.999999759604064 -0.0015510450929368774 
-3.1412824634638348 -4.999999759604064 -0.0015510450929368774 
-3.1412824634638348 -4.999999759604064 -0.0015510450929368774 
-3.1412824634638348 -4.999999759604064 -0.0015510450929368774 
-3.1412824634638348 -4.999999759604064 -0.0015510450929368774 
-3.1412824634638348 -4.999999759604064 -0.0015510450929368774 
-3.1412824634638348 -4.999999759604064 -0.0015510450929368774 
-3.1412824634638348 -4.999999759604064 -0.0015510450929368774 
-3.1412824634638348 -4.999999759604064 -0.0015510450929368774 
-3.1412824634638348 -4.999999759604064 -0.0015510450929368774 
-3.1412824634638348 -4.999999759604064 -0.0015510450929368774 
-3.1412824634638348 -4.999999759604064 -0.0015510450929368774 
-3.1412824634638348 -4.999999759604064 -0.0015510450929368774 
-3.1412824634638348 -4.999999759604064 -0.0015510450929368774 
-3.1412824634638348 -4.999999759604064 -0.0015510450929368774 
-3.1412824634638348 -4.999999759604064 -0.0015510450929368774 
-3.1412824634638348 -4.999999759604064 -0.0015510450929368774 
-3.1412824634638348 -4.999999759604064 -0.0015510450929368774 
-3.1412824634638348 -4.999999759604064 -0.0015510450929368774 
-3.1412824634638348 -4.999999759604064 -0.0015510450929368774 
-3.1412824634638348 -4.999999759604064 -0.0015510450929368774 
-3.1412824634638348 -4.999999759604064 -0.0015510450929368774 
-3.1412824634638348 -4.999999759604064 -0.0015510450929368774 
-3.1412824634638348 -4.999999759604064 -0.0015510450929368774 
-3.1412824634638348 -4.999999759604064 -0.0015510450929368774 
-3.1412824634638348 -4.999999759604064 -0.0015510450929368774 
-3.1412824634638348 -4.999999759604064 -0.0015510450929368774 
-3.1412824634638348 -4.999999759604064 -0.0015510450929368774 
-3.1412824634638348 -4.999999759604064 -0.0015510450929368774 
-3.1412824634638348 -4.999999759604064 -0.0015510450929368774 
-3.1412824634638348 -4.999999759604064 -0.0015510450929368774 
-3.1412824634638348 -4.999999759604064 -0.0015510450929368774 
-3.1412824634638348 -4.999999759604064 -0.0015510450929368774 
-3.1412824634638348 -4.999999759604064 -0.0015510450929368774 
-3.1412824634638348 -4.999999759604064 -0.0015510450929368774 
-3.1412824634638348 -4.999999759604064 -0.0015510450929368774 
-3.1412824634638348 -4.999999759604064 -0.0015510450929368774 
-3.1412824634638348 -4.999999759604064 -0.0015510450929368774 
-3.1412824634638348 -4.999999759604064 -0.0015510450929368774 
-3.1412824634638348 -4.999999759604064 -0.0015510450929368774 
-3.1412824634638348 -4.999999759604064 -0.0015510450929368774 
-3.1412824634638348 -4.999999759604064 -0.0015510450929368774 
-3.1412824634638348 -4.999999759604064 -0.0015510450929368774 
-3.1412824634638348 -4.999999759604064 -0.0015510450929368774 
-3.1412824634638348 -4.999999759604064 -0.0015510450929368774 
-3.1412824634638348 -4.999999759604064 -0.0015510450929368774 
-3.1412824634638348 -4.999999759604064 -0.0015510450929368774 
-3.1412824634638348 -4.999999759604064 -0.0015510450929368774 
-3.1412824634638348 -4.999999759604064 -0.0015510450929368774 
-3.1412824634638348 -4.999999759604064 -0.0015510450929368774 
-3.1412824634638348 -4.999999759604064 -0.0015510450929368774 
-3.1412824634638348 -4.999999759604064 -0.0015510450929368774 
-3.1412824634638348 -4.999999759604064 -0.0015510450929368774 
-3.1412824634638348 -4.999999759604064 -0.0015510450929368774 
-3.1412824634638348 -4.999999759604064 -0.0015510450929368774 
-3.1412824634638348 -4.999999759604064 -0.0015510450929368774 
-3.1412824634638348 -4.999999759604064 -0.0015510450929368774 
-3.1412824634638348 -4.999999759604064 -0.0015510450929368774 
-3.1412824634638348 -4.999999759604064 -0.0015510450929368774 
-3.1412824634638348 -4.999999759604064 -0.0015510450929368774 
-3.1412824634638348 -4.999999759604064 -0.0015510450929368774 
-3.1412824634638348 -4.999999759604064 -0.0015510450929368774 
-3.1412824634638348 -4.999999759604064 -0.0015510450929368774 
-3.1412824634638348 -4.999999759604064 -0.0015510450929368774 
-3.1412824634638348 -4.999999759604064 -0.0015510450929368774 
-3.1412824634638348 -4.999999759604064 -0.0015510450929368774 
-3.1412824634638348 -4.999999759604064 -0.0015510450929368774 
-3.1412824634638348 -4.999999759604064 -0.0015510450929368774 
-3.1412824634638348 -4.999999759604064 -0.0015510450929368774 
-3.1412824634638348 -4.999999759604064 -0.0015510450929368774 
-3.1412824634638348 -4.999999759604064 -0.0015510450929368774 
-3.1412824634638348 -4.999999759604064 -0.0015510450929368774 
-3.1412824634638348 -4.999999759604064 -0.0015510450929368774 
-3.1412824634638348 -4.999999759604064 -0.0015510450929368774 
-3.1412824634638348 -4.999999759604064 -0.0015510450929368774 
-3.1412824634638348 -4.999999759604064 -0.0015510450929368774 
-3.1412824634638348 -4.999999759604064 -0.0015510450929368774 
-3.1412824634638348 -4.999999759604064 -0.0015510450929368774 
-3.1412824634638348 -4.999999759604064 -0.0015510450929368774 
-3.1412824634638348 -4.999999759604064 -0.0015510450929368774 
-3.1412824634638348 -4.999999759604064 -0.0015510450929368774 
-3.1412824634638348 -4.999999759604064 -0.0015510450929368774 
-3.1412824634638348 -4.999999759604064 -0.0015510450929368774 
-3.1412824634638348 -4.999999759604064 -0.0015510450929368774 
-3.1412824634638348 -4.999999759604064 -0.0015510450929368774 
