0.40990147074703864 8.077797723127071 
0.3894079104168318 8.976283911082465 
0.3894079104168318 8.976283911082465 
0.3894079104168318 8.976283911082465 
0.4785152028467821 5.629326392854241 
0.44308308015558495 6.8141864277071855 
0.6455760158011005 1.8437590187357709 
0.5220115435213648 4.431723405772866 
0.485639726986327 5.414581328846679 
0.6673346747937047 1.4996544244537344 
0.4785152028467821 5.629326392854241 
0.5596414886073912 3.508441687608405 
0.6501410258022684 1.7716389016421885 
0.7280029189309677 1.3746804739675373 
0.40007635367909516 8.501779170776834 
0.5788906875065665 3.092269091850814 
0.506654484596559 4.8301464525830475 
0.5375933962906341 4.022000970380554 
0.5659545219848584 3.3687453809854584 
0.42344970562829526 7.53782654349957 
0.42934257244120005 7.305560910998695 
0.466441045726825 6.0101566570632645 
0.5982356470233129 2.702291140150441 
0.466441045726825 6.0101566570632645 
0.6106366751776254 2.465449706547568 
0.4339854968362297 7.136048065840019 
0.48845584433360795 5.331808520062943 
0.5409546468885662 3.94552087000095 
0.6665856613293323 1.5013395212402172 
0.40990147074703864 8.077797723127071 
0.3894079104168318 8.976283911082465 
0.4044695295866879 8.308387222953753 
0.4046306707327396 8.301040049095102 
0.5319030075767262 4.160316081973217 
0.42934257244120005 7.305560910998695 
0.6306355076693894 2.100081994156519 
0.4726681008930406 5.81077671619042 
0.5544456541214485 3.625529276388703 
0.6568363394547972 1.6609063687695584 
0.5730377074350144 3.216755478683934 
0.40990147074703864 8.077797723127071 
0.547179285419765 3.793017322786413 
0.3894079104168318 8.976283911082465 
0.3933777124336563 8.797071920871085 
0.5659545219848584 3.3687453809854584 
0.45282443147169055 6.462489265066638 
0.5730377074350144 3.216755478683934 
0.47664182111177816 5.687059272623041 
0.6169446065928803 2.347653624701936 
0.3894079104168318 8.976283911082465 
0.5596414886073912 3.508441687608405 
0.5165130278565304 4.553261993219624 
0.5112355503310424 4.695966914784863 
0.5944309367475038 2.7760343778343404 
0.4964875198442924 5.100071511822921 
0.49677814313363083 5.091253368140031 
0.6011713063220832 2.6468573593181124 
0.6455760158011005 1.8437590187357709 
0.5249827217633494 4.33824803964568 
0.4595929813769446 6.230876195898758 
0.5314141915363743 4.173439888203977 
0.6266331859061132 2.1714772331843504 
0.4339854968362297 7.136048065840019 
0.5249827217633494 4.33824803964568 
0.5481030055640722 3.772264852148275 
0.4165936365657342 7.803095539957894 
0.6634798525713128 1.5513654975335804 
0.4386262826712707 6.9603053392200085 
0.45282443147169055 6.462489265066638 
0.48845584433360795 5.331808520062943 
0.6266331859061132 2.1714772331843504 
0.5870561164314634 2.924065900949112 
0.5112355503310424 4.695966914784863 
0.6341162073411153 2.0427717050012917 
0.5788906875065665 3.092269091850814 
0.44875741493865723 6.5993766590457685 
0.4716927693242301 5.842364584251769 
0.4225256381994747 7.56869981719901 
0.5870561164314634 2.924065900949112 
0.4595929813769446 6.230876195898758 
0.6059803946206979 2.553972543432464 
0.6169446065928803 2.347653624701936 
0.6398800648956569 1.940100512963473 
0.5896530647522152 2.872213673565038 
0.5375933962906341 4.022000970380554 
0.6106366751776254 2.465449706547568 
0.44875741493865723 6.5993766590457685 
0.5020558281909068 4.942820323665038 
0.39625425504629574 8.671852638986692 
0.6568363394547972 1.6609063687695584 
0.5445146588279492 3.8558913159892954 
0.43932605731874946 6.935258654778449 
0.5165130278565304 4.553261993219624 
0.4165936365657342 7.803095539957894 
0.5020558281909068 4.942820323665038 
