0.40990147074703864 2.3111011671068664 
0.3894079104168318 2.4954359611228494 
0.3894079104168318 2.4954359611228494 
0.3894079104168318 2.4954359611228494 
0.4785152028467821 1.6937182607673917 
0.44308308015558495 2.019250711142882 
0.6455760158011005 0.19028660141278544 
0.5220115435213648 1.3134107755072533 
0.485639726986327 1.6295357982863645 
0.6673346747937047 7.713976457731786E-4 
0.4785152028467821 1.6937182607673917 
0.5596414886073912 0.9634695287453954 
0.6501410258022684 0.1518151328648564 
0.7280029189309677 7.713976457731786E-4 
0.40007635367909516 2.4013608104292765 
0.5788906875065665 0.7900857805368234 
0.506654484596559 1.447215361459362 
0.5375933962906341 1.162201161551108 
0.5659545219848584 0.9065566817843246 
0.42344970562829526 2.1918904309220433 
0.42934257244120005 2.1365883146540567 
0.466441045726825 1.8033837561026278 
0.5982356470233129 0.616606888673265 
0.466441045726825 1.8033837561026278 
0.6106366751776254 0.5054940116238593 
0.4339854968362297 2.096941365300797 
0.48845584433360795 1.6043530324924693 
0.5409546468885662 1.1343478490228327 
0.6665856613293323 7.713976457731786E-4 
0.40990147074703864 2.3111011671068664 
0.3894079104168318 2.4954359611228494 
0.4044695295866879 2.360489471692153 
0.4046306707327396 2.358855402844685 
0.5319030075767262 1.2128846364713755 
0.42934257244120005 2.1365883146540567 
0.6306355076693894 0.3243862745322401 
0.4726681008930406 1.7465687951552247 
0.5544456541214485 1.0101589511837963 
0.6568363394547972 0.09094365943975646 
0.5730377074350144 0.8433221848840636 
0.40990147074703864 2.3111011671068664 
0.547179285419765 1.0754605082670596 
0.3894079104168318 2.4954359611228494 
0.3933777124336563 2.4605720283466184 
0.5659545219848584 0.9065566817843246 
0.45282443147169055 1.9263730273457036 
0.5730377074350144 0.8433221848840636 
0.47664182111177816 1.7106902884736708 
0.6169446065928803 0.44837224190808556 
0.3894079104168318 2.4954359611228494 
0.5596414886073912 0.9634695287453954 
0.5165130278565304 1.351819138741929 
0.5112355503310424 1.400745230016407 
0.5944309367475038 0.650160715659341 
0.4964875198442924 1.5321218559334926 
0.49677814313363083 1.5292233944474485 
0.6011713063220832 0.591214696349489 
0.6455760158011005 0.19028660141278544 
0.5249827217633494 1.2775052635377038 
0.4595929813769446 1.8636669674637454 
0.5314141915363743 1.2178251841155725 
0.6266331859061132 0.36071969675290105 
0.4339854968362297 2.096941365300797 
0.5249827217633494 1.2775052635377038 
0.5481030055640722 1.0675897032461799 
0.4165936365657342 2.2507199474609205 
0.6634798525713128 0.029299751587801404 
0.4386262826712707 2.05297285719907 
0.45282443147169055 1.9263730273457036 
0.48845584433360795 1.6043530324924693 
0.6266331859061132 0.36071969675290105 
0.5870561164314634 0.7165907720008537 
0.5112355503310424 1.400745230016407 
0.6341162073411153 0.2953546460391626 
0.5788906875065665 0.7900857805368234 
0.44875741493865723 1.9615192097198915 
0.4716927693242301 1.755801130147521 
0.4225256381994747 2.1979697206022593 
0.5870561164314634 0.7165907720008537 
0.4595929813769446 1.8636669674637454 
0.6059803946206979 0.5476572897196318 
0.6169446065928803 0.44837224190808556 
0.6398800648956569 0.2414316421391643 
0.5896530647522152 0.6936095952408432 
0.5375933962906341 1.162201161551108 
0.6106366751776254 0.5054940116238593 
0.44875741493865723 1.9615192097198915 
0.5020558281909068 1.4815717511964968 
0.39625425504629574 2.4362585073329255 
0.6568363394547972 0.09094365943975646 
0.5445146588279492 1.0995893444035634 
0.43932605731874946 2.0468398412895503 
0.5165130278565304 1.351819138741929 
0.4165936365657342 2.2507199474609205 
0.5020558281909068 1.4815717511964968 
