0.7828212068415717 1.277430903973373 
0.7076032689960076 1.4132618261241787 
0.3956642682105509 8.69386632371775 
0.5752500972399963 3.168671477858074 
0.4425674250387654 6.8172849810643505 
0.4346416968964071 7.105661659761071 
0.5893441323053283 2.880023009480664 
0.5207686451300957 4.4435427792086095 
0.4831418550045264 5.488932229402793 
0.3977291958711217 8.6005338924879 
0.42695301258566903 7.3995962802942525 
0.39559659076311504 8.69535364361604 
0.42045355919037924 7.648976749064424 
0.4901517989320084 5.282069992551838 
0.44728318295854136 6.650902113155686 
0.6670006777531116 1.4992488543135944 
0.540624124539963 3.949269678953038 
0.47139106649832524 5.850804418087495 
0.5489952781020541 3.7512232746344774 
0.6154592108964757 2.3739586134249633 
0.6403618585812761 1.9313994979800801 
0.44438969465326444 6.75273180443495 
0.6239420714483417 2.219847983445689 
0.5683401062471921 3.318377427445139 
0.42045355919037924 7.648976749064424 
0.45164045132201847 6.500076864924734 
0.6669839571151419 1.4992945086574159 
0.4647421774805532 6.068202197354182 
0.508579219048068 4.768307538101957 
0.41247155549418507 7.98324805828913 
0.3956642682105509 8.69386632371775 
0.4346216837451518 7.105988856233046 
0.553353598126817 3.6508421796607196 
0.4301011115633478 7.276352127816539 
0.4346216837451518 7.105988856233046 
0.47693127941936647 5.677522301258364 
0.5999309730459654 2.6741379332377337 
0.4715125498346069 5.846991814279484 
0.6330677810797842 2.058284566855389 
0.6664090758509755 1.5049330330716804 
0.40519593041643776 8.277412181837017 
0.5105498092027124 4.710968155196947 
0.4994171273841161 5.016821317094758 
0.6081823737876936 2.51075418706285 
0.4585858346972966 6.26482178606494 
0.6081823737876936 2.51075418706285 
0.6664090758509755 1.5049330330716804 
0.5897436136406783 2.871060764271447 
0.5264205388591116 4.298305162678936 
0.4647421774805532 6.068202197354182 
0.6403618585812761 1.9313994979800801 
0.4585858346972966 6.26482178606494 
0.5752500972399963 3.168671477858074 
0.531027890297783 4.185449805563509 
0.661865311070227 1.5762196449584502 
0.5605466041002855 3.4880747786867774 
0.531027890297783 4.185449805563509 
0.508579219048068 4.768307538101957 
0.40276261887836945 8.384908671887409 
0.40880154665232865 8.126480361098272 
0.39559659076311504 8.69535364361604 
0.3977291958711217 8.6005338924879 
0.4831418550045264 5.488932229402793 
0.6516711946783642 1.7450946492770465 
0.4994171273841161 5.016821317094758 
0.5999309730459654 2.6741379332377337 
0.661865311070227 1.5762196449584502 
0.45164045132201847 6.500076864924734 
0.42494433724917924 7.472769870393735 
0.6239420714483417 2.219847983445689 
0.5264205388591116 4.298305162678936 
0.5820519753135913 3.0286059167516104 
0.5820519753135913 3.0286059167516104 
0.4994171273841161 5.016821317094758 
0.49292263405440334 5.20419133331264 
0.6469326961216896 1.8220439375011657 
0.41247155549418507 7.98324805828913 
0.5378125671848032 4.017656297688468 
0.5160012756831143 4.567078028898543 
0.4831418550045264 5.488932229402793 
0.5439762239216892 3.869516654879444 
0.6486423841107928 1.7918577847267245 
0.5942956188112083 2.7791068953974003 
0.6154592108964757 2.3739586134249633 
0.5942956188112083 2.7791068953974003 
0.44728318295854136 6.650902113155686 
0.4615167160848893 6.172256717297057 
0.5160012756831143 4.567078028898543 
0.4185666420844261 7.734745888353704 
0.47693127941936647 5.677522301258364 
0.5605466041002855 3.4880747786867774 
0.6330677810797842 2.058284566855389 
0.540624124539963 3.949269678953038 
0.5683435634090861 3.3183572421756464 
0.4901517989320084 5.282069992551838 
0.5490675641793963 3.750764843036179 
0.5601392872788806 3.4972758135724686 
0.6191783866292012 2.307470744309844 
