0.7828212068415717 1.9051559158392295E-9 
0.7076032689960076 2.868811273604166E-5 
0.3956642682105509 2.439852256894136 
0.5752500972399963 0.8227785757594597 
0.4425674250387654 2.0171082598250982 
0.4346416968964071 2.088416841370292 
0.5893441323053283 0.6973246615417624 
0.5207686451300957 1.3140577527060875 
0.4831418550045264 1.6519328993077957 
0.3977291958711217 2.4206834291215404 
0.42695301258566903 2.1592799237893416 
0.39559659076311504 2.439852256894136 
0.42045355919037924 2.2160394983085934 
0.4901517989320084 1.5890161089340635 
0.44728318295854136 1.9748366667179642 
0.6670006777531116 1.947743515952338E-9 
0.540624124539963 1.135070462756207 
0.47139106649832524 1.7580169345153773 
0.5489952781020541 1.0594038648808526 
0.6154592108964757 0.46107469491941955 
0.6403618585812761 0.23679457218946776 
0.44438969465326444 2.0008444246482346 
0.6239420714483417 0.38505654909152726 
0.5683401062471921 0.8859669796824546 
0.42045355919037924 2.2160394983085934 
0.45164045132201847 1.9356976489024174 
0.6669839571151419 5.384265325609344E-6 
0.4647421774805532 1.82014950259066 
0.508579219048068 1.425062123908909 
0.41247155549418507 2.29286274449845 
0.3956642682105509 2.439852256894136 
0.4346216837451518 2.088416841370292 
0.553353598126817 1.02020665630841 
0.4301011115633478 2.1295671383002244 
0.4346216837451518 2.088416841370292 
0.47693127941936647 1.7077879750711373 
0.5999309730459654 0.6042981723464407 
0.4715125498346069 1.7569300192129935 
0.6330677810797842 0.3030336435699059 
0.6664090758509755 0.0029010317869040104 
0.40519593041643776 2.3539737304598063 
0.5105498092027124 1.4051838927958555 
0.4994171273841161 1.505486490782862 
0.6081823737876936 0.526996441485275 
0.4585858346972966 1.8729585279923988 
0.6081823737876936 0.526996441485275 
0.6664090758509755 0.0029010317869040104 
0.5897436136406783 0.6931897501034109 
0.5264205388591116 1.2627161199183465 
0.4647421774805532 1.82014950259066 
0.6403618585812761 0.23679457218946776 
0.4585858346972966 1.8729585279923988 
0.5752500972399963 0.8227785757594597 
0.531027890297783 1.222590580195656 
0.661865311070227 0.043245105625427216 
0.5605466041002855 0.9552284720407278 
0.531027890297783 1.222590580195656 
0.508579219048068 1.425062123908909 
0.40276261887836945 2.3771277757453237 
0.40880154665232865 2.322117740456748 
0.39559659076311504 2.439852256894136 
0.3977291958711217 2.4206834291215404 
0.4831418550045264 1.6519328993077957 
0.6516711946783642 0.13722791492119396 
0.4994171273841161 1.505486490782862 
0.5999309730459654 0.6042981723464407 
0.661865311070227 0.043245105625427216 
0.45164045132201847 1.9356976489024174 
0.42494433724917924 2.175511239990101 
0.6239420714483417 0.38505654909152726 
0.5264205388591116 1.2627161199183465 
0.5820519753135913 0.7628060562917048 
0.5820519753135913 0.7628060562917048 
0.4994171273841161 1.505486490782862 
0.49292263405440334 1.5652637001395642 
0.6469326961216896 0.17873979693980832 
0.41247155549418507 2.29286274449845 
0.5378125671848032 1.1607460475260272 
0.5160012756831143 1.3566180890559711 
0.4831418550045264 1.6519328993077957 
0.5439762239216892 1.1049250583234065 
0.6486423841107928 0.1622749054726263 
0.5942956188112083 0.6516110521426939 
0.6154592108964757 0.46107469491941955 
0.5942956188112083 0.6516110521426939 
0.44728318295854136 1.9748366667179642 
0.4615167160848893 1.8485996509998368 
0.5160012756831143 1.3566180890559711 
0.4185666420844261 2.2375066138645314 
0.47693127941936647 1.7077879750711373 
0.5605466041002855 0.9552284720407278 
0.6330677810797842 0.3030336435699059 
0.540624124539963 1.135070462756207 
0.5683435634090861 0.8859669796824546 
0.4901517989320084 1.5890161089340635 
0.5490675641793963 1.0594233161755904 
0.5601392872788806 0.95896158163215 
0.6191783866292012 0.42873601265585126 
