0.4096706306329094 8.091396052845726 
0.5758888259408168 3.157866526603913 
0.5008416681711618 4.976774893498735 
0.3896804864864902 8.964025734585165 
0.5567002645415312 3.5792563067582472 
0.5213302448047721 4.430218211218978 
0.42604803001144953 7.431089362247744 
0.5963503999504337 2.7384584667148615 
0.5732422664708677 3.21280236202106 
0.4910472094167708 5.267333638263204 
0.4944640920436388 5.157753729761965 
0.46962549654920954 5.905706236219682 
0.4446947295612262 6.743378532459713 
0.3985896290219749 8.63663894006795 
0.510004026286608 4.72908271655297 
0.4944640920436388 5.157753729761965 
0.6194058252394132 2.3020958568860777 
0.4468584161642662 6.670816077093384 
0.5471767091823141 3.7941580086605784 
0.5008416681711618 4.976774893498735 
0.6667972163128496 1.4997063208056627 
0.5705631554927908 3.2717161408074324 
0.4558399460561401 6.36063268381316 
0.4401440494075175 6.9113339894470425 
0.43337068690246033 7.153618144934285 
0.48118320369569034 5.54750307715706 
0.6150655985560682 2.381232583334571 
0.3896804864864902 8.964025734585165 
0.5046976914567884 4.870198694617072 
0.42604803001144953 7.431089362247744 
0.39378313123814734 8.778087468375933 
0.537247819179418 4.029426862050352 
0.46962549654920954 5.905706236219682 
0.40958217546499764 8.093143506322388 
0.4115139923515179 8.010916613414716 
0.5988278187541992 2.689554791130588 
0.4521868671678111 6.48188754277801 
0.4791060840169744 5.6136652323054115 
0.6219380142139281 2.255146328600448 
0.5817641518289799 3.0334702321262488 
0.42604803001144953 7.431089362247744 
0.6482074157081431 1.7991160419217267 
0.633138395533823 2.056958408972374 
0.5817641518289799 3.0334702321262488 
0.48991842537458674 5.288468317584912 
0.4393290091175374 6.935182216055293 
0.5644913669556084 3.4008197044955493 
0.535861399143647 4.0640658450056755 
0.5988278187541992 2.689554791130588 
0.5182386710016075 4.509143020860544 
0.39378313123814734 8.778087468375933 
0.4791060840169744 5.6136652323054115 
0.5261396327737649 4.324295414651285 
0.5259435659728845 4.328880520038749 
0.6482074157081431 1.7991160419217267 
0.6353190154415836 2.0184917055957574 
0.6595392490958056 1.6145468673388657 
0.5899353582842282 2.8690708196904797 
0.6219380142139281 2.255146328600448 
0.5899353582842282 2.8690708196904797 
0.510004026286608 4.72908271655297 
0.5023828832255917 4.9356120638329095 
0.4698467458313252 5.899247551591689 
0.4661510513814968 6.018206305955841 
0.6305706664090196 2.101717090701253 
0.5172066430089723 4.535358644580488 
0.5076579253599107 4.793123986366185 
0.4521868671678111 6.48188754277801 
0.6646631524778653 1.532506018927791 
0.40188371578584775 8.42064365664318 
0.6444811703989243 1.8616435715129047 
0.4446947295612262 6.743378532459713 
0.4115139923515179 8.010916613414716 
0.4184746653374039 7.728027464434467 
0.5499549585528681 3.7300308320035573 
0.434294664008867 7.1204068706154695 
0.46694410738136977 5.99133328475495 
0.6595392490958056 1.6145468673388657 
0.5758888259408168 3.157866526603913 
0.6065437516265924 2.5436430423134615 
0.48991842537458674 5.288468317584912 
0.5471767091823141 3.7941580086605784 
0.5563881012197552 3.581264459944406 
0.5563881012197552 3.581264459944406 
0.6150655985560682 2.381232583334571 
0.43337068690246033 7.153618144934285 
0.5471767091823141 3.7941580086605784 
0.6065437516265924 2.5436430423134615 
0.4184746653374039 7.728027464434467 
0.535861399143647 4.0640658450056755 
0.6444811703989243 1.8616435715129047 
0.4595041927437538 6.2340161442261595 
0.4603279110470844 6.206643722245112 
0.48118320369569034 5.54750307715706 
0.4046966553198451 8.298422626387962 
0.537247819179418 4.029426862050352 
