0.4096706306329094 2.3148073236699425 
0.5758888259408168 0.8185800464837327 
0.5008416681711618 1.4925762397722626 
0.3896804864864902 2.4931059091305645 
0.5567002645415312 0.9925729328342603 
0.5213302448047721 1.309606744593349 
0.42604803001144953 2.16600098362469 
0.5963503999504337 0.633080801873059 
0.5732422664708677 0.8417141077279099 
0.4910472094167708 1.5865094841362326 
0.4944640920436388 1.5503240149714417 
0.46962549654920954 1.7734702236584319 
0.4446947295612262 1.9987448928211502 
0.3985896290219749 2.4424747111184266 
0.510004026286608 1.4118512260844243 
0.4944640920436388 1.5503240149714417 
0.6194058252394132 0.42593158401475517 
0.4468584161642662 1.9809103067330733 
0.5471767091823141 1.0760748932966175 
0.5008416681711618 1.4925762397722626 
0.6667972163128496 1.4016565685892601E-15 
0.5705631554927908 0.8667206851757846 
0.4558399460561401 1.8994304594723124 
0.4401440494075175 2.0419825289230342 
0.43337068690246033 2.100168409308075 
0.48118320369569034 1.6693653031781346 
0.6150655985560682 0.4646142441698906 
0.3896804864864902 2.4931059091305645 
0.5046976914567884 1.4579780381091005 
0.42604803001144953 2.16600098362469 
0.39378313123814734 2.4566627695794163 
0.537247819179418 1.1648007941795173 
0.46962549654920954 1.7734702236584319 
0.40958217546499764 2.3148073236699425 
0.4115139923515179 2.2966042779813916 
0.5988278187541992 0.6105802289926359 
0.4521868671678111 1.9310244213028491 
0.4791060840169744 1.6895411664320847 
0.6219380142139281 0.4025612293715931 
0.5817641518289799 0.7647642366913858 
0.42604803001144953 2.16600098362469 
0.6482074157081431 0.16620036009314557 
0.633138395533823 0.30233934673657425 
0.5817641518289799 0.7647642366913858 
0.48991842537458674 1.5909180707945902 
0.4393290091175374 2.0468267310291393 
0.5644913669556084 0.919733363760261 
0.535861399143647 1.1777760099166494 
0.5988278187541992 0.6105802289926359 
0.5182386710016075 1.3368122864869423 
0.39378313123814734 2.4566627695794163 
0.4791060840169744 1.6895411664320847 
0.5261396327737649 1.2751832014699023 
0.5259435659728845 1.276746857379734 
0.6482074157081431 0.16620036009314557 
0.6353190154415836 0.28238616307609954 
0.6595392490958056 0.06485702851466081 
0.5899353582842282 0.6925663219569274 
0.6219380142139281 0.4025612293715931 
0.5899353582842282 0.6925663219569274 
0.510004026286608 1.4118512260844243 
0.5023828832255917 1.4795670191113903 
0.4698467458313252 1.7717422649687675 
0.4661510513814968 1.8053931969520696 
0.6305706664090196 0.32528114648671513 
0.5172066430089723 1.3457176194051972 
0.5076579253599107 1.4332673789114827 
0.4521868671678111 1.9310244213028491 
0.6646631524778653 0.018600281731848578 
0.40188371578584775 2.3841195620402895 
0.6444811703989243 0.19979422783427037 
0.4446947295612262 1.9987448928211502 
0.4115139923515179 2.2966042779813916 
0.4184746653374039 2.2339837068974795 
0.5499549585528681 1.0513489516154366 
0.434294664008867 2.0923547094803734 
0.46694410738136977 1.7976177726741902 
0.6595392490958056 0.06485702851466081 
0.5758888259408168 0.8185800464837327 
0.6065437516265924 0.542830793683686 
0.48991842537458674 1.5909180707945902 
0.5471767091823141 1.0760748932966175 
0.5563881012197552 0.9925729328342603 
0.5563881012197552 0.9925729328342603 
0.6150655985560682 0.4646142441698906 
0.43337068690246033 2.100168409308075 
0.5471767091823141 1.0760748932966175 
0.6065437516265924 0.542830793683686 
0.4184746653374039 2.2339837068974795 
0.535861399143647 1.1777760099166494 
0.6444811703989243 0.19979422783427037 
0.4595041927437538 1.8645565559041704 
0.4603279110470844 1.8570913392745931 
0.48118320369569034 1.6693653031781346 
0.4046966553198451 2.358343881329733 
0.537247819179418 1.1648007941795173 
