0.6217844207975827 -0.17910305466217574 
0.8242561422750145 -0.4743008094679737 
0.6529955988999409 -0.4568148868923989 
0.6198161886764526 -0.14579116823857843 
0.19449851027217446 0.594916355943876 
0.41874887558415086 0.12201555131692678 
0.6412359770096596 -0.4156855332694947 
0.19941506804652034 0.5595075970310392 
0.8443224826122082 -0.7483472275900365 
0.6306927696157514 -0.3101344345577007 
0.42821615601394086 0.018793141445738768 
0.24836620738664214 0.25675537782326147 
0.18219894498592853 0.672912251991455 
0.03899238695192207 0.7698772986704614 
0.824828591095943 -0.486611593129978 
0.4254367999850951 0.0445744593549326 
0.18554824240760615 0.653488822571682 
0.8323997153466209 -0.6188544022893062 
0.6335684696192172 -0.34363466011696525 
0.41833819333575945 0.13701575513015068 
0.0498553650760048 0.7297475865379673 
0.18933717771501554 0.6299199316357804 
0.8268676909573781 -0.521403734587925 
0.2205862807645924 0.40099290936488635 
0.6320980060067904 -0.32750978812156795 
0.6274156762696531 -0.26595005752974676 
0.41322702255716276 0.19267862067740696 
0.8294877199084987 -0.5721301615580675 
0.004394965740000867 0.9365787501355464 
0.6433847403423987 -0.4296605256163275 
0.41204265420767944 0.20770814750365343 
0.43988250299554643 -0.07901327272059426 
0.6208271440379969 -0.16415363033170668 
0.018261499700071477 0.8575373882429685 
0.23062347658781088 0.333869529919168 
0.6246156024063737 -0.22449103358612893 
0.45453452794243154 -0.121751374017841 
0.4235880742939885 0.06684268100328829 
0.07952219630480978 0.6742474799435672 
0.43339862995636946 -0.03238943317170876 
0.23377111586238386 0.3147959717895148 
0.2369688252090379 0.2984095739975357 
0.8418335278815403 -0.729225483884422 
0.0072568465038826 0.9191708249874099 
0.6290159221317704 -0.287906131226756 
0.014530330371774924 0.8770731516974033 
0.04508226971793233 0.7461321788334335 
0.0011290350789460168 0.9692266557584165 
0.4207664269175726 0.0984296010438214 
0.19722121560373904 0.5754789393326736 
0.010977622237432122 0.9038158613672553 
0.8338491843929695 -0.6386101084733834 
0.06927673017434095 0.6824023200065661 
0.6387516925127337 -0.3952291276062473 
5.850604887364108E-7 1.0034439752219972 
0.4106730375324733 0.22720417652887334 
0.8527219043347807 -0.7714481886191211 
2.7669064826783645E-4 0.9875273375718481 
0.6258643862409556 -0.24308560311027902 
0.1924218248247992 0.6124786866252375 
0.4165818577558496 0.15005099749833978 
0.24126132268367348 0.27916478099340614 
0.00250097113978711 0.9532647782723241 
0.024211758087848312 0.8308085483388283 
0.8350118571675353 -0.6553959641396029 
0.21738812130031532 0.42317166741989376 
0.8286314914590949 -0.5562735821123618 
0.03396311385055198 0.7896029610824609 
0.8273806124954151 -0.534852372487971 
0.22571216931431287 0.3640499421955648 
0.6350993891768241 -0.3614366416182132 
0.4317839545208326 -0.008264378308692989 
0.6368552671692471 -0.3793971195926531 
0.8367523076485837 -0.6715525389375601 
0.2041291488767525 0.5256146430372335 
0.8394856172727498 -0.7081654296419195 
0.2588488650288915 0.24430881212806255 
0.029307271244724153 0.8098336124910681 
0.8373173287196713 -0.6849150846460617 
0.206554059540859 0.5059406089285425 
0.20840106021311186 0.4926371876990891 
0.06220154833786254 0.6966274529844046 
0.21465663061836524 0.4469715838103001 
0.6231587057333875 -0.20155243541637113 
0.8260564049541519 -0.508222806629547 
0.05659086952966741 0.7132906688539447 
0.8234863889188808 -0.45741470803737705 
0.4094048171201209 0.24356912072959058 
0.4361599035387206 -0.05352229967680795 
0.42216802929557173 0.08288617180100698 
0.4445024527289504 -0.10231416205573167 
0.8305117353131146 -0.5888687505731732 
0.22356374599708673 0.3819855008222121 
0.021120821610784712 0.845046251856301 
0.6464838430316725 -0.44386032200194064 
0.2280158932184383 0.3496522194074677 
0.20162430381078036 0.544072207494008 
0.2115184181461369 0.46777856459630857 
0.41467674768631646 0.17440980863303646 
0.6185427537792281 -0.12406479009146187 
