0.3902488984954733 8.937635787317673 
1.0 1.0 
0.3902488984954733 8.937635787317673 
1.0 1.0 
0.500125089063228 4.997053339343994 
0.45549670514000173 6.383801566061563 
0.4879359149362289 5.400873738324545 
0.40399652655445556 8.345295587006264 
0.4169616281633576 7.852739984397956 
0.4519120249247817 6.637554790183235 
0.919895440268188 1.0870806011668108 
0.5596158912739676 3.509298464143271 
0.840962223594083 1.189145192387929 
0.8220975321538239 1.216432535135807 
0.4228840917253772 7.762992964580538 
0.4698636070744443 5.9765659437829175 
0.4327769748098731 7.3211455956783915 
0.39622261371464756 8.68572298946328 
0.4101785452690422 8.067889755597536 
0.8768439384198567 1.140758106083056 
0.5142894255894278 4.738845437155174 
0.423988719991504 7.523527608176304 
0.9439583836741957 1.059888171544576 
0.6315268622366391 2.1273938727985335 
0.40886278035073953 8.12439479442071 
0.6505525454859129 1.7701594109701055 
0.5864959256745244 2.956566721506256 
0.7428778040693413 1.3461171379089822 
0.611376800571268 2.4715784193514643 
0.9310023602454915 1.0741111330133395 
0.4455237526742489 6.716034524018312 
0.47569041721200384 5.715996131957174 
0.3944467565461407 8.79391744598497 
0.6529845407139991 1.7373261240681652 
0.7583616663758359 1.3319336069727605 
0.5450145006721531 3.882575157042768 
0.42645447001900383 7.443536195802805 
0.5781446353195323 3.1627478679821555 
0.4337641346357322 7.150069875816905 
0.440075856733066 7.100989068256084 
0.5829687087563173 3.1088709781344273 
0.5940527924085217 2.89818907903494 
0.6363834031194077 1.9998737517429443 
0.8975136245944654 1.115693675016322 
0.7646182132102141 1.307843257631249 
0.5232651584849967 4.3793614251605275 
0.5214803469132406 4.52883180669169 
0.6007833341843213 2.716623015213777 
0.5517961902657643 3.70083784969907 
0.7781956419803394 1.285699656694277 
0.99700514432311 1.0030038742757508 
0.5382832322070686 4.110003855554999 
0.8987984173938947 1.1140988399873664 
0.9795306622847963 1.0208971198413601 
0.460306747622584 6.210673270405346 
0.4445382284829868 6.8812377460620615 
0.6903153489133096 1.448613306330497 
0.5516902232172152 3.7015486958362462 
0.7341361892638654 1.3621461377782702 
0.5953910038105735 2.7581579958026956 
0.49318292796858504 5.20356836815787 
0.6201861336263336 2.320292333720009 
0.7017406136487423 1.4252139347237431 
0.6168606108935766 2.374024574730212 
0.5407165565688018 4.040314480488117 
0.7247273998231688 1.3798299107691092 
0.665961894178206 1.5198863117239558 
0.4755586264573891 5.825743215393179 
0.4817481305414967 5.549746498827079 
0.9566183186920736 1.0453490208964724 
0.717497966891517 1.4008877471967398 
0.5071387459804411 4.842386412369867 
0.48165734758815426 5.570271501926713 
0.5315071053957714 4.355996932423497 
0.40059313413043535 8.492314835044635 
0.5156400649666738 4.580582905716157 
0.44051374796155784 6.92286455933645 
0.7084891972904879 1.4187006863349292 
0.6729863387767886 1.486112529140983 
0.5698436149125046 3.321231273156035 
0.4613782488339331 6.18801261792638 
0.8104338069556062 1.233917527573152 
0.4702152360634477 5.895984762983367 
0.9617281606611615 1.0402100954690667 
0.6408235417727207 1.9354886762444095 
0.5334382532264345 4.228966866102673 
0.8528782699180925 1.1725002946931986 
0.8065864969181537 1.2398031496451298 
0.5426164305164675 3.902782862154262 
0.6068744608047764 2.6112846933994716 
0.4933442757667801 5.202876889096941 
0.40059313413043535 8.492314835044635 
0.6075035143499824 2.5938320216271116 
0.6248290233110851 2.2108052213801956 
0.661916618878545 1.5949159354134559 
0.5071387459804411 4.842386412369867 
0.661916618878545 1.5949159354134559 
0.6408235417727207 1.9354886762444095 
0.8562260326742015 1.167915929504206 
0.5642815504117512 3.407899096119232 
