0.3902488984954733 2.487902521154444 
1.0 1.6320736706814266E-17 
0.3902488984954733 2.487902521154444 
1.0 1.6320736706814266E-17 
0.500125089063228 1.4991517463931159 
0.45549670514000173 1.907800579608625 
0.4879359149362289 1.635280268964438 
0.40399652655445556 2.371470430220757 
0.4169616281633576 2.274291249438071 
0.4519120249247817 1.9995908257808905 
0.919895440268188 4.882173498667637E-7 
0.5596158912739676 0.9638591877579022 
0.840962223594083 2.6185166766372813E-5 
0.8220975321538239 2.6185166766372813E-5 
0.4228840917253772 2.2828462288971343 
0.4698636070744443 1.8081708322641221 
0.4327769748098731 2.1684232430403205 
0.39622261371464756 2.441479864886543 
0.4101785452690422 2.309275283342006 
0.8768439384198567 2.6683052224346637E-4 
0.5142894255894278 1.4371380978316153 
0.423988719991504 2.1898908404114126 
0.9439583836741957 4.90325286616633E-4 
0.6315268622366391 0.34350637722990957 
0.40886278035073953 2.321762644313926 
0.6505525454859129 0.15158171072244653 
0.5864959256745244 0.7340143361483054 
0.7428778040693413 5.434299315915399E-7 
0.611376800571268 0.51106570638409 
0.9310023602454915 1.3781271876401E-12 
0.4455237526742489 1.9921529042304513 
0.47569041721200384 1.7190445847929081 
0.3944467565461407 2.468732213903293 
0.6529845407139991 0.13444710119508327 
0.7583616663758359 0.010087389685840525 
0.5450145006721531 1.1160597605377705 
0.42645447001900383 2.174329283448357 
0.5781446353195323 0.8285257127421715 
0.4337641346357322 2.101443872268737 
0.440075856733066 2.124973847864932 
0.5829687087563173 0.8123744998130162 
0.5940527924085217 0.7216773153285878 
0.6363834031194077 0.2726864639433523 
0.8975136245944654 0.0013502742010187037 
0.7646182132102141 7.748090313603202E-7 
0.5232651584849967 1.291567250199704 
0.5214803469132406 1.3616967816653007 
0.6007833341843213 0.6321018328019972 
0.5517961902657643 1.0421082262552903 
0.7781956419803394 5.258697351048268E-4 
0.99700514432311 2.242893348109419E-8 
0.5382832322070686 1.212346159751659 
0.8987984173938947 0.0013502742010187037 
0.9795306622847963 3.192284857961823E-8 
0.460306747622584 1.858814813646802 
0.4445382284829868 2.0589732374046896 
0.6903153489133096 1.6320736706814266E-17 
0.5516902232172152 1.0421082262552903 
0.7341361892638654 7.748090313603202E-7 
0.5953910038105735 0.6421824577891266 
0.49318292796858504 1.5663110836928107 
0.6201861336263336 0.4390131313326351 
0.7017406136487423 1.305011337780146E-4 
0.6168606108935766 0.46444224944444173 
0.5407165565688018 1.184664933344602 
0.7247273998231688 5.434299315915399E-7 
0.665961894178206 0.01218636709121268 
0.4755586264573891 1.7704824416058336 
0.4817481305414967 1.6735800007891617 
0.9566183186920736 2.281638877167477E-8 
0.717497966891517 0.0051341104568981555 
0.5071387459804411 1.4557617727219812 
0.48165734758815426 1.6829621969639046 
0.5315071053957714 1.3152433206652723 
0.40059313413043535 2.401963015792921 
0.5156400649666738 1.3619320670887145 
0.44051374796155784 2.049617013663538 
0.7084891972904879 0.0051341104568981555 
0.6729863387767886 1.3342999690364732E-4 
0.5698436149125046 0.892582434655695 
0.4613782488339331 1.8550144254211551 
0.8104338069556062 8.479340358657095E-6 
0.4702152360634477 1.772381867152714 
0.9617281606611615 3.9934181663686674E-4 
0.6408235417727207 0.24030670857193723 
0.5334382532264345 1.255892698006279 
0.8528782699180925 2.281638877167477E-8 
0.8065864969181537 8.479340358657095E-6 
0.5426164305164675 1.1177141057429878 
0.6068744608047764 0.5847219903145701 
0.4933442757667801 1.5668095307552476 
0.40059313413043535 2.401963015792921 
0.6075035143499824 0.5757620687719898 
0.6248290233110851 0.3813752672060351 
0.661916618878545 0.05570136336438658 
0.5071387459804411 1.4557617727219812 
0.661916618878545 0.05570136336438658 
0.6408235417727207 0.24030670857193723 
0.8562260326742015 2.281638877167477E-8 
0.5642815504117512 0.9230145856049659 
