-16.644081263967895 -5.1230349194130245 
-16.595699439905353 -5.356252820477319 
-16.362564577683745 -6.415552309437828 
-16.49475003641588 -5.841284460390832 
-16.66182613925548 -4.998679041329147 
-16.91256934764937 -4.140811280307164 
-16.5007382607102 -5.753332792965845 
-18.024032859724848 -3.778008348607563 
-18.67055041296036 -0.9187065223691451 
-16.45557878170029 -6.031944853627703 
-16.428327556781312 -6.15386338650126 
-16.77671125017479 -4.507011249478067 
-16.566645376731678 -5.491413807228403 
-16.47354578382314 -5.940185587974596 
-16.070188667178297 -7.455030622390934 
-16.704150952754844 -4.828668592790777 
-16.9431521127578 -4.035654061523519 
-18.254027486670353 -2.8947388894905055 
-18.655263304410184 -1.0660420154742107 
-16.18912173600895 -7.14620642596044 
-14.731121855405632 -11.14655223252755 
-16.75158118402677 -4.6250323532621085 
-18.379349344140138 -2.278338609707486 
-18.931122615427995 -0.2633527479498329 
-16.01869718322468 -7.582137681078894 
-16.125972316879356 -7.351273652488354 
-14.777062991753317 -11.007657035719417 
-18.53049504135086 -1.5720793942050566 
-15.59182453163066 -7.888737546634891 
-14.893809957493438 -10.626971641038118 
-17.942013915423598 -3.8750743007703123 
-18.297695678973636 -2.6775176266187954 
-16.156456645959437 -7.265754315165591 
-16.404247143524618 -6.271096159596063 
-16.347769026195383 -6.530058342409795 
-18.069312020825286 -3.6602842514776563 
-19.08284460050767 0.0027063686090565446 
-15.22788850873716 -9.245067253202533 
-15.624013011474519 -7.756077125686607 
-18.439083145599838 -1.982607547499438 
-15.320839845664812 -8.845809386136018 
-18.231329078444958 -3.001855928846306 
-18.88620687905109 -0.3647371292814031 
-16.730631220916493 -4.722158487859055 
-16.5376683830154 -5.615568024284 
-18.347879490109356 -2.4338331550969934 
-16.61606508500234 -5.24307948599161 
-18.804918759334257 -0.5735909149370642 
-15.969071368971687 -7.6950543772695355 
-15.354801308986211 -8.729824296912815 
-15.107574982146545 -9.758329156022466 
-18.325537433329355 -2.5441801586856037 
-15.140080940475892 -9.624900207485755 
-19.998655901224456 0.003257955514197246 
-15.26165620631896 -9.106539992063881 
-18.105230826702268 -3.540069131074836 
-18.140392365759237 -3.4038227790388946 
-16.864553172232316 -4.267304168752986 
-16.262021492719985 -6.887124598750691 
-15.416568918745611 -8.488456600315391 
-18.765115365175994 -0.6938067918925183 
-15.508781119903176 -8.154171292603037 
-15.291334238057512 -8.966247687379735 
-18.276381729393815 -2.7844965946257023 
-18.72707667899652 -0.8149792800255902 
-16.225537399406015 -7.026957912319659 
-15.079685442128142 -9.883791157256166 
-15.191857861990469 -9.392077115606458 
-15.149738890114087 -9.486776736877566 
-14.676499701750739 -11.270540926192318 
-15.875681410055432 -7.750826794285718 
-16.302592500828116 -6.626599916096057 
-16.290990547572896 -6.754283058695197 
-18.627308193853196 -1.1710728250679079 
-18.169023284284542 -3.286903621867544 
-14.636624215126155 -11.394569393138923 
-14.956187495803347 -10.354178622403444 
-16.809964430912288 -4.388157747074445 
-14.928105650038988 -10.497203227524995 
-18.46251255728458 -1.8506172328731836 
-18.201142169350994 -3.144080547077958 
-14.56473542812325 -11.525571567722881 
-18.59354651056396 -1.3017322047676265 
-15.385866771192529 -8.602132287299472 
-14.81810753289409 -10.854875306054204 
-14.454924903628534 -11.620315976913458 
-18.41214042207325 -2.118846398111505 
-18.49757946988626 -1.7139423732484589 
-15.473212545867595 -8.271952043539292 
-18.56194383794777 -1.4323480387069314 
-14.8488431935759 -10.755124098589615 
-18.844255407360674 -0.46885481044007893 
-17.03712350779454 -3.890364564801162 
-15.01758160952651 -10.124128965574968 
-14.993707608020204 -10.222348807740381 
-19.024149712915722 -0.08667717343455401 
-15.049609740369881 -10.0101087360284 
-18.979336852223817 -0.1663822698307605 
-15.443235052257023 -8.377581096894033 
-15.541748529611315 -8.021794866423186 
