-0.8825570642870151 3.297301386852254E-4 -0.9544774416049107 
-0.8886943761565064 -1.4091671013660088E-4 -0.9775875132042702 
-1.0533735279273917 -2.5854326003301354E-5 -0.9544774416049107 
-0.9263730278970344 8.44689565638201E-5 -1.0008051984126833 
-0.7778946357036924 4.123644768973891E-4 -1.051981181137081 
-1.0996078749518639 -1.821221461279594E-6 -0.5901173408419016 
-0.8806742464641977 -5.246875924344002E-4 -1.0439295258534114 
2.1432096378641333E-4 -1.2649192793310488E-5 -1.1004521850385065 
-0.009619889561410244 8.285283025871075E-6 -0.7021921266386311 
-1.0033107433800055 -4.5807109386150234E-5 -0.9475220542555975 
-0.952313221234812 -1.4727421316031573E-4 -1.015135474427199 
-0.9642380175796088 9.893821400418113E-6 -0.7946064956374725 
-0.8906776369431474 -1.47073401074699E-4 -0.9932576055544372 
-0.9401500615519492 -0.0019405334941977413 -0.9997885393019796 
-1.126079742616016 9.414103579623673E-6 -1.0617904469443218 
-0.9138901848516122 -1.4102187343634638E-4 -0.8868964757477564 
-1.0567921438843948 -5.94585113214023E-4 -0.6117907073564035 
-7.6287466519402E-5 2.7033402547990923E-5 -0.9593211032337123 
9.197565258195038E-5 -4.0207635482852894E-5 -0.7219714385286895 
-1.0393727327575222 -3.902813945565837E-5 -1.0746169197932378 
-1.1254758071676905 -1.0545742898278103 -1.0882489154247017 
-0.7966963592284317 -2.286377538081545E-6 -0.9773312063712589 
8.318574535496012E-5 -6.247042984492313E-5 -0.8839499761901395 
8.857741387696306E-5 1.0053846164748545E-5 -0.5651151525812282 
-1.0850152621807132 -5.325777496233879E-5 -1.1348655836125046 
-1.064566745611597 -6.058817885407574E-4 -1.0884726275586294 
-1.0840081131838555 -1.053839606281856 -1.0880310353952376 
-6.924232679462759E-5 9.893821400418113E-6 -0.7946064956374725 
-1.087732346767365 -0.6141788021252119 -1.0780270074303369 
-1.0840081131838555 -0.9983008116235659 -1.0847461201432116 
-4.719394849605502E-5 -4.3001469225879265E-5 -1.152010650123518 
-8.559519689497015E-5 3.3652063435548685E-4 -0.9326177276895493 
-1.072340232481099 9.657319222194057E-6 -1.0617904469443218 
-0.9683311350624789 -1.4102187343634638E-4 -1.0136917245103854 
-1.0119962002007017 -6.10347780978929E-4 -1.0044146694630003 
-7.794935098906462E-5 -5.100860927849751E-6 -1.0724875242914338 
-1.043436472778728E-4 2.119568212412062E-5 -0.48087111328210774 
-1.0869450331232025 -0.8282683941947078 -1.0780378814362854 
-1.087732346767365 -0.6188137937664688 -1.0489208650313553 
8.736315636734228E-5 -5.981274360389731E-4 -0.8478407160659209 
-1.0995059249223502 -0.7720693237398097 -1.0727560828295029 
1.7811424263840248E-4 -1.2307930741587476E-5 -0.9729711038823465 
8.731420745154115E-5 9.682601853716663E-6 -0.5903251777789255 
-0.7966963592284317 -2.286377538081545E-6 -0.9900837522671679 
-0.8866060927365417 -1.4727421316031573E-4 -1.015135474427199 
-6.887913825767982E-5 2.8167028745925077E-5 -0.9027985559302152 
-0.8472616525488916 -1.0533377768143676E-4 -1.0076471555216724 
8.312527805711626E-5 3.3652063435548685E-4 -0.6359791452431601 
-1.1286573572011416 -5.2970614093769565E-5 -1.12212938587995 
-1.072994430130349 -0.7720693237398097 -1.0720695047706492 
-1.0589867581239298 -0.9043556990056685 -1.0854087469686167 
-7.6287466519402E-5 2.7033402547990923E-5 -0.916190300862535 
-1.0783325177306937 -0.8904901027663448 -1.0612825546197813 
8.857741387696306E-5 1.0053846164748545E-5 5.828512964843879E-4 
-1.0790053325095297 -0.8294772301240467 -1.0561216656202181 
-8.801334579170497E-5 -4.244579959439202E-5 -1.0502567385945993 
1.828796808885073E-4 -1.0533377768143676E-4 -1.0284743094970148 
-1.0824640376367247 -6.514241100947191E-5 -0.6328243430564191 
-1.041854769807388 -3.902813945565837E-5 -1.0271545746659618 
-1.0711641467975734 -0.7368938611315505 -1.074297931004584 
8.982600632651421E-5 -4.383565435113811E-5 -0.6589130312327409 
-1.0880782730932712 -0.6673337882038293 -1.0768273978595293 
-1.096552452378448 -0.8027360863822939 -1.0548335582045967 
1.8489680217290442E-4 -4.5807109386150234E-5 -0.9456658983385748 
9.27984281665338E-5 1.0550622512736846E-5 -0.6806661753049438 
-1.0494923493569437 -1.4449494780228783E-4 -1.0419693586784329 
-1.0783582227290307 -0.9149335632457215 -1.0723710724769515 
-1.0436841523473608 -0.8779100324107938 -1.0724183590928758 
-1.0992550421533904 -0.8331263632706525 -1.1228946997717442 
-1.1085608473811084 -1.0915896525712954 -1.0849789741331006 
-1.1537727091543144 -4.3001469225879265E-5 -1.1556655306666086 
-1.0824640376367247 -6.514241100947191E-5 -0.9623387378036583 
-1.051295107376868 -4.5965213089234325E-5 -1.000036718050188 
1.7811424263840248E-4 -1.2652823058828047E-5 -0.7380557795949814 
3.6892647406552154E-5 8.285283025871075E-6 -1.0111324154336554 
-1.1085608473811084 -1.0936613848911307 -1.119173769726481 
-1.108854647655741 -0.9694117873139424 -1.0557272592178353 
-0.9957637806645797 -0.0019556912494574563 -0.7449804215664731 
-1.087732346767365 -0.9829145014921685 -1.0779839229739385 
-0.8321951533849051 -0.001208038756157713 -0.0017367914158447073 
-4.963137372120736E-5 -5.14638072923138E-6 -0.9914974559418873 
-1.1315414533709365 -1.115689659450395 -1.121900030345706 
-0.7573865227977048 4.123644768973891E-4 3.197311661773394E-5 
-1.072994430130349 -0.743895913011141 -1.0870242210336125 
-1.078153241547391 -1.0458899020725525 -1.0706560710275568 
-1.1547856363680098 -1.1400540773451682 -1.1569075876995505 
-8.801334579170497E-5 -4.3001469225879265E-5 -0.8644292659813722 
-8.598609155050006E-5 3.7860020217779175E-4 -0.8135617568151852 
-1.096552452378448 -0.680790315847959 -1.0786602976420172 
-0.7758060870684255 4.123644768973891E-4 3.197311661773394E-5 
-1.0708412943887586 -1.0334089170735261 -1.0733042638178154 
9.263587747321492E-5 -7.189468500288414E-5 -0.6139521704489252 
-1.1205323937426874 3.9464598687380165E-4 -0.5019623778948643 
-1.103718348482879 -0.9312875710354296 -1.0733005247602943 
-1.087039544102059 -0.9633645744263944 -1.0548457211809505 
1.099289672298082E-4 2.3137419305692278E-5 -0.5132795562385271 
-1.0768144424093948 -0.9279081625197065 -1.0779839229739385 
-9.54347970884191E-5 9.677048218521687E-6 -0.5381884773946717 
-1.083913432527409 -0.7262022806747819 -1.055197949409907 
-1.0510331626594267 -0.6753385496707215 -1.0788012891197165 
