-19.019097000345354 -0.09386857635052123 
-15.095055411901127 -9.817073056616959 
-18.28623361527694 -2.736224866530797 
-15.59176811554552 -7.881722698982771 
-15.064543225873498 -9.94236555978583 
-16.589511304060427 -5.28131558061942 
-16.849244614553 -4.305557382044237 
-16.029872278649776 -7.594583910224014 
-18.86414326565842 -0.4138730784614151 
-18.96447673930478 -0.19033142014931467 
-19.998975919424012 0.00262889273173417 
-16.95971819122171 -4.033859375111163 
-16.097826667382634 -7.433695906735881 
-15.479826134858563 -8.251862765293453 
-16.905795664213706 -4.1387181983717705 
-18.676037033073925 -0.9867954608412977 
-15.412588758539117 -8.501498443709163 
-16.51079395542231 -5.756442417429171 
-15.515944996294468 -8.107701576486718 
-18.610019609559657 -1.2178834151467814 
-18.379978073564587 -2.2738750783493966 
-15.316046427475925 -8.80128850934093 
-16.664692200429805 -4.971866813955548 
-15.24686740011736 -9.165337180593983 
-16.27559447368794 -6.8181626252835725 
-16.812659798057805 -4.418723531920883 
-18.706913774860315 -0.8641633247778151 
-18.104987630848633 -3.537751281975131 
-15.221172302366138 -9.270748479264817 
-18.080563376493114 -3.6211618910758188 
-18.43461512422921 -2.003473112801424 
-19.077635407548264 -8.815725383012241E-4 
-16.424791336528628 -6.16801772105126 
-15.62009133061947 -7.770814596233617 
-16.695961158543575 -4.876020782697953 
-16.657902385609987 -5.049350177046806 
-14.903638206396899 -10.52376634879224 
-18.037821153195345 -3.741939556468425 
-16.32727243999576 -6.598279935445699 
-16.772295578710384 -4.541893338634923 
-16.401431288236175 -6.2707225709690535 
-16.637308844970747 -5.146459763512256 
-16.378215389506135 -6.398411858964458 
-14.943744776167385 -10.415033145860988 
-18.910328713799693 -0.307811821668332 
-14.748643508486566 -11.086699703483935 
-16.736431287353277 -4.6883026769422935 
-16.29245381414757 -6.714815492140119 
-18.413323031842815 -2.1110557853203495 
-15.986673958390757 -7.671023230723798 
-15.176144537429037 -9.435783626227161 
-16.453008107955064 -6.02871811302576 
-16.559446228164084 -5.5349887773347435 
-15.114346610302238 -9.732579467511268 
-15.278214269278852 -9.040986871514622 
-16.537144882581643 -5.639530190673825 
-14.82043070222515 -10.882662546936539 
-14.703922177875071 -11.187458265511543 
-14.587366269266 -11.470427540803337 
-14.628249517458364 -11.37147994724528 
-16.153846947907308 -7.2032211673739575 
-14.87078380996968 -10.657199690098938 
-14.682029381305286 -11.281390129852971 
-18.159304597388456 -3.31868878277478 
-18.464778730356876 -1.8667560039321145 
-14.978397593547754 -10.299042298442789 
-14.842995304866443 -10.800115299426274 
-18.643895325630268 -1.106993970646477 
-14.537435683600904 -11.560642595563168 
-17.940177817826072 -3.874291072730566 
-18.193006979644665 -3.1786070624745237 
-18.316840087427526 -2.5846727700351826 
-16.488529292933634 -5.874114750099438 
-15.550606097039832 -8.003223821704026 
-15.04242467806474 -10.036262366304857 
-16.1300578706562 -7.330007898861735 
-18.583845166554326 -1.343777535461343 
-15.006943961398903 -10.154552784003215 
-14.78857082162151 -10.988438925172611 
-15.882456366312327 -7.7513634763415915 
-16.24212337718014 -6.949841446351137 
-16.58751008707873 -5.397017713417643 
-18.258056210487133 -2.8735206658061507 
-18.224647791054334 -3.0329597250039564 
-16.35236226954396 -6.511328186796161 
-15.374291468559097 -8.638483883453315 
-18.3475169219938 -2.4312464016059807 
-18.78205033161909 -0.6244206951578184 
-16.21041875279573 -7.082967269842161 
-18.55503127019123 -1.4643530807371186 
-15.444630004079475 -8.367981347567198 
-15.149683728253475 -9.579890882959976 
-18.525921766183068 -1.5852148524094267 
-18.496529536920804 -1.7200256300858996 
-18.74938223160011 -0.7417489765897143 
-15.308560779191875 -8.912173533219141 
-18.12608501514604 -3.4601962331083307 
-18.825176362713385 -0.5190609003563282 
-17.043784254111817 -3.878154148688093 
-14.473603574828136 -11.615199517662514 
