2.1497732937698997E-4 8.978359688233699E-5 -0.5159460680547319 
-1.0716519178238286 -0.9046897516783916 -1.0830503975470416 
2.1484514802027374E-4 4.671026133983361E-8 -0.9396885114754477 
-1.0803573364257613 -0.6270578983074377 -1.0706304588070388 
-1.0611856821872796 -0.9320060982194383 -1.0733676523561548 
-1.055788522724668 0.01270818812509289 -0.8165141808253495 
-1.0546550573378788 -1.1403394563326861E-5 -0.6671168348716496 
-1.111062902352418 -5.039985946898376E-4 -1.1017239749255636 
6.146072113765445E-4 2.4740317654620314E-6 -0.6021607240904798 
6.513781658513074E-4 4.505558911762849E-5 -0.5458485145595098 
-3.960600624870162E-4 1.4079473663371765E-6 -1.1598620941299931E-4 
-0.56175136967757 2.117505830750982E-4 -1.1017330970032524 
-1.0757327188720454 2.643499517824069E-4 -1.0947653315271755 
-1.0657701081951805 -0.6976810796553155 -1.0828340292481144 
-1.057795629168531 2.5925818649116475E-4 -0.6320233657567105 
2.2084053664621456E-4 2.699986785620334E-4 -0.709699096038346 
-1.0638904193943983 -0.7461490529698197 -1.0718867638013663 
-0.9111018007670748 2.117505830750982E-4 -1.0065327730711022 
-1.0662103752521557 -0.699596321674524 -1.0520273220349672 
-0.7459760202898961 -0.0019896765620820655 -1.1598620941299931E-4 
-0.8834774115813625 1.4498125181105045E-4 -1.1598620941299931E-4 
-1.1257412984496609 -0.7482119477730179 -1.0834144224622018 
-0.763957196857349 1.2580985374381496E-4 -1.0649729430750965 
-1.0730341880533167 -0.8204058116294506 -1.0882663528226375 
-1.0073717842419225 -2.948114757231913E-4 -1.053389606232938 
-1.041289013804036 2.6207077824521923E-4 -0.7005171679811141 
0.0019102899804520623 1.2175106024351199E-6 -0.6901453884002047 
2.2067288617013986E-4 2.3756346597680452E-4 -1.0501272691857926 
-1.0850621149137862 -0.8285755939101116 -1.0850073993890113 
2.4873966689762604E-4 2.439765040134373E-4 -1.0651863142142204 
6.57172160665187E-4 2.8835726741244472E-5 -0.8504252571432448 
6.258403411826007E-4 4.505558911762849E-5 -0.48316563354399483 
-0.9512987620374884 9.582153125788746E-5 -1.0183300192211853 
-1.0583769945564074 -0.6311556245703712 -1.0667294582924958 
-0.9981870310080195 2.5900858772704956E-4 -0.8092519132971661 
-0.8268692350597867 9.089768812373659E-5 -1.0031601187978465 
-1.1326997881160867 -0.9742387818126821 -1.0703513293220885 
6.57172160665187E-4 2.8835726741244472E-5 -1.0913169707216932 
-0.9838791897964775 -5.968301083955044E-6 -1.045263290165907 
-0.9880176496858804 2.4578302911054923E-5 -0.7743040612690477 
-0.9821977254008392 0.00797460717577192 -1.0013932600098654 
-0.9981870310080195 -2.96865505182575E-4 -0.8438496201143537 
-0.9995587762515343 2.448455277670194E-5 -0.9982428261766837 
-1.1119613185504453 -0.9622372408448846 -1.0765894539692045 
2.0887503972152416E-4 -1.1403394563326861E-5 -0.5766350397633493 
-1.100736668928297 -1.063999781611918 -1.0783502230810589 
-1.0656387364015982 7.404449641692894E-4 -0.7217177004057806 
-0.9821666313868338 -4.1850868683707745E-6 -1.068508400276009 
-0.8635780302948429 1.9021478702817095E-4 -1.1598620941299931E-4 
-1.118058925130161 2.1817062135039356E-4 -1.1217094581866975 
-1.0662103752521557 -0.8981901948243509 -1.029182107765285 
-1.0191669086332817 1.3714164111639282E-4 -0.933440016108974 
-0.9109700208149731 2.1620833938893358E-4 -0.9770036045605323 
-1.0654513836254154 -0.8970234115102442 -1.0854135683026789 
-1.0782305360237971 -0.8154706867395686 -1.064776405578279 
-0.9112243231270364 -1.7640703154349512E-5 -0.9903206629109538 
-1.1028954484642421 -1.0251895274791802 -1.0832815984373483 
-1.0771524612683985 -1.0862567820968545 -1.1006624442508919 
-1.130879188351137 -1.1140376170519235 -1.1039099373604544 
-1.1532341876242242 -1.0840479776160243 -1.1009799066221257 
-1.0633209986802898 -0.033575779884224 -1.0713667883601972 
-1.1326997881160867 -0.9825990580425239 -1.0851254396023686 
-1.1027784932290339 -1.083930723999561 -1.1006624442508919 
-8.177198259407334E-4 8.901936611168467E-6 -1.01612867270629 
1.0417887865580671E-4 1.988798723582537E-4 -0.8330908418680876 
-1.0724536051509883 -0.9622933472387467 -1.0851254396023686 
-1.0854345925110376 -1.025252178896655 -1.0797437177104545 
2.492642560072946E-4 1.6024640346368376E-6 -0.7283704587855135 
-1.1475995479766985 -1.1140376170519235 -1.135394736327645 
2.147598311593161E-4 -4.050019490218084E-5 -1.1529718870332157 
1.2192856121188887E-4 1.3707753485087243E-4 -0.9962966291628544 
2.492642560072946E-4 2.9817129041118356E-5 -0.9212117066736851 
-0.9984293599409613 2.448455277670194E-5 -0.9324615134453762 
-1.0597407322318666 -0.6582028141302538 -1.0847682404696173 
-1.0657701081951805 -0.9351224330145833 -1.0828340292481144 
-1.055788522724668 2.117505830750982E-4 -1.0947653315271755 
2.1932417459568214E-4 -1.1263454413174204E-5 -0.7632597936715043 
-1.1119613185504453 -0.9301802657090503 -1.0762401585795187 
-1.097876589344094 -1.0402113099094168 -1.0895489069710915 
-1.151867731026644 -1.2438116179156822E-5 -1.153303838759766 
-1.0618975209283523 2.5925818649116475E-4 -1.0194345448081106 
-0.8928504830774531 -5.5680283211406376E-6 -0.9783375723865994 
2.1416021572910114E-4 -4.1850868683707745E-6 -0.9567199216713616 
2.1484514802027374E-4 4.671026133983361E-8 -0.9769868864157126 
-1.0096253086472693 -2.9915842927966894E-4 -1.0039752519123375 
-1.0961221007896376 -0.7445613981796586 -1.0721032676087485 
-0.9026440461470667 -1.7640703154349512E-5 -3.8429688833252484E-4 
-0.6470592663307376 -0.0020292984149444912 -1.1598620941299931E-4 
-1.0473932426460526 2.1085418723930968E-5 -1.053389606232938 
2.1484514802027374E-4 4.671026133983361E-8 -0.7800765309098319 
-1.0662136351004896 -0.7055373846111248 -1.099302712286001 
-1.0654513836254154 -0.8970234115102442 -1.0549305171582963 
6.050594951455403E-4 -1.3670816458528467E-5 -0.7966599946464791 
2.3912413181024418E-4 1.3707753485087243E-4 -0.8143121208781934 
2.2067288617013986E-4 4.671026133983361E-8 -0.6677577826286762 
-1.084592691749629 -0.7935390017113496 -1.06648302724192 
2.1484514802027374E-4 8.965124852794533E-5 -1.0372426931713852 
2.0887503972152416E-4 -1.1403394563326861E-5 -0.6246455068033014 
-1.1295343913675677 2.082282313711184E-5 -0.49034671868515267 
-1.151867731026644 -1.1348760117931382 -1.1519013826278766 
