2.3493307205110385 0.305782189666416 
2.3493071994111565 0.35565627869683303 
-3.141592653589793 1.1422065665367138 
1.9328439044013268 0.6918646802937587 
2.6103060360341312 0.24723684215248415 
2.3489120452719376 0.4469811650687353 
2.3493297441998084 0.312514968280025 
2.3493160311461874 0.33408143579369876 
2.348959217191149 0.43778159603795164 
2.6103093707757585 0.24557192465777417 
2.34933074088223 0.3054599021996712 
2.3493071994111565 0.35565627869683303 
2.3493307678865833 0.30367291474827457 
2.349330576265742 0.30700757357971536 
2.6102641195342797 0.2521383786078914 
2.3493149890652814 0.33913423989200486 
2.349330734204584 0.30558665196243573 
1.9331807785079438 0.6520700613250393 
2.3489650090831105 0.43616089747676057 
2.3493308704076385 0.30263439251059004 
2.349330884420669 0.30212432756245455 
2.610262474860745 0.25449910413510174 
2.3493308677948117 0.3026412797877451 
2.3493307221933377 0.30576388192328047 
2.349330767070435 0.3046397606515722 
2.610305055350261 0.2476195910418913 
2.610307956413187 0.2463374783623802 
2.3493297212800583 0.3130465813051207 
2.6103088482400185 0.2458676932280932 
2.610307956413187 0.2463374783623802 
2.6103087701767422 0.24591472069850584 
2.3493307411127247 0.30502599660425406 
2.3493303937970182 0.30858369612233455 
2.3493297266150788 0.3125969164821808 
2.6103056682070194 0.24738423444628088 
2.3493147380816306 0.33940586058483385 
2.349321710259761 0.329973395959823 
2.349330469538876 0.30798110998103123 
2.3489650090831105 0.43616089747676057 
2.610263249571517 0.25356209318344775 
0.4608577380123793 0.795972356163599 
2.349321947912537 0.32875509942547043 
2.3493297320972215 0.3125510544272987 
2.3493183640532846 0.3300512173484972 
2.3493307406929036 0.3055041840421254 
2.3493308761407214 0.30236689794527205 
2.3493303880425778 0.3086484216713503 
2.349329750861724 0.31174493442058043 
2.3493307671154904 0.30463904996713576 
2.349330406816087 0.30850135826338776 
2.349321947912537 0.32875509942547043 
2.610262437674215 0.2545450949234803 
2.610263284334782 0.2533639238392183 
2.349315003134554 0.33912001014822024 
0.4552777401516745 0.9547945434877566 
0.4550623877848928 1.0071900150683082 
2.349329731840002 0.3125763297306685 
2.349315934543225 0.335056610307002 
2.6102641195342797 0.2521383786078914 
1.9339600208962662 0.5227285345571446 
0.4552801336889979 0.9534159175559065 
2.3493307406929036 0.3055041840421254 
2.610305508727588 0.2474478210178061 
1.9726488366051413 0.4925229032625502 
0.4608577380123793 0.795972356163599 
2.3493308833978146 0.30220885957952703 
2.3489120452719376 0.4469811650687353 
2.349330479222236 0.30789125802518497 
2.610263249571517 0.25356209318344775 
2.610305034455804 0.24762743724680442 
1.9328439044013268 0.6918646802937587 
2.610305508727588 0.2474478210178061 
2.3489105531954877 0.44729838008352185 
2.3489105531954877 0.44729838008352185 
2.610262437674215 0.2545450949234803 
2.6103087983273867 0.2459025678880017 
2.610304521114951 0.24815447722349393 
2.610308800471159 0.24587142053654748 
2.349330765617601 0.30466264618565647 
2.3489470807723682 0.44021478666574904 
2.3493297183704818 0.31307587500513834 
1.9330870409527756 0.6725733532712871 
1.9726488366051413 0.4925229032625502 
0.45528324541246185 0.9504393560062944 
0.44380289670787404 1.1202278052893777 
2.3493304070445378 0.30848359042260054 
1.97269355484805 0.44841951789383216 
0.4608546419556808 0.7962060674135498 
1.9330870409527756 0.6725733532712871 
2.6102633487196867 0.253271699617202 
2.3493304772264385 0.30791918392304823 
0.4608577810260823 0.7757984194269623 
2.349330866735051 0.3027289363500013 
2.6102633487196867 0.253271699617202 
2.6102629737280947 0.2539473818113292 
2.6103046791736384 0.24807607542422233 
0.4608577810260823 0.7757984194269623 
0.4608546419556808 0.7962060674135498 
0.4552801336889979 0.9534159175559065 
1.97269355484805 0.44841951789383216 
