2.3493307205110385 -3.5111846911233884 3.559505717148258 
2.3493071994111565 -3.510898622925317 3.5600243166948147 
-3.141592653589793 -4.9999999999519895 -0.0028538082517344243 
1.9328439044013268 -1.7758124950005236 4.670536712159367 
2.6103060360341312 -4.310693486811502 2.5331456676652175 
2.3489120452719376 -3.510895518903833 3.560054570669549 
2.3493297441998084 -3.511184564207525 3.559505504226077 
2.3493160311461874 -3.5111845447422763 3.559987299376447 
2.348959217191149 -3.510928875793332 3.560046073474279 
2.6103093707757585 -4.310693486811502 2.5331456896620623 
2.34933074088223 -3.511184562557387 3.5595011663453624 
2.3493071994111565 -3.510898622925317 3.5600243166948147 
2.3493307678865833 -3.511184562557387 3.5595157188589797 
2.349330576265742 -3.5111845648659483 3.5595056874076496 
2.6102641195342797 -4.310693486811502 2.5331457249733034 
2.3493149890652814 -3.51118456022736 3.5595057150978127 
2.349330734204584 -3.5111845626617955 3.559500836992701 
1.9331807785079438 -1.775812281325856 4.679046023256746 
2.3489650090831105 -3.510912671426683 3.5600383859494937 
2.3493308704076385 -3.5111845706514084 3.559505688481595 
2.349330884420669 -3.511184555774674 3.559505688771221 
2.610262474860745 -4.310693486811502 2.5331456676652175 
2.3493308677948117 -3.511184562557387 3.5595057172105506 
2.3493307221933377 -3.511184691930424 3.55950571772853 
2.349330767070435 -3.511184562557387 3.559505717219646 
2.610305055350261 -4.310693486811502 2.533145701781503 
2.610307956413187 -4.310693486811502 2.5331457248969396 
2.3493297212800583 -3.511184565922047 3.559500942512161 
2.6103088482400185 -4.310693486811502 2.5331457018636243 
2.610307956413187 -4.310693486811502 2.5331457248969396 
2.6103087701767422 -4.310693486811502 2.5331456850609126 
2.3493307411127247 -3.5111845602105203 3.5595056874076496 
2.3493303937970182 -3.511184562557387 3.559505930914503 
2.3493297266150788 -3.5111845624988436 3.559505504226077 
2.6103056682070194 -4.310693486811502 2.5331456849577045 
2.3493147380816306 -3.511184562557387 3.5595057169011746 
2.349321710259761 -3.5111847251199446 3.559515576934524 
2.349330469538876 -3.511184562557387 3.5595057621022277 
2.3489650090831105 -3.510912671426683 3.5600383859494937 
2.610263249571517 -4.310693486811502 2.533143934394877 
0.4608577380123793 4.478251952192744 2.2231165241035846 
2.349321947912537 -3.5111845602441676 3.5595246996131085 
2.3493297320972215 -3.511184562525578 3.5595057172105506 
2.3493183640532846 -3.511184658468808 3.5599581945431606 
2.3493307406929036 -3.5111845676095563 3.55950093419832 
2.3493308761407214 -3.511184555774674 3.5595056880444185 
2.3493303880425778 -3.511184562557387 3.5595057172105506 
2.349329750861724 -3.511184732026981 3.5595155543926933 
2.3493307671154904 -3.511184562557387 3.5595057172105506 
2.349330406816087 -3.511184562557387 3.5595057172105506 
2.349321947912537 -3.5111845602441676 3.5595246996131085 
2.610262437674215 -4.310693486811502 2.5331457248969396 
2.610263284334782 -4.310693486811502 2.5331457248969396 
2.349315003134554 -3.5111845553750376 3.559505688517546 
0.4552777401516745 4.476893239338478 2.198636400840636 
0.4550623877848928 4.476893229231493 2.1983775828023817 
2.349329731840002 -3.5111845660557073 3.559505505526857 
2.349315934543225 -3.5111891417476664 3.5599859456381813 
2.6102641195342797 -4.310693486811502 2.5331457249733034 
1.9339600208962662 -1.775812281325856 4.675029251841209 
0.4552801336889979 4.476893239338478 2.198640029948426 
2.3493307406929036 -3.5111845676095563 3.55950093419832 
2.610305508727588 -4.310693486811502 2.5331456849577045 
1.9726488366051413 -1.9556677005634122 4.6000169530174215 
0.4608577380123793 4.478251952192744 2.2231165241035846 
2.3493308833978146 -3.511184562557387 3.5595057172105506 
2.3489120452719376 -3.510895518903833 3.560054570669549 
2.349330479222236 -3.5111845568293214 3.5595056874076496 
2.610263249571517 -4.310693486811502 2.533143934394877 
2.610305034455804 -4.310693486811502 2.5331457018636243 
1.9328439044013268 -1.7758124950005236 4.670536712159367 
2.610305508727588 -4.310693486811502 2.5331456849577045 
2.3489105531954877 -3.510895518903833 3.560054570669549 
2.3489105531954877 -3.510895518903833 3.560054570669549 
2.610262437674215 -4.310693486811502 2.5331457248969396 
2.6103087983273867 -4.310693486811502 2.533145669822361 
2.610304521114951 -4.310693486811502 2.533143860927042 
2.610308800471159 -4.310693486811502 2.533145803681666 
2.349330765617601 -3.511184562557387 3.5595057172105506 
2.3489470807723682 -3.5109143943499306 3.560043092038171 
2.3493297183704818 -3.5111845706514084 3.559500836992701 
1.9330870409527756 -1.775812281325856 4.670536712159367 
1.9726488366051413 -1.9556677005634122 4.6000169530174215 
0.45528324541246185 4.476893239338478 2.198640029948426 
0.44380289670787404 4.476893239338478 2.145642842205322 
2.3493304070445378 -3.511184564175832 3.559505924759526 
1.97269355484805 -1.9556677005634122 4.601786988882334 
0.4608546419556808 4.478251952192744 2.2231165241035846 
1.9330870409527756 -1.775812281325856 4.670536712159367 
2.6102633487196867 -4.310693486811502 2.5331457248969396 
2.3493304772264385 -3.511184562557387 3.5595057172105506 
0.4608577810260823 4.478204697559395 2.2234489968947435 
2.349330866735051 -3.5111845706514084 3.559505688481595 
2.6102633487196867 -4.310693486811502 2.5331457248969396 
2.6102629737280947 -4.310693486811502 2.533143990091134 
2.6103046791736384 -4.310693486811502 2.533143990091134 
0.4608577810260823 4.478204697559395 2.2234489968947435 
0.4608546419556808 4.478251952192744 2.2231165241035846 
0.4552801336889979 4.476893239338478 2.198640029948426 
1.97269355484805 -1.9556677005634122 4.601786988882334 
