0.4182428673595062 0.12858634393968735 
0.02303119487382076 0.8369487876088182 
0.6238527566772181 -0.21305597171380844 
0.43840440613447107 -0.07000199266945308 
0.4347953463949825 -0.028208180672203785 
0.019219369510058093 0.8580654875842295 
0.833007605413222 -0.6278823647750279 
0.2154009385784057 0.43797469373946457 
0.8244909174512512 -0.48001375069264224 
0.8293129808840809 -0.568720994526095 
0.6340178749770704 -0.3499248305329503 
0.41055615060328676 0.22750103134521643 
0.004518624629099799 0.9388492597662351 
0.6295147091170745 -0.29497515192522855 
0.6428970009082426 -0.4265094910636171 
0.010391453388993388 0.898413334775933 
0.6253378831433306 -0.23618571132237295 
0.41431358104442156 0.17850455673955484 
0.2262076196015298 0.3763454431295179 
0.8440952235888126 -0.7462456503844798 
0.03800153830686598 0.7729297240202769 
0.42773555315718637 0.02095994512112567 
0.1904178176928839 0.6226060026379712 
0.24131623897301563 0.27906596637711373 
0.42244770916863633 0.07876083910363782 
0.03398540567354613 0.789008402943365 
0.24501674878760568 0.26586803180887425 
0.2130627330352566 0.4556766750359451 
0.00617195619091287 0.9239390850905577 
0.8371541581064856 -0.6825781479900671 
0.8234178730369892 -0.45764162817456167 
0.4531750513026815 -0.12151125558035997 
0.8254852734094889 -0.4996960214279972 
0.19792094752861397 0.5703734315749095 
0.8389981157088136 -0.7035142369406465 
0.8410711953434453 -0.723106854001311 
0.183314647932927 0.6664725448393155 
0.22190371044254942 0.390519465034047 
0.2378742902477577 0.29394335458228976 
0.6528623835933746 -0.4568733336968073 
0.058304841637460525 0.7056666950390011 
0.42940729667561206 0.004595619087502818 
0.20629872692521756 0.5085405718355072 
0.4445798615449709 -0.10298845226574939 
0.8273598036774759 -0.5344273351917838 
0.6279554964427722 -0.2739771610724814 
0.19510198166732173 0.5901870830780216 
0.23292192390604766 0.3191268934193626 
0.014814463975562686 0.8741073691689596 
0.18910692533127682 0.6358618335005005 
0.4311127228438614 -0.012070097728724017 
0.4353287894113717 -0.04718950599253947 
0.6455552536469683 -0.44053522440233583 
0.052625076945660765 0.7222397141115472 
0.44134299307064245 -0.08653317453698821 
0.6198788704780778 -0.14372754483664163 
0.41258874703420184 0.20167664598377694 
0.2586834969211459 0.24450976658703155 
0.8342178812126817 -0.6449898274871982 
0.2178328830775915 0.42050379805392696 
0.6378464464498356 -0.38795021944191743 
0.22703113068407985 0.35516745827434115 
0.6224331991602755 -0.18965171271349165 
0.20079767521967362 0.5504451586618612 
0.06622944234680486 0.6882911204830128 
0.20837094552070576 0.4925342774943318 
0.6325253837371786 -0.3326292790613095 
0.6267588379377265 -0.2569602838633713 
0.0023352058275068733 0.9551617571106578 
0.08105517944307301 0.6722784775273695 
0.4164896333917989 0.1514651049472353 
0.4113680510839436 0.21667792945183306 
0.6357533677662442 -0.3682426777892628 
0.8356160329780594 -0.6628563932510619 
2.9935437377799287E-4 0.9864604386525196 
0.030095055081300597 0.8060196942314776 
0.20365667237233948 0.5282941561956648 
0.2297511829323878 0.3387047777045279 
0.211214352450675 0.47078071068383864 
0.830426548906467 -0.5868417046923425 
0.8264353482647331 -0.5167082457716666 
0.6310299958404939 -0.3140284688050582 
0.4093565587525028 0.24409671319383305 
0.23522694800319083 0.30783004155279825 
0.22019911527482644 0.4028139905343032 
0.6185593717865794 -0.1234320864703534 
0.047845588300523045 0.736927636038487 
0.6211341875225687 -0.1686634209405953 
0.42601056217192335 0.0393417576388606 
0.04294141482883637 0.7544484616620022 
0.8316970329239495 -0.6079141682573198 
0.19271122218386416 0.6075342213076916 
0.0010582054021398557 0.9705970603801611 
0.6399154941587729 -0.4058111019609923 
0.8512448027271223 -0.7714427922913968 
0.4205064525041174 0.1020172569611493 
2.3263792399643064E-8 1.0032262690830187 
0.02504622623680018 0.8264910070355332 
0.8283130882490333 -0.5511144719050147 
0.4242899310612869 0.057930772882815895 
