-17.96013494478007 -3.8701281572809605 
-16.484666787903663 -5.904487839816759 
-16.653424874942424 -5.070625627474168 
-16.30609185335601 -6.710243777694483 
-15.284416554433056 -9.016734969051786 
-18.409576270172025 -2.1328911690559114 
-18.033477994943475 -3.758625750091719 
-16.500497459717167 -5.814313621817955 
-18.013896963347015 -3.8009831450018092 
-19.999708979423087 9.11852542736467E-4 
-15.120305085651362 -9.709418398708504 
-19.999708743407666 9.107705151664431E-4 
-18.524269461978044 -1.600397764846644 
-18.188690742422843 -3.199118406167034 
-18.60960788157546 -1.242738155059259 
-16.10366759186479 -7.423537934557113 
-18.223646559842987 -3.0406660276563464 
-14.588226521714592 -11.488135907517481 
-18.10872651941048 -3.528836786889247 
-18.03195632529858 -3.762175580620707 
-18.07759051295949 -3.635378440562567 
-15.971705427783636 -7.692699089874253 
-15.284416554433056 -9.016734969051786 
-18.135001603490274 -3.428617113556979 
-15.228878803271263 -9.246703038634845 
-15.967368798537468 -7.697746247896758 
-14.717771957344326 -11.203645112675673 
-18.46752980034434 -1.857573491075535 
-15.009693050207611 -10.174806880503336 
-18.24539315990973 -2.93755360337043 
-16.409677151658087 -6.254270494732063 
-19.999708979423087 9.11852542736467E-4 
-16.06791190955269 -7.515210122231194 
-16.542444540867038 -5.625758434734415 
-15.32829259109079 -8.835990961719316 
-17.967468094641244 -3.8651667337131004 
-17.987248037899096 -3.844459594106554 
-14.97509652358667 -10.314653820158588 
-15.070430401055084 -9.922233770054827 
-18.173607961267265 -3.2675676290874622 
-15.971980390281797 -7.6923375522993025 
-14.626702080436868 -11.420877824176292 
-16.16063421517406 -7.2533859422306985 
-18.354815175513604 -2.400811590770744 
-18.05762852240266 -3.69556838277045 
-16.30609185335601 -6.710243777694483 
-18.5328956723721 -1.5625837881802236 
-17.952651070302007 -3.8735853552771613 
-16.182739012261724 -7.180197362895181 
-16.048605274957417 -7.559220894821477 
-16.46107177072981 -6.016701694055348 
-19.999708979423087 9.11852542736467E-4 
-14.465581704265551 -11.621557695501307 
-14.690402355327745 -11.276009711898947 
-18.316605397692058 -2.5896757734905256 
-16.212313525446618 -7.076394576986143 
-18.26768875299351 -2.8299187355598714 
-19.999708979423087 9.11852542736467E-4 
-14.535580407523518 -11.568117563448926 
-18.46752980034434 -1.857573491075535 
-16.347396909751474 -6.534629395346683 
-15.15971711845781 -9.54410635309068 
-14.504705734961664 -11.598250851610786 
-15.050077352738771 -10.00687573400318 
-14.841766252529988 -10.815639896058002 
-16.00911165002308 -7.636516616823897 
-16.371122437024916 -6.430151682676914 
-16.122227829098726 -7.371253762486682 
-16.429654088980136 -6.163676668987201 
-14.82200887016251 -10.883626681346444 
-15.218213977878223 -9.294331100625111 
-14.572751823475304 -11.518145957425164 
-17.974049768541782 -3.8594504749398695 
-18.07915519624085 -3.6303970413779174 
-18.000379279088396 -3.8251696349668647 
-14.87228669842676 -10.70713240959513 
-15.947452939291798 -7.719690020116131 
-14.910593692771268 -10.565132979566737 
-16.232964550085796 -7.000592079713033 
-14.950825618624837 -10.410349606131124 
-14.748247207266168 -11.116955877243374 
-16.27224508920908 -6.848575893623208 
-16.542444540867038 -5.625758434734415 
-14.784892379475423 -11.005427673697037 
-16.508654941478174 -5.789583956314828 
-15.120305085651362 -9.709418398708504 
-14.665956968570736 -11.336623445808982 
