7.952752359913335E-6 -7.985676260538609E-7 -1.1406856611486826 
-0.9709453859876438 1.8571581078415733E-6 -0.9620746513308025 
-0.8295075113559724 1.908772661061138E-6 -1.003164043272681 
-1.0170220753524821 1.8726717221046132E-6 -1.0249160626701181 
-1.072538865114446 -0.8159153197746907 -1.0646921338985091 
7.950324640038012E-6 1.8340236003977739E-6 -0.8660603194565312 
7.952752267746735E-6 -9.90168959696657E-7 -1.094827692360664 
-0.9996906235286376 -1.3114026475880361E-6 -0.9240131678826081 
7.952752267746735E-6 -8.006786133370165E-7 -1.1070297158700995 
7.814444155895368E-6 -9.388526278659944E-7 -1.3763834667090968E-4 
-1.0748500050622476 -0.9026830038353297 -1.0613769410506255 
7.952752267746735E-6 -7.675917198944944E-7 -1.3763834667090968E-4 
8.183890804719891E-6 3.252014166690197E-6 -0.7983285046374831 
-0.9989872609258855 -8.006786133370165E-7 -1.3763834667090968E-4 
7.952752267746735E-6 -7.952763839457119E-7 -0.7485223058836424 
-1.0853400234869857 1.85743547730708E-6 -1.0815129765170177 
7.952752267746735E-6 -9.90168959696657E-7 -0.9778470641457185 
-1.1172183845895545 -1.1056088427078512 -1.1334607771322054 
7.92736992939218E-6 -1.1851161860243153E-6 -1.0482114308458248 
7.947082112579394E-6 3.867366541675796E-6 -1.0957738345344135 
7.952752267746735E-6 2.5825430272842322E-6 -1.067446992327253 
-1.1255946799153589 6.397889657462035E-6 -1.1235408065873402 
-1.072538865114446 -0.8159153197746907 -1.0646921338985091 
7.950155769477497E-6 -1.1141644477334358E-6 -1.0320359078016683 
-1.0615936486562716 -0.8557152354196 -1.0594297933563497 
-1.1284834582946046 3.384716185676744E-6 -1.1233686888973422 
-1.1050493045858034 -1.059496158083127 -1.1119094785097086 
7.947082112579394E-6 3.867366541675796E-6 -0.8317209018882246 
-1.0809451649060682 -0.9450462861863822 -1.0792678573390344 
7.957354551582677E-6 -1.3077029908540166E-6 -0.9646424872631227 
-0.9996906235286376 -1.3114026475880361E-6 -0.9789413283543335 
7.814444155895368E-6 -9.388526278659944E-7 -1.3763834667090968E-4 
-1.0951289789704584 1.8229487350282475E-6 -1.0939514846005558 
-0.948455984931142 2.7294649905269084E-6 -0.9495720691413729 
-1.0640155476939168 -0.7943149429974604 -1.0698891517960143 
7.952768118527064E-6 1.951637650951515E-6 -1.1360813729550157 
1.1050910252101544E-5 1.8465798249449312E-6 -1.1236800642091531 
-1.0809923270251154 -0.9616991893433893 -1.0806078622169804 
-1.0758553657739194 -0.9162448782129697 -1.0807032791594848 
7.952486690002963E-6 -1.0143079362667586E-6 -1.0083635451141935 
-1.1255946799153589 6.397889657462035E-6 -1.1233686888973422 
-1.1246693717436653 -1.0916650833698462 -1.1164589577716595 
-1.068028043496974 -1.1851161860243153E-6 -1.0635127283317396 
7.948280265793906E-6 3.769416428068047E-6 -0.8987247340666643 
8.180729774866967E-6 1.749926411098876E-6 -1.0798186563548156 
-1.0170220753524821 1.8726717221046132E-6 -1.0249160626701181 
8.180729774866967E-6 1.8338123308174306E-6 -0.7932717742379252 
7.963513243026473E-6 -1.0034162891841843E-6 -1.1453886669485989 
-1.0571000770939158 -2.0762913950077962E-6 -1.0607715211489683 
-1.1012804401593665 1.8070838597785665E-6 -1.0998229311585817 
-0.9709453859876438 1.9183122629540002E-6 -0.976395767059018 
7.814444155895368E-6 -9.388526278659944E-7 -1.3763834667090968E-4 
-1.1497765691594917 -1.1421064347761254 -1.1474795820296388 
-1.1183578102705023 -1.0638322195447252 -1.1160561119838512 
7.948434924653577E-6 1.6843797988945647E-6 -0.921644862983107 
-1.0473377835769595 -2.211739224462858E-6 -1.0522756943420026 
7.946997300402304E-6 -1.1141644477334358E-6 -0.9511407771888668 
7.814444155895368E-6 -9.388526278659944E-7 -1.3763834667090968E-4 
-1.1373093501261273 -1.118986530615805 -1.137784374699998 
7.947082112579394E-6 3.867366541675796E-6 -0.8317209018882246 
-1.0094248029149544 2.1022614002712067E-6 -1.0072114350185886 
-1.0758553657739194 -0.875945270165931 -1.0709542200559545 
-1.1440592791249142 -1.1292319352561553 -1.1406903566157391 
-1.0815431158499424 -0.9234638463564778 -1.0804701344149872 
-1.0904616678199508 -1.0144369251634917 -1.0961283738925318 
-1.1138095547318196 -2.211739224462858E-6 -1.111932974130523 
-0.998970014344015 1.8566722729391998E-6 -1.003164043272681 
-1.0763793824061394 1.1050068303534193E-5 -1.0789543812809912 
-0.9875062930631897 1.9410157164861287E-6 -0.9789413283543335 
-1.0978870172305162 -1.0175286617916557 -1.1011354308311934 
-1.0615296205414444 -0.8548270401040744 -1.0699105613093587 
-1.1320920311531955 -1.1056088427078512 -1.1334607771322054 
7.963513243026473E-6 -2.036332159506104E-6 -1.1319527054111949 
7.952752267746735E-6 -1.0247371978238836E-6 -1.0664789793323735 
7.957354551582677E-6 3.3273887128221884E-6 -1.115469932009251 
-1.0940808898278733 -1.0021933864158352 -1.0871580646817962 
-1.1317800499950907 6.554135768896962E-6 -1.132551453735436 
-1.0830037032522615 -0.9894988383317046 -1.0866052840325477 
-1.043015884231547 2.597617240474706E-6 -1.0438666524068971 
-1.0800199305040175 -0.972894685100963 -1.083312541560701 
-1.1050493045858034 -1.044471694656552 -1.1119094785097086 
-1.0301400642891363 1.6431571058222093E-6 -1.0325739552996274 
-0.948455984931142 2.7294649905269084E-6 -0.9495720691413729 
-1.0988425020300263 -1.0338734637636722 -1.1039853666268278 
-0.960008860009083 -1.0049604493998812E-6 -0.9584661416259157 
-1.0748500050622476 -0.9026830038353297 -1.0613769410506255 
-1.1185526748227061 -1.0757708193995972 -1.1160561119838512 
