-3.141592653589793 1.02073385524196 
-3.141592653589793 1.02073385524196 
-3.141592653589793 1.02073385524196 
-3.141592653589793 1.02073385524196 
-3.141592653589793 1.02073385524196 
-3.141592653589793 1.02073385524196 
-3.141592653589793 1.02073385524196 
-3.141592653589793 1.02073385524196 
-3.141592653589793 1.02073385524196 
-3.141592653589793 1.02073385524196 
-3.141592653589793 1.02073385524196 
-3.141592653589793 1.02073385524196 
-3.141592653589793 1.02073385524196 
-3.141592653589793 1.02073385524196 
-3.141592653589793 1.02073385524196 
-3.141592653589793 1.02073385524196 
-3.141592653589793 1.02073385524196 
-3.141592653589793 1.02073385524196 
-3.141592653589793 1.02073385524196 
-3.141592653589793 1.02073385524196 
-3.141592653589793 1.02073385524196 
-3.141592653589793 1.02073385524196 
-3.141592653589793 1.02073385524196 
-3.141592653589793 1.02073385524196 
-3.141592653589793 1.02073385524196 
-3.141592653589793 1.02073385524196 
-3.141592653589793 1.02073385524196 
-3.141592653589793 1.02073385524196 
-3.141592653589793 1.02073385524196 
-3.141592653589793 1.02073385524196 
-3.141592653589793 1.02073385524196 
-3.141592653589793 1.02073385524196 
-3.141592653589793 1.02073385524196 
-3.141592653589793 1.02073385524196 
-3.141592653589793 1.02073385524196 
-3.141592653589793 1.02073385524196 
-3.141592653589793 1.02073385524196 
-3.141592653589793 1.02073385524196 
-3.141592653589793 1.02073385524196 
-3.141592653589793 1.02073385524196 
-3.141592653589793 1.02073385524196 
-3.141592653589793 1.02073385524196 
-3.141592653589793 1.02073385524196 
-3.141592653589793 1.02073385524196 
-3.141592653589793 1.02073385524196 
-3.141592653589793 1.02073385524196 
-3.141592653589793 1.02073385524196 
-3.141592653589793 1.02073385524196 
-3.141592653589793 1.02073385524196 
-3.141592653589793 1.02073385524196 
-3.141592653589793 1.02073385524196 
-3.141592653589793 1.02073385524196 
-3.141592653589793 1.02073385524196 
-3.141592653589793 1.02073385524196 
-3.141592653589793 1.02073385524196 
-3.141592653589793 1.02073385524196 
-3.141592653589793 1.02073385524196 
-3.141592653589793 1.02073385524196 
-3.141592653589793 1.02073385524196 
-3.141592653589793 1.02073385524196 
-3.141592653589793 1.02073385524196 
-3.141592653589793 1.02073385524196 
-3.141592653589793 1.02073385524196 
-3.141592653589793 1.02073385524196 
-3.141592653589793 1.02073385524196 
-3.141592653589793 1.02073385524196 
-3.141592653589793 1.02073385524196 
-3.141592653589793 1.02073385524196 
-3.141592653589793 1.02073385524196 
-3.141592653589793 1.02073385524196 
-3.141592653589793 1.02073385524196 
-3.141592653589793 1.02073385524196 
-3.141592653589793 1.02073385524196 
-3.141592653589793 1.02073385524196 
-3.141592653589793 1.02073385524196 
-3.141592653589793 1.02073385524196 
-3.141592653589793 1.02073385524196 
-3.141592653589793 1.02073385524196 
-3.141592653589793 1.02073385524196 
-3.141592653589793 1.02073385524196 
-3.141592653589793 1.02073385524196 
-3.141592653589793 1.02073385524196 
-3.141592653589793 1.02073385524196 
-3.141592653589793 1.02073385524196 
-3.141592653589793 1.02073385524196 
-3.141592653589793 1.02073385524196 
-3.141592653589793 1.02073385524196 
