-3.141592653589793 -5.0 8.913334113691272E-6 
-3.141592653589793 -5.0 8.913334113691272E-6 
-3.141592653589793 -5.0 8.913334113691272E-6 
-3.141592653589793 -5.0 8.913334113691272E-6 
-3.141592653589793 -5.0 8.913334113691272E-6 
-3.141592653589793 -5.0 8.913334113691272E-6 
-3.141592653589793 -5.0 8.913334113691272E-6 
-3.141592653589793 -5.0 8.913334113691272E-6 
-3.141592653589793 -5.0 8.913334113691272E-6 
-3.141592653589793 -5.0 8.913334113691272E-6 
-3.141592653589793 -5.0 8.913334113691272E-6 
-3.141592653589793 -5.0 8.913334113691272E-6 
-3.141592653589793 -5.0 8.913334113691272E-6 
-3.141592653589793 -5.0 8.913334113691272E-6 
-3.141592653589793 -5.0 8.913334113691272E-6 
-3.141592653589793 -5.0 8.913334113691272E-6 
-3.141592653589793 -5.0 8.913334113691272E-6 
-3.141592653589793 -5.0 8.913334113691272E-6 
-3.141592653589793 -5.0 8.913334113691272E-6 
-3.141592653589793 -5.0 8.913334113691272E-6 
-3.141592653589793 -5.0 8.913334113691272E-6 
-3.141592653589793 -5.0 8.913334113691272E-6 
-3.141592653589793 -5.0 8.913334113691272E-6 
-3.141592653589793 -5.0 8.913334113691272E-6 
-3.141592653589793 -5.0 8.913334113691272E-6 
-3.141592653589793 -5.0 8.913334113691272E-6 
-3.141592653589793 -5.0 8.913334113691272E-6 
-3.141592653589793 -5.0 8.913334113691272E-6 
-3.141592653589793 -5.0 8.913334113691272E-6 
-3.141592653589793 -5.0 8.913334113691272E-6 
-3.141592653589793 -5.0 8.913334113691272E-6 
-3.141592653589793 -5.0 8.913334113691272E-6 
-3.141592653589793 -5.0 8.913334113691272E-6 
-3.141592653589793 -5.0 8.913334113691272E-6 
-3.141592653589793 -5.0 8.913334113691272E-6 
-3.141592653589793 -5.0 8.913334113691272E-6 
-3.141592653589793 -5.0 8.913334113691272E-6 
-3.141592653589793 -5.0 8.913334113691272E-6 
-3.141592653589793 -5.0 8.913334113691272E-6 
-3.141592653589793 -5.0 8.913334113691272E-6 
-3.141592653589793 -5.0 8.913334113691272E-6 
-3.141592653589793 -5.0 8.913334113691272E-6 
-3.141592653589793 -5.0 8.913334113691272E-6 
-3.141592653589793 -5.0 8.913334113691272E-6 
-3.141592653589793 -5.0 8.913334113691272E-6 
-3.141592653589793 -5.0 8.913334113691272E-6 
-3.141592653589793 -5.0 8.913334113691272E-6 
-3.141592653589793 -5.0 8.913334113691272E-6 
-3.141592653589793 -5.0 8.913334113691272E-6 
-3.141592653589793 -5.0 8.913334113691272E-6 
-3.141592653589793 -5.0 8.913334113691272E-6 
-3.141592653589793 -5.0 8.913334113691272E-6 
-3.141592653589793 -5.0 8.913334113691272E-6 
-3.141592653589793 -5.0 8.913334113691272E-6 
-3.141592653589793 -5.0 8.913334113691272E-6 
-3.141592653589793 -5.0 8.913334113691272E-6 
-3.141592653589793 -5.0 8.913334113691272E-6 
-3.141592653589793 -5.0 8.913334113691272E-6 
-3.141592653589793 -5.0 8.913334113691272E-6 
-3.141592653589793 -5.0 8.913334113691272E-6 
-3.141592653589793 -5.0 8.913334113691272E-6 
-3.141592653589793 -5.0 8.913334113691272E-6 
-3.141592653589793 -5.0 8.913334113691272E-6 
-3.141592653589793 -5.0 8.913334113691272E-6 
-3.141592653589793 -5.0 8.913334113691272E-6 
-3.141592653589793 -5.0 8.913334113691272E-6 
-3.141592653589793 -5.0 8.913334113691272E-6 
-3.141592653589793 -5.0 8.913334113691272E-6 
-3.141592653589793 -5.0 8.913334113691272E-6 
-3.141592653589793 -5.0 8.913334113691272E-6 
-3.141592653589793 -5.0 8.913334113691272E-6 
-3.141592653589793 -5.0 8.913334113691272E-6 
-3.141592653589793 -5.0 8.913334113691272E-6 
-3.141592653589793 -5.0 8.913334113691272E-6 
-3.141592653589793 -5.0 8.913334113691272E-6 
-3.141592653589793 -5.0 8.913334113691272E-6 
-3.141592653589793 -5.0 8.913334113691272E-6 
-3.141592653589793 -5.0 8.913334113691272E-6 
-3.141592653589793 -5.0 8.913334113691272E-6 
-3.141592653589793 -5.0 8.913334113691272E-6 
-3.141592653589793 -5.0 8.913334113691272E-6 
-3.141592653589793 -5.0 8.913334113691272E-6 
-3.141592653589793 -5.0 8.913334113691272E-6 
-3.141592653589793 -5.0 8.913334113691272E-6 
-3.141592653589793 -5.0 8.913334113691272E-6 
-3.141592653589793 -5.0 8.913334113691272E-6 
-3.141592653589793 -5.0 8.913334113691272E-6 
