-14.435401760132308 -11.6272777465669 
-19.99970948475821 9.883815020461043E-4 
-14.435401760132308 -11.6272777465669 
-19.07466744647198 -0.00860992557741052 
-17.946374564402618 -3.8749263171114663 
-17.046762039842292 -3.875365416344767 
-15.624592937805255 -7.769478994332976 
-15.874943304324772 -7.750977360868099 
-15.457356063376594 -8.314180725997886 
-15.285230312142232 -8.996468872394734 
-14.492521432974772 -11.570264831135308 
-15.405639702302963 -8.529583676719788 
-18.920994722094797 -0.22514737059500517 
-15.21214655191611 -9.281207304790637 
-16.551103917030247 -5.555741577480784 
-18.467900164154436 -1.8539654022542738 
-18.98958764356975 -0.14786978423150512 
-18.532289353935383 -1.5634427742122838 
-18.780822061853655 -0.6472210880138975 
-16.50325231162107 -5.793408444979345 
-18.54916216641469 -1.4904553119152295 
-14.669802095356225 -11.224772623795737 
-16.737089383554693 -4.666770434690973 
-16.784173173636866 -4.519229163725834 
-15.064226683786236 -9.890881165219163 
-15.01185008700789 -10.070316529389224 
-16.37899874589926 -6.363509528336124 
-16.657747352238893 -5.0580875789431055 
-16.34013992081182 -6.5625704763027315 
-16.18869249249218 -7.11229733377493 
-15.19845177961427 -9.374451122708598 
-16.082990728602343 -7.477740811970339 
-14.61746419899995 -11.407398216917704 
-18.158668034600197 -3.3310817539552735 
-18.28518072587915 -2.7396902447255105 
-18.371579896208686 -2.3024216433368783 
-16.57841626395986 -5.391506029799819 
-16.983005454028067 -3.951160404131436 
-16.148483753884946 -7.288906614117725 
-16.40139265315438 -6.215783845692103 
-18.65662662854917 -1.040262845287809 
-18.856103079630614 -0.43939054326111604 
-16.445883086548022 -6.082691120071712 
-18.613635021142432 -1.226146164202535 
-14.774335378065492 -11.021340441487862 
-18.690078100575775 -0.9405422202733352 
-14.871488834324989 -10.6709463677053 
-18.021412147134313 -3.7634175083282955 
-18.84244970792718 -0.4744253281690843 
-18.20878706689662 -3.1090205406186935 
-15.519243447181962 -8.111920783798762 
-18.316818458065747 -2.583816244542014 
-16.93448137956199 -4.078329646159854 
-15.519243447181962 -8.111920783798762 
-16.827122041411798 -4.357111762930928 
-14.927584734817483 -10.456038865505315 
-14.82611518165757 -10.830175548919685 
-14.896191182915949 -10.592361975371972 
-18.05036625399731 -3.5809400621091134 
-16.103643545393762 -7.362766303040682 
-14.99606313412574 -10.226978665654162 
-15.1450379479681 -9.604563320623198 
-16.224323553112033 -6.980459861232064 
-16.69526858553878 -4.879594163118368 
-16.87819639349689 -4.196412650782233 
-16.702625375482135 -4.847474490619911 
-14.80836208862041 -10.87210297277831 
-18.088102805708086 -3.5723466664960486 
-15.587215603663047 -7.890982092336035 
-14.623988621760503 -11.387127499046134 
-18.377287552561242 -2.274413756922685 
-15.999355423041777 -7.607670561778685 
-16.5935719245738 -5.213707979287878 
-18.217298722178324 -3.0656837536830834 
-15.35986400908056 -8.70734553837754 
-15.358725382360511 -8.711601836889752 
-18.316818458065747 -2.583816244542014 
-18.73041293761255 -0.8038717677860501 
-18.61862117237297 -1.2061134828988889 
-16.84768781674768 -4.31612154146304 
-15.587215603663047 -7.890982092336035 
-18.737413721068137 -0.7694058955014258 
-18.12778615259969 -3.443431904374924 
-15.103781677787175 -9.728515930912096 
-16.263339138883744 -6.852040351460016 
-15.096820348195356 -9.758383843332386 
-14.929011522579003 -10.327174014832622 
-15.999355423041777 -7.607670561778685 
-14.953190568718306 -10.266352633037766 
-18.25469967997335 -2.890922280492898 
-18.41508009923743 -2.1060550600275856 
-18.41508009923743 -2.1060550600275856 
-16.89176912960675 -4.107868069637417 
-15.1450379479681 -9.604563320623198 
-15.945316263904761 -7.717062780040553 
-16.450685639088135 -5.9084343369728405 
-16.292577378648332 -6.7637231915746545 
-18.25469967997335 -2.890922280492898 
-18.447709366881504 -1.9485760168105364 
-14.72639902315762 -11.09707111043051 
