-1.1524653459986631 -1.1527110550969097 -1.1531364310880576 
-6.206970266320333E-6 3.852584767834569E-5 9.900454379068845E-5 
-1.1524653459986631 -1.1527110550969097 -1.1531364310880576 
-0.48536328555826247 4.1901133136354186E-5 1.0882946034600768E-4 
6.899389655357286E-6 3.983473122345875E-5 -1.149295613867998 
-1.126406571006701 3.984272235466121E-5 -0.49145786477709197 
-1.0785083948094085 -0.6166003881324219 -1.0602928267118845 
-1.1544923658806303 -1.6361666522602337E-5 -1.1554106776797075 
-1.0782742584464995 -0.6818512231148249 -1.1076911765176367 
-1.0613617460687408 -0.8026403949947971 -1.0951726434417726 
-1.1469461914279795 -1.147030572539394 -1.113963878222121 
-1.0780601453848833 -0.7416217462002535 -1.0694979595326985 
-0.008416008958622712 7.226238345879078E-4 -0.5614360038031907 
-1.0784235811910519 -0.8738991900537963 -1.0268852534819688 
-1.009715866886355 -2.224265830739656E-5 -0.88387068241142 
-0.8313772834056766 5.763920528978838E-5 9.90804767669551E-5 
-6.206970266320333E-6 3.854913722717956E-5 -0.532547134204036 
-0.793501653050869 3.7540868489677964E-5 1.0911721044731105E-4 
6.899389655357286E-6 3.987265160460626E-5 -0.6500292196846894 
-1.0049886831702173 6.671439320290607E-4 -0.9171446986398881 
-0.7836240603631502 3.7540868489677964E-5 1.0911721044731105E-4 
-1.0755101731620493 -1.1080542450533406 -1.091313841776311 
-0.8995154631138538 4.180237213767306E-5 -0.8815516254908967 
-0.6905264211020153 6.26225914768172E-5 -1.069616354418593 
-1.0757774613384221 -0.9505187841269217 -1.0259878916282654 
-1.1155626526844973 -0.9540022692799756 -1.0263977339136987 
-0.9590430079256176 -2.0436520436112905E-5 -1.0385966637388953 
-0.9305415700545098 3.8822850933429766E-5 -0.8980797059173957 
-1.0049886831702173 6.657066954755542E-4 -1.0160932545814065 
-1.0879874844854363 0.0034891691773113465 -1.0263834328617598 
-1.0666422659192307 -0.8530476741751699 -1.0842462461527098 
-1.0908936556378097 5.6730042188505626E-5 -1.0888069242571285 
-1.0993362367994481 -1.1102265407984806 -1.113963878222121 
-6.206970266320333E-6 3.8782859809213975E-5 -1.0174727009411915 
-5.994977301350331E-5 3.0231749164364515E-4 -0.9402111257772864 
-0.001159391789763986 -2.0109313770473057E-5 -0.8873275763383055 
-0.8401178139264576 3.6915499748801405E-5 -1.0381493742004566 
-1.145344267894641 -4.5435337419814204E-5 -0.5100153922750206 
-1.0777615436041081 5.637784470872509E-5 -1.0613131159681533 
-0.9561161744250557 0.024325137544706263 -1.0271991884843703 
-0.7189618689876043 6.26225914768172E-5 -0.0020238632419361524 
6.899389655357286E-6 3.983473122345875E-5 -0.607345640085823 
-0.9587425333940651 -2.0436520436112905E-5 -0.9979051109558588 
6.899389655357286E-6 4.941162165623979E-5 -0.7461354664856642 
-1.1249209070734267 -1.030153588706737 -1.094562420460922 
-3.8430637808313864E-5 8.682425538389378E-5 -0.7019065668991503 
-1.0785083948094085 -1.025181011971494 -1.0602928267118845 
6.899389655357286E-6 0.0029536016338268523 -1.0986693569132866 
4.203017762239984E-5 3.2350453971654756E-5 -0.6150457103540025 
6.899389655357286E-6 5.003367081970147E-5 -0.9868380660295626 
-1.0775693223404268 -0.6801896359680031 -1.0632845048567865 
-5.994977301350331E-5 3.0231749164364515E-4 -0.9211559368725134 
-1.1178386171674324 7.226238345879078E-4 -0.5614360038031907 
-1.0775693223404268 -0.6801896359680031 -1.0632845048567865 
-0.6348584427287244 6.657066954755542E-4 -1.1035220794537375 
-1.0616840665866976 -1.0075934627692409 -1.058669317997037 
-1.1253571430406553 -1.0160768082943603 -1.0723873228840741 
-1.0666422659192307 -1.0130640002075868 -1.0723493915730078 
-0.016153367096692572 3.0231749164364515E-4 -1.0643410157073925 
-1.0631929678446759 0.017885381062476224 -1.1034599172792738 
-1.0785083948094085 -0.9588082358490597 -1.0694979595326985 
-1.0814506918914664 -0.8817097024057958 -1.0684355293213104 
-1.0843325831876196 3.2728012243762135E-4 -1.0081644256245923 
-1.009604953927414 1.174257481352199E-5 -0.7986882978585669 
-1.0354251297525683 8.36480736966754E-5 -0.6684049295961115 
-1.0049886831702173 1.219554712496312E-5 -0.7988004296024737 
-1.1257751426059144 -1.030153588706737 -1.061989336329383 
-0.0028262474040584573 8.184886579746766E-5 -1.057460916379487 
-1.1132322942794564 -0.5675648015788205 -1.106135262456412 
-1.1220257975762764 -1.1070259294102747 -1.091313841776311 
-0.001159391789763986 -2.0994924298639325E-5 -0.8839207143566514 
-1.1429595555498409 -1.619211305242612E-5 -1.0890242760844535 
-0.7807868756394933 3.0231749164364515E-4 -1.0911988975542521 
-5.994977301350331E-5 3.0231749164364515E-4 -0.9813427141980883 
-1.0775693223404268 -0.7721655965573142 -1.0632845048567865 
-1.078482292950697 -0.7721655965573142 -1.0632845048567865 
-5.994977301350331E-5 3.0231749164364515E-4 -0.9211559368725134 
-3.8430637808313864E-5 8.633123946776006E-5 -0.6787538723089928 
-5.994977301350331E-5 3.8066421214812654E-5 -0.7432174935268414 
-1.0777615436041081 5.637784470872509E-5 -0.646714147177252 
-1.1132322942794564 -0.5675648015788205 -1.106135262456412 
-0.0011784438458489694 -1.6931495282990734E-4 -0.6734920438392318 
-0.001159391789763986 -2.0994924298639325E-5 -1.0350562425600727 
-1.068076298564277 -0.8817097024057958 -1.116862664286983 
-1.0028007486559296 3.0231749164364515E-4 -1.0655845661907788 
-1.0741187140587443 -0.8817097024057958 -1.1167710435454723 
-1.073352306997652 -0.9457843579033565 -1.156343601112893 
-1.1429595555498409 -1.619211305242612E-5 -1.0890242760844535 
-1.073352306997652 -0.938341346305916 -1.1478178917061237 
-0.9588720091034076 3.8822850933429766E-5 1.0882946034600768E-4 
6.899389655357286E-6 -1.915966818735179E-5 -0.8627745342776741 
6.899389655357286E-6 -1.915966818735179E-5 -0.8627745342776741 
-1.0049886831702173 1.219554712496312E-5 -0.6890591018458752 
-1.0814506918914664 -0.8817097024057958 -1.0684355293213104 
-1.124927402082027 5.135973264162842E-5 -1.1407565097458652 
-1.079918411844825 4.180237213767306E-5 -0.8758155116727182 
-1.0264226226250746 -6.203384125876756E-4 -1.0238037948872307 
-0.9588720091034076 3.8822850933429766E-5 1.0882946034600768E-4 
-0.8433131581440865 5.763920528978838E-5 9.90804767669551E-5 
-1.0734193788153776 -1.053028313013154 -1.1473817354905582 
