1.0 1.0 
0.39009133555401876 8.9593463145228 
1.0 1.0 
0.5715733089312797 3.250884390288316 
0.6548700818275166 1.6920444445258591 
0.5462376298825096 3.8312917137975933 
0.5803733596174399 3.0719219168484817 
0.5161085011380824 4.572291560295891 
0.524411326158006 4.392788634324658 
0.5370579412163405 4.035986002679694 
0.6449186807542138 1.8554037121288387 
0.4958707963631162 5.13614263306426 
0.4473870437722265 6.739854267991111 
0.47452083837281817 6.030009364914051 
0.6824879154847687 1.4652274100474372 
0.6239409500382076 2.251730217726392 
0.7059910786571816 1.4164484970995828 
0.3952897675918249 8.711664889251505 
0.5630227407264224 3.446504594943769 
0.8784789281547783 1.1383312314016574 
0.5602284492979069 3.4991267460019975 
0.44194278280223426 6.871674552316833 
0.5872258964606364 2.9214548211119906 
0.46258017978120713 6.169496431339199 
0.4245423901314982 7.605290058951396 
0.5009344350609051 5.016727218817679 
0.7656029106331705 1.3061601335514488 
0.5296060703895814 4.232421881735716 
0.9103230828172265 1.0985122968972618 
0.8554757278725786 1.1690064134865068 
0.6651761174547547 1.5391973033080364 
0.6321003877627689 2.192191888201829 
0.6150414426349913 2.3931144291554083 
0.8160450068770957 1.225423740173791 
0.6439259931743421 2.0271036436366208 
0.9487564950932266 1.05401122961678 
0.6364593296940335 2.077397407686597 
0.4754180280347224 5.883003724004938 
0.7828182042778546 1.2774358070305156 
0.6072924375737491 2.535867868215437 
0.40016833011258546 8.500097602415186 
0.5523742491614534 3.697223585972689 
0.7283130911807687 1.3730358727634349 
0.4601720931669126 6.2158838697157055 
0.5347575385320552 4.165313842989106 
0.43755112982263267 7.0037659951804665 
0.4174007414831048 7.789614480210448 
0.48243751212811375 5.586627372202119 
0.4299728198755818 7.351247669195349 
0.42143660069415345 7.610854896740684 
0.45091671602889977 6.525949409691812 
0.8410568669795906 1.1889815375926054 
0.7170744470887263 1.3949669213796807 
0.5952757775470956 2.881948150764474 
0.9387864435569229 1.0676864362994347 
0.6025272785619892 2.6219260968095983 
0.8001531456114745 1.2497621141513047 
0.8363122308251639 1.1957256697573448 
0.4160507679729772 7.831314109945151 
0.9897205001818743 1.0103863166536273 
0.40853071263529095 8.13590068430782 
0.7786072780120379 1.2847214956676247 
0.895511135180015 1.1243904466095307 
0.927037468463028 1.0787050514426504 
0.4322587440990131 7.221676661294642 
0.40526202910034137 8.339173788854135 
0.9698421643953865 1.0310956120023616 
0.4862733832952885 5.478046953399797 
0.48862043749726913 5.328167095126821 
0.5986002897478369 2.797943305330634 
0.6762365598396305 1.478772459494902 
0.6134324790746951 2.45028060712809 
0.8003589337255292 1.2494394515680982 
0.5096952203786633 4.734175607207517 
0.47693646931706074 5.7055879067681055 
0.5096952203786633 4.734175607207517 
0.5990899737322299 2.68750525757647 
0.40101149144151754 8.482336253216705 
0.48862043749726913 5.328167095126821 
0.7425571611471168 1.3466976716717411 
0.5523660439271311 3.697278507136288 
0.45563360115823487 6.375403129358411 
0.7371304874835692 1.3566119120530247 
0.45155443056421496 6.516733039496768 
0.9021254018941923 1.108493341417551 
0.4123782966359731 7.978300073346952 
0.5045359065695636 4.87882804545349 
0.666587023459285 1.5017435477388874 
0.45563360115823487 6.375403129358411 
0.4299728198755818 7.351247669195349 
0.40853071263529095 8.13590068430782 
0.4322587440990131 7.221676661294642 
0.40521170771196624 8.34020939270015 
0.47542790026210224 5.723692173160024 
0.4123782966359731 7.978300073346952 
0.8677827826067874 1.1523621119834988 
0.394415958915845 8.829758326510992 
0.5045359065695636 4.87882804545349 
0.4375612319610265 6.99851804163903 
0.7538379785395086 1.3265449984814957 
