1.0 0.0 
0.39009133555401876 2.4949633695231754 
1.0 0.0 
0.5715733089312797 0.8581187479101385 
0.6548700818275166 0.10806928384244407 
0.5462376298825096 1.0927957051332955 
0.5803733596174399 0.7828616433637992 
0.5161085011380824 1.3597985439506166 
0.524411326158006 1.3036281132580096 
0.5370579412163405 1.1675583333771242 
0.6449186807542138 0.19658451429260174 
0.4958707963631162 1.5468631376921274 
0.4473870437722265 2.015323476412167 
0.47452083837281817 1.86136509923496 
0.6824879154847687 7.944218126417608E-10 
0.6239409500382076 0.404946691277945 
0.7059910786571816 2.3296781791223137E-9 
0.3952897675918249 2.4436319894100884 
0.5630227407264224 0.9404604629714493 
0.8784789281547783 4.683691161512092E-11 
0.5602284492979069 0.9603103508095301 
0.44194278280223426 2.0368869741621984 
0.5872258964606364 0.7155539262967368 
0.46258017978120713 1.8538867683684024 
0.4245423901314982 2.2287680192705484 
0.5009344350609051 1.5130514152130996 
0.7656029106331705 0.0 
0.5296060703895814 1.2415163210169304 
0.9103230828172265 1.100624147890516E-6 
0.8554757278725786 5.661246508215068E-5 
0.6651761174547547 0.023837286211268127 
0.6321003877627689 0.38568534258277276 
0.6150414426349913 0.4718645508983559 
0.8160450068770957 9.244774775946393E-7 
0.6439259931743421 0.3053047269960387 
0.9487564950932266 1.1843548484756041E-13 
0.6364593296940335 0.32217896160433424 
0.4754180280347224 1.7968860293873559 
0.7828182042778546 4.539860216509967E-9 
0.6072924375737491 0.5400133790534992 
0.40016833011258546 2.4014698633524767 
0.5523742491614534 1.0422511022836805 
0.7283130911807687 7.944218126417608E-10 
0.4601720931669126 1.860376291209525 
0.5347575385320552 1.2274329778903499 
0.43755112982263267 2.0645057242045484 
0.4174007414831048 2.251390859907371 
0.48243751212811375 1.6951986106320123 
0.4299728198755818 2.1608366899277223 
0.42143660069415345 2.207492816058846 
0.45091671602889977 1.9426596767889688 
0.8410568669795906 1.0869042129896552E-6 
0.7170744470887263 2.951338553971385E-4 
0.5952757775470956 0.7155539262967368 
0.9387864435569229 0.0023295523675114227 
0.6025272785619892 0.5797819957013459 
0.8001531456114745 1.0869042129896552E-6 
0.8363122308251639 2.3296781791223137E-9 
0.4160507679729772 2.2582242496802922 
0.9897205001818743 5.069534971495612E-8 
0.40853071263529095 2.323765304490225 
0.7786072780120379 2.935067453232841E-4 
0.895511135180015 0.006904165228864783 
0.927037468463028 1.0767491291853025E-10 
0.4322587440990131 2.121632883900376 
0.40526202910034137 2.3795504906914084 
0.9698421643953865 4.295612703254368E-11 
0.4862733832952885 1.6638284258801672 
0.48862043749726913 1.6034513370794206 
0.5986002897478369 0.674849673268938 
0.6762365598396305 7.944218126417608E-10 
0.6134324790746951 0.5030817072592331 
0.8003589337255292 2.721165304226425E-8 
0.5096952203786633 1.4129866794269277 
0.47693646931706074 1.7212029516320992 
0.5096952203786633 1.4129866794269277 
0.5990899737322299 0.6100574541667174 
0.40101149144151754 2.4015143118108844 
0.48862043749726913 1.6034513370794206 
0.7425571611471168 0.0 
0.5523660439271311 1.0422511022836805 
0.45563360115823487 1.904847886665053 
0.7371304874835692 5.7663035280264875E-11 
0.45155443056421496 1.9426596767889688 
0.9021254018941923 1.123344257478382E-9 
0.4123782966359731 2.290077794297475 
0.5045359065695636 1.4615439309098888 
0.666587023459285 0.0010427614864516738 
0.45563360115823487 1.904847886665053 
0.4299728198755818 2.1608366899277223 
0.40853071263529095 2.323765304490225 
0.4322587440990131 2.121632883900376 
0.40521170771196624 2.3795504906914084 
0.47542790026210224 1.7212029516320992 
0.4123782966359731 2.290077794297475 
0.8677827826067874 1.0767491291853025E-10 
0.394415958915845 2.4825975973460004 
0.5045359065695636 1.4615439309098888 
0.4375612319610265 2.0622801762010443 
0.7538379785395086 9.698619150414965E-11 
