1.0177043067455954E-6 1.0005030511174342 
0.8517627470468181 -0.7724664604032415 
0.45351430901387574 -0.12313481251179731 
0.6527030079325047 -0.4574109133646559 
0.823515690702809 -0.4613230148510461 
0.6184655899823632 -0.12393696512471744 
0.4093873688714812 0.24273404735600967 
0.2578758089173704 0.24311066576313886 
0.18231442724416727 0.6703078402297793 
0.08401654662850126 0.6710172767723013 
0.44000036554973576 -0.07331350951031806 
0.630018673737416 -0.3025119793410448 
0.6260420000580003 -0.2470435757392141 
0.41555813933877994 0.16223067673463562 
0.4122183750308591 0.20454361063594945 
0.83021914775371 -0.5845950668454741 
0.245131181694993 0.263760277956741 
0.6441995310852042 -0.4348785754057434 
0.21989104364232545 0.40398226276227556 
0.2225507034583193 0.38470913703553555 
0.4231128936111318 0.0701726977045528 
0.42805915922499777 0.024325715398061765 
0.03910904770517237 0.7672428725582059 
0.21598943074135118 0.4327990004337288 
0.019333194912012852 0.8514848111844189 
0.011627924089831182 0.8901974779389082 
0.8406937480759379 -0.720680364321437 
0.01611652526993801 0.8668547678641458 
0.430682324514703 -0.005065395039412363 
0.8460449485824567 -0.7579172536065661 
0.8249342149665423 -0.48900204732015645 
0.0488787662242709 0.7317071492045887 
0.22822209728540363 0.35979305603063555 
0.231998513451006 0.32464378696046403 
0.8330126787863904 -0.62860068476586 
0.4201349685689806 0.10483279850115937 
0.8345915544038328 -0.65024009763413 
0.024574692140244297 0.8282467346340446 
0.8430274782963475 -0.7360277455224457 
0.1878286293610537 0.6482564505609619 
0.8378531841073724 -0.6911374852724701 
0.25782880796745955 0.24333295360999357 
0.1978322362908378 0.5701781185430216 
0.2006711141816045 0.548895641442627 
0.2378402400520226 0.29459777844816154 
0.20962018878731992 0.48096454426485197 
0.2420427186601513 0.2751066734991182 
0.6222568387222425 -0.18791345576463003 
0.2071186073073758 0.5003844857879646 
0.008650077918851362 0.9265353935246731 
0.6331101600840782 -0.3407516970312694 
0.6316738695603429 -0.3234524235145173 
0.22856982757661343 0.3448463399987233 
0.1943005380835916 0.6027937154319439 
0.07027871109741801 0.680423360096078 
0.008693717593926176 0.90738720378619 
0.03457315647643733 0.785288435261675 
0.054498698590832007 0.7140911460769892 
0.23507520803578746 0.30691569409542047 
0.2118498992198017 0.46412589911516755 
0.6349568925184619 -0.36139998307185317 
0.8260955822179961 -0.5117038926856938 
0.2034641119599497 0.5283332231019434 
0.6204606466703017 -0.1583030008995139 
0.8274505372901108 -0.536735857886818 
0.2139007369795365 0.44804820478411944 
0.6246980741376286 -0.22677077670425927 
0.18839160682625972 0.6352864684264696 
0.07788904584171569 0.6725211267238795 
0.6369017948394817 -0.3740513883831361 
0.4254567839900461 0.04412380181424088 
0.8364096189399187 -0.67185611343543 
0.6414595770673783 -0.4181595158749204 
0.20498962098778817 0.5167957281399999 
5.152372515123821E-4 0.979117462511594 
0.8289246493014939 -0.562425065586375 
0.05755884327232286 0.7075096758798507 
0.19119840503879812 0.6163090444234616 
0.6201836162691925 -0.1511762227022699 
0.4336793010237302 -0.03171203137201612 
0.43218262266329 -0.021811383739857387 
0.4186561058544353 0.138701768732688 
0.6237885286339281 -0.21247047864437965 
0.0035602012437986885 0.9420093674089299 
0.42510905369880664 0.05399921384717294 
0.6187472214763894 -0.12852159924600298 
0.061686743487737276 0.6953921485945758 
0.8235986815268239 -0.46254126843766685 
0.6385808779345998 -0.39108345462856425 
0.04440582897189799 0.7472061187228093 
0.43746397961283234 -0.06342864037430375 
0.8268674831744751 -0.5260974641981387 
0.6229215530295338 -0.19886802773527104 
0.19862286970611562 0.5646196441629603 
0.0031503626064682266 0.946464046205342 
0.04440582897189799 0.7472061187228093 
0.030607659919477975 0.8017205581025304 
0.41922946970193764 0.13701454316456624 
0.4106326298452368 0.22610318275253138 
0.43538133030280246 -0.04842377550943841 
