-3.1415664714623928 -4.99999999828624 -1.4045704180492332E-4 
1.5416158296349245 0.14586327515791025 4.997870783569697 
-3.1415664715201044 -4.999999998286248 -1.4045704180492332E-4 
-3.1415664714623928 -4.99999999828624 -1.4045704180492332E-4 
-3.1415664714623928 -4.99999999828624 -1.4045704180492332E-4 
-3.1415664714623928 -4.99999999828624 -1.4045704180492332E-4 
-3.1415664714617404 -4.99999999828624 -1.4045704180492332E-4 
-3.1415664715188507 -4.999999998286248 -1.4045704180492332E-4 
-3.1415664714623928 -4.99999999828624 -1.4045704180492332E-4 
-3.1415664714623928 -4.99999999828624 -1.4045704180492332E-4 
1.5416158296349245 0.14586327515791025 4.997870783569697 
-3.1415664714623928 -4.99999999828624 -1.4045704180492332E-4 
-3.1415664714623928 -4.99999999828624 -1.4045704180492332E-4 
-3.1415664714623928 -4.99999999828624 -1.4045704180492332E-4 
-3.141566471461739 -4.99999999828624 -1.4045704180492332E-4 
-3.1415664714623928 -4.99999999828624 -1.4045704180492332E-4 
-3.1415664714623928 -4.99999999828624 -1.4045704180492332E-4 
-3.1415664714623928 -4.99999999828624 -1.4045704180492332E-4 
-3.1415664714623928 -4.99999999828624 -1.4045704180492332E-4 
-3.1415664714623928 -4.99999999828624 -1.4045704180492332E-4 
-3.1415664715201044 -4.999999998286248 -1.4045704180492332E-4 
-3.141566471461584 -4.99999999828624 -1.4045704180492332E-4 
1.5416158296347937 0.14586327515791025 4.997870783569697 
-3.1415664714615787 -4.99999999828624 -1.4045704180492332E-4 
1.5416158296347824 0.14586327515791025 4.997867986253599 
-3.1415664714623928 -4.99999999828624 -1.4045704180492332E-4 
-3.141566471520224 -4.999999998286248 -1.4045704180492332E-4 
1.5416158296349245 0.14586327515791025 4.997870783569697 
-3.1415664714617506 -4.99999999828624 -1.4045704180492332E-4 
-3.1415664714623928 -4.99999999828624 -1.4045704180492332E-4 
-3.1415664714623928 -4.99999999828624 -1.4045704180492332E-4 
-3.1415664714623928 -4.99999999828624 -1.4045704180492332E-4 
-3.141566471461739 -4.99999999828624 -1.4045704180492332E-4 
-3.1415664715201044 -4.999999998286248 -1.4045704180492332E-4 
-3.1415664714623928 -4.99999999828624 -1.4045704180492332E-4 
-3.1415664714623928 -4.99999999828624 -1.4045704180492332E-4 
-3.1415664714623928 -4.99999999828624 -1.4045704180492332E-4 
1.5416158296349214 0.14586327515791025 4.997870783569697 
-3.1415664714623928 -4.99999999828624 -1.4045704180492332E-4 
-3.1415664715200897 -4.999999998286248 -1.4045704180492332E-4 
-3.141566471461593 -4.99999999828624 -1.4045704180492332E-4 
-3.141566471461739 -4.99999999828624 -1.4045704180492332E-4 
-3.1415664714623928 -4.99999999828624 -1.4045704180492332E-4 
-3.141566471520224 -4.999999998286248 -1.4045704180492332E-4 
1.5416158296349245 0.14586327515791025 4.997870783569697 
-3.1415664714623928 -4.99999999828624 -1.4045704180492332E-4 
-3.1415664714623928 -4.99999999828624 -1.4045704180492332E-4 
1.5416158296347577 0.14586327515791025 4.997867986253599 
-3.1415664714623928 -4.99999999828624 -1.4045704180492332E-4 
1.5416158296347289 0.14586327515791025 4.997867986253599 
-3.141566471520224 -4.999999998286248 -1.4045704180492332E-4 
1.5416158296349245 0.14586327515791025 4.997870783569697 
-3.1415664714623928 -4.99999999828624 -1.4045704180492332E-4 
-3.141566471520224 -4.999999998286248 -1.4045704180492332E-4 
-3.141566471461739 -4.99999999828624 -1.4045704180492332E-4 
-3.141566471461593 -4.99999999828624 -1.4045704180492332E-4 
-3.1415664714623928 -4.99999999828624 -1.4045704180492332E-4 
-3.1415664715201044 -4.999999998286248 -1.4045704180492332E-4 
-3.1415664714623928 -4.99999999828624 -1.4045704180492332E-4 
-3.1415664714623928 -4.99999999828624 -1.4045704180492332E-4 
-3.1415664715201044 -4.999999998286248 -1.4045704180492332E-4 
-3.1415664714623928 -4.99999999828624 -1.4045704180492332E-4 
-3.1415664714623928 -4.99999999828624 -1.4045704180492332E-4 
-3.1415664715201044 -4.999999998286248 -1.4045704180492332E-4 
-3.1415664714623928 -4.99999999828624 -1.4045704180492332E-4 
-3.1415664714623928 -4.99999999828624 -1.4045704180492332E-4 
1.541615829634778 0.14586327515791025 4.997867986253599 
1.5416158296347766 0.14586327515791025 4.997867986253599 
-3.141566471520099 -4.999999998286248 -1.4045704180492332E-4 
1.5416158296347748 0.14586327515791025 4.997867986253599 
1.5416158296347766 0.14586327515791025 4.997867986253599 
-3.1415664714623928 -4.99999999828624 -1.4045704180492332E-4 
-3.1415664714623928 -4.99999999828624 -1.4045704180492332E-4 
-3.1415664714623928 -4.99999999828624 -1.4045704180492332E-4 
