0.07713268717421051 0.6715865079165719 
0.431829184993074 -0.020424950392574262 
0.25338963264745246 0.24474662210211023 
0.6322862427777907 -0.33195698863689876 
0.01413824762654485 0.8752146429662684 
0.43008170477248053 -0.004287387041974996 
0.058113556566446796 0.7028035537770109 
0.004580001752101991 0.9318176737961699 
0.648772588880549 -0.45370517741305744 
0.6444636544064838 -0.437438868483128 
0.4440030704930832 -0.10241116911556096 
0.4471729920746583 -0.11403429290785017 
0.05023142555489099 0.7257538329266203 
0.020189136894239734 0.8460909760081634 
0.02430129893096855 0.8274369654272044 
0.07822094734606971 0.6709745571767716 
0.45168892808178096 -0.12304952309074482 
0.011067998841914214 0.8911692987093234 
0.451610610884448 -0.12296894268236527 
0.6500440808891413 -0.4562128511807458 
0.6308116301160211 -0.3137726146599766 
0.6520677479483687 -0.45810402695515023 
0.6394334347232243 -0.4040994929622988 
0.6299692760936505 -0.3029053002758078 
0.22717809626962185 0.3522246431849099 
0.07341651411759088 0.6746975458208632 
0.6430952612479051 -0.42986447861112276 
0.25455126532991895 0.24361635794100722 
0.24354870859961508 0.26802145639354613 
0.6518606444885262 -0.4580580246085106 
0.22951935505375573 0.3374334853899103 
0.4457346011984834 -0.10929466643370102 
0.42484601040346487 0.04933562387165631 
0.2323856384327225 0.32032782549195316 
0.42304653630687805 0.06942942917477023 
0.043673254695967625 0.7483518096633087 
0.06367652742023655 0.6898870239042328 
0.2514655806519526 0.2474245746567315 
0.4371385049309334 -0.0629906685391221 
0.627706913188352 -0.27212995007280444 
0.05283018730950065 0.7176510155203959 
0.4190007187989514 0.11725896243386517 
0.42671607221485985 0.029313370887670616 
0.06607600660770595 0.6852288626068231 
0.08042503663909983 0.6700961935512479 
0.24703536146814203 0.2570866000150405 
0.4351751756290714 -0.04842204310057072 
0.08157312767512231 0.6698563161274825 
0.25686997790640625 0.24235467539121525 
0.6376230295570513 -0.388421511806276 
0.45037037253746537 -0.12133795911345897 
0.07646265788063081 0.6720370360477964 
0.0543354304469737 0.7131780139145525 
0.636194248862195 -0.3748472675247803 
0.43347662352127414 -0.034682980044646844 
0.06852317242081057 0.6810812500421181 
0.06102711856685558 0.6956496522011865 
0.6418162382715831 -0.4217986597809711 
0.2567023485717499 0.24240788771037142 
0.6481169996369308 -0.4519503466208042 
0.6472960420205958 -0.44943484700801456 
0.6511342248727587 -0.4575665256767567 
0.45294196807148157 -0.12392369662517275 
0.1992412698056896 0.5584833424868861 
0.21380125777647394 0.4479421058348395 
0.4205001740704609 0.09914108730275535 
0.6348413541016565 -0.3608727698803157 
0.0711816381453581 0.6773013550633098 
0.45343656507013197 -0.12407632403554758 
0.449632621072834 -0.12006236776734122 
0.23747126680607156 0.2934852895280121 
0.04681565176694903 0.7371884559143274 
0.21505461273839097 0.4384467120102126 
0.2187593169452085 0.4108188320410004 
0.20650232748772365 0.5038349449907277 
0.4426259709095513 -0.09600208985158039 
0.23460355883173625 0.3080509143242845 
0.19561619132774624 0.5846872841716387 
0.2388773520259165 0.28691460891659704 
0.0079137079425394 0.9092444790410983 
0.24836446938288942 0.2537147967122261 
0.01748577174589821 0.8587681076192282 
0.0020039117439392684 0.9552274368933085 
0.2556413221656435 0.24283833626270546 
0.20267030169259093 0.5329377423183795 
0.24447971775985644 0.2648147091213652 
0.02950223396337849 0.8047520168963748 
0.6460393511533578 -0.4447469553206366 
0.22481683010725018 0.36789057433051386 
0.026368617956829075 0.8182761246663943 
0.20919378130352295 0.48321719250105893 
0.04064612917817112 0.7595847184645623 
0.4484662863401945 -0.11753610009797329 
0.03244893995722807 0.7923810879940817 
0.24141797663741812 0.2760529843614159 
0.03672394334737611 0.7749182825441604 
0.24997955929637605 0.25013774355977775 
0.43870307212017357 -0.07362586987589163 
0.22236179045059618 0.3848987846390115 
0.44095013058274185 -0.0871938344913777 
