-3.1413326930086467 1.0380408203939215 
-3.1415906128123643 1.109888254978441 
-3.1415898872222288 1.1080413747603395 
-3.141000526435293 1.0105812685632 
-3.141000526435293 1.0105812685632 
-3.141000526435293 1.0105812685632 
-3.141000526435293 1.0105812685632 
-3.141000526435293 1.0105812685632 
-3.141000526435293 1.0105812685632 
-3.141000526435293 1.0105812685632 
-3.141000526435293 1.0105812685632 
-3.141000526435293 1.0105812685632 
-3.141000526435293 1.0105812685632 
-3.141000526435293 1.0105812685632 
-3.141000526435293 1.0105812685632 
-3.141000526435293 1.0105812685632 
-3.141000526435293 1.0105812685632 
-3.141000526435293 1.0105812685632 
-3.141000526435293 1.0105812685632 
-3.141000526435293 1.0105812685632 
-3.141000526435293 1.0105812685632 
-3.141000526435293 1.0105812685632 
-3.141000526435293 1.0105812685632 
-3.141000526435293 1.0105812685632 
-3.141000526435293 1.0105812685632 
-3.141000526435293 1.0105812685632 
-3.141000526435293 1.0105812685632 
-3.141000526435293 1.0105812685632 
-3.141000526435293 1.0105812685632 
-3.141000526435293 1.0105812685632 
-3.141000526435293 1.0105812685632 
-3.141000526435293 1.0105812685632 
-3.141000526435293 1.0105812685632 
-3.141000526435293 1.0105812685632 
-3.141000526435293 1.0105812685632 
-3.141000526435293 1.0105812685632 
-3.141000526435293 1.0105812685632 
-3.141000526435293 1.0105812685632 
-3.141000526435293 1.0105812685632 
-3.141000526435293 1.0105812685632 
-3.141000526435293 1.0105812685632 
-3.141000526435293 1.0105812685632 
-3.141000526435293 1.0105812685632 
-3.141000526435293 1.0105812685632 
-3.141000526435293 1.0105812685632 
-3.141000526435293 1.0105812685632 
-3.141000526435293 1.0105812685632 
-3.141000526435293 1.0105812685632 
-3.141000526435293 1.0105812685632 
-3.141000526435293 1.0105812685632 
-3.141000526435293 1.0105812685632 
-3.141000526435293 1.0105812685632 
-3.141000526435293 1.0105812685632 
-3.141000526435293 1.0105812685632 
-3.141000526435293 1.0105812685632 
-3.141000526435293 1.0105812685632 
-3.141000526435293 1.0105812685632 
-3.141000526435293 1.0105812685632 
-3.141000526435293 1.0105812685632 
-3.141000526435293 1.0105812685632 
-3.141000526435293 1.0105812685632 
-3.141000526435293 1.0105812685632 
-3.141000526435293 1.0105812685632 
-3.141000526435293 1.0105812685632 
-3.141000526435293 1.0105812685632 
-3.141000526435293 1.0105812685632 
-3.141000526435293 1.0105812685632 
-3.141000526435293 1.0105812685632 
-3.141000526435293 1.0105812685632 
-3.141000526435293 1.0105812685632 
-3.141000526435293 1.0105812685632 
-3.141000526435293 1.0105812685632 
-3.141000526435293 1.0105812685632 
-3.141000526435293 1.0105812685632 
-3.141000526435293 1.0105812685632 
-3.141000526435293 1.0105812685632 
-3.141000526435293 1.0105812685632 
-3.141000526435293 1.0105812685632 
-3.141000526435293 1.0105812685632 
-3.141000526435293 1.0105812685632 
-3.141000526435293 1.0105812685632 
-3.141000526435293 1.0105812685632 
-3.141000526435293 1.0105812685632 
-3.141000526435293 1.0105812685632 
-3.141000526435293 1.0105812685632 
-3.141000526435293 1.0105812685632 
-3.141000526435293 1.0105812685632 
-3.141000526435293 1.0105812685632 
-3.141000526435293 1.0105812685632 
-3.141000526435293 1.0105812685632 
-3.141000526435293 1.0105812685632 
-3.141000526435293 1.0105812685632 
-3.141000526435293 1.0105812685632 
-3.141000526435293 1.0105812685632 
-3.141000526435293 1.0105812685632 
-3.141000526435293 1.0105812685632 
-3.141000526435293 1.0105812685632 
-3.141000526435293 1.0105812685632 
-3.141000526435293 1.0105812685632 
-3.141000526435293 1.0105812685632 
