-3.1413326930086467 -4.999999999978396 -0.0012654340576126633 
-3.1415906128123643 -4.999999999971941 -0.001327742293846911 
-3.1415898872222288 -4.999999999971941 -0.0012677416359301267 
-3.141000526435293 -4.999999121435018 -0.002961443954085355 
-3.141000526435293 -4.999999121435018 -0.002961443954085355 
-3.141000526435293 -4.999999121435018 -0.002961443954085355 
-3.141000526435293 -4.999999121435018 -0.002961443954085355 
-3.141000526435293 -4.999999121435018 -0.002961443954085355 
-3.141000526435293 -4.999999121435018 -0.002961443954085355 
-3.141000526435293 -4.999999121435018 -0.002961443954085355 
-3.141000526435293 -4.999999121435018 -0.002961443954085355 
-3.141000526435293 -4.999999121435018 -0.002961443954085355 
-3.141000526435293 -4.999999121435018 -0.002961443954085355 
-3.141000526435293 -4.999999121435018 -0.002961443954085355 
-3.141000526435293 -4.999999121435018 -0.002961443954085355 
-3.141000526435293 -4.999999121435018 -0.002961443954085355 
-3.141000526435293 -4.999999121435018 -0.002961443954085355 
-3.141000526435293 -4.999999121435018 -0.002961443954085355 
-3.141000526435293 -4.999999121435018 -0.002961443954085355 
-3.141000526435293 -4.999999121435018 -0.002961443954085355 
-3.141000526435293 -4.999999121435018 -0.002961443954085355 
-3.141000526435293 -4.999999121435018 -0.002961443954085355 
-3.141000526435293 -4.999999121435018 -0.002961443954085355 
-3.141000526435293 -4.999999121435018 -0.002961443954085355 
-3.141000526435293 -4.999999121435018 -0.002961443954085355 
-3.141000526435293 -4.999999121435018 -0.002961443954085355 
-3.141000526435293 -4.999999121435018 -0.002961443954085355 
-3.141000526435293 -4.999999121435018 -0.002961443954085355 
-3.141000526435293 -4.999999121435018 -0.002961443954085355 
-3.141000526435293 -4.999999121435018 -0.002961443954085355 
-3.141000526435293 -4.999999121435018 -0.002961443954085355 
-3.141000526435293 -4.999999121435018 -0.002961443954085355 
-3.141000526435293 -4.999999121435018 -0.002961443954085355 
-3.141000526435293 -4.999999121435018 -0.002961443954085355 
-3.141000526435293 -4.999999121435018 -0.002961443954085355 
-3.141000526435293 -4.999999121435018 -0.002961443954085355 
-3.141000526435293 -4.999999121435018 -0.002961443954085355 
-3.141000526435293 -4.999999121435018 -0.002961443954085355 
-3.141000526435293 -4.999999121435018 -0.002961443954085355 
-3.141000526435293 -4.999999121435018 -0.002961443954085355 
-3.141000526435293 -4.999999121435018 -0.002961443954085355 
-3.141000526435293 -4.999999121435018 -0.002961443954085355 
-3.141000526435293 -4.999999121435018 -0.002961443954085355 
-3.141000526435293 -4.999999121435018 -0.002961443954085355 
-3.141000526435293 -4.999999121435018 -0.002961443954085355 
-3.141000526435293 -4.999999121435018 -0.002961443954085355 
-3.141000526435293 -4.999999121435018 -0.002961443954085355 
-3.141000526435293 -4.999999121435018 -0.002961443954085355 
-3.141000526435293 -4.999999121435018 -0.002961443954085355 
-3.141000526435293 -4.999999121435018 -0.002961443954085355 
-3.141000526435293 -4.999999121435018 -0.002961443954085355 
-3.141000526435293 -4.999999121435018 -0.002961443954085355 
-3.141000526435293 -4.999999121435018 -0.002961443954085355 
-3.141000526435293 -4.999999121435018 -0.002961443954085355 
-3.141000526435293 -4.999999121435018 -0.002961443954085355 
-3.141000526435293 -4.999999121435018 -0.002961443954085355 
-3.141000526435293 -4.999999121435018 -0.002961443954085355 
-3.141000526435293 -4.999999121435018 -0.002961443954085355 
-3.141000526435293 -4.999999121435018 -0.002961443954085355 
-3.141000526435293 -4.999999121435018 -0.002961443954085355 
-3.141000526435293 -4.999999121435018 -0.002961443954085355 
-3.141000526435293 -4.999999121435018 -0.002961443954085355 
-3.141000526435293 -4.999999121435018 -0.002961443954085355 
-3.141000526435293 -4.999999121435018 -0.002961443954085355 
-3.141000526435293 -4.999999121435018 -0.002961443954085355 
-3.141000526435293 -4.999999121435018 -0.002961443954085355 
-3.141000526435293 -4.999999121435018 -0.002961443954085355 
-3.141000526435293 -4.999999121435018 -0.002961443954085355 
-3.141000526435293 -4.999999121435018 -0.002961443954085355 
-3.141000526435293 -4.999999121435018 -0.002961443954085355 
-3.141000526435293 -4.999999121435018 -0.002961443954085355 
-3.141000526435293 -4.999999121435018 -0.002961443954085355 
-3.141000526435293 -4.999999121435018 -0.002961443954085355 
-3.141000526435293 -4.999999121435018 -0.002961443954085355 
-3.141000526435293 -4.999999121435018 -0.002961443954085355 
-3.141000526435293 -4.999999121435018 -0.002961443954085355 
-3.141000526435293 -4.999999121435018 -0.002961443954085355 
-3.141000526435293 -4.999999121435018 -0.002961443954085355 
-3.141000526435293 -4.999999121435018 -0.002961443954085355 
-3.141000526435293 -4.999999121435018 -0.002961443954085355 
-3.141000526435293 -4.999999121435018 -0.002961443954085355 
-3.141000526435293 -4.999999121435018 -0.002961443954085355 
-3.141000526435293 -4.999999121435018 -0.002961443954085355 
-3.141000526435293 -4.999999121435018 -0.002961443954085355 
-3.141000526435293 -4.999999121435018 -0.002961443954085355 
-3.141000526435293 -4.999999121435018 -0.002961443954085355 
-3.141000526435293 -4.999999121435018 -0.002961443954085355 
-3.141000526435293 -4.999999121435018 -0.002961443954085355 
-3.141000526435293 -4.999999121435018 -0.002961443954085355 
-3.141000526435293 -4.999999121435018 -0.002961443954085355 
-3.141000526435293 -4.999999121435018 -0.002961443954085355 
-3.141000526435293 -4.999999121435018 -0.002961443954085355 
-3.141000526435293 -4.999999121435018 -0.002961443954085355 
-3.141000526435293 -4.999999121435018 -0.002961443954085355 
-3.141000526435293 -4.999999121435018 -0.002961443954085355 
-3.141000526435293 -4.999999121435018 -0.002961443954085355 
-3.141000526435293 -4.999999121435018 -0.002961443954085355 
-3.141000526435293 -4.999999121435018 -0.002961443954085355 
-3.141000526435293 -4.999999121435018 -0.002961443954085355 
-3.141000526435293 -4.999999121435018 -0.002961443954085355 
