0.3896853577433398 8.963489125916427 
1.0 1.0 
1.0 1.0 
0.3896853577433398 8.963489125916427 
0.6610710393757566 1.6043607292322224 
0.9568945363055583 1.0450472461268994 
0.9863214599849037 1.0138682372533045 
0.6792126302886398 1.4729001457447082 
0.40354286793088096 8.365490299313137 
0.48228240637294545 5.546565176839532 
0.5979968466460135 2.750169487909565 
0.6050707186732804 2.569364207262377 
0.7595194517686048 1.3166219759500903 
0.7169213466110299 1.39507029515968 
0.4026770236146931 8.674297915749833 
0.422110601573847 7.587916835613811 
0.7415188989824468 1.348583296745952 
0.46673858911061394 5.998956981409508 
0.4344677161797498 7.113656584955323 
0.4932765656097878 5.194206042288821 
0.6114142947378085 2.461864303820567 
0.4145065125208237 7.975102416036327 
0.541344204935553 3.9316590979994337 
0.4488028099222814 6.597300872312644 
0.7318695185874499 1.3725250655947092 
0.4307505391067371 7.308066925864901 
0.5238053691652125 4.467288271282238 
0.4103594037084177 8.12834791161169 
0.8557567735980234 1.1685563361994653 
0.44079337805915 6.957943767551305 
0.5217562081079677 4.544485371374494 
0.7024068494623807 1.4263466975175114 
0.5854337419901152 2.9834681384937918 
0.590495879412284 2.857976694309446 
0.41620148134768514 7.824365603723548 
0.8883112003360504 1.125810734427298 
0.40861188407975824 8.258831967121319 
0.6321018285545321 2.1004307782145646 
0.5643658449406628 3.43871484592238 
0.5519925156176987 3.716687340892882 
0.4209018945004074 7.720773396289926 
0.4626063797509804 6.149116641728796 
0.5287713629377264 4.238612236453445 
0.5608565490694133 3.6434960349755237 
0.6231320363366815 2.2364037853861616 
0.39429790940327997 8.764465566569976 
0.8760251653003331 1.1416291265190686 
0.45915948135819257 6.367255441543937 
0.8300938346396664 1.2048793459062737 
0.5076502466554556 4.9679300063528675 
0.5379217658416188 4.082992989395909 
0.47405620398532994 5.902676948561502 
0.444507229947543 6.748876125036378 
0.46091895231561353 6.23555222504236 
0.3913004646134714 8.926491999215035 
0.90602142083455 1.1037266636354854 
0.6389165701455564 1.9846835688913986 
0.9451497082111984 1.0580334430749727 
0.4872030926260559 5.37026851458584 
0.8992787408112838 1.1120074048400355 
0.6299666627638796 2.2257509403507716 
0.9387622599612204 1.0652324276834495 
0.7810334327802275 1.2803549236027283 
0.4531230055895418 6.48828123847014 
0.4275239333229275 7.387115726830434 
0.8089423786724349 1.2361819906658822 
0.9174449551105502 1.0899836490784365 
0.4872030926260559 5.37026851458584 
0.49870450433350594 5.137671898580634 
0.44050169379475546 7.044071501620072 
0.4779105926790122 5.733005736712057 
0.6190766610393972 2.369571641317254 
0.5757161251814595 3.261222397081677 
0.4779105926790122 5.733005736712057 
0.5765038494515169 3.151359046587059 
0.6889172690418485 1.4530683003325229 
0.9274782650006712 1.0781923822217832 
0.8436481470403018 1.1853329923293698 
0.5681838835570344 3.415607632831032 
0.8059080955997374 1.25619076123434 
0.5483492558265619 3.842405923859398 
0.5280401012909188 4.265287283841297 
0.7940145928468738 1.259942060456204 
0.5078258657592429 4.796335737105904 
0.5142170327543685 4.689352553318238 
0.6369348131141863 1.9908587072834494 
0.6942218663960984 1.4431635454604246 
0.5379217658416188 4.082992989395909 
0.444507229947543 6.748876125036378 
0.45436576307342436 6.424596964061088 
0.3963393075183317 8.709516532384114 
0.7719795676872929 1.2953710732970805 
0.8405273966761311 1.1897292157975632 
0.49999421746592815 5.043151218958096 
0.588914257116089 2.9706650576224796 
0.5094177219667311 4.781347886296882 
0.5142170327543685 4.689352553318238 
0.996341811945186 1.0127076326208846 
0.5580818169212793 3.6466793967067157 
0.5703384754146311 3.2978254637924236 
