0.3896853577433398 2.4929404666612784 
1.0 0.0 
1.0 0.0 
0.3896853577433398 2.4929404666612784 
0.6610710393757566 0.060596414807192064 
0.9568945363055583 0.0 
0.9863214599849037 0.0 
0.6792126302886398 4.1238214378402915E-4 
0.40354286793088096 2.375833947032787 
0.48228240637294545 1.675010800590551 
0.5979968466460135 0.6445926815120016 
0.6050707186732804 0.5546470474216497 
0.7595194517686048 1.3601097129877254E-9 
0.7169213466110299 1.5567462292478547E-4 
0.4026770236146931 2.4929404666612784 
0.422110601573847 2.202940140173267 
0.7415188989824468 1.3891764558199353E-9 
0.46673858911061394 1.7999447176383412 
0.4344677161797498 2.0906541301525774 
0.4932765656097878 1.5621801176098375 
0.6114142947378085 0.5052190270606379 
0.4145065125208237 2.305731889467613 
0.541344204935553 1.128380868484137 
0.4488028099222814 1.9608871693966328 
0.7318695185874499 0.0045092590060079075 
0.4307505391067371 2.147953768144421 
0.5238053691652125 1.3399895821064165 
0.4103594037084177 2.3355440021435356 
0.8557567735980234 3.3581596751219705E-11 
0.44079337805915 2.067015537644549 
0.5217562081079677 1.3711134551704858 
0.7024068494623807 0.001875690044346734 
0.5854337419901152 0.7466229164267039 
0.590495879412284 0.6876234614460686 
0.41620148134768514 2.2565125548756155 
0.8883112003360504 7.028485032355928E-5 
0.40861188407975824 2.374656890383578 
0.6321018285545321 0.3276861356616452 
0.5643658449406628 0.940693209528985 
0.5519925156176987 1.0515835950639172 
0.4209018945004074 2.2496881495067744 
0.4626063797509804 1.8446205882966646 
0.5287713629377264 1.2412567692340128 
0.5608565490694133 1.0434786127244629 
0.6231320363366815 0.3935748448587416 
0.39429790940327997 2.4558104499355755 
0.8760251653003331 9.584427054196674E-5 
0.45915948135819257 1.9235857062144435 
0.8300938346396664 1.6291652147167393E-4 
0.5076502466554556 1.5219708930920717 
0.5379217658416188 1.196330798774797 
0.47405620398532994 1.7982006275867763 
0.444507229947543 1.999924231599028 
0.46091895231561353 1.8740841986758174 
0.3913004646134714 2.4929404666612784 
0.90602142083455 0.0 
0.6389165701455564 0.2680472186603343 
0.9451497082111984 0.0 
0.4872030926260559 1.6164114285385565 
0.8992787408112838 4.618797370479284E-6 
0.6299666627638796 0.4021488920363426 
0.9387622599612204 1.1960923639403897E-9 
0.7810334327802275 1.1585049423052988E-9 
0.4531230055895418 1.9399894958858248 
0.4275239333229275 2.1581687714462032 
0.8089423786724349 1.2844766180820133E-12 
0.9174449551105502 0.0 
0.4872030926260559 1.6164114285385565 
0.49870450433350594 1.5621801176098375 
0.44050169379475546 2.1029254276750082 
0.4779105926790122 1.7398641694642363 
0.6190766610393972 0.46694649980032954 
0.5757161251814595 0.8775383218028543 
0.4779105926790122 1.7398641694642363 
0.5765038494515169 0.8167706213613014 
0.6889172690418485 0.0010438451963621954 
0.9274782650006712 0.0 
0.8436481470403018 3.982604409235799E-6 
0.5681838835570344 0.940693209528985 
0.8059080955997374 0.012374304096351318 
0.5483492558265619 1.106980428931874 
0.5280401012909188 1.2522427293944267 
0.7940145928468738 4.1238214378402915E-4 
0.5078258657592429 1.4357033481678023 
0.5142170327543685 1.4113449555064257 
0.6369348131141863 0.2680472186603343 
0.6942218663960984 0.001875690044346734 
0.5379217658416188 1.196330798774797 
0.444507229947543 1.999924231599028 
0.45436576307342436 1.9191169020148218 
0.3963393075183317 2.4519237512645815 
0.7719795676872929 1.1585049423052988E-9 
0.8405273966761311 5.038607523643074E-10 
0.49999421746592815 1.5215464472852946 
0.588914257116089 0.7494670055504663 
0.5094177219667311 1.4357033481678023 
0.5142170327543685 1.4113449555064257 
0.996341811945186 0.00900295765621184 
0.5580818169212793 1.0351454634434787 
0.5703384754146311 0.8808767472029195 
