0.725360886027202 1.378629249726376 
0.39883673036724704 8.569038602847314 
0.5353894397421521 4.0812784628452965 
0.6373178736354734 1.9859999550253276 
0.409094820339711 8.115857583393751 
0.5065866556211048 4.82579303299158 
0.44144410675266493 6.885571950444864 
0.4284859358068463 7.34561789215628 
0.643223808032305 1.8959128846526632 
0.9560885913910545 1.04593221327114 
0.6597781029787694 1.6163017822376553 
0.5789096153722074 3.0959515009821184 
0.9999999994979877 1.000000001389279 
0.4423349629884033 6.827234183279928 
0.8330249047289205 1.2004883461322875 
0.7432423175894988 1.3454612451666863 
0.6670337841582978 1.499178124985836 
0.5572174354709144 3.5744883035725477 
0.49382371665830876 5.264537354965016 
0.6293958863084544 2.1407539313891037 
0.43285253021541414 7.179766047990426 
0.8691867866245653 1.1505912084841188 
0.41895175851004735 7.726426253173471 
0.9123478439870131 1.0960774041037433 
0.4727667759561188 5.813584517311625 
0.4643528316294272 6.1047787137409095 
0.5159204500340371 4.572258414941175 
0.47570100730510095 5.721843073300188 
0.47940902644337974 5.641475814573197 
0.3909083308680805 8.942110518860089 
0.6556393836889539 1.6777415387875383 
0.6098615048416409 2.5084075588831047 
0.3965707082969052 8.651469455973892 
0.4797260053523471 5.593913244338334 
0.5739089325202997 3.2159736531929015 
0.5250526296073486 4.333157380874226 
0.528227581540902 4.266479689350213 
0.3961458974644291 8.734738092792384 
0.6487466357421666 1.8464628415556572 
0.5464115098164647 3.855133786751196 
0.48767010525642945 5.371748677804661 
0.47004404884990497 5.905337847133631 
0.5995047850325237 2.6925153948136 
0.5925940209027845 2.820013823567793 
0.5900158573500575 2.8799432782938594 
0.42277445851218104 7.568714313270702 
0.4455146228252084 6.7490928225366815 
0.8032347821378892 1.2449870935080638 
0.5596812024535895 3.524607036968019 
0.5392362264766473 4.003513266288604 
0.4223555761650592 7.6397129442551 
0.57094642852554 3.2868009851027025 
0.5615221872673228 3.474189460915844 
0.43537539126629615 7.080211751988639 
0.4524504525015903 6.4923269574407305 
0.5547188847041065 3.6447266750525134 
0.4063662966997847 8.256797076817568 
0.585990995945716 2.952256257178684 
0.5192916498622122 4.485716380808794 
0.5131595593251863 4.722788230999852 
0.4113916742654863 8.023177688830474 
0.38994266636214103 8.98895576879403 
0.4965527171776607 5.097270287530552 
0.5300925338978731 4.2127584435507055 
0.6550052584014238 1.7688497221545252 
0.6234242691577981 2.2531055722452793 
0.4140429512897142 7.920387052370464 
0.4467566116183238 6.689353470020804 
0.6133387019937456 2.414547190758592 
0.40086418506449123 8.476353191383705 
0.48372274672129445 5.472964064245099 
0.6019832378904939 2.6317531401274876 
0.45693577037862393 6.376810559439647 
0.4490172552758618 6.590195231357425 
0.6911762107101422 1.4514038268734983 
0.4887464302518745 5.3275502899606035 
0.7729745869298283 1.293753850166232 
0.5133475234478245 4.650798115609386 
0.5654994625015111 3.3814964220909682 
0.5960802756961538 2.752842585729956 
0.4941571786263243 5.205962023982478 
0.6638388334837253 1.5631544284450491 
0.5085146568836757 4.767657696033612 
0.5491889599332843 3.752224847125919 
0.40336965526073565 8.390712386463747 
0.4997709429152612 5.025288564032362 
0.5228092753637169 4.404522279295204 
0.4665299368722319 6.011409035916836 
0.45796657483235104 6.285254362239594 
0.42660739575169254 7.424461240388555 
0.542567958046562 3.9090482528340553 
0.460747363761698 6.197125228709885 
0.3933889471522306 8.795952926320934 
0.4163506734893173 7.816404582890388 
0.617159926773655 2.3524469343577 
0.4371284861755504 7.022191878662895 
0.4302996728491519 7.276978557424261 
0.6317940130260243 2.090702915597855 
0.43886855109403305 6.950922442251185 
0.4247396061784951 7.482579235465499 
