0.725360886027202 3.734084540660294E-6 
0.39883673036724704 2.417647338750345 
0.5353894397421521 1.185073389654455 
0.6373178736354734 0.2657132683768877 
0.409094820339711 2.320155299981148 
0.5065866556211048 1.4446823533028326 
0.44144410675266493 2.0395951591453376 
0.4284859358068463 2.1474939566000977 
0.643223808032305 0.21949630536379822 
0.9560885913910545 3.856476932326706E-6 
0.6597781029787694 0.0664005237259642 
0.5789096153722074 0.7922760926445663 
0.9999999994979877 8.872665146000824E-10 
0.4423349629884033 2.019924379774289 
0.8330249047289205 3.669016502821226E-5 
0.7432423175894988 3.734084540660294E-6 
0.6670337841582978 2.457836643765532E-6 
0.5572174354709144 0.9917672056374743 
0.49382371665830876 1.5997534031153264 
0.6293958863084544 0.3473817180149533 
0.43285253021541414 2.1077799002273805 
0.8691867866245653 7.867522078638905E-5 
0.41895175851004735 2.2369998657652217 
0.9123478439870131 3.856476932326706E-6 
0.4727667759561188 1.7484696089978267 
0.4643528316294272 1.8347712821966435 
0.5159204500340371 1.3589216191083642 
0.47570100730510095 1.721886513610614 
0.47940902644337974 1.7045744279684092 
0.3909083308680805 2.4955454973655025 
0.6556393836889539 0.0999934284800188 
0.6098615048416409 0.5297812086165974 
0.3965707082969052 2.4309193699646077 
0.4797260053523471 1.6835456549940169 
0.5739089325202997 0.8456760063173467 
0.5250526296073486 1.2751356773305038 
0.528227581540902 1.2536722479988418 
0.3961458974644291 2.4602306608859745 
0.6487466357421666 0.19788655648215392 
0.5464115098164647 1.106489472963186 
0.48767010525642945 1.6196412431160847 
0.47004404884990497 1.775768911493273 
0.5995047850325237 0.6141758629644879 
0.5925940209027845 0.6711233307094737 
0.5900158573500575 0.6992122024620866 
0.42277445851218104 2.1998590954264152 
0.4455146228252084 2.0068195432447506 
0.8032347821378892 1.693681843339956E-5 
0.5596812024535895 0.9726563046266442 
0.5392362264766473 1.1588393863626636 
0.4223555761650592 2.2266753623065236 
0.57094642852554 0.8765872837186145 
0.5615221872673228 0.9508344650745459 
0.43537539126629615 2.082549961770282 
0.4524504525015903 1.9374562696823312 
0.5547188847041065 1.0217987162364364 
0.4063662966997847 2.3552840507079624 
0.585990995945716 0.729995584431109 
0.5192916498622122 1.3293950602041502 
0.5131595593251863 1.42354392740606 
0.4113916742654863 2.300668502337463 
0.38994266636214103 2.505177380294893 
0.4965527171776607 1.5310634114622514 
0.5300925338978731 1.2331517980414537 
0.6550052584014238 0.15860586933311138 
0.6234242691577981 0.4046406947123756 
0.4140429512897142 2.279380430520307 
0.4467566116183238 1.9885128901837714 
0.6133387019937456 0.4809352398825197 
0.40086418506449123 2.397866414382828 
0.48372274672129445 1.6473972098635783 
0.6019832378904939 0.5842712766224198 
0.45693577037862393 1.9137928455360993 
0.4490172552758618 1.959111374516184 
0.6911762107101422 0.0031757972686239366 
0.4887464302518745 1.6038211862055838 
0.7729745869298283 3.8847921118238056E-5 
0.5133475234478245 1.3874756947038878 
0.5654994625015111 0.9122344091432253 
0.5960802756961538 0.6409151674500251 
0.4941571786263243 1.57256350580697 
0.6638388334837253 0.037682612333880705 
0.5085146568836757 1.4244238174373482 
0.5491889599332843 1.0606804612289102 
0.40336965526073565 2.384558762719866 
0.4997709429152612 1.5114932040677322 
0.5228092753637169 1.3027251011616727 
0.4665299368722319 1.8045022780394457 
0.45796657483235104 1.8784364122249595 
0.42660739575169254 2.1673300746215425 
0.542567958046562 1.1209243284456543 
0.460747363761698 1.8553091120291891 
0.3933889471522306 2.4602306608859745 
0.4163506734893173 2.2543653123513994 
0.617159926773655 0.45183597774710743 
0.4371284861755504 2.0696001055541555 
0.4302996728491519 2.131281492589953 
0.6317940130260243 0.3208935850907783 
0.43886855109403305 2.0505412609977753 
0.4247396061784951 2.178147757671001 
