-16.10765631457943 -7.412632665063115 
-18.02879917986506 -3.769608987281953 
-18.087266573261513 -3.603977538983439 
-14.487389012758175 -11.61004653639744 
-16.08014899480427 -7.485114097714959 
-16.52103940549313 -5.727773764533862 
-15.313263691360625 -8.898264623136047 
-18.72724635099145 -0.8157144688152826 
-18.0673315925131 -3.6673126972390415 
-15.084387971773813 -9.864412403858138 
-17.998284744602223 -3.8286682732311528 
-16.414698618729524 -6.2327756556930485 
-18.254353697287723 -2.8946543802023226 
-14.977101092980995 -10.306518989081619 
-18.144307456091404 -3.391316258572006 
-18.3612136549379 -2.369456786337872 
-18.72724635099145 -0.8157144688152826 
-16.56248736005373 -5.527889667979409 
-16.650734800590527 -5.090400907170077 
-18.240405372060987 -2.961545269995544 
-18.116976417005446 -3.4984418897663225 
-14.486961825737804 -11.610262788089674 
-15.074743294622706 -9.904955973349228 
-16.710376888215663 -4.8135078513589855 
-16.62692773017619 -5.2076315848783885 
-18.39436582892201 -2.2069153115445785 
-16.32362830207898 -6.636862925249799 
-18.606176552635645 -1.2565136183994872 
-18.50717432125063 -1.6765859403858916 
-18.308323638512956 -2.630742129132795 
-15.35426049766389 -8.66830224935083 
-16.591821376043356 -5.383577427969925 
-15.121274374008845 -9.70774615607065 
-17.947903561035094 -3.8750134483793026 
-15.948832989049187 -7.718440099689454 
-18.16538898920977 -3.3031910101220596 
-14.711661883881849 -11.219875086528925 
-18.007178251075068 -3.8136570126940548 
-18.435765789995912 -2.0073085271500797 
-16.04747249812817 -7.5615272134605345 
-15.973703088800312 -7.690155662173259 
-15.936519219912398 -7.729206004938778 
-16.414698618729524 -6.2327756556930485 
-15.980740256743044 -7.6807747384426595 
-16.370036355796678 -6.434809248629463 
-16.32362830207898 -6.636862925249799 
-14.91218266840111 -10.559769639554315 
-15.163747763404881 -9.527001821563612 
-14.78459886270288 -11.005908021372473 
-18.590538611750265 -1.3194914439634602 
-14.873672171189607 -10.702334638096062 
-14.698341721102024 -11.256535503184775 
-18.04698743515351 -3.724871632795912 
-14.842066277087707 -10.815131680553081 
-15.193557125366763 -9.400124585047791 
-16.221552677041608 -7.042709062100016 
-18.213096500431462 -3.0899951181824155 
-15.283047040745776 -9.02276590560599 
-15.034331356602543 -10.072700730448357 
-14.632551584036129 -11.410628806539894 
-16.479683618100587 -5.927014629151011 
-16.28246743193302 -6.807147489532632 
-16.261027037370027 -6.892790324962629 
-16.16165554253047 -7.250300663173629 
-17.96567640221542 -3.866620621209694 
-16.124443342472656 -7.364944705703788 
-18.33158480834429 -2.515776092058409 
-17.955741624498163 -3.8724394156526056 
-16.44673153370575 -6.083881864552516 
-18.470625936288883 -1.8433830387815187 
-15.344646906744188 -8.770657822213845 
-14.751963789655997 -11.106758880681204 
-17.982050208491607 -3.8510272332185234 
-16.020619546306193 -7.615841453816891 
-18.63986889868275 -1.1254261524148776 
-17.974086538035305 -3.859525773564212 
-14.558879817275644 -11.538105909643779 
-19.999762584219138 7.348992801273416E-4 
-14.522635532653041 -11.581852778990616 
-15.233375095377424 -9.231564107065731 
-14.482599428868445 -11.613214315767094 
-14.596689517979348 -11.478313350032494 
-15.015246845586265 -10.15152522743802 
-14.795295762394304 -10.971597735855823 
-14.658753111700207 -11.35318868680503 
-16.195352925371893 -7.136848055579115 
-14.946218758468191 -10.42786724381386 
