-1.0805262315093762 1.4147589397459656E-7 -1.0838499919701807 
-1.0977496649554406 2.520960685012146E-7 6.984064887772497E-7 
-1.0614705765514105 1.3209532385234773E-7 7.195919139065047E-7 
-1.1457124147970514 -1.133039340963799 -1.1483071383434513 
-1.0885958169914451 -2.975188188463046E-7 -1.0928725375259898 
-0.9693696633164879 4.8255055111756235E-5 -0.9416446623042907 
-1.0692704893320186 -0.7984925719497069 -1.0706425131697852 
-0.6806751616986452 1.3349219329135977E-7 7.042799650019763E-7 
-1.073810667525916 1.3205907683655456E-7 7.531619665271977E-7 
-1.0741359295679538 -0.9147559174078173 -1.0728027807783627 
-1.1167890022543507 1.7410705893066214E-7 7.016730374475825E-7 
-0.9918400077024208 2.0553147286298424E-6 -0.9837141226226865 
-0.9592206943631657 1.3383748160016578E-7 6.975100056424695E-7 
-1.0791573471785896 -0.9605221215786973 -1.0827441655537868 
-1.0263285090991046 1.3267643350696671E-7 7.192719949012173E-7 
-0.8949066376729946 1.327932733487931E-7 7.188753152941551E-7 
-0.6806751616986452 1.3349219329135977E-7 7.042799650019763E-7 
-0.944275013377117 9.855321665563454E-8 -0.9416446623042907 
-0.972536086515172 4.4210095285830927E-7 -0.8608666628726891 
-0.9676769100686896 -1.3587202540858627E-7 6.981746647297841E-7 
-1.0431359746984943 1.2665736786746884E-7 7.015836761168458E-7 
-1.1461270200884932 -1.133039340963799 -1.1483071383434513 
-1.0741359295679538 -0.9195400291258784 -1.073040547198594 
-0.7853011808044217 1.3267643350696671E-7 -1.0143454185224898 
-0.9271284183418661 7.338279868834285E-4 -0.9199609675755449 
-0.875120891907742 1.1025400344150598E-7 6.984020840265226E-7 
-1.0141284323129716 1.0914208345591479E-7 -1.0170582598483744 
-0.7505238367452116 2.9706663279140285E-7 6.984064887772497E-7 
-0.8083753775235472 1.3951811200941567E-7 7.190509406712202E-7 
-0.926635300564199 1.3408468333953248E-7 7.042799650019763E-7 
-1.1086488597066482 -0.7215278932900656 -1.1061005220683993 
-0.9429963127674079 4.4706303297215345E-7 -0.9252433235789463 
-1.0709633078620204 -0.8951359817259581 -1.0771031797628638 
-1.1483835930488402 1.1869572729196229E-7 7.195285294607638E-7 
-1.131408918175224 -6.095606750944808E-8 -1.1320572411482326 
-1.0134027037756965 2.9706663279140285E-7 6.984064887772497E-7 
-1.1086488597066482 -1.0636515579073471 -1.1061005220683993 
-1.1112323595991294 3.589319849994461E-7 7.172243686293133E-7 
-0.8505219721709554 4.3704322998006473E-7 7.190059810570113E-7 
-1.0990654436913427 -1.3451742082402557E-6 -1.102744364338562 
-1.1252798575023135 2.0311959170996336E-7 -1.1226051040693725 
-1.134262286474981 -2.2113663433720974E-8 -1.136927985539673 
-0.9918400077024208 2.0553147286298424E-6 -0.9837141226226865 
-1.1208789168448572 -1.8746771711091731E-6 -1.1226013348622408 
-1.0050683039039452 -6.425422683484275E-7 -0.9977310008358029 
-1.0141284323129716 1.0914208345591479E-7 -1.0170582598483744 
-1.0882342851304163 -0.9865062150998699 -1.08538043025347 
-1.0707813915464435 -0.8800011238961455 -1.065940041579801 
-1.0985511211527164 -1.0330363624988828 -1.1061170390570099 
-0.7596173933709539 1.3415047984811584E-7 7.531619665271977E-7 
-1.095672053744063 -0.9984546909421451 -1.0911550376297825 
-1.113227025227256 -1.0638216350834415 -1.1137408317543078 
-1.0864356057472477 1.4037195790207856E-7 7.191641302707108E-7 
-1.0929048086025206 -1.0135310823860317 -1.0950911797890894 
-1.0731548094823558 -0.8625023378499281 -1.0667507899579622 
-1.0497439597010239 -3.0762007432436545E-7 -1.0441726259537225 
-0.984274503795704 1.264667223603819E-7 7.192259655932304E-7 
-1.0725966270664882 -0.8152676658058232 -1.0667507899579622 
-1.072363798349424 -0.9399961014037949 -1.0748928917593685 
-1.1222829262014047 -1.0869038904701143 -1.1225252768982819 
-0.9566902431600713 -6.44701576320244E-7 -0.9793749585103333 
-1.0322370629949256 -4.5857227026511087E-7 -1.0241997899517443 
-1.0323047963386274 1.5567118345465679E-7 -1.0373065345221502 
-1.0660781350289878 2.453956290145024E-9 -1.0648297305927354 
-1.1372152494052097 1.7460680755099685E-7 7.016730374475825E-7 
-1.0779010072287714 1.4099151855868673E-7 -1.0760584911652469 
-0.91265592144947 -5.038179909384409E-7 7.531619665271977E-7 
-1.143454982768671 4.3704322998006473E-7 7.190324277521152E-7 
-0.972536086515172 4.4210095285830927E-7 -0.9835250217624136 
-0.8299025701177314 1.320720535283633E-7 7.191953298857635E-7 
-1.0698501916542267 -0.7808597154123554 -1.0706425131697852 
-1.1086488597066482 -1.0438084564708043 -1.1061005220683993 
-1.126947399252773 1.0496111118687107E-6 7.014962830912231E-7 
-1.109755305379576 3.791424588340418E-6 -1.108801333701182 
-0.7309875904910261 1.3408468333953248E-7 7.042799650019763E-7 
-1.1319390054107612 9.774428361683218E-8 7.531619665271977E-7 
-1.1367807171409297 -1.1103177754337024 -1.1328838261367238 
-1.1800272332917696E-4 1.1012364290198846E-7 6.978729462270565E-7 
-1.1407962905360116 -1.1223906461335278 -1.1400978615556097 
-1.0710052041949978 -0.8413005143421239 -1.069206621632079 
-1.1461270200884932 -1.1351812829722658 -1.1483071383434513 
-1.124534225179171 -1.0985783942048506 -1.131801027723516 
-1.0742500413948877 -0.9472378388064817 -1.0771928848667147 
-1.0985511211527164 -1.0330363624988828 -1.096198090661307 
-1.1165366171784752 -1.078044811015136 -1.1205123464057665 
-1.0560056324036315 -5.346676361887328E-7 -1.0540738434401429 
-1.0785831992782966 -0.9755824247003606 -1.0840534850445718 
