-16.43635592507117 -6.097448927600212 
-16.88977062721777 -4.085704070946453 
-14.83340370725785 -10.820568012443486 
-18.82281916873194 -0.5208136497630326 
-15.56011356197476 -7.933382500095144 
-16.34487424153955 -6.527217571403973 
-15.191560018885507 -9.400600616937869 
-15.605091188672048 -7.845229466817755 
-18.075530986297743 -3.6395052286922365 
-18.10912846267167 -3.4428870473489117 
-16.808621943729882 -4.412419100187237 
-15.08725639745336 -9.833695086301228 
-18.852333047370685 -0.44724681885855494 
-16.407725238531054 -6.20924714956206 
-15.392541182326319 -8.579935934700556 
-15.266714407514591 -9.082591791022809 
-16.587509566773235 -5.404184902734839 
-16.17235043759079 -7.078208702277188 
-16.09221759360397 -7.42599972168623 
-15.242409424976355 -9.171944690303976 
-18.437356616423273 -1.9977681313809394 
-14.536455007785527 -11.547306642380569 
-18.33187563601615 -2.5114450255521525 
-18.536706876078668 -1.5440117807190012 
-16.238297755084734 -6.949429915548103 
-14.697895270980167 -11.08194632378482 
-14.688240156362804 -11.201618955334677 
-18.513993809216547 -1.6429649913325022 
-15.363342656702084 -8.691465282098616 
-16.99290141003256 -3.9614004676971692 
-18.462575886053205 -1.8780468139715463 
-18.024763932975297 -3.776779910867754 
-14.928464304656327 -10.496848876754788 
-16.859339293705645 -4.244519748322139 
-16.522944321120008 -5.7136123086112605 
-16.138090342420863 -7.323272756146168 
-15.495656927034311 -8.19085591336088 
-18.16674766151347 -3.293976945015864 
-14.794415253209742 -10.955805059317305 
-16.602757458120358 -5.22968686027835 
-18.58268836686897 -1.3490492606919466 
-16.48662657702046 -5.82747043377756 
-18.755372122698365 -0.7236427663125475 
-16.656115849907174 -5.028870971636682 
-16.688201543930326 -4.908068086499809 
-16.263318722348885 -6.848535981923558 
-18.493376406625146 -1.7335973581736426 
-16.54482152764063 -5.60840242839684 
-14.615142006048004 -11.4409486606563 
-18.96283313977666 -0.197709859066589 
-16.5694599641284 -5.492701211444199 
-14.431144982566538 -11.627110124159007 
-16.46349565966689 -5.981896926634926 
-14.966012281685368 -10.33000428970086 
-18.306547823686117 -2.6343861907000026 
-16.17058840230105 -7.165258686631008 
-18.280484061138512 -2.7651425623457158 
-19.04178246400943 -0.05780098433114407 
-15.51695432080308 -8.073365669067467 
-19.995174118821023 0.01000981366994317 
-15.162629117713685 -9.531492056923895 
-15.219946479481324 -9.255228539525879 
-18.410190887509227 -2.1288478324778493 
-18.71533356220517 -0.852862940137512 
-17.036846244650675 -3.875554737022614 
-18.897311304777645 -0.3380549057499315 
-18.556359136951087 -1.4585581772982896 
-15.633369539735025 -7.752058316442357 
-16.778045122183507 -4.504208311851967 
-15.04083266029965 -10.004590132883239 
-18.355876260251353 -2.39250714937452 
-15.992015837051326 -7.652367558855529 
-14.993899900524873 -10.234252389710203 
-18.225801341982113 -3.0260618143597187 
-14.869452575427292 -10.711599394888776 
-18.67830049351077 -0.9762766941697775 
-16.39068249109628 -6.336560503267213 
-15.12652519421748 -9.670613065328727 
-16.63430701178157 -5.140276918912707 
-15.889886014639195 -7.7501837084479135 
-16.716083934026777 -4.784036956959157 
-18.64436248534124 -1.1058195476323316 
-15.461744341795393 -8.319379511826046 
-16.324690587179287 -6.63095465636212 
-17.940054403270842 -3.8745109819629424 
-16.052108338146773 -7.5474909597167255 
-15.023528500962062 -10.116105302004447 
-16.294659713196246 -6.752095825384478 
-15.324822191836581 -8.822857912567034 
-18.38165441159234 -2.2591864457045956 
-15.423854793569808 -8.448131097800966 
-18.103189797550048 -3.5460887006314232 
-16.75224269179617 -4.625359383788323 
-15.293843443389541 -8.965551807604223 
-18.60964982295929 -1.2409373333144338 
-18.196487263328436 -3.1610597350343603 
-14.637722261340564 -11.327757577175142 
-18.253742141514437 -2.8872024774660425 
-18.793058672421317 -0.6087617050050376 
-16.367781324074514 -6.442248406811959 
