-1.0293360117982218 -8.729210640215455E-5 -0.9334889815914947 
-1.0921806196614376 -0.054408003632940516 -0.6060288158427305 
-1.0712574395775183 -1.0335865316581054 -1.0869561387164572 
-0.6254881645221981 -1.3363609885009339E-4 -6.301607514157588E-4 
-1.0443340368002572 -0.6877404439015102 -1.0554788150419592 
-1.0233804828416688 -0.004663712369911643 -0.9948180227408528 
-1.051221934644108 -0.8764356662211144 -1.0676105773494426 
-1.0884597377400216 -0.6096680985520043 -1.0726294336573252 
-1.068470619582157 -2.1119469052493058E-4 8.133322062436939E-6 
0.008202118320205343 -3.0893914991551906E-4 -1.0378701024579062 
-0.7317717877789869 -1.9888636203906182E-4 -1.0105156479761312 
-1.0796191891865612 -0.8943690261423021 -1.0989274852731215 
-0.6093153231043766 7.308952122756494E-5 1.660241441086771E-4 
-0.934658523772891 -2.913459416065221E-4 -1.0457585230133442 
-1.0761101539911704 -0.7524725865532318 -1.0666982167131889 
-1.0511627601357503 -0.8405544210315675 -1.0623514130359109 
-0.93608504440447 -1.6030147823860113E-4 -0.9347379903513195 
-1.007610853778252 -0.004801745568595448 -1.1172610465521384 
-1.1047675406131907 -0.004195046046751583 -1.069244336233445 
-1.0735787136477155 -0.8544085472101528 -1.0380696838847459 
-0.8494286940695538 -1.2778399608174347E-4 8.069214665521558E-7 
-1.116771779876283 -1.123097467119116 -1.1492797720859445 
-0.9122673414300092 -1.7849862992217011E-4 1.6311360042649144E-5 
-0.7908903456881982 -1.3362984558591763E-4 -2.1258325333542677E-5 
-1.0162823779157066 0.0028696208314838434 -1.0674381812227858 
-1.0656619936359126 -1.11017193955578 -1.0693300482561017 
-1.0655491188655861 -1.0879125340280238 -1.123805577653526 
-0.8041167461087138 -2.1528049328900848E-4 7.307520073738159E-6 
-1.084941222284165 -0.7610051033175393 -1.0690651317753324 
-0.521270358884707 -1.0063613782487248E-4 -1.126392938933326 
-0.8344456254487483 -1.7849862992217011E-4 1.6266225362004526E-5 
-1.1000483613094234 -1.7279727726804417E-4 -1.1873931007513568E-5 
-1.0915903636687974 -0.976267888529925 -1.0857997022105736 
-0.6866932869314821 0.0011280596969266165 -1.0273825899578743 
-0.9806748096160907 -2.550249109819482E-4 -0.9292801290107346 
-1.072492176569268 -1.821351156220274E-4 -1.0730071660259664 
-1.0916964325671785 -0.6831469691428542 -1.063403767479064 
-1.0123231352641415 -1.6147542343552133E-4 1.2305847866553418E-4 
-1.0929105439045532 -1.0454336932216257 -1.0790428747563168 
-0.8018562167724715 -0.00338969545391693 -1.0631800892743912 
-0.7639868960964907 -1.7279727726804417E-4 -1.9324905890808256E-5 
-1.0419726771163127 -2.0503330469535095E-4 -0.8909942773546995 
-0.664425169959119 -1.4191027466499618E-4 -1.461161206544329E-5 
-0.7890787690884435 0.0012125003993640354 -1.0437091327119103 
-0.8174691728948384 0.0011639197628118022 -0.99439739477394 
-1.007610853778252 -0.004663712369911643 -1.0607099407703526 
-0.8160550063996846 -3.711432888153436E-4 -1.5123343006915122E-5 
-0.9617384703855841 0.0011812026394304948 -0.9348873004598456 
-1.135244802223654 -1.0890323203687826 -1.121993788692113 
-0.5473292395870525 -1.4657750213542032E-4 -1.4455970913526182E-5 
-0.93608504440447 -1.6030147823860113E-4 -0.9456298216985286 
-1.154099762536443 -1.1543430122145355 -1.1524083265449234 
-0.9348213255147696 0.0011843211840673897 -1.0113372402808172 
-1.0923464656860116 -0.9453647502877722 -1.105885391365176 
-0.9273417768150409 -2.75437691082652E-4 1.2305847866553418E-4 
-1.098249357629431 0.0011639197628118022 -1.0273825899578743 
-0.9432326147274447 -1.5309034385027148E-4 -1.445504297937982E-5 
-0.5034732977191851 -1.5314587445037147E-4 -1.7662907641153738E-5 
-1.093853787319799 -0.6925696754377916 -1.032724562695574 
0.0017106262363138502 -1.7856947122415264E-4 -6.699742017352386E-4 
-1.0651363272560233 -0.8818158613526115 -1.0695476034103675 
-1.091387229431827 -0.8168166386284769 -1.097444899808476 
-0.8656235016564605 6.634685410885923E-5 -1.5836913609046206E-5 
-0.687301594916091 -1.730705428454025E-4 -4.105495500404512E-5 
-0.521270358884707 0.003304611452823736 -1.0989274852731215 
-0.5840142563575339 -1.4657750213542032E-4 -1.4455970913526182E-5 
-0.779333238760419 -1.5314587445037147E-4 1.0707542076744209E-4 
-1.0882584719448376 -0.5995620739306173 -1.063403767479064 
-0.7890787690884435 7.664265346120511E-5 -0.9691532755984309 
-1.0931020879124904 -0.9038352463153868 -1.109779613486838 
-0.8978863441083705 -1.2630318424754382E-4 1.265152890814683E-4 
-1.1048368073630614 -1.3109673546257336E-4 -1.131625920506432 
-1.0915903636687974 -0.943338276990514 -1.0855543852914908 
-0.976165203680644 -3.1359646973575385E-4 -1.445504297937982E-5 
-1.0812447733668764 -1.012134530415914 -1.0841676728387883 
-0.7081042998442086 8.974871938185218E-5 -5.943909401514946E-4 
-0.9789077132138058 -1.9888636203906182E-4 -1.0113372402808172 
-1.0961502511483892 -0.8818158613526115 -1.0693300482561017 
-0.8174691728948384 0.0011639197628118022 -1.0273825899578743 
-1.1491187108820569 -1.2633996084811675E-4 -1.1513761943855434 
-0.7733807084752309 0.0011639197628118022 -1.0233507522939294 
-0.7281831285287307 -1.7279727726804417E-4 -4.105495500404512E-5 
-1.0759777776212376 -0.6985384128077138 -1.0854473410001593 
-1.0192013340007966 -1.9315685842274315E-4 -1.0113372402808172 
-1.1530542249080624 -2.1470232176446026E-4 8.133322062436939E-6 
-1.0921806196614376 -2.1548247201208753E-4 -1.1067506721501716 
-1.0735721775241 -0.9384082979970532 -1.0859838937740605 
-1.037645771796363 -1.9888636203906182E-4 -1.0113372402808172 
-1.0341975172766416 -0.8108737962895376 -1.0774150668041074 
-0.8819304159872093 -1.3363609885009339E-4 -6.301607514157588E-4 
-1.051221934644108 -0.7524725865532318 -1.0666982167131889 
-1.051406024806842 -1.5314587445037147E-4 1.0693305338949592E-4 
-0.7890787690884435 7.664265346120511E-5 -0.9848385177660055 
-1.0466963705256147 -0.8289200239352892 -1.0625761378472334 
-0.7483588024771547 -1.2778399608174347E-4 8.069214665521558E-7 
-0.9940164663031938 -2.861568333924412E-4 1.2419366629750765E-4 
-1.161881669061458 -1.062476328302545 -1.1243148542184946 
-0.958795464386122 -2.865716948114012E-4 -5.917746007761719E-4 
-0.6428573647594541 -1.9229348242138903E-4 -1.1526841932339038E-4 
-0.9928540456574132 -1.9888636203906182E-4 -1.0113372402808172 
