0.8515795270485126 -0.7726859918077085 
8.969871049223366E-8 1.0012328908234578 
0.6521770072406862 -0.457474684732941 
0.8233573340527169 -0.4575943934825524 
0.6185873276446481 -0.12662134489078583 
0.4527963045330584 -0.12302741384834222 
0.40940977790733607 0.24200088871985986 
0.25836845723035334 0.24339822955859727 
0.0823595340109392 0.6709556217426286 
0.18277251730999458 0.6678748833222735 
0.22313734662929674 0.3861268366906342 
0.21011663387086388 0.47773197027959924 
0.02542567665245221 0.8240085017503933 
0.2183333340487363 0.41524498121122233 
0.22813006156944637 0.3540938413003377 
0.2442430552239674 0.26747920015122567 
0.204494328539573 0.520172318038459 
0.41890461783178967 0.12092593298176309 
0.06534975470197857 0.6885781332933295 
0.21521306637665305 0.4388803969703374 
0.8294699363890206 -0.5725034804208744 
0.23001090603580185 0.3354519395161899 
0.4380000492800159 -0.06673210573348391 
0.6310208799890321 -0.3156291715008711 
0.6363916997867368 -0.37543763306576405 
0.03162199763588647 0.7970812483124896 
0.8467856319503811 -0.7621005291174326 
0.42637772382752215 0.033937601007858816 
0.23410273683804866 0.3122683481723574 
0.24230639257214925 0.288333741284605 
0.4341381703268402 -0.038325126511539805 
0.0013787521495169097 0.9656199801201721 
0.8367164219387705 -0.6788299663786572 
0.6337630449796903 -0.34696075135628823 
0.622218868857279 -0.18748770658207892 
0.42241525823963255 0.0777164158562491 
0.6211836586779149 -0.17079624014325925 
0.057390527058812674 0.7063193456848077 
0.8274536156060559 -0.5358257316729788 
0.6239578243436504 -0.21164426386687382 
0.41301730777150314 0.20638762156712287 
0.0714575387566817 0.6783290380682284 
0.020817360034430354 0.8454102198018851 
0.638852948731392 -0.39813492059344346 
0.41052967130980267 0.22720496086196282 
0.183611580712447 0.6628424131303946 
0.18816235996623693 0.6362173905796668 
0.8244909632110284 -0.47318464452699 
0.1932010367292869 0.602916137485752 
0.4134296769132523 0.18916417122296567 
0.4149464196203197 0.16938106200576872 
0.2366542780957806 0.30017030949996937 
0.8353214683458022 -0.6610386579100115 
0.6441601087175208 -0.433603434664781 
0.825540612444194 -0.5007801198623388 
0.253030046574377 0.2463623814089832 
0.4521012248528099 -0.11626283746956931 
0.8404497676729725 -0.7183342513198001 
0.03930782613050393 0.7663180234129134 
0.4169479583089868 0.1500178999389657 
3.331151064208532E-7 1.0008245219124146 
0.003983161461912493 0.9382784857006209 
0.19147620094720086 0.61490462316814 
0.8305047806873008 -0.5845699073475017 
0.6288747329015659 -0.2872992035093963 
0.007393743272084807 0.9143725536670159 
0.05122077978629404 0.7241545546506302 
0.04170907390150885 0.7580022428238669 
0.04567841145175314 0.7426875275911543 
0.035384168293365215 0.7841947438238218 
0.6247875977481783 -0.22627955269062242 
0.431027938593185 -0.012232595765836875 
0.8271697951594732 -0.5320107967892609 
0.8342807502358556 -0.6429338333387312 
0.4405424271880389 -0.07770354709998495 
0.6344619589630842 -0.3558419041213724 
0.8315612726932023 -0.606010546543321 
0.6197690627368945 -0.1469264334951285 
0.6300050829273292 -0.30267337130490163 
0.8332011377013963 -0.6306864259128001 
0.44395148869596507 -0.10122189131470909 
0.4331908467648429 -0.028288838100789252 
0.8387054804425493 -0.7015204835293709 
0.8430543246642372 -0.7400317922494942 
0.42424788307346895 0.05773919243769449 
0.6408301152300001 -0.4137825737823541 
0.05712816272818322 0.7166653942107362 
0.4286746277075038 0.01011379687662647 
0.07871811961063274 0.6723772092898128 
0.8255204225545808 -0.4946895986517219 
0.6276176940499186 -0.27011194414045775 
0.01893242095427794 0.8541496317939007 
0.012609468130660106 0.8842167327184073 
0.19602128901735225 0.5828793169096297 
0.42575096369103443 0.05348855487580859 
0.21247713903899412 0.45949025014512873 
0.18956270396845581 0.6332342310547032 
0.832123513245166 -0.6147972222642502 
0.42050739966052797 0.09999391521887031 
0.8428116694190566 -0.7383239880078528 
