3.141444257735343 0.09031158611763637 
3.141570663094603 0.023081762896674542 
3.1415209247661102 0.06538177714008937 
2.435019609823291 0.6379290368818715 
3.141558810788205 0.04261197540458599 
3.1414675096548526 0.08442182466622608 
3.1415477026602603 0.05175056490059213 
3.14155332924263 0.04869039463077948 
3.1415723050837014 0.01421032670411695 
3.1415121136762103 0.06957400848366224 
3.1415573840441553 0.04340472855613148 
3.1415741274722464 0.005992172576168564 
3.141548942723969 0.05030798051593918 
3.1415627787983142 0.038484676570595594 
3.141521949471609 0.0646080875530217 
3.141566693674447 0.03405230372978846 
3.1415635622146065 0.038106706035244936 
3.1414857881521323 0.079110439690733 
3.141546391891169 0.05301359499070166 
3.141561838386047 0.040353359881986885 
3.14155713277445 0.043820005711397575 
3.141550994504255 0.04921942466554562 
3.1414618530050404 0.08593718151935263 
3.141564781841323 0.03661080069902669 
3.1415569842277717 0.04556415146096757 
3.1415657348931765 0.03488361116033856 
2.9793833056361403 0.3702038025114327 
3.1415671828707668 0.03208942049256139 
3.1414789025742333 0.08092742771344583 
3.141471001135491 0.08359132486261252 
3.1414518370698916 0.0886095080418154 
3.141500558975163 0.07295733644053318 
3.1414275470740445 0.09436285081296185 
3.1414977794387484 0.07522773163281367 
3.1415167821508967 0.06809320733316825 
3.141436554166055 0.09202036917206657 
3.1415205789914697 0.06677793951665804 
3.1414151398322545 0.09686758419187473 
3.1415277998999773 0.0625939506602804 
3.1415608491484672 0.04090376589037008 
3.1414173056609336 0.09630746548279367 
3.1414736922326765 0.0819982238655772 
2.9797729019864305 0.3550839357596667 
3.141544038707853 0.05495792970668505 
3.1415073738561987 0.07197599712287336 
3.1414658124080637 0.0848648465238093 
3.1415698756863826 0.025680601247597388 
3.1415536786946623 0.048403324699037895 
3.1415307052322228 0.06182580373258575 
2.4169285913822294 0.8089510703910976 
3.1415657137663304 0.03553573741576862 
3.1415344910410035 0.059035886805737514 
3.141539190722291 0.05732668128183431 
3.141564186851451 0.037286221343634816 
3.141532051912112 0.061152051858773725 
3.1415600727943453 0.041893609339845116 
3.141570379087183 0.024203797568713596 
3.141567809841744 0.03093883576123503 
3.141541194305319 0.05660447735982908 
3.141534396824069 0.05994394346772865 
3.1415448378563675 0.054325198527955525 
3.141546478859321 0.05235205177230249 
3.141569246282312 0.0293320765168993 
3.1415270710943215 0.06393187000332291 
3.141536869105918 0.05863091053425812 
-3.141592653589793 1.0319501858480888 
3.141542781340021 0.05545056030743453 
3.141441937853598 0.09102564286370991 
3.14143190972614 0.09318235457202526 
3.141505910819707 0.0724670239734675 
3.141542114479401 0.05623886118734614 
3.1414778511351145 0.08132973109873409 
3.1415539479601584 0.047800739557961866 
3.141532856469818 0.0607587351993286 
3.1414902697133393 0.0774969200539059 
3.1415694528462184 0.026519491740914825 
3.1415124445163665 0.06880663327755328 
3.1414802521231473 0.08057332209890215 
3.1415191271116503 0.0674867513843005 
3.1414921095231017 0.07665087022424306 
3.1415541241377047 0.04691064614660198 
3.1414474556364844 0.08946273707890759 
3.1415080630353156 0.07149667105947477 
3.141554693281889 0.04634602308540765 
3.1414728800362175 0.08299053824197763 
2.996596706957187 0.23711853475023031 
3.1415100354982135 0.07097515492506871 
3.141569217595166 0.030257223188715984 
2.996560623062178 0.292152489576038 
3.1414527861300274 0.08684995408101961 
2.9964559634110133 0.29259819643171087 
2.4171245077049175 0.653048554824835 
2.9965971182986917 0.19347553689665767 
2.4441316642346234 0.4051543147061027 
2.996639401908576 0.16546119319710523 
2.9802585222639566 0.30445665623055235 
2.436379427155834 0.4562326090761572 
2.9974023176954505 0.1249188903493973 
0.9753044479247649 0.8126462428235866 
0.9753504857308972 0.8092334025803003 
