3.141444257735343 -4.999999997020866 9.408953912853595E-5 
3.141570663094603 -4.999999999866315 9.923130580965695E-5 
3.1415209247661102 -4.999999988845923 9.44861404195698E-5 
2.435019609823291 -3.8050743603352597 3.272416563659416 
3.141558810788205 -4.999999997252248 9.45206326131076E-5 
3.1414675096548526 -4.999999999571868 9.430255311137873E-5 
3.1415477026602603 -4.999999997864845 9.743384282380937E-5 
3.14155332924263 -4.999999999826015 9.191945367945582E-5 
3.1415723050837014 -4.9999999991934825 9.923130580965695E-5 
3.1415121136762103 -4.999999977365715 9.254780449971044E-5 
3.1415573840441553 -4.999999996985249 9.718939905179891E-5 
3.1415741274722464 -4.999999999054454 9.280083270167125E-5 
3.141548942723969 -4.999999996592166 9.957673492845816E-5 
3.1415627787983142 -4.9999999991303135 9.719948863880801E-5 
3.141521949471609 -4.999999988042437 9.417808034786727E-5 
3.141566693674447 -4.999999999980929 9.432244560614082E-5 
3.1415635622146065 -4.999999996985249 9.425848644939725E-5 
3.1414857881521323 -4.999999998812044 9.425768448872071E-5 
3.141546391891169 -4.9999999976473495 9.426368673119336E-5 
3.141561838386047 -4.999999995406151 9.457866146937632E-5 
3.14155713277445 -4.9999999971171345 9.719948863880801E-5 
3.141550994504255 -4.9999999971171345 9.719948863880801E-5 
3.1414618530050404 -4.999999999578113 9.43252490296777E-5 
3.141564781841323 -4.999999998015145 9.171523791113053E-5 
3.1415569842277717 -4.999999991163413 9.448531155783529E-5 
3.1415657348931765 -4.999999998015145 9.417808034786727E-5 
2.9793833056361403 -4.938460429612791 0.8034570132208387 
3.1415671828707668 -4.99999999995229 9.779828845962905E-5 
3.1414789025742333 -4.999999996547548 9.743384282380937E-5 
3.141471001135491 -4.99999999739411 9.04695269457518E-5 
3.1414518370698916 -4.999999999605784 9.210246560015474E-5 
3.141500558975163 -4.999999977420541 9.008265246292853E-5 
3.1414275470740445 -4.999999998846071 9.04695269457518E-5 
3.1414977794387484 -4.999999998711003 9.440672952811206E-5 
3.1415167821508967 -4.99999999712825 9.432908565938148E-5 
3.141436554166055 -4.999999999933851 9.815626061857998E-5 
3.1415205789914697 -4.999999998015145 9.165125432565E-5 
3.1414151398322545 -4.999999998069693 9.458559431274541E-5 
3.1415277998999773 -4.999999987842899 9.286606267800738E-5 
3.1415608491484672 -4.9999999969880315 9.449780764798016E-5 
3.1414173056609336 -4.999999999508016 9.782645292941197E-5 
3.1414736922326765 -4.999999976336991 8.875285447270507E-5 
2.9797729019864305 -4.94011848931954 0.8034570132208387 
3.141544038707853 -4.9999999996263504 9.273003568545904E-5 
3.1415073738561987 -4.999999998951249 9.256370944905517E-5 
3.1414658124080637 -4.999999998843494 9.422891908643723E-5 
3.1415698756863826 -4.999999996974972 9.923130580965695E-5 
3.1415536786946623 -4.999999999625327 9.181929570168925E-5 
3.1415307052322228 -4.999999995406151 9.270232945281016E-5 
2.4169285913822294 -3.8053426366727856 3.321991742052257 
3.1415657137663304 -4.999999999980929 9.430392481783188E-5 
3.1415344910410035 -4.999999991163413 9.272423246775794E-5 
3.141539190722291 -4.999999999927127 9.73738109114679E-5 
3.141564186851451 -4.999999998771322 9.430392537321018E-5 
3.141532051912112 -4.999999996806193 9.430226034300573E-5 
3.1415600727943453 -4.999999998830307 9.527296756802034E-5 
3.141570379087183 -4.999999996974972 9.923130580965695E-5 
3.141567809841744 -4.9999999999664855 9.779828845962905E-5 
3.141541194305319 -4.999999997020369 9.04695269457518E-5 
3.141534396824069 -4.999999996806193 9.432023943736347E-5 
3.1415448378563675 -4.999999998431265 9.268758036954551E-5 
3.141546478859321 -4.9999999971908435 9.840721557192867E-5 
3.141569246282312 -4.999999999620874 9.430458861629683E-5 
3.1415270710943215 -4.999999999726061 9.276784485839666E-5 
3.141536869105918 -4.9999999999871045 9.72857731078735E-5 
-3.141592653589793 -4.999999999906445 -3.124462501639537E-5 
3.141542781340021 -4.99999999879341 9.430458861629683E-5 
3.141441937853598 -4.999999997020369 9.04695269457518E-5 
3.14143190972614 -4.999999997124735 9.44824851655146E-5 
3.141505910819707 -4.999999997088901 9.181738433031127E-5 
3.141542114479401 -4.999999999573875 9.161967098622846E-5 
3.1414778511351145 -4.999999999994799 9.786186939862815E-5 
3.1415539479601584 -4.999999996993563 9.04695269457518E-5 
3.141532856469818 -4.999999996806193 9.414236120704848E-5 
3.1414902697133393 -4.999999991630086 9.2544328720451E-5 
3.1415694528462184 -4.999999997889382 9.923130580965695E-5 
3.1415124445163665 -4.999999985799006 9.286518581003163E-5 
3.1414802521231473 -4.999999997864845 9.743384282380937E-5 
3.1415191271116503 -4.999999999573875 9.165344617390523E-5 
3.1414921095231017 -4.999999987211495 9.256372618829076E-5 
3.1415541241377047 -4.999999999693879 9.910815809459793E-5 
3.1414474556364844 -4.9999999962346635 9.527296756802034E-5 
3.1415080630353156 -4.99999999712825 9.440672952811206E-5 
3.141554693281889 -4.999999997864845 9.74708201489033E-5 
3.1414728800362175 -4.999999997007589 9.16711651138008E-5 
2.996596706957187 -4.947620966424836 0.7192699590214262 
3.1415100354982135 -4.999999997858397 9.185591734183401E-5 
3.141569217595166 -4.999999999983295 9.242889238903927E-5 
2.996560623062178 -4.948158580592078 0.7185400472292851 
3.1414527861300274 -4.999999958749738 8.87939346347872E-5 
2.9964559634110133 -4.948158580592078 0.7192699590214262 
2.4171245077049175 -3.7698591736758646 3.3164906175164215 
2.9965971182986917 -4.948158580592078 0.7226820747894066 
2.4441316642346234 -3.837330961556732 3.211383969674835 
2.996639401908576 -4.947524191210552 0.7228649284773901 
2.9802585222639566 -4.941739867086794 0.8034570132208387 
2.436379427155834 -3.8050743603352597 3.239557293231114 
2.9974023176954505 -4.948158580592078 0.7185400472292851 
0.9753044479247649 2.806656947624929 4.140859946387713 
0.9753504857308972 2.806656947624929 4.140724151365829 
