0.8465833599539161 1.181218586737206 
0.4151055859298256 7.863895556094264 
0.38891538014284915 8.99900479640685 
0.4586385365796291 6.2647045040585585 
0.43338033558357714 7.153302905241506 
0.6433019451546529 1.882174189397188 
0.6668391936615593 1.4996119146942792 
0.606976932131537 2.5332091869967965 
0.42498883555577777 7.4718859207977815 
0.4721471654942524 5.826145007431179 
0.3970069969316388 8.6325418434684 
0.509559639411206 4.737499348098993 
0.538461127066771 4.00195625412032 
0.38891538014284915 8.99900479640685 
0.7120938242383471 1.4043093282961652 
0.48953368391944846 5.301367935641017 
0.5945053721089681 2.7756348521695444 
0.4500238528147744 6.555589621591713 
0.666764328581732 1.499780292876631 
0.7455544301884107 1.3414862243945065 
0.6252253839711157 2.2025499237167816 
0.5150243570899208 4.5937032151652755 
0.636907014236348 2.0016649825578003 
0.666764328581732 1.499780292876631 
0.4386589765951277 6.960665299876168 
0.6553449316553497 1.6835099568383596 
0.5346142414512712 4.097104354953941 
0.4053416300901046 8.27169587611267 
0.48485617563713246 5.440511334819954 
0.5272152508441041 4.2775222319256425 
0.4586385365796291 6.2647045040585585 
0.62266969516582 2.2437064705863783 
0.5544915919862337 3.624339490248953 
0.606976932131537 2.5332091869967965 
0.6360921415933203 2.00485376971991 
0.4952464511285978 5.134707132303851 
0.4151055859298256 7.863895556094264 
0.42999022700436007 7.2873265174080295 
0.6553449316553497 1.6835099568383596 
0.5460779782518304 3.819107845563833 
0.5728212068598911 3.220438177856033 
0.39255040033563304 8.832276400013686 
0.49972782304892693 5.007951026550058 
0.4514605011088043 6.506150210526689 
0.46704986717712904 5.987988502654106 
0.42498883555577777 7.4718859207977815 
0.6433019451546529 1.882174189397188 
0.6004157952319146 2.6594489326178823 
0.48953368391944846 5.301367935641017 
0.5828063620323105 3.0160969210682387 
0.42498883555577777 7.4718859207977815 
0.38891538014284915 8.99900479640685 
0.5616118053082165 3.4652561664416917 
0.4423991707004771 6.825237331147387 
0.5728212068598911 3.220438177856033 
0.6252253839711157 2.2025499237167816 
0.45158970716947655 6.502594265243536 
0.62266969516582 2.2437064705863783 
0.5460779782518304 3.819107845563833 
0.6139941316114403 2.4015977107112993 
0.47946846603419435 5.602546906163498 
0.515109071800999 4.5919369322774575 
0.5828063620323105 3.0160969210682387 
0.6139941316114403 2.4015977107112993 
0.47946846603419435 5.602546906163498 
0.4000755035975909 8.497205925585758 
0.46704986717712904 5.987988502654106 
0.5272152508441041 4.2775222319256425 
0.5460779782518304 3.819107845563833 
0.4721471654942524 5.826145007431179 
0.660152594127403 1.6036412494162386 
0.6421224247685345 1.9041651654541387 
0.5132381323431465 4.6406707784081185 
0.5239989480757459 4.358841588314231 
0.49972782304892693 5.007951026550058 
0.5785462907139283 3.099490097014018 
0.4053416300901046 8.27169587611267 
0.5785462907139283 3.099490097014018 
0.46069190478022415 6.1958678005095535 
0.6493853180492015 1.7829882120072171 
0.5972860612623997 2.720841351089368 
0.538461127066771 4.00195625412032 
0.4952464511285978 5.134707132303851 
0.5639787260241277 3.412761089079521 
0.3970069969316388 8.6325418434684 
0.4151055859298256 7.863895556094264 
0.48485617563713246 5.440511334819954 
0.41001544080252345 8.076511042534513 
0.43357715337305486 7.145560742609664 
0.4423991707004771 6.825237331147387 
0.5239989480757459 4.358841588314231 
0.5639787260241277 3.412761089079521 
0.5945053721089681 2.7756348521695444 
0.5945053721089681 2.7756348521695444 
0.5360272840370475 4.059418475297157 
0.5557085786888172 3.597362737903463 
0.5544915919862337 3.624339490248953 
