0.8465833599539161 1.942890293094024E-16 
0.4151055859298256 2.2643469725034615 
0.38891538014284915 2.499851371301893 
0.4586385365796291 1.873234905845228 
0.43338033558357714 2.100100813604541 
0.6433019451546529 0.21080631715909295 
0.6668391936615593 1.942890293094024E-16 
0.606976932131537 0.5375995407707408 
0.42498883555577777 2.1754680968854596 
0.4721471654942524 1.7507978510171214 
0.3970069969316388 2.427179513162103 
0.509559639411206 1.4140384595281463 
0.538461127066771 1.1548978750655405 
0.38891538014284915 2.499851371301893 
0.7120938242383471 7.494005416219807E-16 
0.48953368391944846 1.5951981753467888 
0.5945053721089681 0.6501298306276758 
0.4500238528147744 1.9501716989812516 
0.666764328581732 1.942890293094024E-16 
0.7455544301884107 1.5099763404878563E-4 
0.6252253839711157 0.3770901217713764 
0.5150243570899208 1.365869045052398 
0.636907014236348 0.2748744675423402 
0.666764328581732 1.942890293094024E-16 
0.4386589765951277 2.0533583168648977 
0.6553449316553497 0.1032797176053355 
0.5346142414512712 1.190370336870401 
0.4053416300901046 2.3528626900331053 
0.48485617563713246 1.6378655193112737 
0.5272152508441041 1.2551749564959098 
0.4586385365796291 1.873234905845228 
0.62266969516582 0.39708802408159816 
0.5544915919862337 1.0096657738467165 
0.606976932131537 0.5375995407707408 
0.6360921415933203 0.2752717279625787 
0.4952464511285978 1.5429454848581818 
0.4151055859298256 2.2643469725034615 
0.42999022700436007 2.1334791834751714 
0.6553449316553497 0.1032797176053355 
0.5460779782518304 1.0855306910312017 
0.5728212068598911 0.8447352836571616 
0.39255040033563304 2.4671136367003363 
0.49972782304892693 1.5026124644334995 
0.4514605011088043 1.9372698343335317 
0.46704986717712904 1.7966892348227759 
0.42498883555577777 2.1754680968854596 
0.6433019451546529 0.21080631715909295 
0.6004157952319146 0.5967751457564321 
0.48953368391944846 1.5951981753467888 
0.5828063620323105 0.7578004741046329 
0.42498883555577777 2.1754680968854596 
0.38891538014284915 2.499851371301893 
0.5616118053082165 0.946128771490748 
0.4423991707004771 2.0194793351335414 
0.5728212068598911 0.8447352836571616 
0.6252253839711157 0.3770901217713764 
0.45158970716947655 1.9365046400832457 
0.62266969516582 0.39708802408159816 
0.5460779782518304 1.0855306910312017 
0.6139941316114403 0.4745669008682073 
0.47946846603419435 1.6862445709828335 
0.515109071800999 1.3653483709541676 
0.5828063620323105 0.7578004741046329 
0.6139941316114403 0.4745669008682073 
0.47946846603419435 1.6862445709828335 
0.4000755035975909 2.399523939851156 
0.46704986717712904 1.7966892348227759 
0.5272152508441041 1.2551749564959098 
0.5460779782518304 1.0855306910312017 
0.4721471654942524 1.7507978510171214 
0.660152594127403 0.058647930851839836 
0.6421224247685345 0.22270715320118922 
0.5132381323431465 1.3817692031295987 
0.5239989480757459 1.2840284071054704 
0.49972782304892693 1.5026124644334995 
0.5785462907139283 0.7931984987320138 
0.4053416300901046 2.3528626900331053 
0.5785462907139283 0.7931984987320138 
0.46069190478022415 1.854386138783204 
0.6493853180492015 0.15784636713228395 
0.5972860612623997 0.6251206139120344 
0.538461127066771 1.1548978750655405 
0.4952464511285978 1.5429454848581818 
0.5639787260241277 0.9247246512437826 
0.3970069969316388 2.427179513162103 
0.4151055859298256 2.2643469725034615 
0.48485617563713246 1.6378655193112737 
0.41001544080252345 2.3114942352512364 
0.43357715337305486 2.09815188603495 
0.4423991707004771 2.0194793351335414 
0.5239989480757459 1.2840284071054704 
0.5639787260241277 0.9247246512437826 
0.5945053721089681 0.6501298306276758 
0.5945053721089681 0.6501298306276758 
0.5360272840370475 1.1759590600833474 
0.5557085786888172 0.9990853341084456 
0.5544915919862337 1.0096657738467165 
