0.6082522298420796 2.5088612808303443 
0.6270236189052362 2.1639268672709777 
0.6082522298420796 2.5088612808303443 
0.44999530970187396 6.556468635647372 
0.5212142539969615 4.430257604315031 
0.6171716354795501 2.3422079663542323 
0.6257503395940851 2.188038233624132 
0.4100029636296326 8.074883409092577 
0.4833266550283022 5.4835363134378925 
0.612513927562815 2.4311205655512227 
0.39430750001031056 8.75300750326133 
0.5461856855232886 3.8163501521930376 
0.5285258997605033 4.24808792536396 
0.5561885427116025 3.585742743682746 
0.5522316304220458 3.6761321666715183 
0.5799389354889269 3.075648148624437 
0.4612066201722933 6.178006416730795 
0.6427200281812656 1.891802023958665 
0.6667127994156916 1.4998962086445646 
0.44999530970187396 6.556468635647372 
0.44999530970187396 6.556468635647372 
0.4282568950463875 7.34664009202934 
0.44108777894044077 6.871092102961499 
0.421751837984106 7.597758449593254 
0.4005415066079712 8.480013403005183 
0.4997148014058312 5.008099566839946 
0.5975052032937958 2.7164340404059972 
0.4282568950463875 7.34664009202934 
0.4282568950463875 7.34664009202934 
0.6427200281812656 1.891802023958665 
0.5179153890010436 4.520495582377018 
0.6000696790916913 2.668747772392349 
0.4737690915596948 5.778711329742242 
0.5033294659831249 4.908558538597119 
0.5153956361892 4.5886336094302145 
0.4737690915596948 5.778711329742242 
0.44108777894044077 6.871092102961499 
0.39172554243114105 8.874237848971008 
0.41968136308024706 7.68010900724857 
0.41704154027207896 7.791588532236166 
0.5840803102781058 2.98479985232032 
0.39172554243114105 8.874237848971008 
0.4364490769651794 7.038787774053233 
0.5461856855232886 3.8163501521930376 
0.6333823425712383 2.0521104772144563 
0.44108777894044077 6.871092102961499 
0.4100029636296326 8.074883409092577 
0.39430750001031056 8.75300750326133 
0.41310241303963247 7.945046361608269 
0.488190857481721 5.342440073042969 
0.47797363696282624 5.645461722044673 
0.40553635390436754 8.271287174708487 
0.4612066201722933 6.178006416730795 
0.5499013924230416 3.7304271178092248 
0.4364490769651794 7.038787774053233 
0.661334654997103 1.5856011584261753 
0.6498360450227791 1.773203214483098 
0.4997148014058312 5.008099566839946 
0.6337057672705386 2.046728835531853 
0.4542166339604658 6.411494115124406 
0.5370407131646238 4.0363588654667035 
0.4005415066079712 8.480013403005183 
0.5370407131646238 4.0363588654667035 
0.5840803102781058 2.98479985232032 
0.5809072874434148 3.0514465563298048 
0.6540904376037008 1.7024628931126715 
0.6171716354795501 2.3422079663542323 
0.5212142539969615 4.430257604315031 
0.421751837984106 7.597758449593254 
0.5274800624175301 4.271618097840976 
0.6470189081523694 1.820138164652446 
0.566125790614038 3.365740817445335 
0.5561885427116025 3.585742743682746 
0.5809072874434148 3.0514465563298048 
0.5370407131646238 4.0363588654667035 
0.5461856855232886 3.8163501521930376 
0.5975052032937958 2.7164340404059972 
0.5901380444112405 2.8627384167597274 
0.4833266550283022 5.4835363134378925 
0.4612066201722933 6.178006416730795 
0.6202372743985801 2.2874464116361786 
0.5275328323884266 4.270006548113451 
0.566125790614038 3.365740817445335 
0.49447201185663514 5.1586320457184005 
0.5693392174857094 3.2971046926921064 
0.5119481198404113 4.67684910545084 
0.5093033107994045 4.74747320574147 
0.5033294659831249 4.908558538597119 
0.48676045744451785 5.385602553051781 
0.5693392174857094 3.2971046926921064 
0.4612066201722933 6.178006416730795 
0.4542166339604658 6.411494115124406 
0.47797363696282624 5.645461722044673 
0.4737690915596948 5.778711329742242 
0.49326268209777646 5.19124527533517 
