0.6082522298420796 0.5260204684295128 
0.6270236189052362 0.3568332553625191 
0.6082522298420796 0.5260204684295128 
0.44999530970187396 1.9503801342487619 
0.5212142539969615 1.309113412247425 
0.6171716354795501 0.44554432122807275 
0.6257503395940851 0.3691656677351428 
0.4100029636296326 2.3107261286917073 
0.4833266550283022 1.6503392641001642 
0.612513927562815 0.4890952059845113 
0.39430750001031056 2.4513765061824655 
0.5461856855232886 1.0844358240724612 
0.5285258997605033 1.245224493014717 
0.5561885427116025 0.9943490311476096 
0.5522316304220458 1.0300764600479402 
0.5799389354889269 0.7836881132517449 
0.4612066201722933 1.8493374588631502 
0.6427200281812656 0.21589905015208843 
0.6667127994156916 9.839990280924304E-11 
0.44999530970187396 1.9503801342487619 
0.44999530970187396 1.9503801342487619 
0.4282568950463875 2.1462492748357915 
0.44108777894044077 2.03075475459049 
0.421751837984106 2.204368590675226 
0.4005415066079712 2.396597344495485 
0.4997148014058312 1.5026214804640532 
0.5975052032937958 0.6230834735469724 
0.4282568950463875 2.1462492748357915 
0.4282568950463875 2.1462492748357915 
0.6427200281812656 0.21589905015208843 
0.5179153890010436 1.3412342280242924 
0.6000696790916913 0.6014346193561428 
0.4737690915596948 1.7377748170776979 
0.5033294659831249 1.4706221479789958 
0.5153956361892 1.364961738371431 
0.4737690915596948 1.7377748170776979 
0.44108777894044077 2.03075475459049 
0.39172554243114105 2.4762656350511305 
0.41968136308024706 2.223198616766963 
0.41704154027207896 2.2494160826500376 
0.5840803102781058 0.7433628238612968 
0.39172554243114105 2.4762656350511305 
0.4364490769651794 2.0720724269393234 
0.5461856855232886 1.0844358240724612 
0.6333823425712383 0.2997705412730741 
0.44108777894044077 2.03075475459049 
0.4100029636296326 2.3107261286917073 
0.39430750001031056 2.4513765061824655 
0.41310241303963247 2.2821178236921282 
0.488190857481721 1.6081304003035546 
0.47797363696282624 1.6983818716201122 
0.40553635390436754 2.354307642927237 
0.4612066201722933 1.8493374588631502 
0.5499013924230416 1.0513670664159664 
0.4364490769651794 2.0720724269393234 
0.661334654997103 0.04861299507078143 
0.6498360450227791 0.15229136392137513 
0.4997148014058312 1.5026214804640532 
0.6337057672705386 0.29702386711544904 
0.4542166339604658 1.9122072756291433 
0.5370407131646238 1.1676890436985903 
0.4005415066079712 2.396597344495485 
0.5370407131646238 1.1676890436985903 
0.5840803102781058 0.7433628238612968 
0.5809072874434148 0.7726075418160961 
0.6540904376037008 0.11356469876012983 
0.6171716354795501 0.44554432122807275 
0.5212142539969615 1.309113412247425 
0.421751837984106 2.204368590675226 
0.5274800624175301 1.2531933808730096 
0.6470189081523694 0.17766380797988304 
0.566125790614038 0.905432681278179 
0.5561885427116025 0.9943490311476096 
0.5809072874434148 0.7726075418160961 
0.5370407131646238 1.1676890436985903 
0.5461856855232886 1.0844358240724612 
0.5975052032937958 0.6230834735469724 
0.5901380444112405 0.6894108509275163 
0.4833266550283022 1.6503392641001642 
0.4612066201722933 1.8493374588631502 
0.6202372743985801 0.41875952768603586 
0.5275328323884266 1.252568648643417 
0.566125790614038 0.905432681278179 
0.49447201185663514 1.550799166074487 
0.5693392174857094 0.8771710057057842 
0.5119481198404113 1.394304106312867 
0.5093033107994045 1.4179038216155933 
0.5033294659831249 1.4706221479789958 
0.48676045744451785 1.621498362337848 
0.5693392174857094 0.8771710057057842 
0.4612066201722933 1.8493374588631502 
0.4542166339604658 1.9122072756291433 
0.47797363696282624 1.6983818716201122 
0.4737690915596948 1.7377748170776979 
0.49326268209777646 1.560647567939236 
