0.6360487617756112 2.040462400167436 
0.6528955310803888 1.7753933441268055 
0.44005055500975643 6.91655276430995 
0.5650267625945872 3.407191991503637 
0.6176761719143795 2.3505573629450276 
0.6667729465125182 1.4997609084749985 
0.8040514460533955 1.2437031669231258 
0.9285544816263196 1.0772601257967327 
0.5113284928023089 4.694633169752455 
0.48667537122199644 5.406865906133058 
0.5016193435379092 5.04330810651078 
0.6139800138245756 2.415239661872261 
0.7065394143096282 1.4486164957578576 
0.7445181919263255 1.3431505247512592 
0.4271155069434071 7.397396048962219 
0.6464048291796829 1.8777893773083225 
0.4456218039022285 6.71502205772931 
0.44380637672855267 6.778358377469874 
0.43714201466205366 7.033623335110953 
0.9999999999999701 1.000000010191192 
0.5200446318225015 4.464944187897354 
0.8840566127234765 1.1315982142878636 
0.42440968599754353 7.5595371305751105 
0.5763995771542254 3.167616670577401 
0.6396845341621956 1.9475880882114291 
0.5631719240476346 3.512441126921603 
0.47685762628386513 5.710061920299182 
0.6598814805049167 1.6448895896864035 
0.8497536185103602 1.1768116997574485 
0.5389136669229039 3.9909628674689466 
0.4034535096720712 8.359337007675325 
0.4709821731752561 5.866710361269233 
0.4134402635595371 7.966228221533257 
0.5967733353710817 2.734092863556852 
0.717777273277364 1.3954471749023263 
0.5862340340033274 2.9497470457688713 
0.770204316474332 1.2983607282366605 
0.6664645676271781 1.571846161274032 
0.41126358142134617 8.11023998262659 
0.5477467245327086 3.786774141076597 
0.6266017388124384 2.207904296914637 
0.48131447294314805 5.546992440813744 
0.6111645413161789 2.503513225446102 
0.5826748970257034 3.0198243912428837 
0.4150880079860638 7.86392392670524 
0.5042431265333812 4.922136822187343 
0.40854419701832434 8.165205320573161 
0.41158394491835554 8.042644369490251 
0.45902485754139716 6.26641887351023 
0.5156593921114164 4.582769852832876 
0.495932297133474 5.1791883517871655 
0.45461046232580693 6.43787293770834 
0.9632831020949596 1.0398229304633033 
0.42015404081781615 7.728603314316839 
0.631467251240075 2.137754111749752 
0.4413960216040443 6.870543655928126 
0.5558954969526164 3.6194431705305488 
0.3980702544040959 8.62242743568268 
0.4207809298435073 7.641179124998707 
0.5893283599284351 2.8925054132627537 
0.40579610871397764 8.282956756352066 
0.5081350205093464 4.816908468379598 
0.40757529370442525 8.21480372133068 
0.6011950708846991 2.6584367786461143 
0.6532407690829762 1.7180279228359425 
0.41769566095770966 7.788370752731765 
0.4801905750301835 5.6120263449523655 
0.46822371255991607 5.988779842357245 
0.5356564112403974 4.0695666833746 
0.45504051806585954 6.38391760526043 
0.3997365934509646 8.51913160777435 
0.5698802082561554 3.3045032857027796 
0.5292558309667302 4.2428580559035405 
0.5530646039278057 3.6958291489941573 
0.47271495686668885 5.810958497501134 
0.5779941073795326 3.1166856958204607 
0.39492685742196193 8.73991980556073 
0.42960651771948716 7.327746521713106 
0.4483885998512629 6.642236889287245 
0.5740085500204655 3.2362269828166528 
0.45672662994771224 6.327271002176234 
0.6035418034286029 2.602342861337727 
0.541855476099695 3.927278886073116 
0.4509172391028299 6.555029568259855 
0.4903880637094336 5.276420274172992 
0.43422523051239725 7.128827074958428 
0.43072036050139745 7.260269636991931 
0.6217822717203219 2.283845475388789 
0.5324156288634669 4.159096616559264 
0.42446217227656935 7.492150152138223 
0.4649168059083508 6.060261407644073 
0.4696374989778255 5.914212482300106 
0.4627482532918616 6.1270894647851115 
0.5232636222154033 4.3809994401729515 
0.3901588678135146 8.951823813097695 
0.544150068720969 3.8672307073690493 
0.4333771496922412 7.1870251751939 
0.39208367173108283 8.863227216768113 
0.5930148295062785 2.826824129959347 
0.4607941851395335 6.193791907814077 
