0.6360487617756112 0.29783358307618946 
0.6528955310803888 0.15914638029025818 
0.44005055500975643 2.0436328826888586 
0.5650267625945872 0.9251546604975042 
0.6176761719143795 0.45188327380904336 
0.6667729465125182 8.165947120767855E-12 
0.8040514460533955 1.3298257267825228E-6 
0.9285544816263196 2.94717685888935E-4 
0.5113284928023089 1.4004997029492485 
0.48667537122199644 1.6313884720148621 
0.5016193435379092 1.5298209016473532 
0.6139800138245756 0.48290888098599405 
0.7065394143096282 0.02350465047202266 
0.7445181919263255 1.72702664704753E-10 
0.4271155069434071 2.159542563513655 
0.6464048291796829 0.2138121216744094 
0.4456218039022285 1.9923602426085893 
0.44380637672855267 2.008278671672536 
0.43714201466205366 2.074692275084435 
0.9999999999999701 1.0191161988201063E-8 
0.5200446318225015 1.321970256303097 
0.8840566127234765 3.96884287263366E-4 
0.42440968599754353 2.208340779874154 
0.5763995771542254 0.8258129095074892 
0.6396845341621956 0.24584197894736914 
0.5631719240476346 0.978108227552481 
0.47685762628386513 1.7228865732477567 
0.6598814805049167 0.0854321777093889 
0.8497536185103602 1.742194583043144E-10 
0.5389136669229039 1.1507844334608373 
0.4034535096720712 2.37260385427824 
0.4709821731752561 1.763115995340375 
0.4134402635595371 2.2935594954861322 
0.5967733353710817 0.6316337173990945 
0.717777273277364 0.0016202682039924698 
0.5862340340033274 0.729242109930483 
0.770204316474332 3.037228633063875E-6 
0.6664645676271781 0.04757977224993737 
0.41126358142134617 2.335446341441608 
0.5477467245327086 1.0741931323198668 
0.6266017388124384 0.3834766715781659 
0.48131447294314805 1.6698477430698935 
0.6111645413161789 0.5300585121087547 
0.5826748970257034 0.7595758662031549 
0.4150880079860638 2.264220517690023 
0.5042431265333812 1.4819536604448278 
0.40854419701832434 2.3358472511833117 
0.41158394491835554 2.310223297170198 
0.45902485754139716 1.8764420307077558 
0.5156593921114164 1.3631483164983265 
0.495932297133474 1.5685267765887398 
0.45461046232580693 1.9267243926063893 
0.9632831020949596 0.0016438580861622976 
0.42015404081781615 2.247203912388186 
0.631467251240075 0.34992171277378387 
0.4413960216040443 2.03263063598358 
0.5558954969526164 1.0120321599738327 
0.3980702544040959 2.43233188290306 
0.4207809298435073 2.215262457317753 
0.5893283599284351 0.7046354712822591 
0.40579610871397764 2.361191620373819 
0.5081350205093464 1.4476398833717115 
0.40757529370442525 2.3481510394455576 
0.6011950708846991 0.5982390875806418 
0.6532407690829762 0.12228588161937917 
0.41769566095770966 2.2531686693459894 
0.4801905750301835 1.6948421576672152 
0.46822371255991607 1.8040887314924983 
0.5356564112403974 1.1798894849199248 
0.45504051806585954 1.904941174387467 
0.3997365934509646 2.4054086480521577 
0.5698802082561554 0.8831710206394496 
0.5292558309667302 1.2455573660511134 
0.5530646039278057 1.0440322844732923 
0.47271495686668885 1.7469269955003677 
0.5779941073795326 0.8014259667383045 
0.39492685742196193 2.4516290629300634 
0.42960651771948716 2.148047665924252 
0.4483885998512629 1.9783032986679154 
0.5740085500204655 0.8576219579436926 
0.45672662994771224 1.8898331615898352 
0.6035418034286029 0.5706227036713222 
0.541855476099695 1.128017570589428 
0.4509172391028299 1.955775835157149 
0.4903880637094336 1.5874935215688921 
0.43422523051239725 2.095516579906842 
0.43072036050139745 2.1271459553825145 
0.6217822717203219 0.4200546279454195 
0.5324156288634669 1.214368040609318 
0.42446217227656935 2.18013432859882 
0.4649168059083508 1.8175173766115285 
0.4696374989778255 1.7775359586108583 
0.4627482532918616 1.8352999475922775 
0.5232636222154033 1.292417635988553 
0.3901588678135146 2.4926334437842557 
0.544150068720969 1.1043538551747099 
0.4333771496922412 2.1146924851919127 
0.39208367173108283 2.4751266705373074 
0.5930148295062785 0.6763486294720761 
0.4607941851395335 1.8540632950850244 
