-19.99937745710178 0.0018002308857922823 
-14.434089199464726 -11.627110670919372 
-19.99937745710178 0.0018002308857922823 
-14.434089199464726 -11.627110670919372 
-17.94090823872505 -3.875144726502989 
-19.080584901480915 -8.068827822286342E-4 
-17.038506695063216 -3.879217883820164 
-18.641845458919835 -1.1125795121133053 
-18.18137228128966 -3.2296232675918173 
-16.650079455329042 -5.087196387907354 
-15.637223707058812 -7.756931392830497 
-19.003022812794224 -0.1232599072277089 
-15.188302905908333 -9.310890594557552 
-14.798327147729443 -10.93509234564162 
-16.355178095219188 -6.361283194677558 
-18.104533564951538 -3.540567569967397 
-16.305143195344037 -6.71455156416092 
-14.726170148096482 -11.150883983642043 
-15.123289077927499 -9.695425470213236 
-18.332387002844182 -2.5105913146879293 
-15.157195180419041 -9.540307211824132 
-18.902470915983567 -0.3267998958145843 
-15.883102494127868 -7.751468982247962 
-14.56168358023173 -11.480669574300048 
-14.976257548107736 -10.3088795871395 
-16.732492683792955 -4.717874926483167 
-16.24078723037792 -6.967103805827421 
-14.628128882819048 -11.3560044315218 
-16.498662298656356 -5.7029832052571585 
-15.960815006541624 -7.664213711768417 
-16.626116252663806 -5.1918708579083015 
-16.54511544717454 -5.591924905640514 
-18.301485573443117 -2.649927782721478 
-15.512975646434395 -8.076380951746428 
-18.001748996116817 -3.8211268246678465 
-18.565430439531294 -1.4211109010988245 
-18.506528403625747 -1.664169584887391 
-15.561684678223273 -7.858431007549759 
-15.064401955502486 -9.92371591082404 
-14.499710071949005 -11.59430399801832 
-15.45894266963628 -8.321831238469322 
-14.688159544007378 -11.2824828010032 
-16.78286380254748 -4.516668074637616 
-18.565430439531294 -1.4211109010988245 
-14.820534738142022 -10.753240097053423 
-16.27720063994468 -6.7800573574984355 
-18.05811139648158 -3.6832960050404293 
-15.253375690742594 -9.1438117977511 
-16.944483153842747 -4.028020315136406 
-14.902030567703207 -10.584364311480218 
-16.097185518435825 -7.409572347043096 
-16.197396712069327 -7.086220400080113 
-15.29535452874572 -8.82133567241128 
-16.732492683792955 -4.717874926483167 
-16.13588846743393 -7.310793185691413 
-15.372311078870876 -8.650947701710749 
-15.010542524218296 -10.142086088429913 
-18.261778284574493 -2.8112129655358284 
-16.39908129420509 -6.169115917109772 
-17.015150392513014 -3.9273964846480025 
-18.712378605025684 -0.8632503045609133 
-14.852269813973276 -10.654402647118758 
-18.879336494967596 -0.37938500381829937 
-15.343138600220609 -8.763425475592685 
-15.057079465105998 -9.977411555403878 
-18.469335523667866 -1.8475218097909067 
-15.284229979640333 -9.015883072555237 
-16.58599546869341 -5.403781266980164 
-18.405309326759234 -2.1513031791182518 
-18.757301622153854 -0.716162621838147 
-18.829680555346997 -0.5060760861536696 
-18.247093198169424 -2.882273085762782 
-18.712378605025684 -0.8632503045609133 
-18.380334275533322 -2.272156626232375 
-18.812941051298424 -0.5532958455539433 
-18.435223523303407 -1.9491979487050262 
-19.07040155823936 -0.014489466833396802 
-16.39697247702619 -6.313083148880399 
-18.772022857884938 -0.670992782937798 
-16.58148115542094 -5.426010377943113 
-16.874018487101324 -4.164467665314627 
-15.40319687176264 -8.528341162127848 
-15.496451141139442 -8.165833933436666 
-18.427317893807242 -2.044376039506238 
-15.594699946303532 -7.822243285035014 
-16.46776604093775 -5.8814278200338395 
-15.8842878701005 -7.751456320529149 
-18.224041857661703 -3.0380260293493437 
-18.224041857661703 -3.0380260293493437 
-18.084980999425202 -3.6103704569475816 
-15.40319687176264 -8.528341162127848 
-15.474791936478226 -8.267207323242491 
-16.81736432155394 -4.363711286838276 
-15.998920119421463 -7.540336500487474 
-14.902030567703207 -10.584364311480218 
-16.80195612574568 -4.457285024726145 
-16.058845164644183 -7.527086680842275 
-18.380334275533322 -2.272156626232375 
-16.44489959693494 -5.950744617083796 
-16.81736432155394 -4.363711286838276 
