9.241027023387804E-5 1.9734687467474208E-6 -2.188368545061117E-4 
-1.1517948800765094 -1.1529412070628384 -1.1546319631091881 
9.241027023387804E-5 1.9734687467474208E-6 -2.188368545061117E-4 
-1.1517948800765094 -1.1529412070628384 -1.1546319631091881 
9.241027023387804E-5 1.7690371460705547E-6 -1.152670791328809 
-0.48215315103707784 7.9314260433614E-6 -7.155268590482432E-5 
-1.0946784091725157 1.9734687467474208E-6 -0.5241517171598191 
-0.7293440072798971 5.80588528774293E-6 -4.3268456791367704E-4 
-1.003273496061937 4.632763696950543E-6 -2.8836108745402666E-4 
-0.8362528073339098 -1.1395698777691359E-4 -0.9982318317023455 
-1.0947274379436258 -0.579464716088348 -1.076058937431422 
-0.5250315939548423 7.9314260433614E-6 -8.238151745714715E-5 
-1.1325399529528297 -0.834186369307631 -1.055899334372835 
-1.0880409534438558 -1.0475997194850997 -1.076058937431422 
-0.9399118387213653 0.017350384616989803 -1.0725442182108333 
-1.0504516173590353 4.632763696950543E-6 -2.8836108745402666E-4 
-1.0226298372542764 1.9734687467474208E-6 -1.0198873593491258 
-1.0859048770755506 -1.0736941943588683 -1.0955590753202242 
-1.0750023359452465 -0.9024652903182935 -1.0590042329949125 
-0.9121022555942959 -4.53689039429663E-5 4.096306692821707E-5 
-1.0895647681924914 -0.8796207506729541 -1.0533066558145594 
-0.5812026434528428 -4.53689039429663E-5 5.3125894946944484E-5 
-1.1518686944183865 1.7723601344953751E-6 -1.1528960148554515 
-1.155958167242442 -1.087575798184211 -1.1546898358932747 
-1.0796653826909952 -0.9644832612099454 -1.0759262108135295 
-0.7457134103920955 -4.53689039429663E-5 -1.042487429951115 
-1.0332251812652407 4.2130550567187706E-4 -1.0488515095072457 
-1.0927498002992926 -1.087575798184211 -1.1546898358932747 
-0.8719883051290355 0.017916418244050634 -1.0538582198445965 
-1.1031351530024562 1.7723601344953751E-6 -1.1529450705093727 
-0.8355213000245413 -1.1395698777691359E-4 -1.0136403848058795 
-0.8948687164736042 1.8767708380705594E-6 -1.0021199583062812 
-0.9295361489355609 0.0010055450565265496 9.454199942650752E-5 
-1.1007712264095126 -0.69144319386533 -1.0302985168954515 
-1.1143512695377211 1.9734687467474208E-6 -2.188368545061117E-4 
-0.7741001678999727 -1.1301939746391018E-4 -6.695122424521787E-5 
-0.807479559018264 0.0010463829152822512 -2.8836108745402666E-4 
-1.0816872361516283 -0.5689227405634736 -1.1546898358932747 
-1.0687962042048496 -0.943555734285068 -1.0454615871473056 
-1.1454308777777524 -1.1238667322289477 -1.1546898358932747 
-1.068797921354406 -0.6985006854068607 -1.0948181132730204 
-1.1157407720244747 -1.0680529222081574 -1.112719724640826 
-0.6853069546782585 0.0010055450565265496 -1.0760636183908487 
-0.7741001678999727 -1.1301939746391018E-4 -6.695122424521787E-5 
-1.0687962042048496 -1.0635422615501717 -1.0426942292002606 
-1.0049379132658596 0.012306605447197933 -1.0547075584253125 
-1.0782533198745727 0.0010055450565265496 -2.1439348904690218E-4 
-1.0790018675274309 -0.820997003025459 -1.0760476438416742 
-0.6148380354198444 -1.323502284837787E-4 -1.052642210123012 
-1.0696307238012455 -1.003837513887503 -1.0813248754888143 
-1.0947274379436258 0.010893733886091939 -1.076058937431422 
-1.0321569121753733 -0.009606672732134863 -1.076672006392515 
-1.1427870508259912 -0.7485824863327467 -1.0821280862994187 
-0.7457134103920955 -4.53689039429663E-5 -1.042487429951115 
-1.0946784091725157 1.9734687467474208E-6 -1.0522753411539862 
-1.0915866503797818 -0.7506589561790615 -1.0697838537786208 
-1.0792675671747245 -0.9644832612099454 -1.0454615871473056 
-0.9507313268221986 0.0026555001980948867 0.001958853705397334 
-1.077407659499355 -3.457225886719182E-4 -0.9090784772895243 
-1.1114647932654844 3.672440068769538E-4 -0.5221696774404232 
-0.6890496337667791 -1.1386670373155126E-4 -6.695122424521787E-5 
-1.0811425563532253 -1.0475997194850997 -1.0318312964290204 
-0.5939671416342288 4.632763696950543E-6 -2.8780174209723335E-4 
-1.068797921354406 -0.7660569897117651 -1.094165837098492 
-1.0696307238012455 -0.9263323385388931 -1.0813248754888143 
-0.8305435925074902 4.203163454832848E-5 9.401873650491193E-5 
-1.0616394420742092 -0.8157127384334117 -1.0760476438416742 
-0.89197609954965 1.8727333281563374E-6 -0.9801484205767709 
-0.8684503728530086 -1.1395698777691359E-4 -6.695122424521787E-5 
-0.6631570446472743 4.62870407170936E-6 -2.8836108745402666E-4 
-0.6220566987629066 -1.1437968254015398E-4 -2.1377474800496988E-4 
-0.9596147268535411 0.0026555001980948867 0.0019655278997901004 
-0.6890496337667791 -1.1386670373155126E-4 -6.695122424521787E-5 
-0.8832253185682686 1.9734687467474208E-6 -2.188368545061117E-4 
-0.6316703399457275 -1.1300662231499898E-4 -6.695122424521787E-5 
-0.8451093558506648 -1.125710414855936E-4 0.004841433874751111 
-0.48769501766332535 -1.1332288935276302E-4 -7.15510085891833E-5 
-0.9894654964481745 1.22116129147717E-4 -0.9968928550676429 
-0.6547595330914092 4.62870407170936E-6 -2.8836108745402666E-4 
-0.8946748017032978 1.8727333281563374E-6 -0.9801484205767709 
-0.7019562986497105 1.8767708380705594E-6 -1.0021199583062812 
-1.068797921354406 -0.731263084355058 -1.0948181132730204 
-1.1160781857723236 -0.6520425683618135 -1.076621727853106 
-0.8552729946378856 1.9734687467474208E-6 -2.188368545061117E-4 
-1.1248264464008135 -0.5988412493839825 -1.055899334372835 
-0.8844555210816873 3.6361795015864095E-6 -1.060365379399272 
-1.1518686944183865 1.7723601344953751E-6 -1.15214968126842 
-0.9775489759175583 3.7618577593150667E-6 5.538293753509932E-5 
-0.9775489759175583 3.7618577593150667E-6 5.538293753509932E-5 
-1.0627951662839732 -4.53689039429663E-5 5.64589534379884E-5 
-1.068797921354406 -0.731263084355058 -1.0948181132730204 
-1.0725247552798605 -0.6865493780573557 -1.094223265299675 
-0.7412886940396242 -3.457225886719182E-4 -0.9951360463421387 
-1.158149958870459 0.0010149422955467292 -1.0743110222190246 
-1.0696307238012455 -1.003837513887503 -1.0813248754888143 
-0.6853069546782585 0.0010055450565265496 -1.0642391647669878 
-1.1091674625322994 3.672440068769538E-4 -1.0855849729872105 
-0.8832253185682686 1.9734687467474208E-6 -2.188368545061117E-4 
-0.8914720835830462 -0.009633057073323672 -1.067144191689715 
-0.7412886940396242 -3.457225886719182E-4 -0.9951360463421387 
