0.5312415253912757 4.176819467528801 
0.5694336464684657 3.2947303260120973 
0.4450453002836126 6.729030730168625 
0.6327230336219833 2.065559387163484 
0.5312415253912757 4.176819467528801 
0.5985340218083945 2.695630883225388 
0.46266220832371696 6.13116957471062 
0.46266220832371696 6.13116957471062 
0.6845730703506112 1.4618736490560926 
0.7100870054118241 1.4082781298328972 
0.6496255523953642 1.7766416087064407 
0.4812436109135251 5.54685031192201 
0.8176878524603564 1.2229605673987864 
0.5403088904696327 3.956785406312475 
0.427322779421949 7.386386142258785 
0.7510152290462423 1.331742924935996 
0.6666885440784424 1.4999507774387981 
0.4958574796535932 5.118065921239595 
0.5476217228625783 3.7841048293861927 
0.5985340218083945 2.695630883225388 
0.4679327507306681 5.959900750474204 
0.4679327507306681 5.959900750474204 
0.45271452990820976 6.463105573319447 
0.5530247812251701 3.670145041883067 
0.5055292230639754 4.846918319426067 
0.5422614264441727 3.9100394436920585 
0.6606327779615785 1.5971525223174303 
0.415113300200501 7.864298449807875 
0.42245580274641686 7.57106656141154 
0.6099243478559243 2.478017903099801 
0.5892016036024332 2.8810561931135585 
0.5268937974339419 4.286616814508678 
0.4316472260479948 7.223710164682248 
0.5571888810621481 3.563120194077267 
0.5571888810621481 3.563120194077267 
0.42062929402591764 7.642215792044792 
0.40979893682635204 8.08248601746311 
0.3982450922806474 8.578054575945878 
0.4751667975691876 5.732189141570406 
0.6571687513919047 1.6525756378632683 
0.45271452990820976 6.463105573319447 
0.5694336464684657 3.2947303260120973 
0.4751667975691876 5.732189141570406 
0.5156823202431483 4.576116750512936 
0.40360252646936146 8.347397521200719 
0.6408437122695605 1.9285517077485927 
0.3982450922806474 8.578054575945878 
0.5687785885138764 3.309856165015801 
0.6059624959488666 2.556531851242766 
0.4812436109135251 5.54685031192201 
0.4389578675681968 6.949672720732423 
0.5268937974339419 4.286616814508678 
0.5094088887900518 4.741681333703359 
0.5094088887900518 4.741681333703359 
0.46266220832371696 6.13116957471062 
0.4958574796535932 5.118065921239595 
0.4061262155356588 8.249968736758602 
0.6347900055676463 2.0297392063761714 
0.5372676309472189 4.028954213145943 
0.39292736001477396 8.815306687444531 
0.45271452990820976 6.463105573319447 
0.573809304603427 3.205303220753274 
0.3896241349401383 8.96658336516914 
0.5673565408175463 3.3503607173818173 
0.4389578675681968 6.949672720732423 
0.6099243478559243 2.478017903099801 
0.5268937974339419 4.286616814508678 
0.5783525183745025 3.1061640257006444 
0.6438068407287005 1.8760570607164986 
0.41477497996033874 7.8775756670822 
0.4812436109135251 5.54685031192201 
0.5156823202431483 4.576116750512936 
0.5006204237317189 4.983567098548051 
0.6571687513919047 1.6525756378632683 
0.6099243478559243 2.478017903099801 
0.5836248794872135 2.9954650015178386 
0.5156823202431483 4.576116750512936 
0.43411498999861625 7.130557507661143 
0.6496255523953642 1.7766416087064407 
0.427322779421949 7.386386142258785 
0.4487382357734012 6.6000843373486795 
0.5476217228625783 3.7841048293861927 
0.6198973833179263 2.2944497934836323 
0.6268452663919393 2.1671216675031415 
0.5943282480816215 2.778987990655296 
0.5006204237317189 4.983567098548051 
0.3896241349401383 8.96658336516914 
0.5571888810621481 3.563120194077267 
0.6268452663919393 2.1671216675031415 
0.6198973833179263 2.2944497934836323 
0.4924062838825475 5.217504001886657 
0.5783525183745025 3.1061640257006444 
0.5892016036024332 2.8810561931135585 
0.6327101339550713 2.0656713972828378 
0.4924062838825475 5.217504001886657 
0.4450453002836126 6.729030730168625 
