0.5312415253912757 1.2188999452139757 
0.5694336464684657 0.8761303036713054 
0.4450453002836126 1.9947235019255527 
0.6327230336219833 0.3069270015724444 
0.5312415253912757 1.2188999452139757 
0.5985340218083945 0.6134267938478062 
0.46266220832371696 1.8366604550428 
0.46266220832371696 1.8366604550428 
0.6845730703506112 7.593323989810996E-4 
0.7100870054118241 5.914321618561987E-15 
0.6496255523953642 0.15415178646451022 
0.4812436109135251 1.669386273306161 
0.8176878524603564 1.2575659766312926E-14 
0.5403088904696327 1.1378863327111284 
0.427322779421949 2.156371056193792 
0.7510152290462423 1.592178015197487E-4 
0.6666885440784424 0.0 
0.4958574796535932 1.5378312684068116 
0.5476217228625783 1.0722580061610696 
0.5985340218083945 0.6134267938478062 
0.4679327507306681 1.7888327522511676 
0.4679327507306681 1.7888327522511676 
0.45271452990820976 1.9259418013724439 
0.5530247812251701 1.0296811588520258 
0.5055292230639754 1.4502588522740096 
0.5422614264441727 1.1202635661894351 
0.6606327779615785 0.05513130764690602 
0.415113300200501 2.264574883261431 
0.42245580274641686 2.1984410018476663 
0.6099243478559243 0.5114034535234513 
0.5892016036024332 0.6975229290512305 
0.5268937974339419 1.258591811540665 
0.4316472260479948 2.118094454359796 
0.5571888810621481 0.9853309540278568 
0.5571888810621481 0.9853309540278568 
0.42062929402591764 2.2145398334015196 
0.40979893682635204 2.3121941768702388 
0.3982450922806474 2.416168136185996 
0.4751667975691876 1.7237459574608804 
0.6571687513919047 0.08602106851528438 
0.45271452990820976 1.9259418013724439 
0.5694336464684657 0.8761303036713054 
0.4751667975691876 1.7237459574608804 
0.5156823202431483 1.3598225036080471 
0.40360252646936146 2.3690307290006953 
0.6408437122695605 0.2359002356974086 
0.3982450922806474 2.416168136185996 
0.5687785885138764 0.8825753177216392 
0.6059624959488666 0.5491624215518432 
0.4812436109135251 1.669386273306161 
0.4389578675681968 2.050613517789573 
0.5268937974339419 1.258591811540665 
0.5094088887900518 1.415454619198359 
0.5094088887900518 1.415454619198359 
0.46266220832371696 1.8366604550428 
0.4958574796535932 1.5378312684068116 
0.4061262155356588 2.3505285813472705 
0.6347900055676463 0.2884581621163999 
0.5372676309472189 1.1646266852917375 
0.39292736001477396 2.4637751844181617 
0.45271452990820976 1.9259418013724439 
0.573809304603427 0.8392328121435612 
0.3896241349401383 2.49359728702266 
0.5673565408175463 0.9008490671047407 
0.4389578675681968 2.050613517789573 
0.6099243478559243 0.5114034535234513 
0.5268937974339419 1.258591811540665 
0.5783525183745025 0.7964577867482507 
0.6438068407287005 0.20781836928666086 
0.41477497996033874 2.2674212894500716 
0.4812436109135251 1.669386273306161 
0.5156823202431483 1.3598225036080471 
0.5006204237317189 1.4948754725705782 
0.6571687513919047 0.08602106851528438 
0.6099243478559243 0.5114034535234513 
0.5836248794872135 0.7482279005190144 
0.5156823202431483 1.3598225036080471 
0.43411498999861625 2.095481901122875 
0.6496255523953642 0.15415178646451022 
0.427322779421949 2.156371056193792 
0.4487382357734012 1.961710201497504 
0.5476217228625783 1.0722580061610696 
0.6198973833179263 0.42232342313486004 
0.6268452663919393 0.3584499589697505 
0.5943282480816215 0.6516310639260275 
0.5006204237317189 1.4948754725705782 
0.3896241349401383 2.49359728702266 
0.5571888810621481 0.9853309540278568 
0.6268452663919393 0.3584499589697505 
0.6198973833179263 0.42232342313486004 
0.4924062838825475 1.5691317567113288 
0.5783525183745025 0.7964577867482507 
0.5892016036024332 0.6975229290512305 
0.6327101339550713 0.30697122648198355 
0.4924062838825475 1.5691317567113288 
0.4450453002836126 1.9947235019255527 
