0.43818982108300336 7.0014359143891225 
0.7170651076835334 1.395218895414575 
0.5115520426796122 4.69910124865786 
0.9999999999999407 1.0000000000127403 
0.8960353627894229 1.1162035752797856 
0.5831694449137551 3.0182253542352884 
0.4264367160075269 7.442473941487343 
0.6072906379443485 2.5594876497881613 
0.5097173640848227 4.746589815112956 
0.39751188726210057 8.61988626053951 
0.580484140148729 3.1082794012006207 
0.530103831737236 4.215559090897596 
0.877730261147329 1.1634155993793625 
0.6437080413743029 1.9719469072241322 
0.45744146966903876 6.3101117351479346 
0.9523915322369638 1.0500195001038175 
0.5930784771592713 2.852065643604955 
0.3960667514477763 8.742642146865034 
0.6208628971969481 2.286148863603388 
0.7434030582566913 1.345165308060835 
0.45190516773521483 6.506117119602403 
0.5751652891935398 3.196030561183007 
0.45534391526499907 6.3873430012309536 
0.4065719273882235 8.256932382711527 
0.5241968193410603 4.3925334104144484 
0.5622855165519993 3.4567374675896296 
0.8007584556891144 1.2488160385232163 
0.6917674807481728 1.4455730792802395 
0.5072777062894432 4.846853536365022 
0.5648825094813444 3.392136209817609 
0.6670541293049583 1.5001672227233984 
0.9280969090615542 1.0775056686631423 
0.39292609503808623 8.857147414954746 
0.4086631341082867 8.132040336852997 
0.4227014925439439 7.622332818868684 
0.6311091513013994 2.183241999695849 
0.5383610356707214 4.051653668285657 
0.6658977794456996 1.5682028949628544 
0.44085637697892227 6.894833969898136 
0.7706015979488862 1.2976874256878441 
0.4464689478913612 6.73103536535476 
0.4596929132150832 6.23897786359175 
0.5013173963277576 4.973804212262018 
0.47782155719828195 5.672949894131348 
0.5581238072062782 3.550420060670832 
0.5958633475727874 2.755954334691307 
0.6159501612489761 2.43718329586865 
0.5411323776367211 3.9592607594559035 
0.40032229379984996 8.511235453854628 
0.8419936644807647 1.187658670936223 
0.3928636937309756 8.907097764434647 
0.4947839972206117 5.168688959410433 
0.5257929637969286 4.3420733322661365 
0.4764267494221797 5.785269811033774 
0.5217525648469699 4.443975659670784 
0.39309135208103657 8.812261583314038 
0.46084709324558387 6.191462494742443 
0.41849284250027685 7.733892576832205 
0.6033368146059322 2.627204029523124 
0.5992491536352145 2.688534800880407 
0.3904242898235195 8.962750062862282 
0.4041908943021934 8.328144432274973 
0.4131575140260201 7.943162806917783 
0.48950208216568547 5.314673476000397 
0.4429204023348604 6.8046221452893025 
0.6580427144068692 1.643597400849237 
0.5871340211409083 2.9280631741198677 
0.4891395841269193 5.368935365438338 
0.6331481536292194 2.0715316564794617 
0.46358120906800565 6.108640458212171 
0.5488740972863225 3.757781748458536 
0.49918700875157845 5.0992633656044495 
0.5541780616078672 3.675161516064874 
0.43473395566412365 7.103785521188066 
0.6454370828114795 1.8656062545802101 
0.4836685823462544 5.499463324252314 
0.4477442717423288 6.635291110568574 
0.5751644562671222 3.2885883809173353 
0.6495770430781076 1.7808811922360928 
0.4708617846881502 5.867567286702318 
0.46893993340936563 5.949074261441741 
0.4325835325533617 7.20672514195733 
0.5191911460113542 4.495754197984532 
0.40712536814605516 8.211518886046349 
0.4917973132023682 5.252595968025583 
0.4300895003332622 7.2781822269645335 
0.42801184064980136 7.36610765861205 
0.4856820893875754 5.424587541185066 
0.5322840243359568 4.151594329395086 
0.5458170770719083 3.8375834296678564 
0.5138046200970918 4.624335146210459 
0.4173082262778571 7.809258749376613 
0.5268837188174144 4.287536627327993 
0.5168093837964373 4.5665695014826815 
0.41182886746751857 8.063526860055111 
0.4239853412310225 7.510226512380659 
0.46573541165295307 6.031801495018743 
0.4800565678537281 5.582214553177863 
0.6091002686811108 2.5052870439695836 
0.4018217183339098 8.43732737313721 
