0.43818982108300336 2.0679579506502836 
0.7170651076835334 4.6278748255268454E-4 
0.5115520426796122 1.4038348425092448 
0.9999999999999407 1.2680857123907596E-11 
0.8960353627894229 1.5787552267370643E-4 
0.5831694449137551 0.7601368044540152 
0.4264367160075269 2.1737441465794576 
0.6072906379443485 0.5543528876505336 
0.5097173640848227 1.4194192489512418 
0.39751188726210057 2.426507255411711 
0.580484140148729 0.8043068955479484 
0.530103831737236 1.2346840269995547 
0.877730261147329 0.021165077866124204 
0.6437080413743029 0.2693580813433606 
0.45744146966903876 1.8865067859019196 
0.9523915322369638 2.9680582565583258E-5 
0.5930784771592713 0.6914987486675039 
0.3960667514477763 2.4626698741792468 
0.6208628971969481 0.41938500688031033 
0.7434030582566913 3.873229152998987E-9 
0.45190516773521483 1.9401479482388768 
0.5751652891935398 0.8382458419942156 
0.45534391526499907 1.9084377703209923 
0.4065719273882235 2.3570369131532627 
0.5241968193410603 1.3025520425885944 
0.5622855165519993 0.9436734125482849 
0.8007584556891144 2.447648388452079E-9 
0.6917674807481728 4.4729106996044266E-7 
0.5072777062894432 1.4587007446481248 
0.5648825094813444 0.9161584147043073 
0.6670541293049583 6.927405655939856E-4 
0.9280969090615542 2.9680582565583258E-5 
0.39292609503808623 2.480204346934848 
0.4086631341082867 2.3232650907533534 
0.4227014925439439 2.22197145920248 
0.6311091513013994 0.3778640055136173 
0.5383610356707214 1.1812524650373435 
0.6658977794456996 0.04426282547608251 
0.44085637697892227 2.039631523840492 
0.7706015979488862 3.873229152998987E-9 
0.4464689478913612 2.005198277789484 
0.4596929132150832 1.868013909598908 
0.5013173963277576 1.4934545775352284 
0.47782155719828195 1.7106577523216693 
0.5581238072062782 0.9815739614431498 
0.5958633475727874 0.6421721756268963 
0.6159501612489761 0.501183444083606 
0.5411323776367211 1.1424841884481431 
0.40032229379984996 2.4072372999576914 
0.8419936644807647 1.0764939449913553E-6 
0.3928636937309756 2.4992753281587112 
0.4947839972206117 1.5573845837271387 
0.5257929637969286 1.2830316063958178 
0.4764267494221797 1.7562572906010887 
0.5217525648469699 1.318655698550736 
0.39309135208103657 2.464023820676691 
0.46084709324558387 1.8533174936411059 
0.41849284250027685 2.2365786880703005 
0.6033368146059322 0.5850889104923512 
0.5992491536352145 0.6111022039464038 
0.3904242898235195 2.4992753281587112 
0.4041908943021934 2.366160145959054 
0.4131575140260201 2.281777398810095 
0.48950208216568547 1.6015437325329356 
0.4429204023348604 2.0139059783282387 
0.6580427144068692 0.0815572950469069 
0.5871340211409083 0.7191655055756094 
0.4891395841269193 1.6261588118548183 
0.6331481536292194 0.3115864434844495 
0.46358120906800565 1.831850929379734 
0.5488740972863225 1.0625490649841978 
0.49918700875157845 1.5454860263125918 
0.5541780616078672 1.0366938850686627 
0.43473395566412365 2.0882567798156164 
0.6454370828114795 0.2041314586311011 
0.4836685823462544 1.6599176297063365 
0.4477442717423288 1.9709135860998743 
0.5751644562671222 0.8914791479966949 
0.6495770430781076 0.15681953892613593 
0.4708617846881502 1.7628132043944604 
0.46893993340936563 1.7897584880078607 
0.4325835325533617 2.117510620049029 
0.5191911460113542 1.3341557742369459 
0.40712536814605516 2.343117649519905 
0.4917973132023682 1.583212584412574 
0.4300895003332622 2.130269757329606 
0.42801184064980136 2.152781297387142 
0.4856820893875754 1.6346250110685732 
0.5322840243359568 1.2098273370607542 
0.5458170770719083 1.0946185706008986 
0.5138046200970918 1.3760047630002945 
0.4173082262778571 2.2588679172471906 
0.5268837188174144 1.2590332427724475 
0.5168093837964373 1.3600459701248684 
0.41182886746751857 2.3207931345704123 
0.4239853412310225 2.184225950573986 
0.46573541165295307 1.809223552291452 
0.4800565678537281 1.6797787594216973 
0.6091002686811108 0.5259710116051791 
0.4018217183339098 2.3903013832197266 
