-3.1415174970885706 1.0113365560948009 
-3.1410011152510755 1.000437701177049 
-3.1410011152510755 1.000437701177049 
-3.1410011152510755 1.000437701177049 
-3.1410011152510755 1.000437701177049 
-3.1410011152510755 1.000437701177049 
-3.1410011152510755 1.000437701177049 
-3.1410011152510755 1.000437701177049 
-3.1410011152510755 1.000437701177049 
-3.1410011152510755 1.000437701177049 
-3.1410011152510755 1.000437701177049 
-3.1410011152510755 1.000437701177049 
-3.1410011152510755 1.000437701177049 
-3.1410011152510755 1.000437701177049 
-3.1410011152510755 1.000437701177049 
-3.1410011152510755 1.000437701177049 
-3.1410011152510755 1.000437701177049 
-3.1410011152510755 1.000437701177049 
-3.1410011152510755 1.000437701177049 
-3.1410011152510755 1.000437701177049 
-3.1410011152510755 1.000437701177049 
-3.1410011152510755 1.000437701177049 
-3.1410011152510755 1.000437701177049 
-3.1410011152510755 1.000437701177049 
-3.1410011152510755 1.000437701177049 
-3.1410011152510755 1.000437701177049 
-3.1410011152510755 1.000437701177049 
-3.1410011152510755 1.000437701177049 
-3.1410011152510755 1.000437701177049 
-3.1410011152510755 1.000437701177049 
-3.1410011152510755 1.000437701177049 
-3.1410011152510755 1.000437701177049 
-3.1410011152510755 1.000437701177049 
-3.1410011152510755 1.000437701177049 
-3.1410011152510755 1.000437701177049 
-3.1410011152510755 1.000437701177049 
-3.1410011152510755 1.000437701177049 
-3.1410011152510755 1.000437701177049 
-3.1410011152510755 1.000437701177049 
-3.1410011152510755 1.000437701177049 
-3.1410011152510755 1.000437701177049 
-3.1410011152510755 1.000437701177049 
-3.1410011152510755 1.000437701177049 
-3.1410011152510755 1.000437701177049 
-3.1410011152510755 1.000437701177049 
-3.1410011152510755 1.000437701177049 
-3.1410011152510755 1.000437701177049 
-3.1410011152510755 1.000437701177049 
-3.1410011152510755 1.000437701177049 
-3.1410011152510755 1.000437701177049 
-3.1410011152510755 1.000437701177049 
-3.1410011152510755 1.000437701177049 
-3.1410011152510755 1.000437701177049 
-3.1410011152510755 1.000437701177049 
-3.1410011152510755 1.000437701177049 
-3.1410011152510755 1.000437701177049 
-3.1410011152510755 1.000437701177049 
-3.1410011152510755 1.000437701177049 
-3.1410011152510755 1.000437701177049 
-3.1410011152510755 1.000437701177049 
-3.1410011152510755 1.000437701177049 
-3.1410011152510755 1.000437701177049 
-3.1410011152510755 1.000437701177049 
-3.1410011152510755 1.000437701177049 
-3.1410011152510755 1.000437701177049 
-3.1410011152510755 1.000437701177049 
-3.1410011152510755 1.000437701177049 
-3.1410011152510755 1.000437701177049 
-3.1410011152510755 1.000437701177049 
-3.1410011152510755 1.000437701177049 
-3.1410011152510755 1.000437701177049 
-3.1410011152510755 1.000437701177049 
-3.1410011152510755 1.000437701177049 
-3.1410011152510755 1.000437701177049 
-3.1410011152510755 1.000437701177049 
-3.1410011152510755 1.000437701177049 
-3.1410011152510755 1.000437701177049 
-3.1410011152510755 1.000437701177049 
-3.1410011152510755 1.000437701177049 
-3.1410011152510755 1.000437701177049 
-3.1410011152510755 1.000437701177049 
-3.1410011152510755 1.000437701177049 
-3.1410011152510755 1.000437701177049 
-3.1410011152510755 1.000437701177049 
-3.1410011152510755 1.000437701177049 
-3.1410011152510755 1.000437701177049 
