-3.1415174970885706 -4.999999987387477 -3.768404792544287E-4 
-3.1410011152510755 -4.9999991252859814 -0.002957691521097601 
-3.1410011152510755 -4.9999991252859814 -0.002957691521097601 
-3.1410011152510755 -4.9999991252859814 -0.002957691521097601 
-3.1410011152510755 -4.9999991252859814 -0.002957691521097601 
-3.1410011152510755 -4.9999991252859814 -0.002957691521097601 
-3.1410011152510755 -4.9999991252859814 -0.002957691521097601 
-3.1410011152510755 -4.9999991252859814 -0.002957691521097601 
-3.1410011152510755 -4.9999991252859814 -0.002957691521097601 
-3.1410011152510755 -4.9999991252859814 -0.002957691521097601 
-3.1410011152510755 -4.9999991252859814 -0.002957691521097601 
-3.1410011152510755 -4.9999991252859814 -0.002957691521097601 
-3.1410011152510755 -4.9999991252859814 -0.002957691521097601 
-3.1410011152510755 -4.9999991252859814 -0.002957691521097601 
-3.1410011152510755 -4.9999991252859814 -0.002957691521097601 
-3.1410011152510755 -4.9999991252859814 -0.002957691521097601 
-3.1410011152510755 -4.9999991252859814 -0.002957691521097601 
-3.1410011152510755 -4.9999991252859814 -0.002957691521097601 
-3.1410011152510755 -4.9999991252859814 -0.002957691521097601 
-3.1410011152510755 -4.9999991252859814 -0.002957691521097601 
-3.1410011152510755 -4.9999991252859814 -0.002957691521097601 
-3.1410011152510755 -4.9999991252859814 -0.002957691521097601 
-3.1410011152510755 -4.9999991252859814 -0.002957691521097601 
-3.1410011152510755 -4.9999991252859814 -0.002957691521097601 
-3.1410011152510755 -4.9999991252859814 -0.002957691521097601 
-3.1410011152510755 -4.9999991252859814 -0.002957691521097601 
-3.1410011152510755 -4.9999991252859814 -0.002957691521097601 
-3.1410011152510755 -4.9999991252859814 -0.002957691521097601 
-3.1410011152510755 -4.9999991252859814 -0.002957691521097601 
-3.1410011152510755 -4.9999991252859814 -0.002957691521097601 
-3.1410011152510755 -4.9999991252859814 -0.002957691521097601 
-3.1410011152510755 -4.9999991252859814 -0.002957691521097601 
-3.1410011152510755 -4.9999991252859814 -0.002957691521097601 
-3.1410011152510755 -4.9999991252859814 -0.002957691521097601 
-3.1410011152510755 -4.9999991252859814 -0.002957691521097601 
-3.1410011152510755 -4.9999991252859814 -0.002957691521097601 
-3.1410011152510755 -4.9999991252859814 -0.002957691521097601 
-3.1410011152510755 -4.9999991252859814 -0.002957691521097601 
-3.1410011152510755 -4.9999991252859814 -0.002957691521097601 
-3.1410011152510755 -4.9999991252859814 -0.002957691521097601 
-3.1410011152510755 -4.9999991252859814 -0.002957691521097601 
-3.1410011152510755 -4.9999991252859814 -0.002957691521097601 
-3.1410011152510755 -4.9999991252859814 -0.002957691521097601 
-3.1410011152510755 -4.9999991252859814 -0.002957691521097601 
-3.1410011152510755 -4.9999991252859814 -0.002957691521097601 
-3.1410011152510755 -4.9999991252859814 -0.002957691521097601 
-3.1410011152510755 -4.9999991252859814 -0.002957691521097601 
-3.1410011152510755 -4.9999991252859814 -0.002957691521097601 
-3.1410011152510755 -4.9999991252859814 -0.002957691521097601 
-3.1410011152510755 -4.9999991252859814 -0.002957691521097601 
-3.1410011152510755 -4.9999991252859814 -0.002957691521097601 
-3.1410011152510755 -4.9999991252859814 -0.002957691521097601 
-3.1410011152510755 -4.9999991252859814 -0.002957691521097601 
-3.1410011152510755 -4.9999991252859814 -0.002957691521097601 
-3.1410011152510755 -4.9999991252859814 -0.002957691521097601 
-3.1410011152510755 -4.9999991252859814 -0.002957691521097601 
-3.1410011152510755 -4.9999991252859814 -0.002957691521097601 
-3.1410011152510755 -4.9999991252859814 -0.002957691521097601 
-3.1410011152510755 -4.9999991252859814 -0.002957691521097601 
-3.1410011152510755 -4.9999991252859814 -0.002957691521097601 
-3.1410011152510755 -4.9999991252859814 -0.002957691521097601 
-3.1410011152510755 -4.9999991252859814 -0.002957691521097601 
-3.1410011152510755 -4.9999991252859814 -0.002957691521097601 
-3.1410011152510755 -4.9999991252859814 -0.002957691521097601 
-3.1410011152510755 -4.9999991252859814 -0.002957691521097601 
-3.1410011152510755 -4.9999991252859814 -0.002957691521097601 
-3.1410011152510755 -4.9999991252859814 -0.002957691521097601 
-3.1410011152510755 -4.9999991252859814 -0.002957691521097601 
-3.1410011152510755 -4.9999991252859814 -0.002957691521097601 
-3.1410011152510755 -4.9999991252859814 -0.002957691521097601 
-3.1410011152510755 -4.9999991252859814 -0.002957691521097601 
-3.1410011152510755 -4.9999991252859814 -0.002957691521097601 
-3.1410011152510755 -4.9999991252859814 -0.002957691521097601 
-3.1410011152510755 -4.9999991252859814 -0.002957691521097601 
-3.1410011152510755 -4.9999991252859814 -0.002957691521097601 
-3.1410011152510755 -4.9999991252859814 -0.002957691521097601 
-3.1410011152510755 -4.9999991252859814 -0.002957691521097601 
-3.1410011152510755 -4.9999991252859814 -0.002957691521097601 
-3.1410011152510755 -4.9999991252859814 -0.002957691521097601 
-3.1410011152510755 -4.9999991252859814 -0.002957691521097601 
-3.1410011152510755 -4.9999991252859814 -0.002957691521097601 
-3.1410011152510755 -4.9999991252859814 -0.002957691521097601 
-3.1410011152510755 -4.9999991252859814 -0.002957691521097601 
-3.1410011152510755 -4.9999991252859814 -0.002957691521097601 
-3.1410011152510755 -4.9999991252859814 -0.002957691521097601 
-3.1410011152510755 -4.9999991252859814 -0.002957691521097601 
