-14.482225985529766 -11.61327137517631 
-16.604750043869146 -5.31892117392406 
-18.05877903857394 -3.6914717163317365 
-15.33671941934009 -8.80259353788386 
-14.616131486066656 -11.443178706851038 
-18.080530060385044 -3.625815083805631 
-17.96011175345941 -3.8700844137293524 
-17.956308176435464 -3.87204679499391 
-19.999907601492694 3.5975744781871597E-4 
-16.118033899906195 -7.382985794557301 
-18.61370597211802 -1.2255492100753935 
-18.30954158732048 -2.62435448901721 
-16.552149333800052 -5.576955979647691 
-18.510243895171115 -1.6624210579687975 
-17.973124322505562 -3.8602450148074654 
-16.311512189537495 -6.687506066709828 
-15.079385889718074 -9.88542755748275 
-15.954294249035776 -7.7124261705516775 
-14.808051654816056 -10.930160411292954 
-18.242291807581942 -2.9513118821260855 
-14.787537624962951 -10.996850204486101 
-15.276721293420685 -9.049491218810054 
-14.721836750489581 -11.193390894292623 
-15.95407133857913 -7.712642980962338 
-15.967786072115816 -7.697061160976899 
-18.676522509336216 -0.9898236379940019 
-18.567540904325497 -1.4141094734898552 
-18.19608471909946 -3.167273523952505 
-18.01640353880872 -3.7958814163988044 
-18.11013301497887 -3.5227460021680557 
-16.507842402941844 -5.79256250622251 
-18.03720726214476 -3.7495939423148896 
-14.975458910758032 -10.312594526242115 
-15.29231260530436 -8.983787678874316 
-18.480642845390484 -1.7958985140569523 
-16.604750043869146 -5.31892117392406 
-14.514515350955527 -11.58967556749912 
-16.041184267107717 -7.573254511421229 
-15.02692452765419 -10.101924356501378 
-15.92974779776758 -7.7337954064605405 
-15.33671941934009 -8.80259353788386 
-16.070037492534777 -7.509636753682285 
-14.518083885619593 -11.5865755157493 
-16.241584193947226 -6.966816414811411 
-16.35781061213467 -6.488557184696039 
-16.014660570001666 -7.626312609501067 
-18.271790103211835 -2.8097400220080404 
-16.589431910981506 -5.395113155455494 
-18.61370597211802 -1.2255492100753935 
-18.3489608486542 -2.4294365985891737 
-18.080000572624822 -3.627523837327054 
-18.39266368617711 -2.2149836099356475 
-14.747261750627388 -11.120087620145608 
-18.134064078766784 -3.4322416252935 
-16.17453651298532 -7.2076766483252594 
-18.005199245461455 -3.8169293062692597 
-17.987677358703444 -3.8439047357244656 
-15.996236575550675 -7.65719319087823 
-16.4092760549362 -6.256963121133655 
-16.311512189537495 -6.687506066709828 
-16.48079156144461 -5.921702015532505 
-18.16979458325134 -3.2840019007947117 
-14.592931586224395 -11.4854416435354 
-17.973705588915216 -3.8597480951882375 
-16.13892432462313 -7.320994179308342 
-15.163192870570779 -9.529837482700053 
-18.428597291257923 -2.0410752618972605 
-17.947616035914212 -3.8749894190659946 
-16.386047696800045 -6.3605434954013065 
-15.126903195701448 -9.682788242741996 
-18.321018361523528 -2.56663924464948 
-16.216078696720814 -7.0624656745259555 
-15.001821509157423 -10.206279585541917 
-15.20093329872168 -9.368751758291545 
-14.900469822147581 -10.602382842606648 
-16.442235913856692 -6.104518426407124 
-14.653978679229454 -11.362944986311083 
-14.560353918342777 -11.53545483000401 
-14.682897527137639 -11.295263608735404 
-16.07793600720801 -7.4899600970092814 
-16.269275549191065 -6.860191527580414 
-14.482225985529766 -11.61327137517631 
-14.847083342882058 -10.797577920074865 
-15.231395167665504 -9.239780592050797 
-14.93746200364277 -10.462876543323942 
-14.878065164825156 -10.686462096459596 
