-1.1450936137730152 -1.139442572474208 -1.141239277982101 
-0.9149561277732141 8.512375705829479E-5 -0.9455253071260803 
6.780479705332287E-7 7.800113824056384E-5 -1.0790183649391336 
-1.070072328692463 -0.7865007138987647 -1.0685614321614956 
-1.1264340208032817 -1.0908405628823497 -1.1263794523260147 
-2.7558098547989985E-6 -1.745584444550088E-5 -1.065616235441358 
7.643347593652491E-7 -1.4339353154850496E-5 -1.1406922296704571 
6.786553508265868E-7 -1.4304936292626327E-5 -1.1430819886574484 
6.780093381373774E-7 -1.767751203369356E-5 2.236650345355251E-5 
-1.0782454930499472 7.885218423504967E-5 -1.079689709686407 
6.780479705332287E-7 7.800113824056384E-5 -0.7460616426821165 
7.374331434843022E-7 -2.0826193079033674E-5 -0.9258781693320295 
-0.933778425457364 7.869829711889275E-5 -0.9584150265840472 
6.780093381373774E-7 2.4822447407318395E-5 -0.8065432761063716 
6.780093381373774E-7 -1.8227915046223164E-5 -1.1325204557202975 
-1.0200165242013732 7.867368768549883E-5 -1.0185950281117055 
-1.0735918879763888 -0.9176094572547334 -1.0728360075368397 
-1.1295153845160215 7.851374724210643E-5 -1.1305271476628518 
-1.0949296408091633 -1.0260183080300869 -1.1011664252491835 
6.950780034689288E-7 7.658325855902778E-5 -0.9664403584891273 
-1.0979165816874648 -1.0330439147273285 -1.1040141418718195 
-1.0692157294323617 -0.8197037905185434 -1.0685614321614956 
-1.1114747943962047 -1.055670903418961 -1.1089651671376888 
-1.1296550899663271 8.218948005012905E-5 -1.1305271476628518 
-1.1271497111833624 8.068009559216126E-5 -1.1244401637366863 
-2.7558098547989985E-6 -1.745584444550088E-5 -0.7098010180169814 
7.361085843511467E-7 2.312149522225164E-5 -0.7729947181944594 
-0.9946053251872028 -2.084707416097767E-5 2.236650345355251E-5 
7.374331434843022E-7 -2.0910736141770047E-5 -1.1054499400293079 
6.986501391603376E-7 7.857709928107229E-5 -1.0472572256008095 
-0.9662195442188126 8.068009559216126E-5 -0.9527565957168217 
6.928562471147632E-7 -1.1790611956481583E-5 -1.092502432630796 
-1.0849903466568591 -0.960931369934931 -1.077648081316517 
-1.0746941316455716 -0.8048136140474897 -1.0728603333996558 
7.318312980681948E-7 7.748805005605128E-5 -0.823902817453281 
-0.9149561277732141 8.512375705829479E-5 -0.9455253071260803 
-1.1407007376638576 -1.1251769411252788 -1.14255494247416 
-1.1077292469750286 8.370467943887873E-5 -1.0980038930678568 
-1.0700854009346692 -0.9400442585483396 -1.0836214672194402 
-1.1382340204467358 9.58408070942131E-5 -1.1372058409520107 
-1.070072328692463 -0.7865007138987647 -1.0685614321614956 
-1.0941293537832313 8.039492994759895E-5 -1.0936282601736234 
-1.1407007376638576 -1.1251769411252788 -1.1391021217006954 
-1.0455537242475295 7.869829711889275E-5 -1.0360247567586698 
-1.0037778910839559 8.132881375889946E-5 -1.0064902401671427 
-1.1118832253389268 -6.85548896345796E-5 -1.1103937335858995 
6.780093381373774E-7 -2.0613716237863964E-5 -0.948645815510589 
-0.9375167878340505 7.65001519960668E-5 -0.932148774645818 
6.780479705332287E-7 7.800113824056384E-5 -0.7460616426821165 
6.786697894628229E-7 2.6308090838326633E-5 -0.9022085343919928 
-2.7558098547989985E-6 -1.745584444550088E-5 -1.0659438765668103 
1.4125331400065645E-6 -1.1790611956481583E-5 -0.8761215480295763 
-1.1099383680573847 -1.0436808625149503 -1.1094303474239349 
6.786553508265868E-7 -1.4339353154850496E-5 -1.032604389700124 
-1.0635282287953727 -1.4838442421565416E-5 -1.0594134986181611 
-2.399913191511081E-6 -1.7668181661217516E-5 -1.11244701003134 
7.371384473883982E-7 -1.1603403372468176E-5 -1.1234107890865337 
-1.1151465905915359 7.751759657251008E-5 -1.118641944997986 
-0.9841332927679216 7.853489141339295E-5 -0.9947271676742171 
-1.0200165242013732 7.867368768549883E-5 -1.0185950281117055 
-0.9770599780201379 7.869829711889275E-5 -0.9583247518545682 
6.786553508265868E-7 -1.4339353154850496E-5 -1.010689064874311 
-1.1304115389104803 -1.0987311363952459 -1.1292229236659266 
1.4125331400065645E-6 -1.1790611956481583E-5 -1.1321639378594215 
-1.0754755266448288 5.075937659360097E-5 -1.0695088458854247 
-1.0719810187087329 -0.8758137798764491 -1.0720849911524133 
6.901977497602165E-7 2.6308090838326633E-5 -0.8547424246116877 
1.4125331400065645E-6 -6.984244127050843E-6 -1.1485564291905899 
-0.9853112466443785 8.068009559216126E-5 -1.0077343968075994 
-1.0691077101229938 -0.9006625610116425 -1.064831210352778 
1.332847111229389E-5 7.719780450634144E-5 -0.9189080834478647 
-1.0484406650038889 8.056534225393052E-5 -1.0488494510308415 
-1.0847211862293358 -0.9471478603751232 -1.0787821447932877 
-1.071899124075482 -0.8552090076745775 -1.0734815451710913 
-1.0845952180401726 -0.995362379641233 -1.083489288171337 
-0.9747002011623661 8.001904435053366E-5 -0.9840930904297985 
-1.1134052848572775 -1.0828020600233148 -1.1189739842173132 
-1.1332560343070048 -1.1139731638572046 -1.127810298498845 
-1.1134052848572775 -1.0687049221398572 -1.1187666891276955 
-1.0941293537832313 8.132881375889946E-5 -1.0887158634744816 
-1.0310383729952164 2.5975229339066002E-5 -1.0335007305157407 
-1.1450936137730152 -1.139442572474208 -1.141239277982101 
-1.0947333833307231 -1.0116312137573658 -1.0921745438511024 
-1.0701383348597222 -0.8409506449761099 -1.0722761121562936 
-1.0845586599233326 -0.9769644762393652 -1.0834788276176357 
-1.0943869422781098 -0.9964099743257286 -1.0921745438511024 
