-16.78514311457478 -4.481893438652995 
-16.608762444617742 -5.293471988164764 
-16.527390575303144 -5.694613637004716 
-18.85978575449706 -0.4259792403351934 
-18.185256401905143 -3.2100384895452785 
-16.469750255109815 -5.9583484410625625 
-16.19889106573703 -7.026408850313619 
-15.02311401701369 -10.106246142678508 
-16.2500836586488 -6.932165351107771 
-16.281744928132465 -6.781288341615202 
-16.70522667839952 -4.818557018015124 
-18.114162900013007 -3.499612817833768 
-18.356222970971974 -2.3891367670991186 
-18.02810406279754 -3.7567016653993424 
-16.14816666582786 -7.25389486296146 
-16.428377728735043 -6.137755732734545 
-14.90952711916361 -10.537144650505745 
-18.67542302469915 -0.9808634911053096 
-18.08200278752645 -3.6127167158982445 
-18.548970883482212 -1.4743063262660383 
-14.816855989292453 -10.886475900733435 
-18.41228542239076 -2.115663976021718 
-15.986630988838623 -7.628785753144775 
-18.908370827618718 -0.3016520633372357 
-14.77990995076501 -11.009387544833128 
-14.98526297370217 -10.22791315884916 
-16.3834965242673 -6.356920070082015 
-16.310207350975602 -6.680859530766272 
-16.573703442459923 -5.4543484112415 
-14.460117825442786 -11.623091466392433 
-16.492543270410458 -5.781781208245867 
-18.980519776265098 -0.16209021093155895 
-16.472379788951255 -5.884283075417789 
-15.18900130467923 -9.409862881551916 
-18.238954354232817 -2.947854825067657 
-15.255424379695786 -9.128389431117919 
-16.727033670220237 -4.703759714775899 
-15.33564769679795 -8.805064930195057 
-16.115134233804625 -7.375660127341003 
-15.529027234263937 -8.06818505188272 
-16.630077194267734 -5.193340378469152 
-15.283679886172221 -9.020279660954706 
-15.87123980545935 -7.750115577855184 
-15.445177590723137 -8.361433079298502 
-16.75988048853754 -4.610219159030094 
-15.22563871004437 -9.263078466326274 
-15.297133929922698 -8.911233842906096 
-18.75926498640341 -0.6640066607452674 
-14.963027499865767 -10.356913849015935 
-14.695227569389917 -11.248264399934365 
-16.86305392641172 -4.268014543246661 
-16.975583737992125 -3.979223693501137 
-16.0485951387683 -7.5027962754828526 
-16.655276965417464 -5.0684646315271475 
-18.135165935885915 -3.393299728838682 
-15.136236553405114 -9.607153726567496 
-15.420055474895126 -8.472638404178328 
-14.525315000976434 -11.55444814546252 
-16.406892549553884 -6.254556032016097 
-18.638928585905788 -1.1176453823542791 
-15.107388246523897 -9.764187426511736 
-15.477628844145368 -8.239078030951026 
-16.910888447270395 -4.1215603370383365 
-18.713675195563926 -0.8446981804185703 
-18.475612886407408 -1.808304165196366 
-18.807376122162665 -0.5610628989246167 
-15.598039820977801 -7.864658540971559 
-18.161714663126915 -3.314809992792385 
-14.896225294219697 -10.613798919634387 
-15.552636787927568 -7.981044753730316 
-14.725296951197102 -11.126242837884739 
-14.932428197295124 -10.468475039638788 
-14.643612363569554 -11.37480652352448 
-15.04887697948137 -10.01069121140318 
-18.383685050558388 -2.241852517971798 
-16.362304883227274 -6.46293188689531 
-16.825490784614832 -4.382590525542094 
-16.54855634364275 -5.588441890358849 
-14.860244055405948 -10.72981504036595 
-19.994312200514933 0.010761998251918944 
-19.084011540695272 0.005996924102963646 
-18.213262789148345 -3.0876834315898014 
-18.432796625473145 -1.9889517384019666 
-16.68056813657185 -4.940961945836815 
-15.074019386765437 -9.896492029325634 
-16.196247064845142 -7.12769509028373 
-16.454351709499484 -6.04160243376019 
-16.330611522793728 -6.574719858830469 
-14.594230842641412 -11.48046433010611 
-18.606819490744343 -1.249618946914685 
-18.299549259308108 -2.669089048437878 
-18.571414623975407 -1.3791706955247793 
-18.32898720877988 -2.512492448016299 
-18.268127311291526 -2.803722170525575 
-18.5164585045777 -1.6141412542211364 
-17.95050366016293 -3.8713078505106346 
-15.389895808654156 -8.58298942009634 
-17.04246086331326 -3.8829249779240333 
-15.358513006008835 -8.702452880865602 
-15.637953252923532 -7.752077439300882 
