-0.768783044746354 0.0013513436420411235 -0.9859539794381476 
-0.965807472249411 -6.59607188097638E-4 -0.8924794992960295 
-0.9661878669700655 -7.260651394671508E-4 -0.9409757038627767 
-0.60478511390606 1.344913790347652E-5 4.6714933276380185E-4 
-1.0006818864157008 1.344913790347652E-5 4.6714933276380185E-4 
-1.003190610241095 -0.0012176752342669514 -0.9390822844689539 
-1.0675070484344547 -0.04301311382263599 -1.0386728637630056 
-1.0963976115860796 -0.9384517446503023 -1.0633905861135524 
-1.0377205945788168 -8.092768038020668E-4 -1.0386209807765066 
-1.0600967569043713 6.521866294472648E-5 -0.9969797892680654 
-0.8860787892112297 0.0015494253994027657 -0.9140639847150998 
-1.0438912588048626 -1.3414260436470015E-5 7.944050912699172E-4 
-0.8975370879411364 8.542541148004148E-5 -2.8474268474103296E-4 
-1.0962921782338684 0.001440040959200323 4.8062385629043267E-4 
-1.075429416283783 0.016000807040175036 -1.0635956992630902 
-1.0265694613991676 -8.081142533453467E-4 -0.9410166801478731 
-1.060763281169947 -1.0096788897128683 -1.0723078442665073 
-0.7092959901895904 -7.963809294788856E-4 6.135846158482109E-4 
-1.0637440106917124 -1.3414260436470015E-5 7.944050912699172E-4 
-0.782317210571595 8.667216655003567E-4 0.0010064659768715966 
-1.1184842816514364 -1.0149313503889523 -1.0900055512393 
-0.8641540915802136 8.543718360270146E-5 -2.423316795925304E-4 
-1.14606469882868 3.906113008875808E-5 -1.0938661713957307 
-0.5764205536933973 0.0013460220772589964 -2.953355374519795E-4 
-1.1184842816514364 -1.0332970094552205 -1.0899891521483174 
-1.1178406652574053 -0.9300406893012806 -1.0895672832841947 
-1.0198336927897014 0.0024668444705606527 -0.9748389766925977 
-1.0008611057727057 -8.092768038020668E-4 -1.0386209807765066 
-0.8820922039411503 5.698149016361456E-5 -0.9977259784239209 
-1.149705456782811 -1.1428032803318362 -1.1514919432908863 
-0.8801770467717931 -7.211781586206395E-4 -1.049494946263448 
-0.5373056357484516 8.543718360270146E-5 -2.8474268474103296E-4 
-0.9042167386535747 0.008815920797029864 -1.0370575239449482 
-1.069742987221572 -0.8524846261433292 -1.089963840004102 
-0.9668963774441032 -7.260651394671508E-4 0.001161099107174176 
-1.0675070484344547 -0.8184627605224921 -1.0896875482823989 
-0.8482520336156048 -0.00683280747410453 -0.9391696657467177 
-1.0611846849098394 -0.7910890270923261 -1.071534743986205 
-1.0963976115860796 -7.78354406444021E-4 -1.0633905861135524 
-1.054671071091155 -0.6709366388028066 -1.0903757660043354 
-0.9512293655876208 6.376970391657919E-5 -0.8941270477665914 
-1.0669042934530037 -0.8155290765267643 -1.0715243840817512 
-1.154236693939842 -2.889456461658554E-5 -1.1580002083385459 
-1.0662961899675274 -0.7440498723718133 -1.0466131182554075 
-0.7316418849585247 -4.8501533952586585E-4 -1.0405720665994176 
-1.0656504132131028 -0.8524846261433292 -1.06329702509978 
-1.0230545776189253 -0.8246326245209539 -1.0899891521483174 
-0.6565489828830077 -8.669081043458731E-4 0.005025670965244533 
-1.0697334876709432 -0.9685240543947957 -1.090456675577189 
-1.0989956048912197 -1.0793836883129577 -1.1007841960530855 
-1.0641964909939063 -3.0776348405012026E-5 -0.6504331031136008 
-0.5414538785028395 -0.008244159734642875 -1.114418603836777 
-1.0928769103659006 -0.024597618702045965 -1.1076937896538226 
-0.8801770467717931 3.4089742415412E-4 -0.9501191436830144 
-1.028363434212309 0.0028721696947159314 4.8062385629043267E-4 
-1.037693473498638 -0.8967101275093347 -1.0946500721127068 
-1.0662961899675274 -0.7440498723718133 -1.0665074931955478 
-1.1462926359153114 -1.131377780195946 -1.114083546393795 
-1.0147713440703923 9.58519159455647E-4 -0.9656558395988512 
-0.7305777155333708 -6.689023955890278E-4 4.8259112091882973E-4 
-1.0697442823165286 -0.9114719085860047 -1.0627663250244161 
-1.047679255523709 -0.7063808695115786 -1.0911783663567238 
-1.0656504132131028 0.003929686410093558 -0.6219171509663919 
-0.686887471237469 0.00128492504735952 4.670174561410536E-4 
-0.8260364568038782 3.839803268931342E-4 6.827843603911661E-4 
-0.6340422431329171 -6.689023955890278E-4 4.8062385629043267E-4 
-1.0741397927350265 -0.6014906409666957 -1.1012577412517173 
-1.015289317731649 2.3359730493860854E-6 -2.9771832551395155E-4 
-1.0749339493019072 -0.9985906526147144 -1.0910633057042074 
-1.1121044900222614 -0.5848793182682249 -1.1143263553998952 
-1.0989956048912197 -1.0793836883129577 -1.0719942636448825 
-1.0636604759746104 -0.9861942981463016 -1.0921117547450532 
-1.119871431838417 -1.092719643656788 -1.1030091562182311 
-1.073110542482376 -0.9364728164992959 -1.0674609059755935 
-0.8801770467717931 -7.291683860907814E-4 8.219769166979053E-4 
-1.0147713440703923 9.55560153243928E-4 -0.9927726135219238 
-1.0722774242437931 3.6191384174710534E-4 -0.6644101787795034 
-0.9234972057524864 9.306671683075971E-4 -0.9709485153512631 
-1.1184842816514364 -0.9932092443976485 -1.0899891521483174 
0.002367883933269921 1.1102046570213525E-4 4.608138459610343E-4 
-0.48003692161829203 1.0959854995367237E-4 -2.584897685734037E-4 
-0.9840693603569521 -2.8578143825435756E-5 8.11934739166631E-5 
-0.8493221502332957 6.794775290054655E-5 -0.0024973845928432485 
-0.8740828267066985 0.001552801601225175 -0.9410166801478731 
-1.075429416283783 -0.9305478230495179 -1.0532996491715072 
-1.0461509079560358 -7.78354406444021E-4 -1.0633905861135524 
-0.953793418593358 5.698149016361456E-5 -0.9977259784239209 
-0.9824247700696735 0.002756046634805753 -1.0446706479824057 
-1.1191614661197897 -1.1040753536346901 -1.1287747358880664 
-0.7497997343280666 6.552517414630077E-5 -2.953355374519795E-4 
-0.9315612552132374 8.543718360270146E-5 -2.8474268474103296E-4 
-0.7690927495725892 0.0013513436420411235 4.6714933276380185E-4 
-0.9129739471099046 9.162776417553513E-4 4.8017554354102263E-4 
-0.9488937877320316 -0.001539528642382905 5.8279217151469E-4 
-0.8011392460396622 0.001440040959200323 4.8062385629043267E-4 
-1.14606469882868 3.906113008875808E-5 5.42767585686295E-4 
-1.0662961899675274 -0.7440498723718133 -1.090317106367428 
-1.1226318670269284 8.863883792330132E-5 -0.49715961457159763 
-1.0474994142824883 -0.7910890270923261 -1.066628341384901 
-1.1189101983248622 -0.5154262807618653 -1.115030050297058 
