3.126848264143029 0.05057988347604542 
-3.141592653589793 1.0481356443067065 
1.4083677386034077 1.0440664379522921 
1.4094485998146733 0.9843573932727752 
2.9252331751900407 0.37765464540151716 
1.4107446284988014 0.7366033518516626 
2.1281141361209683 0.48519951859499 
2.925942341627544 0.3207771393170689 
2.1271060958970223 0.5181383286418054 
2.926928361975164 0.21329923888933855 
2.1281141361209683 0.48519951859499 
1.5866808686306524 0.5643678352892607 
1.4544708640474298 0.6974611732227691 
1.4544949197397665 0.6261772241039827 
3.111043492592321 0.12550580081782464 
1.5866808686306524 0.5643678352892607 
2.1271060958970223 0.5181383286418054 
1.4531842663959857 0.7365920749632093 
2.925818980968825 0.3332149091285831 
1.4544708640474298 0.6974611732227691 
2.926928361975164 0.21329923888933855 
2.9339454994247745 0.17521388447705497 
1.5820878648184316 0.611639724375852 
1.455296078910257 0.6221310296349055 
2.934562577479692 0.14990311537315593 
2.934562577479692 0.14990311537315593 
1.5821416148006826 0.5901862196032386 
1.5822766580553913 0.5702751523675768 
3.1268311364334 0.08584179913529819 
1.582090279550547 0.5965202567499459 
2.9339454994247745 0.17521388447705497 
3.126834137988389 0.08084481583435225 
3.1268072160557954 0.09886089190842395 
3.126840393129073 0.06784760868590294 
2.9339481235038267 0.16250089180639318 
2.925818980968825 0.3332149091285831 
2.934556499567759 0.15022405181676263 
2.9339481235038267 0.16250089180639318 
3.126756003365773 0.11731191737392824 
1.5820878648184316 0.611639724375852 
3.1267624213455716 0.10686181490402465 
3.1268068695762543 0.09905427267140757 
3.1267624213455716 0.10686181490402465 
1.5821416148006826 0.5901862196032386 
1.582090279550547 0.5965202567499459 
3.126847504467052 0.056406066703129365 
3.1268467649460265 0.05935807435123695 
3.126845346794491 0.06432333943700211 
1.4083677386034077 1.0440664379522921 
1.4544949197397665 0.6261772241039827 
3.1268328031671335 0.08208575317860392 
1.5822853565009793 0.5681700503257053 
3.12684392317719 0.06759568721276618 
3.1267309171691497 0.12517535900536025 
3.126845346794491 0.06432333943700211 
3.126738187754479 0.12190354700646935 
3.126734401126586 0.12427962015202224 
3.126751109054077 0.11969277634977893 
3.1267400556846656 0.12107102947951345 
1.5822792931674343 0.5692490820091535 
1.5822853565009793 0.5681700503257053 
3.126847342732856 0.05727223750162909 
3.126847121495959 0.05832914360241771 
3.1267534021230143 0.11884925935420486 
3.1267551974185466 0.11847553190269039 
1.5822766580553913 0.5702751523675768 
3.1267333065132297 0.12456463165648556 
3.1268469817642983 0.058962539481661795 
3.1268338671441183 0.08110872269775504 
3.1268336860181294 0.08147360190245953 
3.126847504467052 0.056406066703129365 
3.1268474191128024 0.05688043937227261 
2.934556499567759 0.15022405181676263 
3.1268474183473383 0.05688435907225968 
3.1267551974185466 0.11847553190269039 
3.1268334435131933 0.08170969745506301 
3.1268470470362386 0.058642175740405436 
3.1268470470362386 0.058642175740405436 
3.126734401126586 0.12427962015202224 
3.1268403960564224 0.06781916255198289 
1.4531842663959857 0.7365920749632093 
3.1268072160557954 0.09886089190842395 
3.1268332505469343 0.08182500365482727 
3.1268330772725053 0.08198615763252823 
3.1268330772725053 0.08198615763252823 
3.1268331633153754 0.08190524717116215 
3.1268332505469343 0.08182500365482727 
3.1268331633153754 0.08190524717116215 
3.126840393129073 0.06784760868590294 
3.1268474191128024 0.05688043937227261 
2.1281141361209683 0.48519951859499 
1.5866808686306524 0.5643678352892607 
2.1271060958970223 0.5181383286418054 
1.4544708640474298 0.6974611732227691 
2.926928361975164 0.21329923888933855 
2.934562577479692 0.14990311537315593 
2.925818980968825 0.3332149091285831 
2.9339481235038267 0.16250089180639318 
1.5820878648184316 0.611639724375852 
1.582090279550547 0.5965202567499459 
