3.126848264143029 -4.999496448446067 0.07371766947116544 
-3.141592653589793 -4.999999999999998 -1.114480622434516E-4 
1.4083677386034077 0.792962290614907 4.966501266391062 
1.4094485998146733 0.7960094427854689 4.966493652995513 
2.9252331751900407 -4.88527157504872 1.0668024658258364 
1.4107446284988014 0.7969263230590542 4.946517722929747 
2.1281141361209683 -2.643268000395351 4.2438908849339905 
2.925942341627544 -4.88527846395801 1.0665143688692664 
2.1271060958970223 -2.6394874021373247 4.243914049879917 
2.926928361975164 -4.88527846395801 1.0665143688692664 
2.1281141361209683 -2.643268000395351 4.2438908849339905 
1.5866808686306524 -0.07999805849043895 4.999475267043768 
1.4544708640474298 0.5837135722167446 4.965653549933218 
1.4544949197397665 0.5809774523768825 4.966554225570246 
3.111043492592321 -4.998185664139149 0.1526774504815875 
1.5866808686306524 -0.07999805849043895 4.999475267043768 
2.1271060958970223 -2.6394874021373247 4.243914049879917 
1.4531842663959857 0.5819704415656501 4.966565215411565 
2.925818980968825 -4.88527846395801 1.0665143688692664 
1.4544708640474298 0.5837135722167446 4.965653549933218 
2.926928361975164 -4.88527846395801 1.0665143688692664 
2.9339454994247745 -4.892633283683513 1.0303510849868571 
1.5820878648184316 -0.05931812544331333 4.999638872092443 
1.455296078910257 0.577715030468775 4.966606774702953 
2.934562577479692 -4.893147937132075 1.0276980285676474 
2.934562577479692 -4.893147937132075 1.0276980285676474 
1.5821416148006826 -0.058569795205345006 4.999643062245509 
1.5822766580553913 -0.058569795205345006 4.999643062245509 
3.1268311364334 -4.999497137711216 0.07370487614670358 
1.582090279550547 -0.058569795205345006 4.999643062245509 
2.9339454994247745 -4.892633283683513 1.0303510849868571 
3.126834137988389 -4.999496441973463 0.07371749301571053 
3.1268072160557954 -4.999496443924239 0.073717672622439 
3.126840393129073 -4.999497281038301 0.07373528485941484 
2.9339481235038267 -4.892633283683513 1.0305143402950308 
2.925818980968825 -4.88527846395801 1.0665143688692664 
2.934556499567759 -4.8931264382359565 1.0277389869383657 
2.9339481235038267 -4.892633283683513 1.0305143402950308 
3.126756003365773 -4.999497281910107 0.0737353403004534 
1.5820878648184316 -0.05931812544331333 4.999638872092443 
3.1267624213455716 -4.999464984582076 0.07368138885843044 
3.1268068695762543 -4.999496461046378 0.07371749301571053 
3.1267624213455716 -4.999464984582076 0.07368138885843044 
1.5821416148006826 -0.058569795205345006 4.999643062245509 
1.582090279550547 -0.058569795205345006 4.999643062245509 
3.126847504467052 -4.9994971562830415 0.07371787694411981 
3.1268467649460265 -4.999496438475778 0.0737353376630477 
3.126845346794491 -4.999497145073884 0.0737178647888372 
1.4083677386034077 0.792962290614907 4.966501266391062 
1.4544949197397665 0.5809774523768825 4.966554225570246 
3.1268328031671335 -4.999496448446067 0.07371766947116544 
1.5822853565009793 -0.05855054351401854 4.999643062245509 
3.12684392317719 -4.999496441973463 0.07371749301571053 
3.1267309171691497 -4.9994971365372285 0.0737178529106355 
3.126845346794491 -4.999497145073884 0.0737178647888372 
3.126738187754479 -4.999495191494738 0.07373541858546516 
3.126734401126586 -4.999497156989698 0.0737178529106355 
3.126751109054077 -4.99949712727928 0.07371786436099331 
3.1267400556846656 -4.999493955322133 0.07373541858546516 
1.5822792931674343 -0.05855096906880762 4.999643062245509 
1.5822853565009793 -0.05855054351401854 4.999643062245509 
3.126847342732856 -4.999497136395655 0.07371786406305095 
3.126847121495959 -4.999497136395655 0.07371786406305095 
3.1267534021230143 -4.999496428019993 0.0737178507301497 
3.1267551974185466 -4.999497136639866 0.07371831801570622 
1.5822766580553913 -0.058569795205345006 4.999643062245509 
3.1267333065132297 -4.99949715702943 0.07371784985203117 
3.1268469817642983 -4.9994971562830415 0.07371784578871318 
3.1268338671441183 -4.999496441973463 0.07371749301571053 
3.1268336860181294 -4.999497136395655 0.0737175112900483 
3.126847504467052 -4.9994971562830415 0.07371787694411981 
3.1268474191128024 -4.999497157006187 0.07371786678305048 
2.934556499567759 -4.8931264382359565 1.0277389869383657 
3.1268474183473383 -4.999497157006187 0.07371786690124663 
3.1267551974185466 -4.999497136639866 0.07371831801570622 
3.1268334435131933 -4.99949714535376 0.07371750136533672 
3.1268470470362386 -4.9994971562830415 0.07371789114564525 
3.1268470470362386 -4.9994971562830415 0.07371789114564525 
3.126734401126586 -4.999497156989698 0.0737178529106355 
3.1268403960564224 -4.999497281910107 0.0737353403004534 
1.4531842663959857 0.5819704415656501 4.966565215411565 
3.1268072160557954 -4.999496443924239 0.073717672622439 
3.1268332505469343 -4.9994971365372285 0.0737178529106355 
3.1268330772725053 -4.999497136536937 0.07371786436099331 
3.1268330772725053 -4.999497136536937 0.07371786436099331 
3.1268331633153754 -4.999497136395655 0.07371786406305095 
3.1268332505469343 -4.9994971365372285 0.0737178529106355 
3.1268331633153754 -4.999497136395655 0.07371786406305095 
3.126840393129073 -4.999497281038301 0.07373528485941484 
3.1268474191128024 -4.999497157006187 0.07371786678305048 
2.1281141361209683 -2.643268000395351 4.2438908849339905 
1.5866808686306524 -0.07999805849043895 4.999475267043768 
2.1271060958970223 -2.6394874021373247 4.243914049879917 
1.4544708640474298 0.5837135722167446 4.965653549933218 
2.926928361975164 -4.88527846395801 1.0665143688692664 
2.934562577479692 -4.893147937132075 1.0276980285676474 
2.925818980968825 -4.88527846395801 1.0665143688692664 
2.9339481235038267 -4.892633283683513 1.0305143402950308 
1.5820878648184316 -0.05931812544331333 4.999638872092443 
1.582090279550547 -0.058569795205345006 4.999643062245509 
