-16.600962495112967 -5.310657998736192 
-15.251430319680502 -9.155410856688627 
-18.124432119023474 -3.469456449613568 
-15.307983795361297 -8.919764889987722 
-15.93746387236026 -7.72801737556276 
-16.475833465780365 -5.946509689491345 
-16.709219100555476 -4.814520964879486 
-14.713906971395154 -11.213955199520004 
-16.383007020989382 -6.376811807257626 
-18.207567875156734 -3.114489536897646 
-15.175448037060841 -9.47750268027812 
-16.181351566357833 -7.184174001130883 
-18.54620756830402 -1.503271908154202 
-18.2616259260275 -2.858787518557543 
-15.998490930934741 -7.653999745993103 
-16.00421517854995 -7.644517762869068 
-18.003177575401907 -3.820153551751206 
-18.021523755959073 -3.78506679823577 
-14.566258888347821 -11.527955491861604 
-15.19330468661541 -9.401335614952044 
-17.985417197220894 -3.8464684514348035 
-18.53251819736888 -1.5626597684165622 
-18.694111181728584 -0.9263885833859936 
-18.365691615407894 -2.345489202998102 
-14.847101410454023 -10.797273110939557 
-14.819420490231227 -10.892837837322631 
-19.99972882740257 9.806114561587073E-4 
-18.14041372545453 -3.4064585627631545 
-14.666415935898625 -11.335641417150681 
-14.952951599444592 -10.40173257848192 
-18.052052071119064 -3.7106442363270236 
-14.78371776836206 -11.007958640364677 
-18.438990969981198 -1.9912609540130528 
-15.137858750306906 -9.637759500874173 
-14.64160013935144 -11.391233717701665 
-14.711277260958706 -11.220948708966393 
-18.095574818490782 -3.574127180556485 
-18.341430989275924 -2.4663810380536426 
-18.679059750516622 -0.9794658507492342 
-16.14372039112943 -7.306613344802242 
-16.617425124773007 -5.256713517563508 
-18.56848938148258 -1.4088228209159024 
-14.491251466692429 -11.60842505867445 
-15.307983795361297 -8.919764889987722 
-16.11424317172085 -7.394019444539021 
-18.416494994714323 -2.0989356607573426 
-17.95331888442658 -3.872454133372355 
-16.228080762224153 -7.018550444669149 
-14.882978826941612 -10.668323822282606 
-15.089014028447316 -9.843186957914618 
-18.234647661124214 -2.9870350633707794 
-16.454606640197312 -6.046984371237713 
-16.555893779250514 -5.559874761515839 
-15.94544558620343 -7.720871753351323 
-14.989911715604697 -10.253248623787702 
-18.29926903736781 -2.6746673710591793 
-18.477791188104426 -1.809549132119005 
-16.493630459780967 -5.861478822053156 
-16.032711148802285 -7.591690958217983 
-18.07649642500159 -3.6384056788308397 
-16.56883385501129 -5.496468242167226 
-16.289070677455964 -6.77934529841299 
-14.465989862381907 -11.621573614304221 
-14.924511519975965 -10.51287553794005 
-16.062043129444547 -7.528458864403164 
-15.345143980211269 -8.768327076193358 
-16.340452902268666 -6.564195751065259 
-17.94624300260959 -3.8744247986882536 
-17.961011721182935 -3.868727136198319 
-15.252431297156964 -9.151197547816853 
-17.981642843013812 -3.851063526727737 
-18.0348771690258 -3.7548654293780115 
-15.93746387236026 -7.72801737556276 
-16.32036546274867 -6.6503139607894255 
-15.046712091209816 -10.021724572594586 
-18.166554296141513 -3.2974785294576567 
-16.198241979079096 -7.126407218003653 
-16.41621410059043 -6.22580187841257 
-15.020912581131087 -10.127746800526502 
-17.967132339314887 -3.8645202942694525 
-14.566258888347821 -11.527955491861604 
-16.252473238390735 -6.925985989046726 
-16.085416212815666 -7.470902647020174 
-15.96824915520936 -7.696808931640252 
-14.526669291573473 -11.576223849387786 
-14.752442507415893 -11.10526088552582 
-14.600933579176896 -11.471397976054906 
