-0.8647922521352573 -0.0034293289458144915 -0.9988090293696048 
-1.07092601264606 -0.8316161155801474 -1.069390624355723 
-1.0385018361657148 -3.407396490996997E-5 1.1999942754546499E-5 
-1.0722144630511894 -0.8012062049920905 -1.0679463889944494 
-1.1367929529015481 -5.593950860204459E-5 -1.133804665537332 
-0.9700274227188284 -4.315580821924918E-5 -0.9683487634177411 
-1.034060534696665 -3.427978663956876E-5 -0.7672159871566955 
-1.1107041640864883 -1.0619757145213682 -1.105144692898845 
-0.9963791421683188 -4.1277690117673556E-5 -0.9984974121029854 
-0.9875720578141042 -5.6358001393043976E-5 1.1999942754546499E-5 
-1.0722144630511894 -0.8717686546167809 -1.0680243573927686 
-1.0554879123587984 -3.933692780799411E-5 -1.063243416201301 
-9.566535980044638E-5 -4.167874554176934E-5 -0.7853652389480541 
-0.9547742028264394 -3.4492173646562605E-5 1.1999942754546499E-5 
-1.1166145839972903 -3.987353367514226E-5 -1.1157641765269442 
-1.1130375672786292 -3.9888290863092985E-5 -1.1157641765269442 
-1.113686435106755 -3.457617194454329E-5 1.1999942754546499E-5 
-1.1022380270799885 -3.442298382786747E-5 1.1999942754546499E-5 
-1.13355793259474 -1.1081060210736733 -1.1333462650657937 
-1.0680473072798846 -0.8657028762103335 -1.0668985074708779 
-1.1247904225055791 -3.830250204759164E-5 1.0994991778218065E-5 
-9.499894837465096E-5 -3.435597011745591E-5 -0.7933843996212468 
-9.499326369818327E-5 -3.449463144915014E-5 -0.6995796202698745 
-9.565100975567844E-5 -4.0528305601944496E-5 -0.8921062361318189 
-1.0980394976331995 -1.0083696712662225 -1.0948686242043388 
-1.0970024409242336 -1.021261437114515 -1.09747470741221 
-9.472829482948859E-5 -3.3127279117284166E-5 1.1999942754546499E-5 
-1.028677093779211 -3.318250821088641E-5 1.1999942754546499E-5 
-1.1176049012846367 -1.0755237984711694 -1.117045533577886 
-1.0863510667567062 -0.965690915220145 -1.0879529415323215 
-1.0832405657834223 -3.845216994518982E-5 1.1999942754546499E-5 
-1.102403263088963 -1.0300781098136904 -1.1086105779494337 
-0.8485683545981755 -3.457617194454329E-5 1.1999942754546499E-5 
-1.0701905537249825 -0.8908031110573267 -1.0708298362907085 
-1.123265711284265 -1.0821783940074128 -1.122077580099089 
-1.1131769863950514 -1.0619757145213682 -1.105144692898845 
-9.471718180473515E-5 -4.0782234939462704E-5 -1.0562101156561616 
-0.9067077676405074 -3.449225836551814E-5 1.1999942754546499E-5 
-9.499326369818327E-5 -3.449463144915014E-5 -0.7082430271057089 
-1.0724316528865174 -4.585226983710844E-5 -1.0695800494329426 
-0.9093394894407668 -3.4498424769403835E-5 -0.9435231596887476 
-9.472829366486065E-5 -3.4283389033202405E-5 -0.7723506506585025 
-1.1447547072798883 -1.1341928415548506 -1.1432316994605227 
-1.0722144630511894 -0.8012062049920905 -1.0679463889944494 
-1.079894178685912 -4.005142953368321E-5 -1.080393068289681 
-0.861914720030026 -3.449462660931308E-5 1.1999942754546499E-5 
-9.560995510777774E-5 -4.07162333732717E-5 -1.1448482501934856 
-1.0446538648392125 -4.0987084534009274E-5 -1.0452376656086204 
-1.0896829404759898 -0.9995139010872651 -1.0867228227424641 
-1.0674359373549966 -0.9182705093930805 -1.0694512453742235 
-9.566026865216158E-5 -4.186496853660922E-5 -0.9710457752797879 
-0.9748744468266792 -4.315580821924918E-5 -0.9763936329448976 
-0.9463784020003218 -3.469813954645452E-5 -0.9435231596887476 
-1.1316420337810777 1.1091659989526951E-4 -1.133948504179823 
-1.0862114370789746 -0.9480920750755615 -1.0861922267667832 
-0.9320442420007592 -3.4494943377924456E-5 1.1999942754546499E-5 
-0.8256328253625175 -3.435582608101864E-5 1.1999942754546499E-5 
-0.9661055501267262 -4.045549419321871E-5 -0.9614755192126332 
-1.102403263088963 -3.346269656050351E-5 -1.1086105779494337 
-1.068089405493178 -3.4494777224475716E-5 1.1999942754546499E-5 
-0.9385662818057828 -4.127982287737177E-5 -0.9435231596887476 
-1.0327301756686915 -3.520038873088424E-5 -1.0196573802159727 
-1.1476334946596287 -1.1428705559112626 -1.1477042876963135 
-1.0863510667567062 -0.9799657039826045 -1.0879529415323215 
-1.0939215370397164 -3.4420310294293365E-5 -1.0988132043614076 
-1.0671985604666252 -0.7833302438799478 -1.0692785246815397 
-1.0141688088113434 -3.830250204759164E-5 -1.006718636081653 
-9.580903508582626E-5 -3.456436627900384E-5 -1.1493010962507593 
-9.498677827127917E-5 -3.4500112910891166E-5 -1.1400180638716697 
-1.0709608831954738 -0.8310819438973072 -1.0693546217381065 
-1.127158405328644 -3.449462633011364E-5 1.1999942754546499E-5 
-1.0939215370397164 -3.4420310294293365E-5 1.1999942754546499E-5 
-1.1367929529015481 -5.593950860204459E-5 -1.133804665537332 
-1.0141688088113434 -3.830250204759164E-5 -1.0190176724992752 
-1.0781516697341416 -0.9319710041904417 -1.0721685157381329 
-1.0126413232132285 -3.830250204759164E-5 1.0994991778218065E-5 
-1.0555877148451007 -3.770675993850406E-5 -1.0527082685095384 
-0.9866204459146819 -3.906819850078224E-5 -0.9880072733110679 
-1.0808627258274737 -0.9366976836537353 -1.0839742245728383 
-9.472829366486065E-5 -3.449462633011364E-5 -1.136175824808714 
-1.13355793259474 -1.1081060210736733 -1.1333462650657937 
-1.0377779049653897 -4.23121353193289E-5 -1.0370938874408648 
-1.093191277426071 -3.4427904374362746E-5 -1.0850044463171253 
-1.1250110297177156 -4.152672694255284E-5 -1.1262885573462982 
-1.1368787388216106 -1.1201373490956041 -1.1445470784487564 
-1.1087782178630026 -1.0445073059774328 -1.1042056206839928 
-1.1241330037726887 -1.099414391368129 -1.126513836353871 
