2.118849369716564 -2.6054982395827126 4.267549818020863 
2.118849369716788 -2.6054982395828437 4.267549818020863 
2.1188493697167408 -2.6054982395828157 4.267549818020863 
2.118849369704536 -2.605498239582746 4.267549818020863 
-3.141511571682988 -4.999999983792853 -4.0541038437374966E-4 
2.118849369716758 -2.605498239582805 4.267549818020863 
-3.141511571682988 -4.999999983792853 -4.0541038437374966E-4 
-3.141511571682988 -4.999999983792853 -4.0541038437374966E-4 
-3.141511571682988 -4.999999983792853 -4.0541038437374966E-4 
-3.141511571682988 -4.999999983792853 -4.0541038437374966E-4 
-3.141511571682988 -4.999999983792853 -4.0541038437374966E-4 
-3.141511571682988 -4.999999983792853 -4.0541038437374966E-4 
-3.141511571682988 -4.999999983792853 -4.0541038437374966E-4 
-3.141511571682988 -4.999999983792853 -4.0541038437374966E-4 
-3.141511571682988 -4.999999983792853 -4.0541038437374966E-4 
-3.141511571682988 -4.999999983792853 -4.0541038437374966E-4 
-3.141511571682988 -4.999999983792853 -4.0541038437374966E-4 
-3.141511571682988 -4.999999983792853 -4.0541038437374966E-4 
-3.141511571682988 -4.999999983792853 -4.0541038437374966E-4 
-3.141511571682988 -4.999999983792853 -4.0541038437374966E-4 
-3.141511571682988 -4.999999983792853 -4.0541038437374966E-4 
-3.141511571682988 -4.999999983792853 -4.0541038437374966E-4 
2.118849369716946 -2.605498239582805 4.267549818020863 
-3.141511571682988 -4.999999983792853 -4.0541038437374966E-4 
-3.141511571682988 -4.999999983792853 -4.0541038437374966E-4 
-3.141511571682988 -4.999999983792853 -4.0541038437374966E-4 
-3.141511571682988 -4.999999983792853 -4.0541038437374966E-4 
-3.141511571682988 -4.999999983792853 -4.0541038437374966E-4 
-3.141511571682988 -4.999999983792853 -4.0541038437374966E-4 
-3.141511571682988 -4.999999983792853 -4.0541038437374966E-4 
-3.141511571682988 -4.999999983792853 -4.0541038437374966E-4 
-3.141511571682988 -4.999999983792853 -4.0541038437374966E-4 
-3.141511571682988 -4.999999983792853 -4.0541038437374966E-4 
-3.141511571682988 -4.999999983792853 -4.0541038437374966E-4 
-3.141511571682988 -4.999999983792853 -4.0541038437374966E-4 
-3.141511571682988 -4.999999983792853 -4.0541038437374966E-4 
-3.141511571682988 -4.999999983792853 -4.0541038437374966E-4 
-3.141511571682988 -4.999999983792853 -4.0541038437374966E-4 
-3.141511571682988 -4.999999983792853 -4.0541038437374966E-4 
-3.141511571682988 -4.999999983792853 -4.0541038437374966E-4 
-3.141511571682988 -4.999999983792853 -4.0541038437374966E-4 
-3.141511571682988 -4.999999983792853 -4.0541038437374966E-4 
-3.141511571682988 -4.999999983792853 -4.0541038437374966E-4 
-3.141511571682988 -4.999999983792853 -4.0541038437374966E-4 
-3.141511571682988 -4.999999983792853 -4.0541038437374966E-4 
-3.141511571682988 -4.999999983792853 -4.0541038437374966E-4 
-3.141511571682988 -4.999999983792853 -4.0541038437374966E-4 
-3.141511571682988 -4.999999983792853 -4.0541038437374966E-4 
-3.141511571682988 -4.999999983792853 -4.0541038437374966E-4 
-3.141511571682988 -4.999999983792853 -4.0541038437374966E-4 
-3.141511571682988 -4.999999983792853 -4.0541038437374966E-4 
-3.141511571682988 -4.999999983792853 -4.0541038437374966E-4 
-3.141511571682988 -4.999999983792853 -4.0541038437374966E-4 
-3.141511571682988 -4.999999983792853 -4.0541038437374966E-4 
-3.141511571682988 -4.999999983792853 -4.0541038437374966E-4 
-3.141511571682988 -4.999999983792853 -4.0541038437374966E-4 
-3.141511571682988 -4.999999983792853 -4.0541038437374966E-4 
-3.141511571682988 -4.999999983792853 -4.0541038437374966E-4 
-3.141511571682988 -4.999999983792853 -4.0541038437374966E-4 
-3.141511571682988 -4.999999983792853 -4.0541038437374966E-4 
-3.141511571682988 -4.999999983792853 -4.0541038437374966E-4 
-3.141511571682988 -4.999999983792853 -4.0541038437374966E-4 
-3.141511571682988 -4.999999983792853 -4.0541038437374966E-4 
