-15.240712210450203 -9.156450157163325 
-18.772041665530843 -0.6670651017943008 
-18.207023642893944 -3.1161785618060343 
-14.994650176140382 -10.091263131907006 
-18.700106094193885 -0.9057691242560204 
-15.409541125731161 -8.507382563859817 
-16.505179264414522 -5.805390593573708 
-16.039685369544582 -7.551114068317826 
-15.329322215443945 -8.791029641194783 
-14.721305891056996 -11.176678108592483 
-14.629923055382935 -11.35722274974553 
-16.668871004257458 -4.986463763962568 
-16.918079582134695 -4.081117887847947 
-15.53191183107435 -8.07782323739462 
-16.84322573834117 -4.282898768583895 
-16.70109810723331 -4.850627269026742 
-15.066303850805935 -9.908866349818332 
-15.280917026965973 -9.026058029499424 
-15.97188585087526 -7.660811431020601 
-18.064106422229735 -3.675005385657456 
-15.188748343489667 -9.397614321831671 
-18.258793468306063 -2.8677282678111014 
-18.362370305729126 -2.3542691676322813 
-16.400475774802153 -6.2917940932057554 
-17.936960308931155 -3.874653304361591 
-18.450056906682313 -1.9371477354342 
-16.452450456221918 -5.94948719565709 
-16.82691380013917 -4.3781355049160915 
-18.3327367880105 -2.4444496975051115 
-16.527873089608935 -5.690422574099165 
-16.305150561317564 -6.709190522146325 
-16.62271867342278 -5.224360841945361 
-14.808881538024899 -10.892216840363934 
-18.982907783638197 -0.1102707370543002 
-14.876270079936699 -10.684928421436947 
-18.941906287784747 -0.2288762694609831 
-15.224820833557466 -9.261612078441456 
-16.995415915032176 -3.9626096379631197 
-15.361312382217653 -8.696182458098413 
-18.135020690494184 -3.426430708057354 
-18.47307660227651 -1.8293860339323365 
-18.855882121015412 -0.4328068133859592 
-15.110929254436396 -9.719799180875839 
-18.161753789459965 -3.3166481528840417 
-19.997201200400166 0.006080106163398057 
-18.394291565560344 -2.2036386878932293 
-16.360736987091265 -6.475451889565226 
-16.272716115989468 -6.820229511600257 
-18.0192174844036 -3.7845459411672566 
-16.1494388371137 -7.255799260234621 
-15.871347531020316 -7.7499471950574845 
-18.425301251277624 -2.0539282022563223 
-16.10983316951569 -7.404489257358282 
-18.310366935217033 -2.616027911866363 
-16.325416722541686 -6.5723384674335215 
-16.192141035207143 -7.129853834100563 
-16.238139241212842 -6.979508880368087 
-15.38279259475145 -8.599808803014671 
-18.726854890815872 -0.8149674418686196 
-14.563664851903335 -11.515057169285 
-16.895146945480775 -4.181769390736021 
-14.904537672082263 -10.566260582454813 
-16.757467623220734 -4.606213228446073 
-15.306989529731032 -8.900326458883328 
-18.583786967049033 -1.3411905443397762 
-18.236101893489213 -2.972640209303661 
-18.814762616761236 -0.5430518149277 
-18.101660135685336 -3.54892438393069 
-14.760879389462085 -11.078328110750965 
-14.943225213888617 -10.425340903413296 
-14.470934581096301 -11.618217125540752 
-15.167951116897687 -9.500193289236549 
-15.141259372512962 -9.622088594616613 
-18.8969765411694 -0.3339635730690308 
-18.49402313018598 -1.7156301484661203 
-16.55236834011355 -5.573900401394237 
-18.32879496143512 -2.5200669223909666 
-16.44398925281962 -6.083565335399368 
-14.698003263219725 -11.255761323144526 
-16.64653760585003 -5.111355989231988 
-15.564507944588861 -7.962543910890515 
-18.52366538418282 -1.6001827606804924 
-14.840233900569178 -10.801846643596404 
-18.672936194171463 -0.9975031270207771 
-15.596065766644237 -7.856608796710726 
-17.040163449824895 -3.8822017599296377 
-16.79195940306812 -4.4858106227019094 
-14.974164579542128 -10.28008141801198 
-19.075331100918014 -0.0051610913366623625 
-16.732066638586836 -4.718604643918015 
-18.642532969002254 -1.0973786223714876 
-18.615144838779067 -1.2158123973391408 
-18.55344867676218 -1.4680478907858658 
-16.574138977476423 -5.467158764737306 
-18.184157010881215 -3.2141476071597257 
-18.278547043304442 -2.7558830497401057 
-15.452131536125135 -8.33982702116527 
-15.635078118009517 -7.753521553653971 
-16.600609146284185 -5.339136896501975 
-15.491669653816396 -8.198775407827785 
