-1.107536540179946 -0.8033215617457331 -1.0842806138414391 
-0.6543948020265948 -1.698646986905625E-4 5.74387462371654E-4 
-0.9878345016457903 1.1382081599991643E-4 -1.0825806920701839E-5 
-1.1466106152590112 -0.9253530840057007 -1.0601280476931318 
-0.6961290239728745 1.0463881815442122E-4 -3.3384768493178183E-6 
-1.0558714380972847 -0.7575246382257071 -1.066255888960589 
-0.9590347855368639 1.6594820960629737E-4 -0.9615459719796021 
-1.0818861804135842 1.6670022616611675E-4 -1.1248690371341068 
-1.1099866376310037 -0.7683174364287654 -1.0607506803413154 
-1.1077872396137554 -1.0688165387845368 -1.0878273302191115 
-1.1457816033199406 -1.0622865891936806 -1.148128209726324 
-1.0327163363486014 5.830198937951687E-5 -0.7920719200262245 
-0.6170646783443137 0.01388251372943139 -1.06626580583316 
-1.082609621430423 -0.6561962498368912 -1.0784561822815868 
-1.1069717354332 0.011320355517462188 -0.622436696638935 
-0.7805095604755735 -1.6069081131307055E-4 -1.0250583310428492 
-1.1069607290534293 -0.911698134552198 -1.0607506803413154 
-1.082609621430423 -0.8024394386324996 -1.0777883579747654 
-1.1462222902902177 1.7420088197736593E-4 -1.102893862111441 
-1.0756108985828488 -1.611659545429835E-4 -6.518206353054736E-6 
-1.037804125187194 -0.884099626321468 -1.0706215009373323 
-0.9561435179299117 -1.8338822482683167E-4 2.6420387792561433E-4 
-0.8934958782398014 -1.844929487771973E-4 5.731993160461579E-4 
-0.9747344561408767 1.660962526138376E-4 -1.009545390838407 
-1.155098922873505 1.3849019095758737E-4 -6.71376723463476E-6 
-0.8418728537421526 1.576523007678224E-4 6.4081145956555664E-6 
-0.8938053813519677 0.0022986326501622245 -1.0601510793258835 
-1.0592256921013317 1.2397820963309155E-4 -0.6756553665468956 
-0.9060334889538251 0.0049040888498785625 5.731993160461579E-4 
-0.9788845109767629 1.7283334005089858E-4 -0.9280848843648046 
-1.0342783158305664 -1.615620993549945E-4 -1.0082677889154896 
-0.8749952249732046 2.3611835172897413E-4 -0.9751251975345963 
-1.082609621430423 -1.0469493283201465 -1.072823600764333 
-0.5274912579294354 9.650779137899963E-5 0.007932033488068702 
-1.1069717354332 -0.9947095965960479 -1.0842806138414391 
-0.5574772253457254 -1.6069081131307055E-4 0.001515903453082188 
-1.082609621430423 -0.8329083261952053 -1.0777883579747654 
-0.5407824251130346 1.7420088197736593E-4 -1.102893862111441 
-1.0538929741138976 -0.786721574862381 -1.0644854102672376 
-1.0318363277579532 -1.6069081131307055E-4 -6.8958284399392965E-6 
-0.8282517156267366 -1.738759517057649E-4 6.4081145956555664E-6 
-0.6066893810639225 -1.7121395288207294E-4 7.118734721007212E-4 
-1.1069717354332 -0.8851907367109821 -1.06626580583316 
-1.0154609792468317 1.3783582378999032E-4 -7.443923970747992E-6 
0.0011873695112983862 -1.8454587909567824E-4 -7.15277753849702E-5 
-0.8748847798579944 2.357750309443591E-4 -1.0825806920701839E-5 
-1.0018470501669334 1.0925233561573117E-4 -1.0066330360634408 
-1.0018470501669334 1.0925233561573117E-4 -1.0607506803413154 
-1.1029953234452106 1.719467603035746E-4 5.56216067098108E-4 
-1.078573189423544 0.01194069313340873 -1.0597808190026716 
-1.1560871531799546 1.1409940523806878E-4 -1.1560811558916506 
-0.8564941151545659 -1.8478370768675772E-4 -7.15277753849702E-5 
-1.0764507138871533 1.778876182678643E-4 -1.086578706949329 
-0.925090186390026 1.5782000502447989E-4 -2.1037719577856896E-4 
-1.0629750935127205 6.607071116329509E-5 -0.9675707157224902 
-1.0345286910711085 5.830198937951687E-5 -1.077626881206403 
-1.0378709584508907 2.0333784427333312E-4 -1.0458274083989536 
-1.0509328061545762 -0.7858525896045082 -1.0513189281811277 
-0.6807159470437709 -1.6069081131307055E-4 -6.8958284399392965E-6 
-1.1522685520239915 -1.1023208078223898 -1.12832754660553 
-0.6211551241851028 1.6805213178632344E-4 -1.0762556496772453 
-1.1069717354332 -0.9908421273030046 -1.0655702236478415 
-0.7792671005327565 1.2296348191291224E-4 -0.9918756964293048 
-1.0774563365163126 -0.7763659058836851 -1.0997976902630733 
-0.7630916616915269 1.6805213178632344E-4 3.5530058090591264E-4 
-0.9695467174163748 1.7667286929346388E-4 5.859082378883199E-4 
-0.6300780762463991 -1.6288044460099725E-4 6.024843185634879E-4 
-1.052094772861146 1.6882941831103794E-4 3.5547754157871014E-4 
-1.1069717354332 -1.0449521709329475 -1.0972947558308719 
-1.1069717354332 -0.961440563976245 -1.0834853194983165 
-1.1522685520239915 -1.138227635580677 -1.1474710256171718 
-1.0537429876434365 -0.8908417156048439 -1.0613088881625374 
-1.078573189423544 -0.884099626321468 -1.0706215009373323 
-0.5836811333412038 -2.1467507658922167E-4 5.721481263051113E-4 
-0.8143194932695389 1.7515026110021177E-4 0.0015126783021847216 
-0.9657851063952946 1.7138627199120266E-4 -0.9263235216458041 
-0.9136086418434494 -1.844929487771973E-4 5.731993160461579E-4 
-0.9492637281888298 1.6525401939384925E-4 -1.0086350714790102 
-1.1077872396137554 -1.0688165387845368 -1.1099128513829917 
-0.9561435179299117 -2.1467507658922167E-4 -0.8794508208898882 
-1.1069717354332 -0.6155977467210064 -1.0773180155802742 
-0.7984768377790654 1.6891091252499416E-4 -7.395579967394642E-5 
-1.1069717354332 -0.9959437955391653 -1.1147488738057916 
-0.7114347617144963 1.6882941831103794E-4 3.5547754157871014E-4 
-1.078573189423544 -0.6346878509167173 -1.0602359053829016 
-0.5159150191597548 1.7420088197736593E-4 -1.102893862111441 
-0.7276836584730018 -1.6069081131307055E-4 -1.0250583310428492 
-1.0915613251312513 -0.9765256970380168 -1.043969990774013 
-0.4846913751166685 1.6882941831103794E-4 3.56628335036354E-4 
-0.7780747719138157 4.1489772028421325E-4 -1.0086350714790102 
-0.7276836584730018 -1.6069081131307055E-4 0.001515903453082188 
-0.7449219049527809 -2.1467507658922167E-4 2.6420387792561433E-4 
-0.7807939685597105 1.6882941831103794E-4 3.542015826282187E-4 
-0.9617728139791889 2.046922823359526E-4 -0.9172132775952848 
-1.0013449781565145 1.6149761397452137E-4 4.4589992079952043E-4 
-0.9427500354727545 1.3769810251361005E-4 0.001515903453082188 
-1.085952232123773 -0.7223762206749149 -1.051375401810441 
-1.0782864787971465 -0.5989793619283839 -1.0727807301553767 
-0.9346709243419642 -2.827057598324701E-4 -0.9282598779841477 
-1.0558714380972847 -0.7108096295050103 -1.066255888960589 
