-15.075250322103686 -9.879168000281172 
-18.39287271200395 -2.2070533742263003 
-18.90910146203631 -0.303315439199258 
-14.594644379662554 -11.463608665945998 
-15.11228763342081 -9.725401251774024 
-18.46409934724011 -1.8694508953161943 
-16.00572557322469 -7.626429293383637 
-16.765051523773053 -4.589483225394584 
-16.243673342659065 -6.939738138026078 
-18.619648571447588 -1.1992395640243743 
-16.108753853261387 -7.36406843271814 
-18.41260843360643 -2.113870315832317 
-16.158419758973775 -7.238834621412758 
-16.901192984399444 -4.15598697254269 
-16.294798909192995 -6.75332246086411 
-14.489826659255627 -11.496258533729765 
-14.677840172972774 -11.281531599347495 
-18.507526512115156 -1.671605368436259 
-15.392087607151518 -8.57127753881537 
-15.947058920297295 -7.719153005344513 
-15.357473145170518 -8.691206687391176 
-14.734768214268987 -11.148925801422829 
-15.42281741519253 -8.46225957495788 
-16.599568870591497 -5.245950145608889 
-16.723357189289814 -4.713816090465735 
-16.807963995549933 -4.352113737939118 
-18.813073608262503 -0.5522436719835472 
-18.135028626164257 -3.4150653028488365 
-15.855778881890574 -7.739744690544429 
-16.21197814986973 -7.077394864205681 
-15.63620657943968 -7.745653143982553 
-16.33461229936829 -6.589719692741845 
-16.641113904779647 -5.133465743162149 
-16.79603733861782 -4.469400885931454 
-14.860817417395392 -10.685325377668246 
-16.390492163169327 -6.327983795711024 
-15.185608593898102 -9.402078961793094 
-16.067423275483492 -7.502122713731881 
-14.987759669181688 -10.240473951918727 
-18.31671361841353 -2.58389800988396 
-18.58508835084814 -1.3368626491226265 
-18.485494358433517 -1.760279036382695 
-15.247555805357797 -9.145992309408037 
-16.867056339510114 -4.245942162059028 
-16.705613248256746 -4.833549628912044 
-16.267223845534524 -6.863520194682021 
-17.031838257382987 -3.8777616099056162 
-14.803211853607404 -10.921106301188646 
-15.508987489435983 -8.133120767718804 
-16.963795249833247 -4.014866047505709 
-18.96158794682187 -0.1983545251880071 
-18.253245309432856 -2.8989737562910554 
-19.039454067000385 -0.05902309118365226 
-16.672593479812996 -4.975462893801227 
-18.771058805652487 -0.6721892505716092 
-14.78121792979174 -11.016240902207027 
-18.107058553081345 -3.5317435024641526 
-16.55431389146044 -5.5573627022416225 
-16.420472167185057 -6.203319622376796 
-15.164495142727771 -9.508593529438528 
-18.433618455297285 -2.0071062879140675 
-15.222484069100052 -9.262572658533593 
-15.48463912092096 -8.229115253854435 
-15.586409678568092 -7.897601429656751 
-18.28539844664812 -2.738578000865107 
-15.052520375191285 -9.97791592873267 
-18.65104344925237 -1.0768051937610585 
-15.455194131534338 -8.328052868204768 
-15.54226275886731 -8.016952471130669 
-16.576499020179654 -5.456805517867336 
-18.68138103502372 -0.9567718073106692 
-16.501243949576388 -5.825055724257195 
-16.58905876358652 -5.364749200298274 
-16.472829104903496 -5.95795211259218 
-18.36666464148529 -2.327483306363823 
-16.44224941413775 -6.0913546953410584 
-15.140275114399707 -9.625800288963205 
-14.954103849019061 -10.387967863560696 
-19.996571880625083 0.007747652608736743 
-18.068376801837555 -3.6602873014613535 
-15.277264265594386 -9.026992241870671 
-15.00988348968168 -10.106619770860657 
-18.852815685907082 -0.4370190223932865 
-14.912341488478392 -10.544216915979892 
-18.343600220807367 -2.44392963382335 
-18.55697071939162 -1.4524917820304744 
-18.02135673985204 -3.7792568911255935 
-18.71340045459837 -0.8481614960680006 
-16.53402473918907 -5.656841868463939 
-18.221175449299004 -3.0420484675237622 
-18.19304347386887 -3.1735172629402153 
-14.46793849009281 -11.608485727698131 
-14.641406482005435 -11.365075150267543 
-18.16451609624975 -3.3026814366795483 
-16.3640301622747 -6.460106802800298 
-17.946482402505392 -3.874806227377347 
-14.837894164987183 -10.82720108475219 
-18.526706861914118 -1.5751424913348242 
-15.304481094499248 -8.925501439071073 
-15.331985021801486 -8.815346345912348 
