-1.045867223178563 -0.9391280672805331 -1.0666460690065656 
3.9876648722876953E-4 -1.7742044937737629E-4 -0.8754911714582023 
0.0010667980052241062 6.526699569230798E-5 -0.5763591176042562 
-1.126614769103694 -1.1114351821570894 -1.1063427902234082 
-1.0642072799314928 -0.8899921779541077 -1.1000264389556975 
-2.044786143848522E-4 -1.4556989065886032E-4 -0.8334608559496737 
-1.0981534757775788 1.1431926586671676E-4 -1.1297541124173287 
-0.7450093495602268 -4.4436182093998754E-7 -1.0232183676626398 
-1.0495101240552187 0.006264051017514927 -1.0307574648429123 
-9.44973352691328E-6 -3.134148681020522E-4 -0.7423400786986667 
-1.0634780351068154 -0.011926067792616235 -1.1001520146256945 
-2.2037809423254326E-4 1.4182802751922302E-4 -0.863956026059221 
-1.0747562516976643 -0.00694445395932386 -1.058122482911906 
-1.1150091489140994 -2.8887462202445777E-4 -0.5826357560212264 
-1.0352696578964 1.4182802751922302E-4 -1.0136167846475135 
-1.1343614855186681 -1.1633169679844522 -1.0956650061847595 
-1.109643471151567 -1.0873901123671477 -1.0909564387370299 
-1.9571007020179496E-4 -7.068849693619132E-5 -0.8079246652936264 
-1.074021207586831 -0.7661491850153037 -1.04965612189951 
-1.1343373954546971 1.1431926586671676E-4 -1.1302419819989595 
-1.0913024265336873 -0.7379459000676565 -1.099178019736049 
-1.0943625726165382 -1.0608226127662497 -1.1040423302563076 
-1.0635758925520062 -0.7379459000676565 -1.0755133537292174 
-0.7997309106333732 -5.811030560488738E-5 -1.0674066754803075 
-0.7433955047785102 -0.01537303192559275 -1.050299366518209 
-0.9428583795950125 -3.1216495589559676E-4 -0.7969997282062243 
-2.252575843063955E-4 -1.0309486400887482E-5 -0.6314883332450196 
9.997073873003316E-4 -2.669837089887779E-4 -1.0307574648429123 
-1.1526373080508945 1.1307619164270877E-4 -1.1693590763449886 
-1.0495275249347924 -6.644444486738367E-5 -1.0502916256922985 
-1.091837548366716 -0.5317420202026063 -1.1279963586557855 
-1.0103306047316958 -2.0856464071834622E-5 -1.014129747854165 
-0.8542837002999009 1.0618489375038885E-4 -0.9851313078441073 
-1.0850753699945954 -4.1919791700258786E-4 -0.6694519482850531 
-1.1353251374423479 -0.98023113034456 -1.0956650061847595 
-0.966568170450618 -1.1142275982892853E-6 -1.0239047326138315 
-1.0352796282798977 -0.8945907537121044 -1.058122482911906 
-1.0915243326404016 0.004681227770193419 -1.0978421489015353 
-1.0657358337035931 -0.949167460487792 -1.1065921759151298 
-1.5547752792514837E-4 -2.7442720736345187E-4 -0.9212103068435377 
-2.252575843063955E-4 -2.1365791590226946E-4 -0.7624298944121696 
0.0010309823923688158 1.6882607682975874E-4 -0.8199037534945799 
-1.046412648040384 -0.8639017088616175 -1.045422115060126 
-1.1082135229840129 -2.8887462202445777E-4 -0.6079911088680072 
-0.9954329906210533 -7.370291648326095E-5 -0.8062316337429462 
-1.0217830955262708 -2.495053251114356E-4 -1.04404158770282 
-1.083871515596504 1.5712144952224406E-4 -0.5375242226331354 
-1.0719137364910192 -1.042329949968905 -1.0977273155083567 
-1.0873107746902482 -0.6887091786220909 -1.0504574652819063 
-1.0804577230381782 1.4182802751922302E-4 -0.5786370835289463 
-2.2037368126730066E-4 -1.8909721318211616E-4 -0.5478642339863489 
-3.6439940470089915E-6 -6.0083034340885794E-5 -0.959820061825472 
-2.252575843063955E-4 -3.1216495589559676E-4 -0.5045056366820779 
-0.7983000376453363 -4.4436182093998754E-7 -1.0239047326138315 
-2.459147142813833E-4 -2.8047654541884777E-4 -0.6552125105976785 
-1.09630026850744 -1.0373342284581213 -1.1034261936201661 
-2.2077119697654627E-4 -6.644444486738367E-5 -1.0489655491634116 
-0.9064211910189036 -9.34682823408013E-5 -0.9847409720129527 
-0.9965094375167243 -2.682832755251837E-4 -0.9755466047688384 
-1.045867223178563 -0.8950529077693462 -1.065030735643004 
6.468887095852469E-4 -2.1385241138533747E-4 -0.8509881184645339 
-1.0782161073899057 -0.8578743657971959 -1.0446578142860001 
-1.0873107746902482 -0.695858494378537 -1.0599403339772644 
-1.1079422847421265 -0.5729025358074271 -1.1065149582110136 
-2.2037368126730066E-4 -1.825797085269526E-4 -0.9401063530165643 
-1.0662344170076368 -0.9185254346627578 -1.1019761254028024 
-2.0220177064468722E-4 -4.200713813602429E-4 -0.7239867807118707 
-1.0671404926266654 -0.7351575173412224 -1.050299366518209 
-1.074085901625858 -0.6797846855145642 -1.0496941507578332 
-0.9558299565338548 -1.7308159706628306E-4 -0.9216913132590111 
0.0013045660114400577 -3.1216495589559676E-4 -0.7054775949859957 
-0.9640487150366086 -1.8950299818488538E-5 -0.9589176470406533 
-1.0168784781135574 -9.23482690922959E-5 -0.8543315903320023 
-0.9555014753025732 -9.34682823408013E-5 -0.9847409720129527 
0.0010667980052241062 6.526699569230798E-5 -0.8903717433995706 
-0.9795586239310802 -0.004717487821910695 -0.9791993354684687 
-1.066804309681361 -0.8950529077693462 -1.065030735643004 
-1.0805932441106856 -0.9604190993176049 -1.1019761254028024 
3.9876648722876953E-4 -1.9038056537650172E-4 -0.0012580355942534516 
-1.2287179555974372E-4 -2.6460219763713437E-4 -1.0728022610977748 
-1.0719137364910192 -0.798181325937597 -1.0977273155083567 
-1.1261676205204991 -0.9213094841339163 -1.07436514242564 
0.001076671034155708 -2.8042126391609036E-4 -0.6079911088680072 
-1.080371057782539 -1.000491209847251 -1.0673657541745587 
6.468887095852469E-4 -4.2611152582540477E-4 -0.9045231007051868 
3.9876648722876953E-4 -1.7742044937737629E-4 -0.778684237517106 
6.583853582957655E-4 1.6882607682975874E-4 -1.1015403499023146 
0.0010453368930200611 -4.193756513393022E-4 -0.6873224017684062 
-0.9162584305160405 -1.7312761632827688E-5 -0.9871116808528974 
6.742512699238578E-4 -1.6805477184006517E-4 -0.978514361951732 
5.792520050200078E-4 4.314202159850829E-5 -0.9957894057568017 
-1.130942562866356 -1.1476014448728846 -1.1529885127775945 
-1.1343614855186681 -1.0901056153990205 -1.0956650061847595 
-2.2077119697654627E-4 1.4182802751922302E-4 -1.0136167846475135 
-0.994988798334264 -2.081281921894121E-5 -1.0114911203531163 
-3.6439940470089915E-6 -6.129945823759895E-5 -1.1492013595791168 
-1.0943672682102332 -1.0097376607831268 -1.104445401322151 
9.987899793684196E-4 -3.1216495589559676E-4 -0.7956823297951275 
-1.086943258567407 -0.798181325937597 -1.060557064163571 
-1.0719137364910192 -0.798181325937597 -1.0531863542999886 
