3.0386461750163116 0.12340014289126579 
2.135039622872559 0.5060861547907385 
2.135039622872559 0.5060861547907385 
2.135039622872559 0.5060861547907385 
2.0184991128988643 0.9764921692750217 
2.135039622872559 0.5060861547907385 
2.050786378569793 0.6795693047398993 
2.135039622872559 0.5060861547907385 
2.135039622872559 0.5060861547907385 
2.052271530670378 0.5815770196769317 
3.1342764267897514 0.07479988343249876 
2.135039622872559 0.5060861547907385 
3.134270854552808 0.11951694060765777 
2.71707736385423 0.340790452391051 
3.134546532028437 0.01754286262043758 
3.134542440500556 0.030176146469798056 
3.1343050856134695 0.04143935848685304 
2.135039622872559 0.5060861547907385 
2.135039622872559 0.5060861547907385 
2.135039622872559 0.5060861547907385 
2.135039622872559 0.5060861547907385 
3.0386461750163116 0.12340014289126579 
2.71707736385423 0.340790452391051 
2.7218545675764454 0.23022465505963835 
2.135039622872559 0.5060861547907385 
2.7218545675764454 0.23022465505963835 
2.135039622872559 0.5060861547907385 
2.135039622872559 0.5060861547907385 
2.135039622872559 0.5060861547907385 
2.135039622872559 0.5060861547907385 
3.134546532028437 0.01754286262043758 
2.135039622872559 0.5060861547907385 
2.135039622872559 0.5060861547907385 
2.135039622872559 0.5060861547907385 
2.135039622872559 0.5060861547907385 
2.135039622872559 0.5060861547907385 
3.1342764267897514 0.07479988343249876 
2.135039622872559 0.5060861547907385 
2.135039622872559 0.5060861547907385 
2.71707736385423 0.340790452391051 
2.135039622872559 0.5060861547907385 
3.1342764267897514 0.07479988343249876 
3.1342764267897514 0.07479988343249876 
2.135039622872559 0.5060861547907385 
3.134270854552808 0.11951694060765777 
2.717013334445988 0.4608660703508445 
2.135039622872559 0.5060861547907385 
2.135039622872559 0.5060861547907385 
3.134545509234617 0.026724235036883082 
2.135039622872559 0.5060861547907385 
3.1342764267897514 0.07479988343249876 
2.135039622872559 0.5060861547907385 
2.135039622872559 0.5060861547907385 
3.1342756667580796 0.1182881696892859 
2.7218545675764454 0.23022465505963835 
3.1345455493362064 0.02657137435488446 
2.71707736385423 0.340790452391051 
2.135039622872559 0.5060861547907385 
2.135039622872559 0.5060861547907385 
3.1342756667580796 0.1182881696892859 
2.135039622872559 0.5060861547907385 
3.1343008604786795 0.046887046051845384 
2.135039622872559 0.5060861547907385 
3.1342764267897514 0.07479988343249876 
2.135039622872559 0.5060861547907385 
-3.141592653589793 1.0305235857655717 
2.135039622872559 0.5060861547907385 
2.0991253062650657 0.5492974799557023 
3.134547268378099 0.01680091778988929 
2.135039622872559 0.5060861547907385 
3.1342756667580796 0.1182881696892859 
2.135039622872559 0.5060861547907385 
2.135039622872559 0.5060861547907385 
-3.141592653589793 1.0305235857655717 
2.135039622872559 0.5060861547907385 
3.13427624231677 0.10417404756004597 
3.1342756667580796 0.1182881696892859 
2.135039622872559 0.5060861547907385 
2.135039622872559 0.5060861547907385 
2.0991253062650657 0.5492974799557023 
2.135039622872559 0.5060861547907385 
2.135039622872559 0.5060861547907385 
3.1343050856134695 0.04143935848685304 
2.135039622872559 0.5060861547907385 
2.717013334445988 0.4608660703508445 
2.135039622872559 0.5060861547907385 
2.0991253062650657 0.5492974799557023 
3.1345631749157055 0.01617916956133344 
2.135039622872559 0.5060861547907385 
3.134542427258944 0.04115717619778784 
2.0991253062650657 0.5492974799557023 
2.7218545675764454 0.23022465505963835 
2.135039622872559 0.5060861547907385 
2.135039622872559 0.5060861547907385 
2.7218545675764454 0.23022465505963835 
2.9068184005545876 0.12555888555663328 
3.0386461750163116 0.12340014289126579 
2.135039622872559 0.5060861547907385 
2.135039622872559 0.5060861547907385 
2.135039622872559 0.5060861547907385 
