3.0386461750163116 -4.97351587554561 0.5135141225924822 
2.135039622872559 -2.670586796417373 4.225212080923181 
2.135039622872559 -2.670586796417373 4.225212080923181 
2.135039622872559 -2.670586796417373 4.225212080923181 
2.0184991128988643 -2.1535962982848 4.428076285122781 
2.135039622872559 -2.670586796417373 4.225212080923181 
2.050786378569793 -2.315484679422769 4.429674395969548 
2.135039622872559 -2.670586796417373 4.225212080923181 
2.135039622872559 -2.670586796417373 4.225212080923181 
2.052271530670378 -2.318869078483326 4.433046611098565 
3.1342764267897514 -4.999875426165067 0.03644433097135605 
2.135039622872559 -2.670586796417373 4.225212080923181 
3.134270854552808 -4.999905404193283 0.036033719139431014 
2.71707736385423 -4.554855450783099 2.0583937972747925 
3.134546532028437 -4.9998756899209305 0.03522944746161583 
3.134542440500556 -4.9998757150428546 0.03523487768491951 
3.1343050856134695 -4.999875426165067 0.03644433097135605 
2.135039622872559 -2.670586796417373 4.225212080923181 
2.135039622872559 -2.670586796417373 4.225212080923181 
2.135039622872559 -2.670586796417373 4.225212080923181 
2.135039622872559 -2.670586796417373 4.225212080923181 
3.0386461750163116 -4.97351587554561 0.5135141225924822 
2.71707736385423 -4.554855450783099 2.0583937972747925 
2.7218545675764454 -4.566162659395015 2.037692736740193 
2.135039622872559 -2.670586796417373 4.225212080923181 
2.7218545675764454 -4.566162659395015 2.037692736740193 
2.135039622872559 -2.670586796417373 4.225212080923181 
2.135039622872559 -2.670586796417373 4.225212080923181 
2.135039622872559 -2.670586796417373 4.225212080923181 
2.135039622872559 -2.670586796417373 4.225212080923181 
3.134546532028437 -4.9998756899209305 0.03522944746161583 
2.135039622872559 -2.670586796417373 4.225212080923181 
2.135039622872559 -2.670586796417373 4.225212080923181 
2.135039622872559 -2.670586796417373 4.225212080923181 
2.135039622872559 -2.670586796417373 4.225212080923181 
2.135039622872559 -2.670586796417373 4.225212080923181 
3.1342764267897514 -4.999875426165067 0.03644433097135605 
2.135039622872559 -2.670586796417373 4.225212080923181 
2.135039622872559 -2.670586796417373 4.225212080923181 
2.71707736385423 -4.554855450783099 2.0583937972747925 
2.135039622872559 -2.670586796417373 4.225212080923181 
3.1342764267897514 -4.999875426165067 0.03644433097135605 
3.1342764267897514 -4.999875426165067 0.03644433097135605 
2.135039622872559 -2.670586796417373 4.225212080923181 
3.134270854552808 -4.999905404193283 0.036033719139431014 
2.717013334445988 -4.554705860861264 2.0490922020431093 
2.135039622872559 -2.670586796417373 4.225212080923181 
2.135039622872559 -2.670586796417373 4.225212080923181 
3.134545509234617 -4.999875764726508 0.0352436361697962 
2.135039622872559 -2.670586796417373 4.225212080923181 
3.1342764267897514 -4.999875426165067 0.03644433097135605 
2.135039622872559 -2.670586796417373 4.225212080923181 
2.135039622872559 -2.670586796417373 4.225212080923181 
3.1342756667580796 -4.999905404193283 0.036033719139431014 
2.7218545675764454 -4.566162659395015 2.037692736740193 
3.1345455493362064 -4.999875740653475 0.03524276128892711 
2.71707736385423 -4.554855450783099 2.0583937972747925 
2.135039622872559 -2.670586796417373 4.225212080923181 
2.135039622872559 -2.670586796417373 4.225212080923181 
3.1342756667580796 -4.999905404193283 0.036033719139431014 
2.135039622872559 -2.670586796417373 4.225212080923181 
3.1343008604786795 -4.999875426165067 0.03644433097135605 
2.135039622872559 -2.670586796417373 4.225212080923181 
3.1342764267897514 -4.999875426165067 0.03644433097135605 
2.135039622872559 -2.670586796417373 4.225212080923181 
-3.141592653589793 -4.999999993454698 -2.3523964049421142E-5 
2.135039622872559 -2.670586796417373 4.225212080923181 
2.0991253062650657 -2.5250196029410255 4.318748146991229 
3.134547268378099 -4.999875588437428 0.035227096656299146 
2.135039622872559 -2.670586796417373 4.225212080923181 
3.1342756667580796 -4.999905404193283 0.036033719139431014 
2.135039622872559 -2.670586796417373 4.225212080923181 
2.135039622872559 -2.670586796417373 4.225212080923181 
-3.141592653589793 -4.999999993454698 -2.3523964049421142E-5 
2.135039622872559 -2.670586796417373 4.225212080923181 
3.13427624231677 -4.9998741713422055 0.036033375700448185 
3.1342756667580796 -4.999905404193283 0.036033719139431014 
2.135039622872559 -2.670586796417373 4.225212080923181 
2.135039622872559 -2.670586796417373 4.225212080923181 
2.0991253062650657 -2.5250196029410255 4.318748146991229 
2.135039622872559 -2.670586796417373 4.225212080923181 
2.135039622872559 -2.670586796417373 4.225212080923181 
3.1343050856134695 -4.999875426165067 0.03644433097135605 
2.135039622872559 -2.670586796417373 4.225212080923181 
2.717013334445988 -4.554705860861264 2.0490922020431093 
2.135039622872559 -2.670586796417373 4.225212080923181 
2.0991253062650657 -2.5250196029410255 4.318748146991229 
3.1345631749157055 -4.999875588437428 0.035147187179789936 
2.135039622872559 -2.670586796417373 4.225212080923181 
3.134542427258944 -4.999875652919516 0.03520961227937925 
2.0991253062650657 -2.5250196029410255 4.318748146991229 
2.7218545675764454 -4.566162659395015 2.037692736740193 
2.135039622872559 -2.670586796417373 4.225212080923181 
2.135039622872559 -2.670586796417373 4.225212080923181 
2.7218545675764454 -4.566162659395015 2.037692736740193 
2.9068184005545876 -4.862847133012813 1.1631412578090976 
3.0386461750163116 -4.97351587554561 0.5135141225924822 
2.135039622872559 -2.670586796417373 4.225212080923181 
2.135039622872559 -2.670586796417373 4.225212080923181 
2.135039622872559 -2.670586796417373 4.225212080923181 
