0.766550874954071 1.304544854977716 
0.593694450479814 2.790762190132854 
0.4136586839300957 7.922383781223612 
0.6172641651841022 2.3436286588552124 
0.4822258368177549 5.520664011949738 
0.4616394510181917 6.164616068411786 
0.6896970275176897 1.4499120049844663 
0.49622008894556513 5.10687563959624 
0.39004982894749185 8.952042141026332 
0.5812351586723398 3.045383006015931 
0.8452112653791384 1.1849547145874197 
0.7078151143475616 1.4127983137542406 
0.657737480446247 1.6446176037373466 
0.5839957117426525 2.9867323787863937 
0.5897456860403079 2.8776659401982507 
0.6327260512763118 2.063453535846054 
0.6172641651841022 2.3436286588552124 
0.6667219872972667 1.499875538909049 
0.5254943805428379 4.321105027286303 
0.5090260170742006 4.752672688012102 
0.44503864677065397 6.729012111872261 
0.5623673633668727 3.4480749270770943 
0.5153358879796746 4.584829499885958 
0.593694450479814 2.790762190132854 
0.5693682577522253 3.2965483776139766 
0.540223260256327 3.9581447554962073 
0.431428786550068 7.225231569386391 
0.4671497877959305 5.98513425224243 
0.5846966035244807 2.972047007416597 
0.4510943452304879 6.51936783533462 
0.4731608607626014 5.795965620036611 
0.5516376073368007 3.6905188855516795 
0.6245428271904448 2.210046277950502 
0.659138651305968 1.6200677221743944 
0.5473633169051451 3.7919744658533663 
0.6514645496819308 1.7450273006031374 
0.6667219872972667 1.499875538909049 
0.39078319250119975 8.91343785676521 
0.48592361912382165 5.410654249203321 
0.5623673633668727 3.4480749270770943 
0.4192478428301815 7.696644400007954 
0.43971136262573235 6.922583945744192 
0.4616394510181917 6.164616068411786 
0.6327260512763118 2.063453535846054 
0.6404281923538366 1.9303657972613768 
0.5339375828208098 4.112369525918217 
0.5473633169051451 3.7919744658533663 
0.5339375828208098 4.112369525918217 
0.4443512259031225 6.753797609814981 
0.6667219872972667 1.499875538909049 
0.5623673633668727 3.4480749270770943 
0.48014930083819296 5.578862250853922 
0.39510534940170733 8.727882340776656 
0.6007891770140603 2.6570599246778954 
0.6404281923538366 1.9303657972613768 
0.39004982894749185 8.952042141026332 
0.4893538961404718 5.304860210189535 
0.5232735050436768 4.3784186487193875 
0.4731608607626014 5.795965620036611 
0.6229054934813896 2.2386778454722176 
0.4136586839300957 7.922383781223612 
0.42414096932645146 7.505923750405828 
0.39078319250119975 8.91343785676521 
0.431428786550068 7.225231569386391 
0.431428786550068 7.225231569386391 
0.40700158217805377 8.199658381823843 
0.45830129335476205 6.275174574238483 
0.5693682577522253 3.2965483776139766 
0.41737278494079555 7.771670267312708 
0.39973974998714573 8.513232078256543 
0.4238318153069003 7.516968831278213 
0.6514645496819308 1.7450273006031374 
0.5153358879796746 4.584829499885958 
0.5772920252830316 3.129025773133069 
0.6101936071313626 2.47258015014 
0.540223260256327 3.9581447554962073 
0.401120697726624 8.452075845307995 
0.4671497877959305 5.98513425224243 
0.657737480446247 1.6446176037373466 
0.5254943805428379 4.321105027286303 
0.6667219872972667 1.499875538909049 
0.6667219872972667 1.499875538909049 
0.40837658126981335 8.141694647217285 
0.5361993870236023 4.0551888957273 
0.5090260170742006 4.752672688012102 
0.5039624823389525 4.902818950268005 
0.4383875903023393 6.972027236440552 
0.4893538961404718 5.304860210189535 
0.5693682577522253 3.2965483776139766 
0.6327260512763118 2.063453535846054 
0.4510943452304879 6.51936783533462 
0.6101936071313626 2.47258015014 
0.593694450479814 2.790762190132854 
0.49622008894556513 5.10687563959624 
0.5516376073368007 3.6905188855516795 
0.49622008894556513 5.10687563959624 
0.6059306294294885 2.5596342997117714 
0.511280251005418 4.691789556880536 
0.48014930083819296 5.578862250853922 
0.4542988316476454 6.409016894176006 
