0.766550874954071 1.5938308570237264E-17 
0.593694450479814 0.6568600248907669 
0.4136586839300957 2.2771628485300943 
0.6172641651841022 0.4466379876097998 
0.4822258368177549 1.6622068229521263 
0.4616394510181917 1.8458299775595404 
0.6896970275176897 1.5938308570237264E-17 
0.49622008894556513 1.5341342841143857 
0.39004982894749185 2.49174250583806 
0.5812351586723398 0.7700836747197166 
0.8452112653791384 0.0015370737334088336 
0.7078151143475616 1.5938308570237264E-17 
0.657737480446247 0.08172663897974664 
0.5839957117426525 0.7442389013341858 
0.5897456860403079 0.6970910740970447 
0.6327260512763118 0.30560080772801723 
0.6172641651841022 0.4466379876097998 
0.6667219872972667 1.5938308570237264E-17 
0.5254943805428379 1.2707164095743584 
0.5090260170742006 1.419234048836135 
0.44503864677065397 1.9946704443709713 
0.5623673633668727 0.9390848054317673 
0.5153358879796746 1.3627271815591373 
0.593694450479814 0.6568600248907669 
0.5693682577522253 0.8769500063579948 
0.540223260256327 1.1382818643806436 
0.431428786550068 2.1171728885236143 
0.4671497877959305 1.7959541958652063 
0.5846966035244807 0.7377457907515815 
0.4510943452304879 1.9408499649969737 
0.4731608607626014 1.7424240817269676 
0.5516376073368007 1.0358290078570047 
0.6245428271904448 0.38026855065292614 
0.659138651305968 0.06784925341836212 
0.5473633169051451 1.0755877212491145 
0.6514645496819308 0.13682342457009805 
0.6667219872972667 1.5938308570237264E-17 
0.39078319250119975 2.4832217018277607 
0.48592361912382165 1.6291646946005618 
0.5623673633668727 0.9390848054317673 
0.4192478428301815 2.2268015617343315 
0.43971136262573235 2.043938819674197 
0.4616394510181917 1.8458299775595404 
0.6327260512763118 0.30560080772801723 
0.6404281923538366 0.2362606781217763 
0.5339375828208098 1.1957486443347323 
0.5473633169051451 1.0755877212491145 
0.5339375828208098 1.1957486443347323 
0.4443512259031225 2.0010582474228653 
0.6667219872972667 1.5938308570237264E-17 
0.5623673633668727 0.9390848054317673 
0.48014930083819296 1.6786868092200982 
0.39510534940170733 2.448433001789552 
0.6007891770140603 0.596332845424274 
0.6404281923538366 0.2362606781217763 
0.39004982894749185 2.49174250583806 
0.4893538961404718 1.595954012336811 
0.5232735050436768 1.2911104728639926 
0.4731608607626014 1.7424240817269676 
0.6229054934813896 0.3944847280797257 
0.4136586839300957 2.2771628485300943 
0.42414096932645146 2.183569775187562 
0.39078319250119975 2.4832217018277607 
0.431428786550068 2.1171728885236143 
0.431428786550068 2.1171728885236143 
0.40700158217805377 2.3372739347218445 
0.45830129335476205 1.875920623400415 
0.5693682577522253 0.8769500063579948 
0.41737278494079555 2.243683663109882 
0.39973974998714573 2.4030772625448193 
0.4238318153069003 2.1859305453660336 
0.6514645496819308 0.13682342457009805 
0.5153358879796746 1.3627271815591373 
0.5772920252830316 0.8063616257347931 
0.6101936071313626 0.508752600735333 
0.540223260256327 1.1382818643806436 
0.401120697726624 2.3903025603082884 
0.4671497877959305 1.7959541958652063 
0.657737480446247 0.08172663897974664 
0.5254943805428379 1.2707164095743584 
0.6667219872972667 1.5938308570237264E-17 
0.6667219872972667 1.5938308570237264E-17 
0.40837658126981335 2.324877425773334 
0.5361993870236023 1.1743898001538966 
0.5090260170742006 1.419234048836135 
0.5039624823389525 1.4708368086355206 
0.4383875903023393 2.056450219705452 
0.4893538961404718 1.595954012336811 
0.5693682577522253 0.8769500063579948 
0.6327260512763118 0.30560080772801723 
0.4510943452304879 1.9408499649969737 
0.6101936071313626 0.508752600735333 
0.593694450479814 0.6568600248907669 
0.49622008894556513 1.5341342841143857 
0.5516376073368007 1.0358290078570047 
0.49622008894556513 1.5341342841143857 
0.6059306294294885 0.5509608223336614 
0.511280251005418 1.3988193423064792 
0.48014930083819296 1.6786868092200982 
0.4542988316476454 1.9116088870341805 
