2.789909354147773 0.2468157463681076 
2.7899117139429492 0.22145157644832786 
2.790174056754037 0.19983562811874375 
2.789905344175562 0.24966922206916875 
2.7899093211495485 0.24684072192429019 
2.7899093834498796 0.24679354477106508 
2.789909431285065 0.2467572532805679 
2.7899094444311134 0.2467472692575628 
2.7899094950636134 0.2467085437444399 
3.1218730685416696 0.0782559483912542 
2.789907937052426 0.24786418150991996 
3.12185656339552 0.10528775213399114 
3.1223542172955705 0.0641248334185617 
2.789905042507129 0.24987085413129168 
2.7899093937894492 0.24678570539503802 
2.789909427288957 0.24676028731255484 
2.789909269576735 0.2468797001016237 
2.7899093739383547 0.2468007538875614 
2.7899093204617613 0.24684124219528306 
2.789909498498095 0.24657350700430897 
3.1216203004842153 0.15776844172230936 
2.789909520332463 0.22242648880198523 
3.121441899806857 0.1888553982363737 
2.789909380031511 0.24679613594121977 
2.7899093740440817 0.24680067376631137 
2.7899094018893345 0.24677956219485564 
3.1217450449633777 0.14395844311226896 
2.789911675050596 0.22147612345061543 
2.7899053921234347 0.24963702460447462 
3.129147408360494 0.030020009254765043 
2.789909354307592 0.24681562533663837 
2.78990946067853 0.24673492362268773 
2.7899093263871073 0.2468367596144173 
2.7899093564307007 0.24681401743772477 
2.78990926924234 0.2468799526110616 
2.7861875946011807 0.268264827296067 
2.789911688596927 0.22147471686254494 
2.7899093615233057 0.24681016016879845 
3.1291479715786723 0.028843461356548705 
2.789909395132348 0.24678468701700812 
2.789907935731314 0.2478651368858521 
2.4894480937952 0.9437519165626451 
2.7862108895265303 0.2653412280856944 
2.789909355829625 0.2468144726635687 
3.1223542172955705 0.0641248334185617 
3.1291491768746624 0.020465707541688888 
2.7899094118795476 0.24677198297026887 
2.7899093790460947 0.24679688284397516 
2.789909462418197 0.2467336013255731 
2.789909373923039 0.2468007654940388 
2.7899093313926255 0.24683297218837028 
2.5036292154777344 0.4211939270211258 
2.78990935543585 0.2468147708851709 
2.7899094673649696 0.24672984091834138 
2.789909370944405 0.24680302262269074 
3.129132553642986 0.05831837489380818 
2.789909462379351 0.24673363085248234 
3.1218615805817103 0.10520955660214454 
3.1217450449633777 0.14395844311226896 
2.7899053509128273 0.24966470042783606 
2.789909461054262 0.24673463804053414 
2.7899093237891583 0.24683872509885 
2.7899093218358133 0.24684020279235758 
2.789909468097888 0.24672928371853448 
2.789909427288957 0.24676028731255484 
2.7862108895265303 0.2653412280856944 
2.7899093520472382 0.24681733704804876 
2.7899053921234347 0.24963702460447462 
2.789909269158834 0.24688001566824042 
3.1218615805817103 0.10520955660214454 
2.789909444687229 0.2467470747009106 
2.7899094623509075 0.24673365247267176 
2.7899054832911325 0.2495756900730175 
2.789909278165275 0.2468732137061381 
2.7899093957806365 0.24678419537529658 
2.789909393418268 0.2467859868694469 
3.129147998861434 0.028749300109921532 
2.7899092930247797 0.2468619867766474 
2.789909398484172 0.2467821449809915 
2.7899093743357453 0.24680045273833917 
2.600419055688179 0.38556881950055055 
2.789905532131514 0.2495427698571372 
2.7899094509192097 0.24674234008869483 
2.5036292154777344 0.4211939270211258 
2.7899093312746617 0.24683306145301406 
2.7899093254084373 0.24683750004988175 
2.7899093615233057 0.24681016016879845 
2.7899093840561457 0.24679308518134085 
3.1217568553230466 0.12554813303700704 
3.1291479715786723 0.028843461356548705 
3.1291487166579985 0.025016192701327027 
3.1291336879912484 0.04611413214042281 
3.1291491768746624 0.020465707541688888 
3.129132553642986 0.05831837489380818 
2.5992311884256556 0.39780281711337573 
3.121441899806857 0.1888553982363737 
-3.141592653589793 1.0435442349407567 
2.785975547784693 0.2728061558307273 
2.5999410134029737 0.38565893364418447 
2.7862286232451625 0.25680979894840333 
