2.789909354147773 -4.693998962475843 1.7211463514832712 
2.7899117139429492 -4.693998962475843 1.7217932356644654 
2.790174056754037 -4.693998962475843 1.7211463514832712 
2.789905344175562 -4.693998962475843 1.7211463514832712 
2.7899093211495485 -4.693998962475843 1.7211463514832712 
2.7899093834498796 -4.693998962475843 1.7211463514832712 
2.789909431285065 -4.693998962475843 1.7211463514832712 
2.7899094444311134 -4.693998962475843 1.7211463514832712 
2.7899094950636134 -4.693998962475843 1.7211463594576821 
3.1218730685416696 -4.999188455331522 0.09858605073151248 
2.789907937052426 -4.693998962475843 1.7211463514832712 
3.12185656339552 -4.999188455331522 0.09858605073151248 
3.1223542172955705 -4.999164315321351 0.09618858255924959 
2.789905042507129 -4.693998962475843 1.7211463514832712 
2.7899093937894492 -4.693998962475843 1.7211463514832712 
2.789909427288957 -4.693998962475843 1.7211463514832712 
2.789909269576735 -4.693998962475843 1.7211463514832712 
2.7899093739383547 -4.693998962475843 1.7211463514832712 
2.7899093204617613 -4.693998962475843 1.7211463514832712 
2.789909498498095 -4.693998962475843 1.7211509533568545 
3.1216203004842153 -4.998660580207084 0.09931429037462969 
2.789909520332463 -4.693998962475843 1.7218133128785102 
3.121441899806857 -4.999425398570509 0.09954362744206934 
2.789909380031511 -4.693998962475843 1.7211463514832712 
2.7899093740440817 -4.693998962475843 1.7211463514832712 
2.7899094018893345 -4.693998962475843 1.7211463514832712 
3.1217450449633777 -4.999320883787432 0.09888427241008166 
2.789911675050596 -4.693998962475843 1.7217934664205181 
2.7899053921234347 -4.693998962475843 1.7211463514832712 
3.129147408360494 -4.999612694228837 0.062214800264182246 
2.789909354307592 -4.693998962475843 1.7211463514832712 
2.78990946067853 -4.693998962475843 1.7211463514832712 
2.7899093263871073 -4.693998962475843 1.7211463514832712 
2.7899093564307007 -4.693998962475843 1.7211463514832712 
2.78990926924234 -4.693998962475843 1.7211463514832712 
2.7861875946011807 -4.687657250937654 1.7411029404277791 
2.789911688596927 -4.693998962475843 1.7217932356644654 
2.7899093615233057 -4.693998962475843 1.7211463514832712 
3.1291479715786723 -4.999612644179683 0.06221474537129206 
2.789909395132348 -4.693998962475843 1.7211463514832712 
2.789907935731314 -4.693998962475843 1.7211463514832712 
2.4894480937952 -4.011185368834923 2.9640544972828122 
2.7862108895265303 -4.687657250937654 1.7411029404277791 
2.789909355829625 -4.693998962475843 1.7211463514832712 
3.1223542172955705 -4.999164315321351 0.09618858255924959 
3.1291491768746624 -4.999612626902805 0.062214782841147884 
2.7899094118795476 -4.693998962475843 1.7211463514832712 
2.7899093790460947 -4.693998962475843 1.7211463514832712 
2.789909462418197 -4.693998962475843 1.7211463514832712 
2.789909373923039 -4.693998962475843 1.7211463514832712 
2.7899093313926255 -4.693998962475843 1.7211463514832712 
2.5036292154777344 -4.01706309830722 2.974531375527583 
2.78990935543585 -4.693998962475843 1.7211463514832712 
2.7899094673649696 -4.693998962475843 1.7211463514832712 
2.789909370944405 -4.693998962475843 1.7211463514832712 
3.129132553642986 -4.999612913577287 0.062385310516332185 
2.789909462379351 -4.693998962475843 1.7211463514832712 
3.1218615805817103 -4.999188455331522 0.09856109468126667 
3.1217450449633777 -4.999320883787432 0.09888427241008166 
2.7899053509128273 -4.693998962475843 1.7211463514832712 
2.789909461054262 -4.693998962475843 1.7211463514832712 
2.7899093237891583 -4.693998962475843 1.7211463514832712 
2.7899093218358133 -4.693998962475843 1.7211463514832712 
2.789909468097888 -4.693998962475843 1.7211463514832712 
2.789909427288957 -4.693998962475843 1.7211463514832712 
2.7862108895265303 -4.687657250937654 1.7411029404277791 
2.7899093520472382 -4.693998962475843 1.7211463514832712 
2.7899053921234347 -4.693998962475843 1.7211463514832712 
2.789909269158834 -4.693998962475843 1.7211463514832712 
3.1218615805817103 -4.999188455331522 0.09856109468126667 
2.789909444687229 -4.693998962475843 1.7211463514832712 
2.7899094623509075 -4.693998962475843 1.7211463514832712 
2.7899054832911325 -4.693998962475843 1.7211463514832712 
2.789909278165275 -4.693998962475843 1.7211463514832712 
2.7899093957806365 -4.693998962475843 1.7211463514832712 
2.789909393418268 -4.693998962475843 1.7211463514832712 
3.129147998861434 -4.999612646945393 0.06221470040103879 
2.7899092930247797 -4.693998962475843 1.7211463514832712 
2.789909398484172 -4.693998962475843 1.7211463514832712 
2.7899093743357453 -4.693998962475843 1.7211463514832712 
2.600419055688179 -4.2852615179605955 2.579561820637945 
2.789905532131514 -4.693998962475843 1.7211463514832712 
2.7899094509192097 -4.693998962475843 1.7211463514832712 
2.5036292154777344 -4.01706309830722 2.974531375527583 
2.7899093312746617 -4.693998962475843 1.7211463514832712 
2.7899093254084373 -4.693998962475843 1.7211463514832712 
2.7899093615233057 -4.693998962475843 1.7211463514832712 
2.7899093840561457 -4.693998962475843 1.7211463514832712 
3.1217568553230466 -4.999166861904106 0.09888427241008166 
3.1291479715786723 -4.999612644179683 0.06221474537129206 
3.1291487166579985 -4.999613105393439 0.06221474537129206 
3.1291336879912484 -4.9996166083205456 0.06227675209381195 
3.1291491768746624 -4.999612626902805 0.062214782841147884 
3.129132553642986 -4.999612913577287 0.062385310516332185 
2.5992311884256556 -4.2852615179605955 2.580029984704311 
3.121441899806857 -4.999425398570509 0.09954362744206934 
-3.141592653589793 -4.999999999938553 8.033986877033564E-5 
2.785975547784693 -4.68761566532929 1.7414764474161075 
2.5999410134029737 -4.2852615179605955 2.579561820637945 
2.7862286232451625 -4.687588351014487 1.741591664363031 
