-3.141592653589793 1.0350619658995788 
1.3221070800076886 0.5036158351478206 
-3.141592653589793 1.0350619658995788 
1.2281858208767469 0.9440155604354459 
-3.1415832372506376 1.0164508120510167 
1.2602179851831066 0.8096517023833585 
-3.1415832372506376 1.0164508120510167 
1.2606299638815002 0.7509986365739585 
1.2917279250147387 0.6789814134474956 
1.3101028667636057 0.5659718638163469 
1.291439857195682 0.7115344982536395 
1.310072373231167 0.5944700644371129 
1.2606299638815002 0.7509986365739585 
1.2913942062674857 0.7269853484628771 
1.3101201903207427 0.5450748903839058 
1.2913942062674857 0.7269853484628771 
1.3100632599589284 0.6062258582031337 
1.291439857195682 0.7115344982536395 
-3.141590275892017 1.0317279196435327 
1.3221062100776948 0.5212985548401664 
1.3221044854577817 0.5331423036956024 
1.310072373231167 0.5944700644371129 
1.3221062743749399 0.5205688141374519 
1.3221069629823614 0.5108155980071231 
1.3221070128954495 0.5096278611988531 
1.3221039444800233 0.5361080037243334 
1.3221070780210853 0.5041316741050293 
-3.141590275892017 1.0317279196435327 
1.3221014773988502 0.5445564547717656 
1.322104313473281 0.53395770852025 
1.3221039660831153 0.5355216580460733 
1.3221069649689647 0.5107562888979983 
1.3221062100776948 0.5212985548401664 
1.3221017969349969 0.543369867832251 
1.3221014780950089 0.544321592688487 
1.3101201903207427 0.5450748903839058 
1.3221017948665987 0.5438751423542544 
1.32210394751 0.5360892517543412 
1.3221019831942498 0.5427782174386409 
1.322103962432789 0.5356054086468137 
1.3221016763966813 0.5439700274540685 
1.322104390221322 0.5335818416859237 
1.322101973455049 0.5431535782740674 
1.3221043952138705 0.5335768390052279 
1.3221044626319207 0.5332667902752273 
1.3221020244368233 0.542662645714647 
1.3221044854577817 0.5331423036956024 
1.3221044626319207 0.5332667902752273 
1.3221019420323743 0.5432508697022947 
1.3221019436295363 0.54324597869074 
1.3221017948665987 0.5438751423542544 
1.322101973455049 0.5431535782740674 
1.322103962432789 0.5356054086468137 
1.3221069629823614 0.5108155980071231 
1.3221019420323743 0.5432508697022947 
-3.141592653589793 1.0350619658995788 
1.310072373231167 0.5944700644371129 
1.3101201903207427 0.5450748903839058 
1.3221044854577817 0.5331423036956024 
1.3221044626319207 0.5332667902752273 
-3.141592653589793 1.0350619658995788 
1.3101201903207427 0.5450748903839058 
1.3221044626319207 0.5332667902752273 
-3.141592653589793 1.0350619658995788 
-3.141592653589793 1.0350619658995788 
-3.141592653589793 1.0350619658995788 
-3.141592653589793 1.0350619658995788 
-3.141592653589793 1.0350619658995788 
-3.141592653589793 1.0350619658995788 
-3.141592653589793 1.0350619658995788 
-3.141592653589793 1.0350619658995788 
-3.141592653589793 1.0350619658995788 
-3.141592653589793 1.0350619658995788 
-3.141592653589793 1.0350619658995788 
1.3101201903207427 0.5450748903839058 
1.310072373231167 0.5944700644371129 
1.2913942062674857 0.7269853484628771 
1.3221062100776948 0.5212985548401664 
1.310072373231167 0.5944700644371129 
-3.141592653589793 1.0350619658995788 
-3.141592653589793 1.0350619658995788 
-3.141592653589793 1.0350619658995788 
-3.141592653589793 1.0350619658995788 
-3.141592653589793 1.0350619658995788 
1.310072373231167 0.5944700644371129 
1.3221062100776948 0.5212985548401664 
1.2606299638815002 0.7509986365739585 
1.3221016763966813 0.5439700274540685 
1.2917785843335385 0.6094108708034243 
-3.1415832372506376 1.0164508120510167 
-3.141592653589793 1.0350619658995788 
1.2917279250147387 0.6789814134474956 
1.3101028667636057 0.5659718638163469 
1.3221019436295363 0.54324597869074 
-3.141592653589793 1.0350619658995788 
1.3221070128954495 0.5096278611988531 
1.322102028916562 0.5426361045101129 
1.2917778812133307 0.6224372649209389 
