0.24047364431162133 0.27997511413389864 
0.22135128190410389 0.3920796748208172 
0.2276268790954571 0.34934491757999414 
0.04047736197428999 0.7602977065116029 
0.01622847590090648 0.8648232879581887 
0.23226437197663863 0.32107632230918776 
0.2472995709029065 0.2564033998525676 
0.8361924117958537 -0.6730887192606568 
0.04772771740456505 0.7340818828043925 
0.007090204795856994 0.9143803051579475 
0.43589114780506455 -0.05381661603328362 
0.8469484868317618 -0.7632654268599703 
0.21901615365250515 0.4089298314896559 
0.21613150358128308 0.43033299461722896 
0.636638096890862 -0.3791538936706322 
0.2562406134971998 0.24256498845638608 
0.04551967763483905 0.7417405309783066 
0.4279060792254467 0.017066582405555707 
0.4251148948997148 0.0464383573558261 
0.20192991538507238 0.5385145625913271 
0.03131390583729249 0.7971480259191966 
0.027828029556648315 0.8119959499986749 
0.05689692445285363 0.7060247816592958 
0.42260595435296877 0.07450630423821465 
0.8400254456155832 -0.7155492402725007 
0.8446517162194476 -0.7517086349266381 
0.06679002131836614 0.6839769476830082 
0.6506742095613469 -0.4570684767020053 
0.4488742213472333 -0.11846593752359813 
0.6449543884146813 -0.43984357680294073 
0.4502033761987851 -0.12103112710079736 
0.06327645063938578 0.6907378018364476 
0.25631879324937296 0.24254616910582097 
0.001862135728992298 0.956930059892971 
0.8480212642260225 -0.7671614990727188 
0.6313369653487559 -0.3203685649544069 
0.6480359441760755 -0.451660523799388 
0.20645205803423025 0.5041987403741229 
0.23464906196246912 0.3078407049424248 
0.8491836040188138 -0.7703168817615229 
0.6488175318468907 -0.45377112198552444 
0.8384542870792997 -0.6994745482521189 
0.8342243129947726 -0.6471162323196111 
0.44573958775671807 -0.10928779455453176 
0.24444464683662487 0.2650001294283091 
0.6467108241991115 -0.44727987929117363 
0.2543989943936444 0.2437545933876155 
0.8497177454572155 -0.7713675364157097 
0.4342563249151038 -0.04108545688352502 
0.4526241152495663 -0.12373647076653604 
0.2489629121373339 0.25231603770740413 
0.2097836685986333 0.47867583792231666 
0.44718076155442743 -0.11400307877686293 
0.0596537530149546 0.6989986368020399 
0.6514386851973503 -0.457791767133313 
0.2510766416494311 0.2481036905224334 
0.846211007792518 -0.7600137688979609 
0.8476361060824542 -0.7658793132837496 
0.4531876504667805 -0.12399915370690144 
0.44273505053621826 -0.09651455359510823 
0.8427611275376907 -0.7389863842535742 
0.2376126930092179 0.2928400272123806 
0.2568569350464557 0.24237034387830597 
0.0777692881949043 0.6712693096704031 
0.2537557825247887 0.2443899322756016 
0.2552368964743826 0.24311947998195504 
0.023638117004164433 0.8304448388100082 
0.25239917785326854 0.2460493272786609 
0.8514049556809562 -0.7732122245101384 
0.6499727286959958 -0.4560777630497074 
0.6394699430542717 -0.404370974002217 
0.6410936484765966 -0.4167442808882274 
0.6443365823320824 -0.43678161137957366 
0.0692936386782658 0.6799894998319038 
0.4441584692877195 -0.10301251474913754 
0.4378693670127063 -0.06802930165281951 
0.8508260593881497 -0.7728568963364685 
0.4531876504667805 -0.12399915370690144 
0.6303259910319978 -0.30752077768883723 
0.019811219011786035 0.84787409247044 
0.6424303758928639 -0.4257325654556499 
0.8500937247786085 -0.7720017472919224 
0.08106166540685507 0.6699927980002954 
0.035814192090010626 0.778602968060876 
0.07604139014380479 0.6724306384793123 
0.43155954882094255 -0.01793350589861273 
0.004292220437010996 0.9340616644892962 
0.6522394928661911 -0.4581147366319852 
0.07401819239246293 0.6741793471052193 
0.010556023310711649 0.8939804153586945 
0.24289416204521064 0.27047632113293163 
0.07869493692174356 0.6708030523565807 
0.05187694655965491 0.7205849063543897 
0.07994134031950553 0.6702989782517913 
0.07127756819838736 0.6772523298631494 
0.634418806552433 -0.35632884416053034 
0.4404648227563528 -0.08438979336493155 
0.45152285015636595 -0.12287504831889155 
