-18.108722017130983 -3.5260940598899637 
-14.618513030763774 -11.420707103029233 
-18.272756107420733 -2.7947280692045164 
-18.29175060040944 -2.707261638268245 
-16.644730014625292 -5.117590212515054 
-15.896324263356345 -7.747233688250662 
-16.367907132291673 -6.399686793769675 
-15.641190867054336 -7.754911962745576 
-15.581852658553089 -7.8888371922347575 
-14.862349870279967 -10.727168052920664 
-18.66699520651975 -1.0216536345974832 
-15.018552576451157 -10.120172324541176 
-16.226353319430316 -7.024309550899806 
-18.844920800633133 -0.46817589748797644 
-19.99906200406707 0.002835676454652808 
-16.665953922862776 -5.018006870153394 
-15.075455360065927 -9.892904398039336 
-14.664021940587993 -11.33453899972979 
-18.25154445509049 -2.9053734094580235 
-16.499854721042453 -5.810746150443153 
-17.03373786956394 -3.8822482326698036 
-16.769211471389184 -4.517557751683615 
-16.711591134732835 -4.807686217891568 
-16.55981209382751 -5.535705404200449 
-16.257045997599366 -6.880055599041264 
-18.07190386790338 -3.6511687117586247 
-18.996675290638862 -0.1332664196571715 
-16.453889225538475 -6.0497325619131095 
-15.355069591610473 -8.722889123817534 
-16.58285425794813 -5.418097347835552 
-15.324964749442385 -8.825281922977137 
-14.94035461505433 -10.445458379736197 
-14.696871158121688 -11.229076304449123 
-18.481390407220637 -1.7900359685014375 
-16.292527035970636 -6.758502282045738 
-14.896257243961024 -10.568587912362846 
-18.341016105080115 -2.466840921741149 
-16.73911459485352 -4.692603172050799 
-15.268932886999934 -9.043491975488756 
-18.58514603653645 -1.3379651673705013 
-16.053269507085737 -7.529835017346909 
-16.828931115977205 -4.372709069350015 
-15.502731579613322 -8.154072809259924 
-18.550288468841103 -1.4813505475988484 
-18.160586541084996 -3.3207366697303486 
-18.453108995444786 -1.9229702091501435 
-14.771283230064927 -10.981947770718275 
-16.119041820468468 -7.363676346216087 
-16.19162036288158 -7.146783856541669 
-15.18292736404111 -9.407950237171873 
-18.317767084512603 -2.581690206485204 
-16.134114795561707 -7.249476351427483 
-18.371286079989595 -2.3165070773445016 
-15.100502103772058 -9.778929856266569 
-16.686117106827297 -4.919849602882661 
-16.316054382909698 -6.6415989575256456 
-16.47326834130228 -5.9437202393506965 
-16.624446185763567 -5.213574854912775 
-18.016881296418447 -3.7919129650849186 
-14.733790303573997 -11.114030667944274 
-16.426389415008927 -6.172177827149436 
-18.13157990841397 -3.439809976163743 
-18.739009477060605 -0.774672484735334 
-17.942299821847904 -3.8741696121200366 
-19.078647051216983 -0.0014574573589701883 
-15.37335104138755 -8.647140806246984 
-18.795056070458635 -0.6040433191081231 
-15.247492794952814 -9.166989476504028 
-15.468050953926276 -8.288359839265343 
-18.51343671901307 -1.6352007599494398 
-15.989099839766718 -7.665561696279125 
-16.399858381016095 -6.289309800215661 
-15.128993794056187 -9.67458306421153 
-16.98486893320087 -3.9803508811503328 
-16.533539064245005 -5.645046079137323 
-15.052104038069924 -9.997929136453301 
-16.861438358918836 -4.27312602684372 
-18.942128551827267 -0.23955236721963513 
-18.222233142165244 -3.0370530582562716 
-18.18972317439041 -3.1871886817956385 
-14.515003582997661 -11.53742554774498 
-14.984168560769508 -10.221835959562565 
-15.154378057788646 -9.560546245275125 
-16.898763180831963 -4.164966164454238 
-18.89072871230875 -0.3530192746042187 
-18.70075146188171 -0.9025939208101728 
-16.6069796031172 -5.304440901130789 
-14.831935753836348 -10.850267927526328 
-18.62802195301455 -1.168484318905842 
-15.550958780719853 -8.016194227683206 
-15.296287823436938 -8.93037727241937 
-14.4312022157071 -11.622116619932868 
-18.425566305415224 -2.05120883838123 
-16.941318339838467 -4.073397947824674 
-14.965331345654882 -10.314113190728168 
-15.221054996185847 -9.263350953768624 
-16.347174514180125 -6.525002097507044 
-15.399911356960457 -8.530107080899146 
-18.39669236778501 -2.1926512867979824 
-15.433759621305747 -8.41336800518378 
