-1.0479917091450193 1.6107854983368506E-4 -9.77743753259111E-5 
-1.144180338945152 -1.0871433728494033 -1.1134425045612975 
-7.378765902320936E-4 -4.927725560193534E-5 -0.94719309116917 
-0.9362244521505618 3.254614844995485E-4 -3.955007977698038E-5 
-0.9790370055289987 -9.541712017341408E-5 -0.8580807165369243 
-1.1433790336605694 1.6248826078613598E-4 -1.1530693330282684 
-1.04823006130876 1.0526762925038729E-4 -0.956289951806083 
-1.102408033577806 -0.5354465323567322 -1.1103170155520097 
-1.1057905694394965 -0.6238645528462425 -1.0562220321945162 
-1.0693856976841136 -1.0155564293735169 -1.0961133483906391 
-0.7150972584606897 1.6107854983368506E-4 -9.77743753259111E-5 
-1.0931121595608704 -0.9474706865570265 -1.0548925216687737 
-1.048677405766367 9.60012608183138E-5 -1.042280680564435 
-0.6136619067123357 -1.2064050732023466E-5 -3.949679935898913E-5 
-1.3321163625101828E-4 1.6053900221341268E-4 -2.0502425580441944E-4 
-0.8735323393680194 3.585958379414742E-6 -0.9504063618403625 
-1.0903635198267838 -0.9037872338687896 -1.0827845927022546 
-1.1062724649659728 -1.0845350738066046 -1.1131681840219672 
-0.9607204054116139 1.6342069822488275E-4 -3.7165478727897196E-5 
-0.9176745077551949 1.6525983111711985E-4 -1.0065271731142738 
-1.0930861987991674 -9.647049910820027E-4 -0.5282207945137891 
-0.9236655301864756 1.173179509825821E-4 -0.8385736711631109 
-0.7826465871679001 7.48965276695738E-5 -1.016381917712261 
-0.9208905514929997 -4.604851703269297E-4 -0.9667490901139264 
-1.0659109083581548 9.463829028559675E-5 -1.00632519383955 
-1.0707732383970354 1.6238359197237907E-4 -3.328318190363262E-5 
-0.5284393753195809 1.6232703469466704E-4 -9.769787850069223E-5 
-0.9809996150742868 9.43376622999888E-5 -0.9707096420087944 
-1.0684731356017707 -0.7867694072887912 -1.0548925216687737 
-0.8931014743093166 1.4520072075283356E-4 -0.980913929568769 
-1.097442259427081 -0.760794755376949 -1.0874166488941035 
-1.0883006310350407 -0.9808203877463161 -1.0701236165526253 
-1.0966470783033768 -1.0841242714950567 -1.0922128293771167 
-0.8233055133816513 1.5283673301692927E-4 1.4445020162887445E-4 
-1.0088897494953857 1.4592434276221907E-4 -1.0414204912809466 
-1.0471658870597538 -1.0148110508501773 -1.0883249845383847 
-0.9068360338207652 2.0647234212229276E-5 -1.3540720864973273E-4 
-0.7500530426137023 1.4665826214015944E-4 -1.0338134042769278 
-1.0975591628816201 -0.7862658013787687 -1.0961579933514694 
-0.7624941433853191 2.0740184229777847E-4 -9.093356733830804E-5 
-1.097442259427081 0.006988916858135019 -1.1007112045623517 
-1.0651019398148933 1.3242329271301475E-4 -0.6690659931039665 
-1.0533569159444662 -0.7089175528973042 -1.062714369138511 
-0.7825587592331062 -1.3044004073481589E-5 -4.629451439295488E-4 
-1.0161324070362703 9.566643363048306E-5 1.4495913812600592E-4 
-0.8400919400257854 2.0540096332566242E-5 -1.3540720864973273E-4 
-1.1458673141033164 -1.0204092246924414 -1.0942350882342988 
-1.0953773704664465 -9.778996644593239E-4 -1.0619872741627057 
-1.04823006130876 1.0526762925038729E-4 -1.0641668942464766 
-1.1024103929907616 -0.8354268411098069 -1.0888406221338631 
-0.9207832405373837 1.9690992223123782E-5 1.4257058383963756E-4 
-1.077611262663612 -0.04154624270565016 -1.068747964486099 
-0.888661497262042 9.513597104137307E-5 1.638611487227224E-4 
-1.0971836674447186 -0.8991689755457017 -1.0619872741627057 
-0.8070150274247376 1.6525983111711985E-4 -1.0065271731142738 
-0.9857910652752282 1.3688717988429022E-4 -1.0502438127021947 
-1.000932164512765 -9.355517137494618E-4 -0.9391906015108707 
-0.985287798028458 -9.541712017341408E-5 -0.864027375575322 
-1.104823196259071 2.461854075015604E-4 1.4257058383963756E-4 
-1.0798089589958786 -1.075524357363077 -1.090766384273616 
-1.0017431362424347 -4.604851703269297E-4 -0.9667490901139264 
-1.033945436391431 1.6238359197237907E-4 -3.328318190363262E-5 
-0.6737251084852025 1.6155899933244442E-4 -9.77743753259111E-5 
-1.151672693902847 1.621026422945292E-4 -9.77743753259111E-5 
-0.48293858938719764 3.254017189944986E-4 -3.8296740163174275E-5 
-1.0524825620551728 -0.7804069235986727 -1.0654923115939103 
-0.641823002802719 1.0001367182321604E-4 -9.093356733830804E-5 
-1.0684731356017707 -0.8447564132876009 -1.0544504686845122 
-1.0933031154025432 -0.6972721579513346 -1.064884311234044 
-0.8034956554881068 -0.001021893016209545 -3.143562537904496E-5 
-1.1255977685543317 -9.919279164135545E-5 -1.1126610255355471 
-1.0153583184824464 -4.6454039588200843E-4 -0.9693430743275011 
-1.0774771315354998 -0.8922676973094306 -1.0687219331152211 
-1.1039925621240791 -9.647049910820027E-4 -0.5456777087796267 
-1.002171768912189 -9.92943214108331E-4 -0.9017443187830065 
-1.071004302917916 -0.9345601912748623 -1.0700646656673722 
-1.0926145163629504 1.0001218550932072E-4 -0.6253293961588252 
-0.5589019965035069 1.3398456593078967E-4 -3.613079589038654E-5 
-7.378765902320936E-4 -4.927725560193534E-5 -0.9778169760188501 
-0.9977937162105506 -4.002128627116913E-4 4.455446494202646E-4 
-1.1497113244492771 -1.139406238010601 -1.1045065812189356 
-1.0536129979626274 -0.9897696137067158 -1.0483818757917538 
-1.0684731356017707 -0.8931120699609452 -1.0544504686845122 
-0.5857643061164388 -1.1836519440384003E-5 -1.1130491086207117 
-0.5876878886991936 1.6433324434255445E-4 -4.774555784251922E-5 
-0.6957046207370419 1.1620350639783242E-4 -9.684346749562988E-5 
-0.894659621346945 1.622833934296714E-4 -0.9646775592565662 
-1.09743768643541 -1.0155564293735169 -1.0961133483906391 
-0.7376676890396823 1.5384954768290173E-4 -2.8754318018277026E-5 
-1.0913092632832382 -0.633762137820872 -1.0821982426233139 
-1.097442259427081 -0.7703270315234825 -1.0969440098963157 
-1.143436956785834 -1.159592711143516 -1.1524515206674817 
-0.8562343454399212 2.461854075015604E-4 1.4257058383963756E-4 
-0.5702319478504212 1.6215817759756198E-4 -1.1037615965165246 
-1.0708243991250508 -0.9897696137067158 -1.0483818757917538 
-1.0971836674447186 -0.8356884531213511 -1.0619872741627057 
-0.987096224032743 -5.30792584189083E-5 -1.029766849337989 
-1.0980521029138204 -0.7131356074179855 -1.092199341806327 
-0.8735323393680194 1.6433324434255445E-4 -4.774555784251922E-5 
-1.0934506852450459 -0.7174004518109913 -1.064884311234044 
