0.2544031827566685 0.24378222419062787 
0.048556030668457845 0.7312588293603405 
0.6278839794393224 -0.2702038058892295 
0.07993867133440026 0.6702652052014324 
0.19780004545080046 0.573865223332281 
0.25690377712610113 0.2423588333241606 
0.03736327552135012 0.77239362757516 
0.030204983139250203 0.8017784548131452 
0.6432297559375456 -0.43063501819150884 
0.6515310811575125 -0.45785682703680763 
0.42581915286265404 0.03884185940829113 
0.4476360682875623 -0.11533882925467273 
0.20861718527990636 0.48761531465897223 
0.6487087269642735 -0.4535196240446072 
0.018974672352739988 0.8525803677115164 
0.255552676614071 0.24290824466919528 
6.81421931386858E-4 0.97400607375092 
0.06956428553719471 0.679549333192143 
0.03216391630989707 0.7935212956456618 
0.431735729427388 -0.01954180306681575 
0.22348516489871745 0.3770917285119397 
0.4329139757170617 -0.0299023098477383 
0.2567985795733986 0.2423615305251306 
0.008970605172759244 0.902980225178998 
0.0018596916447948392 0.956908972650684 
0.4393081507242576 -0.07746442985009445 
0.23471552866283185 0.3075297313321927 
0.2244883815387814 0.3702059428218967 
0.04393191124307557 0.7473740406641929 
0.44139097489163803 -0.0896269075366554 
0.24541966466159595 0.261796868322318 
0.05806450436623334 0.7029334095547547 
0.42097119260887456 0.09356932225748812 
0.45110262330173884 -0.1223632236549349 
0.6387194033493961 -0.39812577884748607 
0.6300495023035468 -0.3039461283976569 
0.21483099540612716 0.4401018931679565 
0.4531764290659908 -0.12396521757667339 
0.42271099249388144 0.07329418505293671 
0.23011068978795018 0.33377480324975733 
0.4191153396611095 0.11586375754735036 
0.22702634519089113 0.3532443242337682 
0.055075327183000414 0.7110508172677633 
0.004755574870340996 0.9304915945639385 
0.6504104806720039 -0.45675274038003966 
0.4277452560630517 0.018670339815485534 
0.23723181507700647 0.2946415680130115 
0.016672011932163864 0.8627480696150026 
0.25234195332769 0.24613242361063362 
0.20209837842453726 0.5372416502423576 
0.2331339879952027 0.3161225950096395 
0.6497769972026578 -0.4557215430043359 
0.25362635663908595 0.24449975813639444 
0.24129046345127805 0.2765914632067655 
0.24677483009682805 0.2578298082502698 
0.20614230641752285 0.5065658307393348 
0.4433287263869941 -0.09933739808640779 
0.4353219271125749 -0.0495513417357081 
0.21642505567860973 0.4281253105779629 
0.2198503283989806 0.4028645649179885 
0.43010575429150694 -0.004483849026026744 
0.07289927722004946 0.6752679589179251 
0.06739217089869849 0.6829296283490569 
0.046980539898546225 0.7367197595968615 
0.011057415752203642 0.8912906520555298 
0.023400967129358588 0.831469322353431 
0.250201037157863 0.24970226082161429 
0.6459871859443291 -0.44448817693053255 
0.08088302857529336 0.6699986835172599 
0.6417626886444435 -0.42141736218462783 
0.6475595807128627 -0.45026359042850345 
0.449985072847508 -0.12066682431721859 
0.24911619839814733 0.2519583978101425 
0.6337750091133668 -0.34921394362562613 
0.07722484843971436 0.6715375395634355 
0.6371527199902716 -0.3840448064855253 
0.4529133189495828 -0.12387082447374999 
0.43776530816282133 -0.0673481479265586 
0.0773352172578291 0.6714636011552236 
0.6402473978457575 -0.4104617393679906 
0.45194170106194353 -0.12321816997259655 
0.06046368861337141 0.697028563803715 
0.44868752363063563 -0.11802250374825853 
0.6317630606224499 -0.3256168573187604 
0.026789776335442397 0.8164920004119736 
0.05226759389731675 0.7193680129000608 
0.07488783631747635 0.6733246519674452 
0.44652191064309843 -0.11195716663295563 
0.4451188790702145 -0.1069462406388891 
0.6446191755674695 -0.43822382403552146 
0.24339291098935537 0.26859769735240113 
0.013577217067529915 0.8780675424979071 
0.21215603824242857 0.4605321121575807 
0.23935441778133196 0.28476118716031 
0.04102635069662086 0.7581612510781799 
0.6520832947921439 -0.4580679934307824 
0.06375487481288508 0.6897654932603463 
0.6356108203571724 -0.36889673025223213 
