0.4069183265024113 8.304452271436618 
0.40936753912693663 8.113044982476039 
0.6667785013674848 1.499748729796329 
0.41074615007970905 8.075819791487291 
0.41733830997356797 7.80774970046537 
0.5424665661968119 3.908496573643129 
0.3893022996021783 8.98108074629898 
0.46643870625668954 6.0086007646483734 
0.45853956201076584 6.270406321021286 
0.46986350988405284 5.913532487542634 
0.5032898102860764 4.911638272823163 
0.493040308410829 5.2004785842584065 
0.5710615753594288 3.2616938501868624 
0.5263773519729639 4.299581589688451 
0.6103567823468671 2.4693290440175324 
0.5226271075996463 4.395530846943096 
0.6667785013674848 1.499748729796329 
0.45853956201076584 6.270406321021286 
0.44586613182326695 6.700267623782556 
0.398144887726801 8.584228648150509 
0.4790319737945827 5.61332449123652 
0.641664215797427 1.9094182301021665 
0.5424665661968119 3.908496573643129 
0.6498311727736762 1.7788480044560677 
0.3893022996021783 8.98108074629898 
0.632202998603781 2.0766517013940247 
0.5091950247035963 4.7490338456305015 
0.451811265174237 6.499834897982202 
0.5553849476525008 3.603985547850012 
0.42829550367582336 7.344178097910519 
0.5091950247035963 4.7490338456305015 
0.48650332781151534 5.388605560223745 
0.6661852295845637 1.5078827303386493 
0.5488102186758284 3.7549339703591076 
0.5488102186758284 3.7549339703591076 
0.4314094487526022 7.238987742332807 
0.44672108245911574 6.671181215257772 
0.4024263343421762 8.394860290134023 
0.5810329126836555 3.0485012480130824 
0.6032081456841109 2.6056421214120666 
0.46643870625668954 6.0086007646483734 
0.5338355490012074 4.113945307948735 
0.5626981631536494 3.446598651937407 
0.47560465307931576 5.721335061401074 
0.398144887726801 8.584228648150509 
0.5980049815433698 2.705976941355609 
0.39336110411678726 8.799243652734635 
0.4382161618534662 6.97660083189207 
0.5338355490012074 4.113945307948735 
0.40879316284825684 8.12444424501098 
0.5226271075996463 4.395530846943096 
0.5648520834282211 3.3927847932632 
0.6350136105441441 2.0246818027595417 
0.4980229605805834 5.056340307257344 
0.6265297327334576 2.1734308507755604 
0.5226271075996463 4.395530846943096 
0.6032081456841109 2.6056421214120666 
0.5949952661771775 2.7656814001808008 
0.47560465307931576 5.721335061401074 
0.42526298874905377 7.463442398475569 
0.5424665661968119 3.908496573643129 
0.5810329126836555 3.0485012480130824 
0.5241048780395073 4.356235135457373 
0.4024263343421762 8.394860290134023 
0.5032898102860764 4.911638272823163 
0.4210366037289598 7.627900448597007 
0.3893022996021783 8.98108074629898 
0.5760048286804852 3.1530556630160085 
0.6103567823468671 2.4693290440175324 
0.41770668694604074 7.759264552880853 
0.6247147144395807 2.205136823799827 
0.48650332781151534 5.388605560223745 
0.658121307502799 1.636993439990736 
0.4146669419312028 7.885201537156392 
0.5076986411228771 4.787848501729307 
0.641664215797427 1.9094182301021665 
0.4580258712299327 6.286048992422233 
0.40879316284825684 8.12444424501098 
0.6131330100714172 2.4173609255334005 
0.451811265174237 6.499834897982202 
0.4980229605805834 5.056340307257344 
0.4848685040944845 5.441129809619769 
0.46643870625668954 6.0086007646483734 
0.5914513725457734 2.835745114114781 
0.5322632445162288 4.155170069147653 
0.4382161618534662 6.97660083189207 
0.5678671176996052 3.328388233393272 
0.42829550367582336 7.344178097910519 
0.6458951599047692 1.8381396499431364 
0.44586613182326695 6.700267623782556 
0.6592244664848194 1.6192247625568732 
0.6186892243262727 2.316040114424842 
0.5553849476525008 3.603985547850012 
0.5760048286804852 3.1530556630160085 
0.48823173689450594 5.3404991343851655 
0.5914513725457734 2.835745114114781 
0.439966205212998 6.910963159243756 
0.48059119570852915 5.565787884039719 
