0.4069183265024113 2.379233820812137 
0.40936753912693663 2.321217259302357 
0.6667785013674848 2.1048138526547078E-7 
0.41074615007970905 2.317111888090923 
0.41733830997356797 2.2584730646888493 
0.5424665661968119 1.1202287152961927 
0.3893022996021783 2.496355387447041 
0.46643870625668954 1.8026439670755428 
0.45853956201076584 1.8752293680706384 
0.46986350988405284 1.778553130410156 
0.5032898102860764 1.471977494523002 
0.493040308410829 1.5640455650666762 
0.5710615753594288 0.8626280284278705 
0.5263773519729639 1.2632023717719136 
0.6103567823468671 0.5071717298622063 
0.5226271075996463 1.297223572902894 
0.6667785013674848 2.1048138526547078E-7 
0.45853956201076584 1.8752293680706384 
0.44586613182326695 1.9874224075966005 
0.398144887726801 2.417766751339073 
0.4790319737945827 1.6889619105865021 
0.641664215797427 0.2252053512478177 
0.5424665661968119 1.1202287152961927 
0.6498311727736762 0.15595088492179998 
0.3893022996021783 2.496355387447041 
0.632202998603781 0.3128654326769463 
0.5091950247035963 1.4181844063440388 
0.451811265174237 1.9366986286809964 
0.5553849476525008 1.0015993248330484 
0.42829550367582336 2.1454784575295363 
0.5091950247035963 1.4181844063440388 
0.48650332781151534 1.621574537312487 
0.6661852295845637 0.004529202897251977 
0.5488102186758284 1.0607461333860784 
0.5488102186758284 1.0607461333860784 
0.4314094487526022 2.1229677114466403 
0.44672108245911574 1.9801572937608714 
0.4024263343421762 2.3783128538733322 
0.5810329126836555 0.7712795594528004 
0.6032081456841109 0.5717445523733855 
0.46643870625668954 1.8026439670755428 
0.5338355490012074 1.1961702520297544 
0.5626981631536494 0.9393947305730231 
0.47560465307931576 1.7210935770281837 
0.398144887726801 2.417766751339073 
0.5980049815433698 0.6181876908721453 
0.39336110411678726 2.4612801986323283 
0.4382161618534662 2.0572592393354423 
0.5338355490012074 1.1961702520297544 
0.40879316284825684 2.321217259302357 
0.5226271075996463 1.297223572902894 
0.5648520834282211 0.9164215590983049 
0.6350136105441441 0.28570050177336315 
0.4980229605805834 1.5181735695232388 
0.6265297327334576 0.3617190500510632 
0.5226271075996463 1.297223572902894 
0.6032081456841109 0.5717445523733855 
0.5949952661771775 0.6455673408618443 
0.47560465307931576 1.7210935770281837 
0.42526298874905377 2.173925820732127 
0.5424665661968119 1.1202287152961927 
0.5810329126836555 0.7712795594528004 
0.5241048780395073 1.2831240843803031 
0.4024263343421762 2.3783128538733322 
0.5032898102860764 1.471977494523002 
0.4210366037289598 2.2116252984598925 
0.3893022996021783 2.496355387447041 
0.5760048286804852 0.8161752869955696 
0.6103567823468671 0.5071717298622063 
0.41770668694604074 2.2410966895217133 
0.6247147144395807 0.3775814211803131 
0.48650332781151534 1.621574537312487 
0.658121307502799 0.07734026310020786 
0.4146669419312028 2.2697324079238603 
0.5076986411228771 1.4307841782301725 
0.641664215797427 0.2252053512478177 
0.4580258712299327 1.8791730663482344 
0.40879316284825684 2.321217259302357 
0.6131330100714172 0.4821637807013208 
0.451811265174237 1.9366986286809964 
0.4980229605805834 1.5181735695232388 
0.4848685040944845 1.6382324713742444 
0.46643870625668954 1.8026439670755428 
0.5914513725457734 0.6772053399331581 
0.5322632445162288 1.2116443025212524 
0.4382161618534662 2.0572592393354423 
0.5678671176996052 0.8900822326823183 
0.42829550367582336 2.1454784575295363 
0.6458951599047692 0.18724550312731864 
0.44586613182326695 1.9874224075966005 
0.6592244664848194 0.06743258021556314 
0.6186892243262727 0.4329090619020375 
0.5553849476525008 1.0015993248330484 
0.5760048286804852 0.8161752869955696 
0.48823173689450594 1.6074011682644749 
0.5914513725457734 0.6772053399331581 
0.439966205212998 2.040590235539307 
0.48059119570852915 1.6748686542506925 
