-16.00740123857102 -7.638459571562965 
-16.26461448858273 -6.877232190995462 
-16.50867164420628 -5.787698617201416 
-16.58446718853221 -5.418403255231211 
-18.53573931076371 -1.5481539775921542 
-17.948949695876053 -3.87366822429617 
-18.095943447291184 -3.5724724139968225 
-18.06765858054589 -3.664591973822671 
-18.03957476319048 -3.742195563869136 
-17.96108543047214 -3.8684682399529624 
-16.629152555940223 -5.198996231767477 
-14.62379462163905 -11.427968228741527 
-16.335056355781692 -6.584761492628081 
-19.999481758680638 0.0014514965205265702 
-14.509722519868195 -11.593707828413681 
-18.465628002254316 -1.864385699678532 
-18.003401410532696 -3.818852901866912 
-16.37128092427271 -6.428783087884192 
-17.97129620528278 -3.8610403126544237 
-15.06936717633922 -9.925997803522396 
-16.10390403224532 -7.422196111620847 
-14.714945657570162 -11.207468498681036 
-18.198215649076634 -3.1559939873495337 
-14.593733553903954 -11.484366980816922 
-18.304330319907443 -2.6482357855511056 
-18.06765858054589 -3.664591973822671 
-18.508024755890133 -1.6706790742394537 
-18.374102162629676 -2.30385402681216 
-15.200030723165831 -9.371781910747645 
-14.56326995681966 -11.53206697601723 
-14.809715446869745 -10.92500224318735 
-18.235055100681897 -2.9847631381794755 
-16.30089099894181 -6.731508861036732 
-18.153971623251905 -3.34928809634979 
-18.17554067790718 -3.2571468774889385 
-15.961954765726329 -7.703554948845934 
-18.267418408360307 -2.827949122262481 
-15.157036305565871 -9.555356376319288 
-14.900230743524155 -10.602846659823435 
-18.03567889457405 -3.75188508520856 
-18.330295449728286 -2.51979966175323 
-17.974046156319616 -3.858342576476875 
-18.017788619026756 -3.7918546096699073 
-18.11716927391907 -3.4957951620348426 
-16.164506828049316 -7.239071251450891 
-14.940579783744493 -10.450807247998913 
-15.956807979983417 -7.709520411120678 
-14.96629937676099 -10.34973628308267 
-14.480734298163693 -11.61130803980307 
-16.04535825835959 -7.565290749549723 
-14.997645578620904 -10.22338196504812 
-15.29011199863448 -8.993048576945668 
-14.838889482215617 -10.826304080140106 
-16.201731353373063 -7.113678073415085 
-18.426569718744034 -2.049085528266204 
-14.74093251400452 -11.137019684628243 
-16.232247056225052 -7.001909732174328 
-14.501543808099171 -11.600637096659716 
-14.536049488060168 -11.567624157709547 
-15.997817658361384 -7.6545391271872685 
-15.253025868263636 -9.148232337768665 
-14.685665381488587 -11.288237964481205 
-16.071851244543435 -7.504142171412887 
-15.19855226393862 -9.378246488804283 
-17.954086489462313 -3.872052698795943 
-18.566359597855616 -1.4172826655858797 
-17.99296783678115 -3.8353766137724827 
-18.616039734690457 -1.2153893182125393 
-18.692162669432733 -0.9327667581160731 
-14.781831068262457 -11.015201339581044 
-17.963624557841 -3.8669031478999853 
-14.62379462163905 -11.427968228741527 
-15.35860842483656 -8.71388585815056 
-16.134890494515595 -7.332271802912922 
-15.125922189871854 -9.688429840722003 
-16.483041971658864 -5.91123816230747 
-16.56292906408753 -5.52452206960685 
-16.40373404705948 -6.281131327302756 
-16.022035119845185 -7.612271047751836 
-14.666895496892854 -11.33445618979049 
-15.939001820208652 -7.726310810371866 
-16.44013783559894 -6.113615249060693 
-15.047056633817292 -10.020809679614203 
-14.863416138347656 -10.73872748931809 
