-1.1156573735409285 1.2938187254564782E-4 -1.1111544338422998 
-1.0392148195241557 1.1918034148788987E-4 -1.0281953962219945 
-0.9496384006380207 1.6876631736477955E-4 -0.9688447789870087 
-0.9221363793656903 1.297984994301854E-4 -0.9505612790984683 
-0.7914587867905523 1.286764024486534E-4 -3.683287213026397E-5 
-1.1475577395812013 1.289136752754927E-4 -3.690641620196308E-5 
-1.055942416020299 1.3045945661982377E-4 -3.6739320848725804E-5 
-1.0734551398508878 1.1852452060299274E-4 -3.6756476494843174E-5 
-1.090877079327978 1.2948133017885944E-4 -3.67749614926478E-5 
-1.1399400182979198 1.175445767214572E-4 -4.629820181948974E-5 
-0.9213614864156305 1.297984994301854E-4 -0.9243883574304858 
-1.1219590929261976 -1.0922548050661365 -1.1208004042334545 
-1.0225025178866465 1.2600595073376547E-4 -1.0017068743972648 
-6.469432287668738E-5 1.1852452060299274E-4 -3.6755593772063896E-5 
-1.139951549158993 -1.1269307820736978 -1.1444822566726927 
-0.8327039335606833 1.1872959202610024E-4 -4.626936109395007E-5 
-1.1134372743549363 1.1852452060299274E-4 -3.675646358409311E-5 
-1.0020103400142135 1.2597626920200986E-4 -1.0000262105355262 
1.482373009964455E-5 1.1852452060299274E-4 -1.1335400396528978 
-1.0817603873312092 -0.9194036158246481 -1.070335774342868 
-1.0823400271822379 1.4507169962813064E-4 -1.0843656033771691 
-1.1219590929261976 -1.0552608524425617 -1.1056963192981615 
-0.9931795671925834 1.286764024486534E-4 -3.683287213026397E-5 
-1.1275761175721688 -1.1007094340191144 -1.1274360322665036 
-0.9288905094776403 1.1852452060299274E-4 -3.6756476494843174E-5 
-1.0734551398508878 1.1852452060299274E-4 -3.6756476494843174E-5 
-0.807730724594903 1.1840403920199683E-4 -3.670310000700047E-5 
-0.8870579368088575 1.1852452060299274E-4 -3.6756476494843174E-5 
-1.0770036871080781 -0.8549932591081845 -1.069477366076195 
-1.1350641247986193 -1.1103556552832183 -1.1303056599702956 
-1.0978291780077993 -1.0262308539213292 -1.0963339751309895 
-0.9707721238225306 1.1730231524981444E-4 -4.613849762699372E-5 
-1.0225025178866465 1.2600595073376547E-4 -1.0226225145406211 
-1.020233831544804 1.3023180078547197E-4 -3.691638128057557E-5 
-1.0070366729723066 1.175445767214572E-4 -4.629820181948974E-5 
-1.1256236445921655 1.2965406131843786E-4 -1.1296192385060617 
-1.5064186905155985E-4 1.1852452060299274E-4 -0.951082133794331 
-1.0708978731504293 -0.8838396713823277 -1.0652255891986577 
-1.0840267381383966 -0.9888232660740731 -1.0962006940086004 
-1.0933132379043242 1.1883214211140903E-4 -3.673645307973151E-5 
-0.9132698688559424 1.2895356504439046E-4 -3.677731976503271E-5 
-1.131810474661114 1.179492681671454E-4 -3.6405510025824906E-5 
-1.1044581699763725 1.179220274433255E-4 -3.671726216589609E-5 
-1.0428648213646714 1.1883214211140903E-4 -3.673645307973151E-5 
-1.0606238702151465 2.566681146292548E-4 -1.0685229023233245 
-1.0840241663832044 -0.9755336338415611 -1.0837820584035927 
-1.1290083124158274 1.3048390729732544E-4 -1.1294587105437484 
-1.0829541113137524 -0.9632329070158838 -1.0837820584035927 
-1.140075410270903 -1.1435282854267017 -1.1395438809736609 
-1.1004453860335015 1.6218632811616275E-4 -1.1026815490330768 
-1.0840267381383966 -0.94806738205032 -1.0815685542105604 
-1.0730190741870385 -0.8123893458602022 -1.064900177584423 
-1.0958776285302956 -1.0129352658088726 -1.0961377968266632 
-1.0538558723560978 1.2873422480252878E-4 -1.0522858687644676 
-0.8558308969491129 1.1701545505831371E-4 -3.712347966870691E-5 
-1.0999496193660352 -1.054300858679735 -1.1051904537110004 
-1.039282115855559 1.260208476800718E-4 -1.0480462176695453 
-1.140075410270903 -1.1307588616751243 -1.144719301301617 
-1.1370166619904465 -1.1197568739236885 -1.1361074507253761 
-1.116523734190583 1.4521227826422802E-4 -1.1162758196889708 
-1.0711808612936573 -0.8335292606254714 -1.0648281762223935 
-1.1167390858910502 -1.0659570384232473 -1.1180800231369892 
-1.0903020134406642 2.1759416161409972E-4 -1.0963287758477778 
-1.0764550324780067 -0.8555799415201518 -1.070335774342868 
-1.144341112738704 1.179008033772562E-4 -3.671726216589609E-5 
-0.7735545909021082 1.2895109746030044E-4 -3.691280036314707E-5 
-1.1199595366119124 1.1852452060299274E-4 -3.6756476494843174E-5 
-0.7446414772968339 1.2948133017885944E-4 -3.67749614926478E-5 
-0.700661606704831 1.296497879939634E-4 -3.653235553314051E-5 
-1.0991880760178676 -1.0358882802587994 -1.1026954900909964 
-1.1383492458872129 1.179492681671454E-4 -3.640364380697655E-5 
-1.1219590929261976 -1.0922548050661365 -1.1208004042334545 
-1.0770036871080781 -0.7689367982596995 -1.069505206822869 
-1.0779583265257504 1.5844921314319663E-4 -1.0695275530086232 
-1.0723887739903768 -0.8964315456751194 -1.0695109964199 
-0.9604999393668575 1.2948253003615908E-4 -0.9735103112567728 
-0.9516053119554518 1.2963675196844642E-4 -0.9340627012384106 
-0.9822224097018886 1.296468766829771E-4 -1.0000262105355262 
-1.1081677149182312 1.6701145566748126E-4 -1.109505387266199 
-1.1167390858910502 -1.0749314766930933 -1.1185972097632906 
-1.1338428927807223 1.619561235580055E-4 -1.1357895057572673 
-0.9864997247751192 1.6588692001170104E-4 -0.9735735993837991 
-1.0765801561289368 -0.929817875067959 -1.0771649228594427 
-1.0970181202757747 -1.0001043114511472 -1.0961377968266632 
