0.22333825367873317 0.39278751240448956 
0.6220306534274916 -0.18389574531594882 
0.8330507327891272 -0.6287625565098656 
0.18942913762207908 0.6290793427251625 
0.059638041996054714 0.7017907314788178 
0.6415836417977986 -0.418784561820669 
0.23282461916392583 0.333566666685084 
0.21512985750152852 0.43967730969008734 
0.6243946523576416 -0.22141564854185375 
0.6523918058954071 -0.45702171710900796 
0.002198805133471343 0.9561469288574228 
0.4393606740937631 -0.07456012736723033 
0.6347950333554954 -0.35437281895323436 
0.04167068111549477 0.7584525874511295 
0.42468589905193743 0.05360537664861134 
0.4136843438791339 0.18643969930831686 
0.23393334349552072 0.31373561652114806 
0.636025217268669 -0.3712322609806308 
0.8459363000632998 -0.7573034754903296 
0.6394015480417515 -0.40242491572389766 
0.20041440930257362 0.5515829944248181 
0.4307860847133239 -0.008479992177304224 
0.18640091377987178 0.6475578935831381 
0.8318407761659454 -0.6105673901962586 
0.6325432846733736 -0.3331856016771515 
0.6197828192583791 -0.1460747044809247 
0.21282570047004717 0.45822848573587 
0.8385361349676081 -0.6990373602495566 
0.6456620200362957 -0.4413084770677806 
0.8252868659170458 -0.4956008944105627 
0.031097511014740592 0.801648362388656 
0.8428386251476758 -0.737240612805523 
7.12276490935318E-4 0.976279973893831 
0.1985418705675042 0.5662476625753449 
0.6254529327281475 -0.2373082542432734 
0.4414019269271348 -0.08767992835593606 
0.643311445659758 -0.42995020371182496 
0.052017165646097485 0.7239831490500617 
0.6208490822003602 -0.16434084634017115 
0.6270998405903855 -0.261420088886254 
0.2029934809525678 0.5325447616079119 
0.06848861687566232 0.6833581398576228 
0.4189347164798765 0.12054695360771865 
0.003317666013712901 0.9447347607237326 
0.8354473262620927 -0.6620296137446285 
0.6230432949102408 -0.20014152761593534 
0.8405363895980659 -0.7186691941995332 
0.01520085757794802 0.8726767229583519 
0.2377946969177493 0.29393384787479176 
0.21835201460959547 0.41661295382126196 
0.82342639037296 -0.45841940573764267 
0.42126093210165355 0.0936311131014529 
0.035426797152213974 0.7827543938558592 
0.4371359046473967 -0.05651031140121404 
0.01926972396889237 0.8550270817750883 
0.22794292594269547 0.350515930765696 
0.43477286946672145 -0.04277771000739139 
0.8262162836780438 -0.5130829499542088 
0.19584174843630764 0.5860047616165471 
0.1830088914753781 0.6682482529857866 
0.4262548435851939 0.0358777848257936 
0.20759275722310544 0.49768580431157367 
0.41104151716863746 0.22676647673502418 
0.2449638810270932 0.26693665742598854 
0.4151733863014942 0.16811924485261875 
0.8297531935458649 -0.5768788726656481 
0.007517272147426188 0.9149634498910525 
1.35888459557032E-6 1.0018657176852148 
0.24907351708883224 0.2548346031766323 
0.42854110924353433 0.012494474432694637 
0.4460067233327135 -0.10774752145383555 
0.6376679113520796 -0.38686910608854785 
0.8306460663540416 -0.5908463819787056 
0.08119694248729001 0.6721184499382192 
0.8271517461158606 -0.5296470723312162 
0.40946674650172904 0.24241170666127973 
0.02334367069372982 0.834409666766118 
0.19229734837330903 0.610972386802955 
0.010873337151458773 0.8947886940144504 
0.22489848984994595 0.3700848791567622 
0.8515032691548339 -0.7719350165042713 
0.02700646623624056 0.819128404099318 
0.41235037747397363 0.20398516436902722 
0.2054682360664742 0.514747549242497 
0.43227251592669835 -0.02176954206432922 
0.8244691835692924 -0.4783948581827312 
0.8287618103433312 -0.5591635478088278 
0.6184439239576538 -0.12284675064223136 
0.0448756173011059 0.7461936888168152 
0.004965673594827455 0.9320145223043398 
0.8279640159588069 -0.5453183893965352 
0.2100073616210214 0.4783615708155179 
0.4542920616002256 -0.12224810184161809 
0.8369051810333581 -0.67942299954385 
0.416325823493487 0.15325486467707455 
0.8341184376273666 -0.643571984588891 
0.6287311973024521 -0.2845807289485918 
0.6306349074102324 -0.3095062312375288 
0.4228938357823224 0.07577517192486609 
0.2576993491157597 0.24523432973414222 
