0.4064148756517427 8.223907124449074 
0.3924290729230955 8.860498866494208 
0.7122311659598479 1.4048866040156525 
0.6589635906414565 1.6233807302519723 
0.8653661036878798 1.1564103791293983 
0.39607930660575386 8.67555040869902 
0.4746526371289369 5.750006370650963 
0.6686263012576756 1.4964143381713273 
0.6391443042877385 1.9525747576358705 
0.6861068631212235 1.4578542301168183 
0.5715262684894789 3.2505207750872773 
0.5985060687844244 2.705057033327152 
0.5845255363588919 2.9821296510978508 
0.6666695064681074 1.5010711219612447 
0.3914365610419696 8.882965215509458 
0.8033456878014786 1.2456151274553113 
0.6391443042877385 1.9525747576358705 
0.6141536069040819 2.3978768129830477 
0.7664315899519122 1.305685148121594 
0.40516852673232473 8.27805313697453 
0.4064148756517427 8.223907124449074 
0.6261524349291908 2.18174536674217 
0.6141536069040819 2.3978768129830477 
0.6141536069040819 2.3978768129830477 
0.45088006870186387 6.525681944567222 
0.5603139160677779 3.493438723951584 
0.6391443042877385 1.9525747576358705 
0.6196594512547337 2.3010077055978733 
0.5985060687844244 2.705057033327152 
0.4746526371289369 5.750006370650963 
0.6052633424741326 2.5652163910429273 
0.4821586127372714 5.518207343796771 
0.49238228298061754 5.219314525102372 
0.6030534501642573 2.6094839117176294 
0.4465406092478177 6.676948882166868 
0.43813484385102613 6.976992414392697 
0.4567277698626558 6.330024315101751 
0.5316368728720707 4.167457889861126 
0.632037856781198 2.083098842398979 
0.5263194974529959 4.300739110685059 
0.6529909402490023 1.7199915038226756 
0.5107124848185648 4.707699033941014 
0.5860821788258267 2.944275538559778 
0.46276602916476484 6.130318857516822 
0.49987026104485255 5.005356198998175 
0.5860821788258267 2.944275538559778 
0.4718292736208176 5.838069982151925 
0.6261524349291908 2.18174536674217 
0.5454472386758125 3.8341028923028952 
0.4567277698626558 6.330024315101751 
0.5871737107289666 2.9228132729351612 
0.5107124848185648 4.707699033941014 
0.4333582378760966 7.155917142049863 
0.49987026104485255 5.005356198998175 
0.5339871850724712 4.109004735946631 
0.4188632765366069 7.714455803486105 
0.6529909402490023 1.7199915038226756 
0.5454472386758125 3.8341028923028952 
0.5715262684894789 3.2505207750872773 
0.5562565065008597 3.5867651396511584 
0.4465406092478177 6.676948882166868 
0.5052591469607803 4.854399828547412 
0.41371723633368895 7.920728861005719 
0.5719340392353028 3.241789396427833 
0.5719340392353028 3.241789396427833 
0.6665894400904829 1.5012514208379804 
0.6665894400904829 1.5012514208379804 
0.46276602916476484 6.130318857516822 
0.4916935939676194 5.237397869750727 
0.5628113296332549 3.4410209612162443 
0.6438777339939273 1.8722750291982373 
0.4308601136953655 7.247116276669117 
0.4788028863648461 5.6271498846258545 
0.42506587452906297 7.468052489463482 
0.5222436485691206 4.403746055383661 
0.6665894400904829 1.5012514208379804 
0.5516956843217233 3.699974983614102 
0.5942726246339753 2.8009374510667895 
0.4821586127372714 5.518207343796771 
0.5134818704343725 4.635254404308544 
0.6589635906414565 1.6233807302519723 
0.43813484385102613 6.976992414392697 
0.42840066472589833 7.340081565877606 
0.5339871850724712 4.109004735946631 
0.41628797745169316 7.815308831413374 
0.5193026015877765 4.482855914113863 
0.39607930660575386 8.67555040869902 
0.5573611056455009 3.5602728174724017 
0.5052591469607803 4.854399828547412 
0.5263194974529959 4.300739110685059 
0.47023377060801824 5.890555173231612 
0.4890106411061838 5.314844016298184 
0.3914365610419696 8.882965215509458 
0.5423948130210307 3.9065167020732217 
0.6052633424741326 2.5652163910429273 
0.45088006870186387 6.525681944567222 
0.6665894400904829 1.5012514208379804 
0.3982336393747232 8.57774532510002 
0.5423948130210307 3.9065167020732217 
0.4890106411061838 5.314844016298184 
