0.4064148756517427 2.342318191354451 
0.3924290729230955 2.4771173558144604 
0.7122311659598479 6.040240194394864E-4 
0.6589635906414565 0.06974879498498937 
0.8653661036878798 7.183440514314521E-4 
0.39607930660575386 2.4362059903007727 
0.4746526371289369 1.7292556873376668 
0.6686263012576756 5.419840804472553E-4 
0.6391443042877385 0.247977035038978 
0.6861068631212235 2.437927134564255E-4 
0.5715262684894789 0.85775800923316 
0.5985060687844244 0.6189930508542913 
0.5845255363588919 0.7431309337997265 
0.6666695064681074 7.183440514314521E-4 
0.3914365610419696 2.4771173558144604 
0.8033456878014786 6.595413015135854E-4 
0.6391443042877385 0.247977035038978 
0.6141536069040819 0.4726646936052035 
0.7664315899519122 7.183440514314521E-4 
0.40516852673232473 2.354006593719869 
0.4064148756517427 2.342318191354451 
0.6261524349291908 0.36610517378109014 
0.6141536069040819 0.4726646936052035 
0.6141536069040819 0.4726646936052035 
0.45088006870186387 1.9422999234929819 
0.5603139160677779 0.9574223319601329 
0.6391443042877385 0.247977035038978 
0.6196594512547337 0.4258411721836919 
0.5985060687844244 0.6189930508542913 
0.4746526371289369 1.7292556873376668 
0.6052633424741326 0.5526314470120737 
0.4821586127372714 1.6606511976816742 
0.49238228298061754 1.5698980014638035 
0.6030534501642573 0.5736582761094385 
0.4465406092478177 1.9815288217593285 
0.43813484385102613 2.0568634820297382 
0.4567277698626558 1.8910978886128076 
0.5316368728720707 1.2155742803918077 
0.632037856781198 0.3165973278132452 
0.5263194974529959 1.2635628474122047 
0.6529909402490023 0.12313886930146434 
0.5107124848185648 1.4042806714019722 
0.5860821788258267 0.725587422702699 
0.46276602916476484 1.8369033152069374 
0.49987026104485255 1.5020287098156886 
0.5860821788258267 0.725587422702699 
0.4718292736208176 1.7545723190262426 
0.6261524349291908 0.36610517378109014 
0.5454472386758125 1.0913008354055604 
0.4567277698626558 1.8910978886128076 
0.5871737107289666 0.7161991152372145 
0.5107124848185648 1.4042806714019722 
0.4333582378760966 2.101075643066082 
0.49987026104485255 1.5020287098156886 
0.5339871850724712 1.1941558723975945 
0.4188632765366069 2.231302234545032 
0.6529909402490023 0.12313886930146434 
0.5454472386758125 1.0913008354055604 
0.5715262684894789 0.85775800923316 
0.5562565065008597 0.9951614462214216 
0.4465406092478177 1.9815288217593285 
0.5052591469607803 1.4527299163784237 
0.41371723633368895 2.276942054123774 
0.5719340392353028 0.854089703849145 
0.5719340392353028 0.854089703849145 
0.6665894400904829 7.183440514314521E-4 
0.6665894400904829 7.183440514314521E-4 
0.46276602916476484 1.8369033152069374 
0.4916935939676194 1.575194981616089 
0.5628113296332549 0.9366455824780152 
0.6438777339939273 0.20551620321357508 
0.4308601136953655 2.1224933429291895 
0.4788028863648461 1.6942956067664698 
0.42506587452906297 2.174414262462741 
0.5222436485691206 1.2998284073354358 
0.6665894400904829 7.183440514314521E-4 
0.5516956843217233 1.041260230558239 
0.5942726246339753 0.6645204504810578 
0.4821586127372714 1.6606511976816742 
0.5134818704343725 1.3801191014635141 
0.6589635906414565 0.06974879498498937 
0.43813484385102613 2.0568634820297382 
0.42840066472589833 2.144495821964279 
0.5339871850724712 1.1941558723975945 
0.41628797745169316 2.253419106589429 
0.5193026015877765 1.327958738742479 
0.39607930660575386 2.4362059903007727 
0.5573611056455009 0.9843575939460404 
0.5052591469607803 1.4527299163784237 
0.5263194974529959 1.2635628474122047 
0.47023377060801824 1.769937970083269 
0.4890106411061838 1.5990152797893395 
0.3914365610419696 2.4771173558144604 
0.5423948130210307 1.1188743961845384 
0.6052633424741326 0.5526314470120737 
0.45088006870186387 1.9422999234929819 
0.6665894400904829 7.183440514314521E-4 
0.3982336393747232 2.4159467384440996 
0.5423948130210307 1.1188743961845384 
0.4890106411061838 1.5990152797893395 
