2.063860298813406 0.4020783698607653 
2.9153014233924313 0.14658277998651226 
-3.1391295704117326 1.0321227636148225 
-3.139129570359214 1.0321196403526427 
-3.1391295703584756 1.0321193003855829 
-3.139129570359191 1.0321195734569693 
2.0638602988127177 0.402083013066726 
2.0638602988126475 0.4020881442943474 
-3.1391295703584756 1.0321193003855829 
2.063860298810988 0.4023497544774021 
-3.1391295703584756 1.0321193003855829 
-3.139129570411694 1.0321227387909884 
-3.139129570359191 1.0321195734569693 
2.0638602988109884 0.40234248918582316 
2.063860298812704 0.402088125973994 
2.0638602988127177 0.402083013066726 
