2.063860298813406 -2.366539212177423 4.404510972578786 
2.9153014233924313 -4.872510961085199 1.1216906240971256 
-3.1391295704117326 -4.999984756081744 -0.012293758152595969 
-3.139129570359214 -4.999984756081635 -0.012293765668641148 
-3.1391295703584756 -4.999984756081891 -0.012293766452926892 
-3.139129570359191 -4.999984756080496 -0.01229376587345055 
2.0638602988127177 -2.3665391829002473 4.404510972589192 
2.0638602988126475 -2.3665391505324305 4.404510972590754 
-3.1391295703584756 -4.999984756081891 -0.012293766452926892 
2.063860298810988 -2.3665374905955856 4.404510972589608 
-3.1391295703584756 -4.999984756081891 -0.012293766452926892 
-3.139129570411694 -4.99998475608175 -0.012293758210362788 
-3.139129570359191 -4.999984756080496 -0.01229376587345055 
2.0638602988109884 -2.366537536948749 4.404510972589192 
2.063860298812704 -2.3665391506506985 4.404510972592723 
2.0638602988127177 -2.3665391829002473 4.404510972589192 
