-1.1035019916517994 -4.7000630326169614E-5 4.90137279448577E-5 
-0.9452623218897057 -4.467700786121953E-5 -0.9269315716045115 
-1.1288882252400672 -1.0988403342763249 -1.1245731564287966 
-1.1385323845286637 -4.540268031930484E-5 4.90137279448577E-5 
1.3281237845737308E-4 -4.6253950315581394E-5 -0.7650747260387669 
-1.11004304065581 -4.625611807844443E-5 4.8981028692814195E-5 
-1.0258091688603803 -4.622763060291035E-5 1.2223325968385137E-4 
-1.1297465666294682 -1.0998048302145216 -1.1275003654413838 
-1.0750422099177808 -4.602136667598149E-5 -1.0736952544486227 
-0.7243972920920347 -7.452600717405215E-5 4.9515261572829256E-5 
-1.0909410067045318 -0.9717672068557803 -1.09231118753081 
-1.0912868255403654 -4.174850712318131E-5 -1.0996720265437196 
-1.0839474794292745 -4.533580884883535E-5 -1.0842686380548698 
-1.0675775559703928 -4.5217694826453756E-5 -1.064729801720129 
-1.0127750618209084 -4.596373808432845E-5 -0.9848230946492846 
-1.094464722983031 -4.342284069684213E-5 4.896068850594486E-5 
-0.9408013862304525 -4.609215885059417E-5 4.645137649350197E-5 
-0.9525656143474259 -4.781036962580242E-5 -0.9549575178130272 
-0.9444080362229209 -4.468259521844847E-5 -0.9424713267160411 
-0.9861625437021135 -4.5341651779003306E-5 4.90137279448577E-5 
-1.0040652389656117 -4.635435281407576E-5 4.90137279448577E-5 
-1.1192753163643954 -1.076396179721015 -1.1195700323599473 
-1.089238850164372 -1.0049505879350185 -1.1136155433593045 
-1.1258523078772085 -4.6216571972717635E-5 4.908930480703732E-5 
-1.1427623364495214 -1.1407743600654852 -1.147336326619225 
-1.1385323845286637 -4.540268031930484E-5 4.90137279448577E-5 
-1.0726920020515527 2.0310400450217766E-5 5.0666603281102556E-5 
-0.9267019060330841 -4.628442892623287E-5 -0.9280516147057383 
-0.9731421793994219 -8.83410750521107E-5 -0.9559553909225746 
-0.9092055152355695 -4.533517982975592E-5 4.90137279448577E-5 
-0.9696906433238248 -4.596373808432845E-5 -0.9848230946492846 
-0.8765523722949318 -4.5341651779003306E-5 1.242864358873312E-4 
-1.1160332127889563 -7.521311403669617E-5 -1.1185621681939413 
-1.0729153387252404 -0.8087636110604552 -1.0687850426887424 
-1.1297465666294682 -1.1051006999215467 -1.1274989845196906 
-1.080955777812756 -0.9398798927095541 -1.0810592849913558 
-1.072714850922144 -0.8291988399758333 -1.065782579934531 
-1.072582698120856 -0.8872125066907092 -1.0687850426887424 
-1.0953650560890535 -1.012407336551764 -1.1005009474985812 
-0.857663144171417 -4.528816581341825E-5 -1.014906644932756E-4 
-1.1325458229917644 -4.761233144441963E-5 -1.1336768362146183 
-0.802680008402319 -4.4278585850104206E-5 1.2463950002828875E-4 
-1.1382124800922766 -4.201567991379829E-5 -1.1335763927752054 
1.3281237871588802E-4 -4.621704527758792E-5 -0.9557037479515146 
-1.1271840782149707 -4.625611807844443E-5 5.6485444380100594E-5 
1.3281238948983747E-4 -4.597780120817127E-5 4.677633151588773E-5 
-1.084149222680732 -4.625611807844443E-5 5.654658978883082E-5 
-0.8277948586289989 -4.609215885059417E-5 4.645137649350197E-5 
-0.988876033653326 -4.179917045888269E-5 -0.9860727049473981 
-0.9267019060330841 -4.628442892623287E-5 -0.9280516147057383 
-1.1159152206975695 -7.452600717405215E-5 4.90137279448577E-5 
-1.0725050968385497 -0.7761865632309277 -1.0626448642782576 
-1.147135250375325 -4.5341651779003306E-5 4.90137279448577E-5 
-1.037162672929036 -1.1614466369464723E-4 -1.0382092660718036 
1.3281237845737308E-4 -4.6253950315581394E-5 -0.7650747260387669 
-1.0391939231334117 -4.5572494868412514E-5 1.2464051916751461E-4 
-0.9925851944158206 -4.586561955853779E-5 -1.0100250648659426 
-1.1067065242615364 -1.0343041657446543 -1.0920819895644658 
-1.111603989685191 -1.065525836059174 -1.1202874064750954 
-1.062423928625228 -4.623277974082745E-5 -1.014906644932756E-4 
-1.1225151407747593 -1.0838539986848779 -1.1205337983031447 
-1.0452963443056074 -4.471078773258728E-5 -1.056569669831692 
-1.019991942298005 -4.8260472960211626E-5 -1.0279466114744513 
-1.147135250375325 -4.5341651779003306E-5 4.90137279448577E-5 
-1.0729153387252404 -0.7906661745705637 -1.0732023612688846 
-1.0374154051624758 -1.1271777136382118E-4 -1.0382092660718036 
-1.0809740031628512 -0.9343142453216833 -1.0689199097285464 
-1.0846281794810764 -0.9880126717353012 -1.0907482854158692 
-1.0733597251365345 -0.9027949560286468 -1.0688113371689298 
-1.1060558420670703 -1.0420716176039029 -1.102934855425437 
-1.1003386094550163 -4.761233144441963E-5 -1.1010714441919278 
-1.0814994526176556 -0.9637462907690695 -1.080055379534569 
-1.142224153952985 -1.1278701912077493 -1.1456061567059175 
-1.0729153387252404 -0.8730700705130663 -1.0687850426887424 
-1.0733597251365345 -0.8481216455735197 -1.0688113371689298 
-1.1257516841600272 -7.250471673168272E-5 -1.1238965652681991 
-1.1335910989437665 -1.115587468849811 -1.1352276624218303 
-1.1160332127889563 -7.573775793605627E-5 -1.106187771005732 
-1.011257702067112 -6.814254607543486E-5 -1.0141251437746428 
-1.0726867158115907 -0.9219309435918139 -1.0692246554261784 
-1.0911387804503652 -1.0049505879350185 -1.09231118753081 
-1.1427623364495214 -1.1388224625052237 -1.147336326619225 
-1.1086620616453757 -1.0546128570840263 -1.105593052373243 
-1.0906306331632114 -8.611051992127154E-5 -1.0996720265437196 
