3.103103562656651 0.09909525475791878 
-3.1401865665709003 1.0219595116101905 
-3.140186566634755 1.0219601072515376 
-3.140186566571543 1.0219595559509733 
-3.1401865665629627 1.021959222381453 
-3.1401865665464355 1.02195912634061 
-3.1401865665463347 1.0219590984471 
-3.1401865659389245 1.0219560913211378 
-3.1401865665464346 1.021959126335903 
-3.1401865666253603 1.021960054487911 
-3.1401865665357236 1.0219590911244392 
3.103103562656651 0.09909525475791878 
3.103103562656651 0.09909525475791878 
-3.1401865665464346 1.021959126335903 
2.6958832141697315 0.2419723905397967 
3.103103562656651 0.09909525475791878 
3.103103562656651 0.09909525475791878 
3.103103562656651 0.09909525475791878 
3.103103562656651 0.09909525475791878 
3.103103562656651 0.09909525475791878 
3.103103562656651 0.09909525475791878 
-3.1401865659215678 1.0219559860474903 
3.103103562656651 0.09909525475791878 
3.103103562656651 0.09909525475791878 
3.103103562656651 0.09909525475791878 
3.103103562656651 0.09909525475791878 
3.103103562656651 0.09909525475791878 
3.103103562656651 0.09909525475791878 
3.103103562656651 0.09909525475791878 
3.103103562656651 0.09909525475791878 
2.6958832141697315 0.2419723905397967 
3.103103562656651 0.09909525475791878 
