3.103103562656651 -4.996293893857825 0.1920184687009142 
-3.1401865665709003 -4.999995132763361 -0.007036009757775777 
-3.140186566634755 -4.99999513277794 -0.007036009751647195 
-3.140186566571543 -4.999995132765329 -0.007036009761829382 
-3.1401865665629627 -4.999995132750287 -0.007036009753857354 
-3.1401865665464355 -4.999995132748938 -0.00703600976759663 
-3.1401865665463347 -4.999995132747522 -0.007036009766719922 
-3.1401865659389245 -4.999995132755514 -0.007036009751304634 
-3.1401865665464346 -4.999995132748938 -0.00703600976759663 
-3.1401865666253603 -4.99999513277794 -0.007036009747681581 
-3.1401865665357236 -4.999995132750068 -0.007036009766719922 
3.103103562656651 -4.996293893857825 0.1920184687009142 
3.103103562656651 -4.996293893857825 0.1920184687009142 
-3.1401865665464346 -4.999995132748938 -0.00703600976759663 
2.6958832141697315 -4.511799099483766 2.1554256631551976 
3.103103562656651 -4.996293893857825 0.1920184687009142 
3.103103562656651 -4.996293893857825 0.1920184687009142 
3.103103562656651 -4.996293893857825 0.1920184687009142 
3.103103562656651 -4.996293893857825 0.1920184687009142 
3.103103562656651 -4.996293893857825 0.1920184687009142 
3.103103562656651 -4.996293893857825 0.1920184687009142 
-3.1401865659215678 -4.999995132754668 -0.0070360097515645495 
3.103103562656651 -4.996293893857825 0.1920184687009142 
3.103103562656651 -4.996293893857825 0.1920184687009142 
3.103103562656651 -4.996293893857825 0.1920184687009142 
3.103103562656651 -4.996293893857825 0.1920184687009142 
3.103103562656651 -4.996293893857825 0.1920184687009142 
3.103103562656651 -4.996293893857825 0.1920184687009142 
3.103103562656651 -4.996293893857825 0.1920184687009142 
3.103103562656651 -4.996293893857825 0.1920184687009142 
2.6958832141697315 -4.511799099483766 2.1554256631551976 
3.103103562656651 -4.996293893857825 0.1920184687009142 
