2.1464028076852832 0.4365364190683062 
0.8500424276160689 0.7394622833945188 
2.1464176480343884 0.4201619197171509 
2.1464654649991264 0.39673848523233957 
2.1464521768831077 0.3993625838301059 
0.8453704832448519 0.7517797555554511 
0.8500424276160689 0.7394622833945188 
0.8500424276160689 0.7394622833945188 
2.146010324548619 0.47248062718163064 
2.1464175315539937 0.4204396598271055 
0.8453704832448519 0.7517797555554511 
0.8426226515384669 0.8910020569524854 
0.8453704832448519 0.7517797555554511 
2.1529775624113667 0.3884846070886964 
2.1529966296434355 0.36420666792945033 
2.1464521768831077 0.3993625838301059 
0.8453704832448519 0.7517797555554511 
2.1529966296434355 0.36420666792945033 
2.1464028076852832 0.4365364190683062 
2.146382351096575 0.43723108516747133 
2.1464159566095224 0.4359179209332873 
2.1529966296434355 0.36420666792945033 
2.143993738072195 0.6151257528522152 
2.1464209993138557 0.41080625977826796 
2.146309641399457 0.45920819932072326 
0.8449118963332085 0.886159543322258 
2.1529966296434355 0.36420666792945033 
2.146479981474751 0.39170417303001576 
2.1463625882579196 0.4459440300956549 
2.1464176480343884 0.4201619197171509 
2.146382351096575 0.43723108516747133 
2.1460080971710735 0.4754016389064162 
0.8426226515384669 0.8910020569524854 
0.8426226515384669 0.8910020569524854 
2.1529966296434355 0.36420666792945033 
2.1463659349828923 0.4421110667920286 
2.144024751315269 0.5862251090355697 
0.8500424276160689 0.7394622833945188 
0.8500424276160689 0.7394622833945188 
0.8453704832448519 0.7517797555554511 
2.1529775624113667 0.3884846070886964 
0.8453704832448519 0.7517797555554511 
2.145719690881288 0.5315952492220222 
2.146010230031798 0.47461676701262445 
2.146479981474751 0.39170417303001576 
2.145719690881288 0.5315952492220222 
2.1464159566095224 0.4359179209332873 
2.1464176480343884 0.4201619197171509 
0.8425987980141103 0.8943762434512618 
0.8453701217132501 0.7560834844235995 
0.8453704832448519 0.7517797555554511 
0.8426226515384669 0.8910020569524854 
2.1457514923432752 0.5263846361580167 
0.8450221054288848 0.7680678545536833 
-3.141592653589793 1.0422092459792862 
2.145778577071847 0.4908574283406076 
2.1529966296434355 0.36420666792945033 
0.8500424276160689 0.7394622833945188 
0.8450221054288848 0.7680678545536833 
2.1440354795394994 0.5842876518168719 
0.8450225574681428 0.7667478615204821 
2.1439960293994855 0.5906337685727634 
0.8453704832448519 0.7517797555554511 
2.146479981474751 0.39170417303001576 
2.1447631947754706 0.5755125523128014 
2.146416161593567 0.4351748645038562 
2.146010324548619 0.47248062718163064 
-3.141592653589793 1.0422092459792862 
2.1529966296434355 0.36420666792945033 
2.1457007612888126 0.5349616599819205 
2.145748793808487 0.5271608956609963 
0.8500424276160689 0.7394622833945188 
2.1529775624113667 0.3884846070886964 
2.143993738072195 0.6151257528522152 
2.1464165312048338 0.43285394702608293 
2.1460080971710735 0.4754016389064162 
2.1463659349828923 0.4421110667920286 
2.1529966498217123 0.33897193085190025 
2.1447631947754706 0.5755125523128014 
