2.1464028076852832 -2.7219504916545856 4.19373204418363 
0.8500424276160689 3.3015332123587173 3.7565314786411657 
2.1464176480343884 -2.722014159365184 4.193972084487537 
2.1464654649991264 -2.722014159365184 4.193752945513068 
2.1464521768831077 -2.7219434182128905 4.1936375916518065 
0.8453704832448519 3.3174734865069277 3.740209178153642 
0.8500424276160689 3.3015332123587173 3.7565314786411657 
0.8500424276160689 3.3015332123587173 3.7565314786411657 
2.146010324548619 -2.7209715184818553 4.19478372596466 
2.1464175315539937 -2.7220165748011245 4.193972084487537 
0.8453704832448519 3.3174734865069277 3.740209178153642 
0.8426226515384669 3.320343620968938 3.732956812243428 
0.8453704832448519 3.3174734865069277 3.740209178153642 
2.1529775624113667 -2.749174365651829 4.176532924757139 
2.1529966296434355 -2.749314225549712 4.176532924757139 
2.1464521768831077 -2.7219434182128905 4.1936375916518065 
0.8453704832448519 3.3174734865069277 3.740209178153642 
2.1529966296434355 -2.749314225549712 4.176532924757139 
2.1464028076852832 -2.7219504916545856 4.19373204418363 
2.146382351096575 -2.7219882285415578 4.193950901250232 
2.1464159566095224 -2.7220191934283977 4.193732747568369 
2.1529966296434355 -2.749314225549712 4.176532924757139 
2.143993738072195 -2.722014159365184 4.199716619625995 
2.1464209993138557 -2.7219535981046206 4.193988283214984 
2.146309641399457 -2.7209275038372915 4.193739484551466 
0.8449118963332085 3.320343620968938 3.745201273062423 
2.1529966296434355 -2.749314225549712 4.176532924757139 
2.146479981474751 -2.7220191934283977 4.193732747568369 
2.1463625882579196 -2.7220165887843017 4.193970663866485 
2.1464176480343884 -2.722014159365184 4.193972084487537 
2.146382351096575 -2.7219882285415578 4.193950901250232 
2.1460080971710735 -2.720971546457401 4.194733140950506 
0.8426226515384669 3.320343620968938 3.732956812243428 
0.8426226515384669 3.320343620968938 3.732956812243428 
2.1529966296434355 -2.749314225549712 4.176532924757139 
2.1463659349828923 -2.7220149009738925 4.194812331919986 
2.144024751315269 -2.720913601954635 4.200168139704046 
0.8500424276160689 3.3015332123587173 3.7565314786411657 
0.8500424276160689 3.3015332123587173 3.7565314786411657 
0.8453704832448519 3.3174734865069277 3.740209178153642 
2.1529775624113667 -2.749174365651829 4.176532924757139 
0.8453704832448519 3.3174734865069277 3.740209178153642 
2.145719690881288 -2.720878565215779 4.194720036933216 
2.146010230031798 -2.719177088130561 4.194733140950506 
2.146479981474751 -2.7220191934283977 4.193732747568369 
2.145719690881288 -2.720878565215779 4.194720036933216 
2.1464159566095224 -2.7220191934283977 4.193732747568369 
2.1464176480343884 -2.722014159365184 4.193972084487537 
0.8425987980141103 3.320343620968938 3.732956812243428 
0.8453701217132501 3.317516439347073 3.740193230654918 
0.8453704832448519 3.3174734865069277 3.740209178153642 
0.8426226515384669 3.320343620968938 3.732956812243428 
2.1457514923432752 -2.7209724242892572 4.194795203053729 
0.8450221054288848 3.317464766272844 3.740231528439245 
-3.141592653589793 -5.0 -7.520085565345704E-5 
2.145778577071847 -2.7210827083573412 4.196404570639504 
2.1529966296434355 -2.749314225549712 4.176532924757139 
0.8500424276160689 3.3015332123587173 3.7565314786411657 
0.8450221054288848 3.317464766272844 3.740231528439245 
2.1440354795394994 -2.720914192866865 4.200172614129483 
0.8450225574681428 3.317447173715475 3.740209178153642 
2.1439960293994855 -2.720913601954635 4.200168139704046 
0.8453704832448519 3.3174734865069277 3.740209178153642 
2.146479981474751 -2.7220191934283977 4.193732747568369 
2.1447631947754706 -2.720954224824733 4.199783587872152 
2.146416161593567 -2.7220149009738925 4.194812331919986 
2.146010324548619 -2.7209715184818553 4.19478372596466 
-3.141592653589793 -5.0 -7.520085565345704E-5 
2.1529966296434355 -2.749314225549712 4.176532924757139 
2.1457007612888126 -2.720878565215779 4.194704040668504 
2.145748793808487 -2.7209724242892572 4.194783367652913 
0.8500424276160689 3.3015332123587173 3.7565314786411657 
2.1529775624113667 -2.749174365651829 4.176532924757139 
2.143993738072195 -2.722014159365184 4.199716619625995 
2.1464165312048338 -2.7219434182128905 4.1936375916518065 
2.1460080971710735 -2.720971546457401 4.194733140950506 
2.1463659349828923 -2.7220149009738925 4.194812331919986 
2.1529966498217123 -2.749314225549712 4.176218008634247 
2.1447631947754706 -2.720954224824733 4.199783587872152 
