-3.141592653589793 1.0251880497697503 
1.9341653638040788 0.471152455993454 
-3.141592653589793 1.0251880497697503 
-3.141592653589793 1.0251880497697503 
-3.141592653589793 1.0251880497697503 
-3.141592653589793 1.0251880497697503 
1.898550999305984 0.6564453855222718 
-3.141592653589793 1.0251880497697503 
-3.141592653589793 1.0251880497697503 
1.934023954111469 0.4823840161762917 
-3.141592653589793 1.0251880497697503 
1.9341653638040788 0.471152455993454 
-3.141592653589793 1.0251880497697503 
1.8849070399163144 0.859538041847096 
-3.141592653589793 1.0251880497697503 
1.9341653638040788 0.471152455993454 
1.9341653638040788 0.471152455993454 
1.9341653638040788 0.471152455993454 
-3.141592653589793 1.0251880497697503 
-3.141592653589793 1.0251880497697503 
1.9341653638040788 0.471152455993454 
-3.141592653589793 1.0251880497697503 
1.851967253061893 1.0226578268567084 
1.9341653638040788 0.471152455993454 
-3.141592653589793 1.0251880497697503 
-3.141592653589793 1.0251880497697503 
-3.141592653589793 1.0251880497697503 
-3.141592653589793 1.0251880497697503 
-3.141592653589793 1.0251880497697503 
-3.141592653589793 1.0251880497697503 
-3.141592653589793 1.0251880497697503 
-3.141592653589793 1.0251880497697503 
1.979139548580329 0.40951988468947753 
-3.141592653589793 1.0251880497697503 
-3.141592653589793 1.0251880497697503 
1.979139537409557 0.4100487813404025 
-3.141592653589793 1.0251880497697503 
1.9791395247401882 0.4100752447985849 
-3.141592653589793 1.0251880497697503 
-3.141592653589793 1.0251880497697503 
-3.141592653589793 1.0251880497697503 
-3.141592653589793 1.0251880497697503 
1.9341653638040788 0.471152455993454 
1.9791143691475708 0.4374057576972683 
1.979154884619809 0.3701333232919761 
-3.141592653589793 1.0251880497697503 
1.979139911216436 0.4089592316709292 
-3.141592653589793 1.0251880497697503 
1.9341653638040788 0.471152455993454 
-3.141592653589793 1.0251880497697503 
1.9791150612974797 0.41765941494123016 
1.9791400980428275 0.4068041806447684 
1.9791145393261245 0.43699339112827884 
-3.141592653589793 1.0251880497697503 
-3.141592653589793 1.0251880497697503 
-3.141592653589793 1.0251880497697503 
1.8849070399163144 0.859538041847096 
1.9341653638040788 0.471152455993454 
1.9791395247401882 0.4100752447985849 
-3.141592653589793 1.0251880497697503 
1.9341653638040788 0.471152455993454 
-3.141592653589793 1.0251880497697503 
1.979138856716515 0.4116043344116973 
1.9341653638040788 0.471152455993454 
-3.141592653589793 1.0251880497697503 
1.9791395247401882 0.4100752447985849 
1.9791408668718302 0.40560585740337135 
1.8769085224121085 1.0184315311910332 
1.9341653638040788 0.471152455993454 
-3.141592653589793 1.0251880497697503 
1.9791569552618253 0.364502353729901 
1.9341653638040788 0.471152455993454 
1.979139911216436 0.4089592316709292 
-3.141592653589793 1.0251880497697503 
1.8849070399163144 0.859538041847096 
1.9791390874641945 0.4112697838391725 
1.896080906207211 0.705252879081504 
1.979154884619809 0.3701333232919761 
-3.141592653589793 1.0251880497697503 
-3.141592653589793 1.0251880497697503 
-3.141592653589793 1.0251880497697503 
1.9341653638040788 0.471152455993454 
1.8849070399163144 0.859538041847096 
-3.141592653589793 1.0251880497697503 
1.8849070399163144 0.859538041847096 
1.9341653638040788 0.471152455993454 
-3.141592653589793 1.0251880497697503 
-3.141592653589793 1.0251880497697503 
1.898550999305984 0.6564453855222718 
-3.141592653589793 1.0251880497697503 
-3.141592653589793 1.0251880497697503 
1.9341653638040788 0.471152455993454 
-3.141592653589793 1.0251880497697503 
1.8821907790150891 0.9323378592343012 
-3.141592653589793 1.0251880497697503 
-3.141592653589793 1.0251880497697503 
1.9791572531117485 0.35863681193644414 
-3.141592653589793 1.0251880497697503 
1.9341653638040788 0.471152455993454 
