-3.141592653589793 -5.0 -1.598025217253752E-5 
1.9341653638040788 -1.776870766122692 4.67330450472466 
-3.141592653589793 -5.0 -1.598025217253752E-5 
-3.141592653589793 -5.0 -1.598025217253752E-5 
-3.141592653589793 -5.0 -1.598025217253752E-5 
-3.141592653589793 -5.0 -1.598025217253752E-5 
1.898550999305984 -1.6083393276169815 4.740933915768073 
-3.141592653589793 -5.0 -1.598025217253752E-5 
-3.141592653589793 -5.0 -1.598025217253752E-5 
1.934023954111469 -1.776870766122692 4.673548353728961 
-3.141592653589793 -5.0 -1.598025217253752E-5 
1.9341653638040788 -1.776870766122692 4.67330450472466 
-3.141592653589793 -5.0 -1.598025217253752E-5 
1.8849070399163144 -1.5425897363296155 4.805279212271786 
-3.141592653589793 -5.0 -1.598025217253752E-5 
1.9341653638040788 -1.776870766122692 4.67330450472466 
1.9341653638040788 -1.776870766122692 4.67330450472466 
1.9341653638040788 -1.776870766122692 4.67330450472466 
-3.141592653589793 -5.0 -1.598025217253752E-5 
-3.141592653589793 -5.0 -1.598025217253752E-5 
1.9341653638040788 -1.776870766122692 4.67330450472466 
-3.141592653589793 -5.0 -1.598025217253752E-5 
1.851967253061893 -1.5420504204807075 4.805279212271786 
1.9341653638040788 -1.776870766122692 4.67330450472466 
-3.141592653589793 -5.0 -1.598025217253752E-5 
-3.141592653589793 -5.0 -1.598025217253752E-5 
-3.141592653589793 -5.0 -1.598025217253752E-5 
-3.141592653589793 -5.0 -1.598025217253752E-5 
-3.141592653589793 -5.0 -1.598025217253752E-5 
-3.141592653589793 -5.0 -1.598025217253752E-5 
-3.141592653589793 -5.0 -1.598025217253752E-5 
-3.141592653589793 -5.0 -1.598025217253752E-5 
1.979139548580329 -1.9855225844789821 4.588868987507657 
-3.141592653589793 -5.0 -1.598025217253752E-5 
-3.141592653589793 -5.0 -1.598025217253752E-5 
1.979139537409557 -1.9855225844789821 4.588867450942657 
-3.141592653589793 -5.0 -1.598025217253752E-5 
1.9791395247401882 -1.9855225832090269 4.588867427559032 
-3.141592653589793 -5.0 -1.598025217253752E-5 
-3.141592653589793 -5.0 -1.598025217253752E-5 
-3.141592653589793 -5.0 -1.598025217253752E-5 
-3.141592653589793 -5.0 -1.598025217253752E-5 
1.9341653638040788 -1.776870766122692 4.67330450472466 
1.9791143691475708 -1.9855225844088795 4.588864879278706 
1.979154884619809 -1.9855225844667148 4.588864867933341 
-3.141592653589793 -5.0 -1.598025217253752E-5 
1.979139911216436 -1.9855225832090269 4.588868996438295 
-3.141592653589793 -5.0 -1.598025217253752E-5 
1.9341653638040788 -1.776870766122692 4.67330450472466 
-3.141592653589793 -5.0 -1.598025217253752E-5 
1.9791150612974797 -1.9855225842773614 4.588963244671169 
1.9791400980428275 -1.985522584434883 4.588874052975765 
1.9791145393261245 -1.9855225832328347 4.588866461944075 
-3.141592653589793 -5.0 -1.598025217253752E-5 
-3.141592653589793 -5.0 -1.598025217253752E-5 
-3.141592653589793 -5.0 -1.598025217253752E-5 
1.8849070399163144 -1.5425897363296155 4.805279212271786 
1.9341653638040788 -1.776870766122692 4.67330450472466 
1.9791395247401882 -1.9855225832090269 4.588867427559032 
-3.141592653589793 -5.0 -1.598025217253752E-5 
1.9341653638040788 -1.776870766122692 4.67330450472466 
-3.141592653589793 -5.0 -1.598025217253752E-5 
1.979138856716515 -1.985522584423467 4.588865709865254 
1.9341653638040788 -1.776870766122692 4.67330450472466 
-3.141592653589793 -5.0 -1.598025217253752E-5 
1.9791395247401882 -1.9855225832090269 4.588867427559032 
1.9791408668718302 -1.985522584434883 4.588873818582484 
1.8769085224121085 -1.506097798116604 4.583519913924055 
1.9341653638040788 -1.776870766122692 4.67330450472466 
-3.141592653589793 -5.0 -1.598025217253752E-5 
1.9791569552618253 -1.9855225832088306 4.588867497162977 
1.9341653638040788 -1.776870766122692 4.67330450472466 
1.979139911216436 -1.9855225832090269 4.588868996438295 
-3.141592653589793 -5.0 -1.598025217253752E-5 
1.8849070399163144 -1.5425897363296155 4.805279212271786 
1.9791390874641945 -1.9855225844240318 4.588865710742196 
1.896080906207211 -1.6061023097221232 4.740933915768073 
1.979154884619809 -1.9855225844667148 4.588864867933341 
-3.141592653589793 -5.0 -1.598025217253752E-5 
-3.141592653589793 -5.0 -1.598025217253752E-5 
-3.141592653589793 -5.0 -1.598025217253752E-5 
1.9341653638040788 -1.776870766122692 4.67330450472466 
1.8849070399163144 -1.5425897363296155 4.805279212271786 
-3.141592653589793 -5.0 -1.598025217253752E-5 
1.8849070399163144 -1.5425897363296155 4.805279212271786 
1.9341653638040788 -1.776870766122692 4.67330450472466 
-3.141592653589793 -5.0 -1.598025217253752E-5 
-3.141592653589793 -5.0 -1.598025217253752E-5 
1.898550999305984 -1.6083393276169815 4.740933915768073 
-3.141592653589793 -5.0 -1.598025217253752E-5 
-3.141592653589793 -5.0 -1.598025217253752E-5 
1.9341653638040788 -1.776870766122692 4.67330450472466 
-3.141592653589793 -5.0 -1.598025217253752E-5 
1.8821907790150891 -1.5376636238610246 4.820081330579301 
-3.141592653589793 -5.0 -1.598025217253752E-5 
-3.141592653589793 -5.0 -1.598025217253752E-5 
1.9791572531117485 -1.9855225844088795 4.588864867933341 
-3.141592653589793 -5.0 -1.598025217253752E-5 
1.9341653638040788 -1.776870766122692 4.67330450472466 
