-16.467591414706035 -5.9852165257657965 
-18.704179526861978 -0.8906120158637968 
-14.58118300248476 -11.504395126001047 
-14.505319971138599 -11.597612883303253 
-19.99945882384156 0.0015762652642968898 
-16.356839519929082 -6.493379230447816 
-16.622280807081687 -5.233461821752852 
-18.241359158944537 -2.955980586891232 
-14.476039444181174 -11.617053747884855 
-18.284939447278845 -2.7447436744750227 
-18.01492086130379 -3.7984171174816797 
-17.95793878696608 -3.870907436228026 
-16.57122851356383 -5.481101099107237 
-15.09343615929191 -9.826027930847104 
-15.041701899051294 -10.0425473539567 
-18.17094938593641 -3.2782342850770805 
-15.363549122924617 -8.693208264724063 
-14.467247795739022 -11.62065318478757 
-15.94688052586595 -7.720203153121576 
-16.356839519929082 -6.493379230447816 
-18.651055110788693 -1.0823728156817958 
-18.084139159880937 -3.613455726984528 
-14.89612293347665 -10.61771446676872 
-18.099112955227742 -3.5624745911443196 
-18.222791850139323 -3.0438267066834936 
-14.681884380754886 -11.29770539709325 
-18.320945426714836 -2.5673233267847997 
-15.28699076268658 -9.006224375834059 
-16.392279998664193 -6.335256559239772 
-14.535418072191788 -11.568019277494953 
-18.18426114980985 -3.2199172954331465 
-16.480206074003892 -5.925907678026399 
-18.125589372288324 -3.464734988463532 
-17.95037790333105 -3.873928800776806 
-15.306464584895398 -8.925917857942334 
-17.981777889679773 -3.85079121773295 
-14.63981595243737 -11.39523479684799 
-18.038902314776458 -3.7448526560916777 
-17.9750667847263 -3.858025670753847 
-18.520789584356486 -1.6147498019285247 
-15.060306246150061 -9.965186224564897 
-18.376597354620742 -2.292753031825259 
-14.830898313340622 -10.853711046567831 
-18.038115976663338 -3.746799658483887 
-17.947113996007566 -3.874722294743673 
-15.232467528502038 -9.235238113155315 
-16.425554053782154 -6.182790082941331 
-16.624738673798227 -5.221357132511642 
-15.967475424090765 -7.697969792552007 
-16.517552624201365 -5.746575223435632 
-15.93366338148796 -7.731526442259102 
-16.22422863669506 -7.032801996211997 
-14.9692284813162 -10.337933858915768 
-17.98478596439989 -3.8471616734384537 
-15.98097858154268 -7.680361848622069 
-16.166904515035988 -7.232745302069942 
-16.289073218632925 -6.780676184040409 
-17.964708960098108 -3.8667942964460353 
-18.43584439029651 -2.00591613489838 
-16.253969315534214 -6.915948549819484 
-18.070042787795543 -3.6582823859009848 
-14.937474072198683 -10.46277721927475 
-16.057341248973366 -7.538544035690299 
-15.165341799961508 -9.520530176270473 
-14.759086489773217 -11.085611722100095 
-14.620732827047686 -11.434413989789373 
-19.99946048868443 0.0015874027671124989 
-18.489652446280786 -1.7541757101603903 
-16.112575554988275 -7.39883403969675 
-19.99946048868443 0.0015874027671124989 
-15.101715166356247 -9.789487977877286 
-18.386357830378905 -2.2449489278154657 
-14.803007200454397 -10.947129736056098 
-16.033302954721457 -7.591158655879301 
-14.554612678150225 -11.544411906741743 
-16.136583532308656 -7.327827874680695 
-17.997541558401608 -3.8291988731645104 
-16.318978726155418 -6.655319467982936 
-15.200333924935583 -9.371445929132822 
-14.854992411000593 -10.769338334036018 
-16.00636929907565 -7.641206784939715 
-16.07602967952745 -7.495521762630657 
-16.20134797010269 -7.115780884783696 
-18.589199064322656 -1.3239716240487103 
-14.729758768265206 -11.169653631242607 
-14.999629558323196 -10.21578295605308 
-14.681884380754886 -11.29770539709325 
