-0.9641057375366922 -3.638509821065111E-6 -0.9792855920168978 
-0.6936692116225359 5.428312261626982E-7 -2.0862598320103842E-4 
-1.125200155009553 -1.106210818474702 -1.1310811059651762 
-1.1444864884458663 -1.1282541477588315 -1.1415998209602718 
-6.196374855940083E-5 5.428312261626982E-7 -2.0862598320103842E-4 
-1.004886302511621 -7.604884568408481E-7 -1.0059752009740004 
-0.9332532716082614 -1.1280321385173249E-5 -0.9166431317434881 
-6.189225352446517E-5 1.0318506715732932E-6 -0.9670239720266061 
-1.1444882592719134 -1.1395175274956606 -1.1477246830996275 
-6.109908925060175E-5 -6.691496553169676E-6 -0.9406545671458512 
-6.195540447041198E-5 7.904823720946495E-7 -1.1063235987265683 
-6.189572586677398E-5 1.0395341885976276E-6 -1.1419975766833925 
-0.9674336208509527 -1.1280321385173249E-5 -0.9133556400330606 
-1.070783337825556 -0.9121545202131547 -1.0727096108986651 
-1.0734235639471987 -0.935947994901333 -1.0743978485534367 
-6.21161479382679E-5 -6.498300227653881E-6 -1.0099235002720703 
-1.0792264863948986 -0.7600133662342856 -1.0760243807496908 
-1.1444882592719134 -1.1438216178998828 -1.1477246830996275 
-1.1334841022203708 1.335851705844874E-6 -1.1312065748014553 
-1.004886302511621 -7.604884568408481E-7 -1.0059752009740004 
-6.21161479382679E-5 -6.131320448996302E-6 -0.7244468570034421 
-6.103051650808989E-5 -6.68022967274095E-6 -1.063329452807479 
-1.080048674899879 -0.995998875795662 -1.090819996899093 
-6.21161479382679E-5 -6.498300227653881E-6 -1.0540756325717764 
-6.171407344993179E-5 7.549539820146273E-7 -0.9783014452273485 
-1.1190349003822913 -1.0676819032789475 -1.1160503084288893 
-6.211483549221936E-5 -3.5454316273783053E-6 -0.9189712887330886 
-1.073495204235809 -0.8090837280357592 -1.0719929560741448 
-0.9963502197584958 2.0652681723247924E-6 -0.9928681998762992 
-1.1342299361811468 -1.120263022647151 -1.1385051527140564 
-6.21161479382679E-5 5.428312261626982E-7 -1.0017848763397679 
-0.9649236719087128 5.91525596928622E-7 -0.9708005015503416 
-6.211160879575148E-5 5.415932311701704E-7 -1.0377577050469706 
-6.109908925060175E-5 1.8270644796266458E-6 -1.1467512683967327 
-1.0722030694059208 -0.8026769626305714 -1.0669928058849498 
-6.211470988884833E-5 5.186093119237196E-7 -1.1270417435026099 
-1.1223246856977864 -1.084784971932026 -1.119677504807507 
-6.19614293420152E-5 5.500688447722808E-7 -1.091385656741028 
-6.21161479382679E-5 5.731598419298929E-7 -1.1312474603294578 
-7.669410493408962E-5 1.754931177638821E-6 -0.8002903808576013 
-1.0734235639471987 -0.9274487799083762 -1.072783725594411 
-6.171947209992289E-5 -3.5161298784013084E-6 -0.8856427234822307 
-1.098170139108034 -1.0149996021657797 -1.0973643916191194 
-6.19614293420152E-5 5.500688447722808E-7 -1.0918747561355624 
-6.210061669037454E-5 5.098495264640248E-7 -1.1488031041388678 
-1.0718768968020256 -0.8423512206505608 -1.0674387411516943 
-0.9817176490434898 -8.021504281497617E-6 -0.9872236407512481 
-0.9317723728602483 -1.1280321385173249E-5 -0.9166431317434881 
-1.126626217636414 -8.338948871257777E-6 -1.1251579523143194 
-0.9544914240450479 2.067720022719921E-6 -0.958596045052945 
-1.136228654665117 1.874234363496936E-6 -1.1367534453010608 
-1.0431807689152812 1.947139853265366E-6 -1.049086512431856 
-1.0797539273169916 -0.964299966847666 -1.0824608722600917 
-6.198217950237315E-5 7.308680686584279E-7 -1.1251579523143194 
-1.1203323798183746 -3.3922700702149894E-6 -1.1229989476709772 
-1.0606885677681102 -6.6450332348512876E-6 -1.0669739286445226 
-1.0241201526129746 6.395654196424546E-7 -1.0282581556854444 
-6.197099319230858E-5 1.0395341885976276E-6 -1.1377456339097136 
-6.196331866173763E-5 1.8414743323483263E-6 -0.8504028984359313 
-1.0250006678372194 8.714677648447875E-7 -1.0489793713945703 
-6.188244848416811E-5 9.150815323794312E-7 -1.0720548542182482 
-1.0838225833648263 -0.9773435550710929 -1.0835205707833955 
-1.0931019980429497 -7.68780973027323E-6 -1.1025637767947094 
-1.0733863755094475 -0.8738879273752933 -1.0719929560741448 
-1.1066242670973585 -1.0418002432227718 -1.1052775318257613 
-1.125200155009553 -1.0900552616983403 -1.1247524421019808 
-6.109908925060175E-5 1.8270644796266458E-6 -2.0862598320103842E-4 
-1.099427787115535E-4 7.417709600412406E-7 -0.8185556497697831 
-1.0825738289793878 1.7548815817957954E-6 -1.0787490632989727 
-6.109908925060175E-5 1.8270644796266458E-6 -2.0862598320103842E-4 
-1.070783337825556 -0.9121545202131547 -1.065502178350323 
-6.171947209992289E-5 -3.5161298784013084E-6 -0.8798201624986912 
-1.0981981494799324 -1.0287111498642456 -1.0975272753520386 
-1.1064231473687318 -9.096962973150451E-6 -1.10421989355374 
-1.1343266545888184 -1.1126715377929686 -1.1348311548374366 
-1.0778713629686694 -6.6450332348512876E-6 -1.068566068169161 
-6.171407344993179E-5 -2.541911403620926E-6 -1.1171772880464572 
-1.0241201526129746 -2.4539652589660687E-6 -1.0099249628515434 
-1.0727399728508042 -0.8560940095202514 -1.0717330265982516 
-1.0957763119253765 -1.0084004266359594 -1.0898490615350247 
-1.11465314145894 -3.5627602786160205E-6 -1.1128025231218523 
-1.0911239281075802 1.882160721301576E-6 -1.0929057383088518 
-1.053563450534116 -3.4829100437577797E-6 -1.0528148449370667 
-6.103051650808989E-5 -6.68022967274095E-6 -0.7603265306794462 
-1.1034443838915058 -1.0577777984794534 -1.1055384412269482 
-1.0793136071013694 -0.951699861718502 -1.0781357191415482 
-1.1190349003822913 -1.0676819032789475 -1.1160503084288893 
