3.009867361688037 0.11722431731457857 
3.0098690575691904 0.11541376087654145 
3.0098632301083326 0.12124527903295242 
3.009870892571207 0.11337080995783191 
3.009898552877388 0.07657981565214818 
3.00989716519364 0.08349921133932689 
3.0098988871947845 0.07247231243036263 
3.0098989560230045 0.07085945251172154 
3.00989236235342 0.09184807791906352 
3.0098936467210127 0.09040005026689142 
3.009884092246515 0.09208273240722739 
3.0098699360188186 0.11446148486661958 
3.009898984318249 0.06997811607227578 
3.0098701753165193 0.1142051398466117 
3.0098988749624835 0.07269425414728321 
3.009898900836984 0.07219625981965695 
3.009897716308883 0.081469922660759 
3.0098986608488802 0.07555029894216433 
2.9353286548414 0.3247242358063514 
3.009898813586699 0.07368994575601495 
3.00989724269282 0.08324440774316018 
3.0098987029605335 0.07511037221649969 
3.00989904497901 0.065059779219057 
3.009863828157541 0.12068208860854879 
3.0098634174755676 0.12106314836829465 
3.009897002860683 0.0840079974040645 
3.009898077447813 0.07976245969386475 
3.0098660320064674 0.11856681869749355 
3.00987041832503 0.1139203272096217 
3.0098678971691406 0.1166517837098885 
3.0098983444496614 0.07816309095054753 
3.0098985837088104 0.07629628545982664 
3.0098946795077546 0.08900833547223456 
3.009871355027007 0.11283311174268246 
3.009898490258514 0.07705973441150932 
3.0098933142081816 0.09083446548808982 
3.009899038282309 0.06641156729369194 
3.0098989359706545 0.07141501749278759 
3.0098975225751134 0.08225310532189874 
3.0098979188680337 0.08054877104437379 
3.0098986161630763 0.07596537812316767 
3.00989284844146 0.09135939456692393 
3.0098973350401437 0.08292934023094901 
3.009872369629381 0.11165452427873757 
3.009897864412073 0.08081753480313085 
3.009898382175798 0.07790921313739602 
3.009898915028838 0.07190594573521504 
3.009898828016137 0.0734823002509159 
3.0098645713763315 0.11998668441234275 
3.0098983177481466 0.07834321905832675 
3.0098705734806774 0.11373910072449861 
3.009866600697767 0.11791163330332267 
3.009898467948091 0.07727058470924293 
3.0098987303452085 0.07475635084489847 
3.0098668662184065 0.11772445330826545 
3.009898767219551 0.07433845894965782 
3.009898927077623 0.07162697759413088 
3.009869689322962 0.11473677023275305 
3.0098979595709636 0.08036459623068931 
3.009867725671195 0.11683325313812574 
3.0098938482541966 0.09019325415170878 
3.0098935115799037 0.09060980862436058 
3.009897600371468 0.08203515299656386 
3.0098981640054383 0.0792865906744788 
3.009897658932311 0.08170388665949241 
3.0098984406475062 0.07747248553290757 
3.0098977759384313 0.08120264263423449 
2.99282053626138 0.24612607002846543 
3.009869312694986 0.11515257815676179 
3.009898262200107 0.07869863559385162 
3.009865406382663 0.1191641636669141 
3.009898202046406 0.07906339760173231 
3.009867103020644 0.1174727484969882 
2.9926509516490998 0.28862810230420577 
3.009868250660052 0.11627949190289152 
3.00986882161013 0.11568687144853941 
3.0098984152897517 0.07765897526441168 
3.009894458292612 0.08933988979267536 
3.009898129706218 0.07947749645007415 
3.0098926334125533 0.09158002914365033 
3.0098985182260596 0.07687347175404285 
3.0098685471763416 0.11598149649966494 
2.9339712227855945 0.438208749879008 
2.0412281502100442 0.5061608572142715 
2.937223932165303 0.3209812166713284 
3.0098930758058504 0.0911188644852342 
1.6645155940254934 0.6890229070622507 
2.9925323946303575 0.30899278265394226 
1.1233885731731863 0.6954419060052471 
3.0098980226657415 0.0800486635456895 
2.994847669259289 0.15241373921296308 
1.6666953742407813 0.6123848487889663 
1.6645975163158708 0.6821438211079608 
2.9956741910255102 0.1381213194908755 
1.6649830530131358 0.6797195663057398 
-3.141592653589793 1.0436619710734896 
2.0412208037800084 0.6043196286827122 
1.1061936512413502 0.7629989146841746 
1.6645883168903537 0.6833619841663618 
2.998647846753918 0.13133230288060058 
