3.009867361688037 -4.956694142620312 0.6565663733589657 
3.0098690575691904 -4.956694119692764 0.6565663733589657 
3.0098632301083326 -4.9566941584912545 0.6565663733589657 
3.009870892571207 -4.956694142524175 0.6565663733589657 
3.009898552877388 -4.956694143602469 0.6565663733589657 
3.00989716519364 -4.95669414294261 0.6565663733589657 
3.0098988871947845 -4.956694149399974 0.6565663733589657 
3.0098989560230045 -4.9566941966234745 0.6565663733589657 
3.00989236235342 -4.95669414308723 0.6565663733589657 
3.0098936467210127 -4.956694196847759 0.6565663733589657 
3.009884092246515 -4.956694158673366 0.6565663733589657 
3.0098699360188186 -4.95669414226099 0.6565663733589657 
3.009898984318249 -4.956694159369633 0.6565663733589657 
3.0098701753165193 -4.956694158466729 0.6565663733589657 
3.0098988749624835 -4.956694157353634 0.6565663733589657 
3.009898900836984 -4.956694160116601 0.6565663733589657 
3.009897716308883 -4.956694143411618 0.6565663733589657 
3.0098986608488802 -4.956694159566702 0.6565663733589657 
2.9353286548414 -4.893912804223045 1.0142943930816384 
3.009898813586699 -4.9566941595508744 0.6565663733589657 
3.00989724269282 -4.956694142795256 0.6565663733589657 
3.0098987029605335 -4.956694142658405 0.6565663733589657 
3.00989904497901 -4.956694158694353 0.6565663733589657 
3.009863828157541 -4.956694142196376 0.6565663733589657 
3.0098634174755676 -4.956694142430449 0.6565663733589657 
3.009897002860683 -4.956694142314443 0.6565663733589657 
3.009898077447813 -4.95669414229667 0.6565663733589657 
3.0098660320064674 -4.95669414367492 0.6565663733589657 
3.00987041832503 -4.956694147271938 0.6565663733589657 
3.0098678971691406 -4.956694119289189 0.6565663733589657 
3.0098983444496614 -4.956694147229849 0.6565663733589657 
3.0098985837088104 -4.95669415808166 0.6565663733589657 
3.0098946795077546 -4.956694142607539 0.6565663733589657 
3.009871355027007 -4.956694147226868 0.6565663733589657 
3.009898490258514 -4.956694199385146 0.6565663733589657 
3.0098933142081816 -4.956694158717521 0.6565663733589657 
3.009899038282309 -4.95669411851134 0.6565663733589657 
3.0098989359706545 -4.956694157455485 0.6565663733589657 
3.0098975225751134 -4.956694134021457 0.6565663733589657 
3.0098979188680337 -4.956694160817707 0.6565663733589657 
3.0098986161630763 -4.956694198931599 0.6565663733589657 
3.00989284844146 -4.956694147225605 0.6565663733589657 
3.0098973350401437 -4.95669414269698 0.6565663733589657 
3.009872369629381 -4.956694197544542 0.6565663733589657 
3.009897864412073 -4.9566941426205835 0.6565663733589657 
3.009898382175798 -4.9566941395478015 0.6565663733589657 
3.009898915028838 -4.9566941483319695 0.6565663733589657 
3.009898828016137 -4.956694147273978 0.6565663733589657 
3.0098645713763315 -4.956694149031022 0.6565663733589657 
3.0098983177481466 -4.956694143707582 0.6565663733589657 
3.0098705734806774 -4.9566941426205835 0.6565663733589657 
3.009866600697767 -4.956694015262197 0.6565663733589657 
3.009898467948091 -4.956694149399974 0.6565663733589657 
3.0098987303452085 -4.9566941976740315 0.6565663733589657 
3.0098668662184065 -4.95669413385435 0.6565663733589657 
3.009898767219551 -4.956694143779518 0.6565663733589657 
3.009898927077623 -4.956694158852192 0.6565663733589657 
3.009869689322962 -4.956694142314443 0.6565663733589657 
3.0098979595709636 -4.956694143341162 0.6565663733589657 
3.009867725671195 -4.956694122573648 0.6565663733589657 
3.0098938482541966 -4.956694142930398 0.6565663733589657 
3.0098935115799037 -4.9566941490698 0.6565663733589657 
3.009897600371468 -4.956694019980308 0.6565663733589657 
3.0098981640054383 -4.956694139497025 0.6565663733589657 
3.009897658932311 -4.956694149305977 0.6565663733589657 
3.0098984406475062 -4.956694157753056 0.6565663733589657 
3.0098977759384313 -4.956694158700938 0.6565663733589657 
2.99282053626138 -4.947579751716993 0.7409224175989075 
3.009869312694986 -4.956694142529182 0.6565663733589657 
3.009898262200107 -4.95669414308723 0.6565663733589657 
3.009865406382663 -4.95669411851134 0.6565663733589657 
3.009898202046406 -4.95669414269698 0.6565663733589657 
3.009867103020644 -4.95669411851134 0.6565663733589657 
2.9926509516490998 -4.947579751716993 0.7410001048400227 
3.009868250660052 -4.956694119289189 0.6565663733589657 
3.00986882161013 -4.956694142972518 0.6565663733589657 
3.0098984152897517 -4.956694158709065 0.6565663733589657 
3.009894458292612 -4.956694148919641 0.6565663733589657 
3.009898129706218 -4.956694142795256 0.6565663733589657 
3.0098926334125533 -4.956694147225605 0.6565663733589657 
3.0098985182260596 -4.956694142744812 0.6565663733589657 
3.0098685471763416 -4.956694143016802 0.6565663733589657 
2.9339712227855945 -4.894459947094254 1.0149133548711768 
2.0412281502100442 -2.266611083848794 4.454994523097392 
2.937223932165303 -4.89561257626551 1.0081418286149906 
3.0098930758058504 -4.95669414294261 0.6565663733589657 
1.6645155940254934 -0.4802156715189845 4.977976896781568 
2.9925323946303575 -4.947579751716993 0.7409224175989075 
1.1233885731731863 2.1636307332746814 4.508329629049521 
3.0098980226657415 -4.956694142744143 0.6565663733589657 
2.994847669259289 -4.9461851298102815 0.7308340185896501 
1.6666953742407813 -0.4802156715189845 4.977633596873414 
1.6645975163158708 -0.4802156715189845 4.977960270321635 
2.9956741910255102 -4.947082991209148 0.7270385093827237 
1.6649830530131358 -0.48022739481880716 4.977960270321635 
-3.141592653589793 -4.999999989092365 7.118562934638195E-5 
2.0412208037800084 -2.262135056788771 4.454994523097392 
1.1061936512413502 2.2371589432989745 4.469609151747802 
1.6645883168903537 -0.4802156715189845 4.977960270321635 
2.998647846753918 -4.9489129739222895 0.7122216182136193 
