-5.172774797919111E-4 1.569728809698701E-4 -8.394642070302851E-5 
-1.1511468558336608 -1.1537669839711995 -1.1522673702070572 
-5.172774797919111E-4 1.569728809698701E-4 -8.394642070302851E-5 
-1.1511468558336608 -1.1537669839711995 -1.1522673702070572 
-0.4810036561540843 1.647766751095471E-4 -8.394642070302851E-5 
-1.0660213826639 6.421107804930106E-4 -0.5617514296714983 
-1.1520370193712568 1.3283716031225025E-4 -5.9707189121615276E-5 
-0.9279951832947682 1.3559227063294132E-4 -0.8733218860365306 
-1.093240652222149 -0.5823246290788977 -1.0777313291635002 
-0.9584400654873623 -1.9522721067699835E-4 -0.9690522715531653 
-1.0878234744742077 -1.0579516016423314 -1.0980050024202148 
-1.1531001867334587 -7.58441211368262E-5 -1.152651721298932 
-0.0051535750429712035 1.5211001396429462E-4 -0.9188777810576836 
-0.6109248298120766 1.3383484231931471E-4 -0.0013586820455495946 
-1.0663644435432875 6.413469528742732E-4 -0.6225553515994089 
-1.068111824343752 -1.0579516016423314 -1.0603799849414985 
-1.0993665051913803 -0.9073666165425099 -1.1082674256936453 
-5.172774797919111E-4 -8.704843084057492E-5 -1.0703192444775569 
-1.1277111789338887 1.5706122779916935E-4 -1.0000111839513317E-4 
-1.0660213826639 6.421107804930106E-4 -0.5766566526120527 
-0.695510742041797 1.4533335408379374E-4 -8.390256608320304E-5 
-1.0676614755711624 -0.06759467347616233 -0.6872909604170858 
-1.1058305380127766 -0.9468236136030759 -1.0762397346767136 
-0.8698180040768078 -1.9522721067699835E-4 1.6207643147635517E-4 
-0.9800224198138939 -1.9522721067699835E-4 -5.9707189121615276E-5 
-0.8223189427013121 -1.9522721067699835E-4 -5.9707189121615276E-5 
-0.9850265913618954 0.004401313836428221 -1.043598926537832 
-0.9359049437253617 9.215047297128735E-4 -1.0528380182324069 
-1.046782962660503 -1.0187392691294892 -1.0980050024202148 
-1.0093018039735184 -0.006425417760360208 -1.0874215024887852 
-0.0021659981582907717 -7.053303250282969E-5 -1.0273490463235215 
-1.0674786761975112 -0.9879848969320617 -1.0762397346767136 
-1.060659250791591 -0.0145527324665089 -1.0528380182324069 
-0.6149598488987444 0.00681367092739793 -1.1001476017273535 
-1.0878234744742077 -0.7837145706167388 -1.0603799849414985 
-1.0983772028327101 -1.0929784883710068 -1.0777313291635002 
-1.0762762658774583 -0.6416158683853849 -1.1231742043979454 
-1.0100850587244738 0.004617185754090036 -1.0414499876980685 
-0.9850265913618954 0.002513393760029512 -0.83253683505114 
-0.8869922654674277 -0.003305263730760657 -5.9707189121615276E-5 
-1.0236848094072162 0.039095721536614614 -1.047821956507215 
-1.0425659008224994 1.3444736569130037E-4 -0.798391905022157 
-0.951750029766931 -1.7535837938862061E-4 -1.0000111839513317E-4 
-0.6549576438651483 -7.019534993461545E-5 -8.394642070302851E-5 
-0.634925223266356 1.4979713626618214E-4 -0.0013586820455495946 
-1.0983772028327101 -1.7357295084770665E-4 -1.0777313291635002 
-5.097323662847392E-4 2.3804674707197953E-6 -0.9026484031461292 
-1.0473528335939486 0.008433723364217438 -1.0927913875581596 
9.242490816002147E-4 1.5727847274427472E-4 -0.5659257154543611 
-1.1360505697329397 -1.126439595201306 -1.1253615512013726 
-0.7923195698593825 -1.9522721067699835E-4 -5.9707189121615276E-5 
-1.0057360110838676 5.644510812485093E-4 -8.394642070302851E-5 
-1.1360505697329397 -1.0603400689931353 -1.1253615512013726 
-1.0985186411415415 -0.635319457889131 -1.0777313291635002 
-1.0321375161209585 -0.9468236136030759 -1.0772407471001362 
-1.095092367275538 0.00217568727973628 -1.1138335045817689 
-1.1360505697329397 -0.6231577970974197 -1.1253615512013726 
-5.303409871542258E-4 -1.696192377996262E-4 -0.7613343745272202 
-0.8061368337282496 -1.9522721067699835E-4 -5.9707189121615276E-5 
-0.735000008629253 -1.9522721067699835E-4 -5.9707189121615276E-5 
-1.0885789575831055 -0.8014382659054984 -1.0890422253992673 
-0.7067480213283406 -1.9522721067699835E-4 -5.9707189121615276E-5 
-0.8424426892706846 -0.03027516901215297 -0.9026484031461292 
-1.0095638332099814 -8.107655476080473E-5 -0.9465833270487696 
-0.951750029766931 -1.7535837938862061E-4 -1.0000111839513317E-4 
-1.014073097828043 0.002521077778542069 -0.9928849220063569 
-1.0104481398522975 -8.243343020952371E-5 -0.9465833270487696 
-1.0217286950071756 1.3481562135267416E-4 -0.876718922308129 
-1.0798563253357962 -0.9020876888226478 -1.082975762069853 
-4.2647214556030015E-4 1.5727847274427472E-4 -0.5272208034678654 
-1.060142957012263 6.036120258189456E-4 -0.7987656753829163 
-1.1028447237688237 -1.098397438633528 -1.130748576664635 
-0.8469162017486113 -1.9522721067699835E-4 -5.9707189121615276E-5 
-1.1056400277158067 -0.7355166896236353 -1.0414097087133694 
-0.7291762309411935 1.582921806128575E-4 -1.0000111839513317E-4 
-1.0824072239857179 -0.7355166896236353 -1.0414097087133694 
-0.9917081894521844 -8.107655476080473E-5 -0.010748044798366885 
-1.1028447237688237 -0.015848156308186367 -1.130748576664635 
-1.1046824207358688 -0.572298644050959 -1.1035659794689312 
-1.1511468558336608 -1.1537669839711995 -1.1522588895106078 
-0.5599578302815917 1.647766751095471E-4 -8.394642070302851E-5 
-0.006431938110010527 -1.696192377996262E-4 -0.7725739671830759 
-1.0491461094509573 -7.019534993461545E-5 -7.545286866431837E-5 
-0.847183345698829 -1.8405974246668046E-4 -5.9707189121615276E-5 
-1.0983772028327101 -0.8745822840209027 -1.0777313291635002 
-1.0985186411415415 -0.8270821323412185 -1.0978419072913475 
-0.9344073933311697 1.9423327174360574E-4 -1.0730317466499102 
-1.0516000921086144 -0.8864645472986191 -1.0737733115428985 
-1.1028447237688237 -0.711125208916453 -1.1391149752980465 
-4.2647214556030015E-4 1.5727847274427472E-4 -0.5272208034678654 
-1.1027907998149327 -0.8727635001719654 -1.0904396067810032 
-1.1511468558336608 -1.094818733780988 -1.1522003637316114 
-1.087807201577178 -0.8284587723275874 -1.0980050024202148 
-1.0676614755711624 0.002521077778542069 -0.8234312949600737 
-1.0985186411415415 -0.973431459762343 -1.0599194673247623 
-0.9839854665998204 -3.636172185857247E-4 -0.876718922308129 
-1.1360505697329397 -1.092422873165844 -1.1253615512013726 
-1.0676614755711624 -0.06759467347616233 -0.6872909604170858 
-1.0576286635953156 -0.8864645472986191 -1.0737733115428985 
-1.0922375477507325 -0.8142515348502368 -1.0890422253992673 
