-3.1415800177036086 -4.999999999613183 -9.382719108903879E-5 
-3.141583555378887 -4.999999999788346 -9.381642735337888E-5 
-3.1415776844380483 -4.999999999659431 -9.38349945444379E-5 
-3.141574384874321 -4.999999999611139 -9.382676719012914E-5 
-3.141588346570422 -4.99999999997832 -9.381608913007383E-5 
-3.141582461250319 -4.999999999740213 -9.383421903850928E-5 
-3.141576488823727 -4.999999999778829 -9.381556253343941E-5 
-3.1415818428652122 -4.999999999708166 -9.382745860075722E-5 
-3.141574519297241 -4.999999999772202 -9.383496762821098E-5 
-3.141574430977403 -4.999999999543657 -9.381731689947849E-5 
-3.141589503494639 -4.999999999973433 -9.381649553392287E-5 
-3.141574475115183 -4.999999999566136 -9.383532753063856E-5 
-3.1415760769482612 -4.99999999956249 -9.383517273906754E-5 
-3.141574101446504 -4.99999999956045 -9.383532308044777E-5 
-3.141588922856507 -4.999999999963746 -9.384612707444E-5 
-3.1415759994186225 -4.999999999519857 -9.383489300779973E-5 
-3.1415747766783118 -4.999999999815141 -9.38312733427836E-5 
-3.141574279343066 -4.999999999956622 -9.383455048171122E-5 
-3.1415769547077654 -4.999999999552849 -9.382753008628703E-5 
-3.1415829269727884 -4.999999999776964 -9.38161627264197E-5 
-3.141587502330545 -4.9999999998798 -9.38322993725332E-5 
-3.141575239584496 -4.9999999995624025 -9.383455048171122E-5 
-3.1415749765334136 -4.99999999973955 -9.381576223577817E-5 
-3.1415738766318224 -4.999999999890312 -9.38281712188268E-5 
-3.1415763280778854 -4.999999999613302 -9.382719058172994E-5 
-3.141588032333654 -4.999999999939401 -9.383369332743097E-5 
-3.1415838153686084 -4.999999999803464 -9.38461722606966E-5 
-3.1415798311418266 -4.999999999609165 -9.382711626859909E-5 
-3.1415747631475925 -4.999999999551111 -9.382720822342741E-5 
-3.1415780086732723 -4.999999999560271 -9.38272252186137E-5 
-3.141574723572307 -4.999999999532779 -9.38277902577222E-5 
-3.141576239389567 -4.99999999955499 -9.381642735337888E-5 
-3.1415739132287244 -4.999999999975187 -9.381618391371248E-5 
-3.141575073476357 -4.99999999956438 -9.383455048171122E-5 
-3.141590108054484 -4.999999999987593 -9.38349272071434E-5 
-3.141577357438957 -4.9999999994883275 -9.38166525807737E-5 
-3.141575889768821 -4.999999999519579 -9.383492375518978E-5 
-3.141573932170429 -4.999999999549468 -9.38353739022768E-5 
-3.141575178301654 -4.99999999965301 -9.381656956405933E-5 
-3.14157417055954 -4.999999999826329 -9.383299973686452E-5 
-3.1415739531438445 -4.999999999549468 -9.383532059403373E-5 
-3.141581376375132 -4.999999999778829 -9.381556253343941E-5 
-3.14158399566685 -4.999999999799551 -9.382748130620627E-5 
-3.141590917998674 -4.9999999999901075 -9.3833061376278E-5 
-3.1415755406810666 -4.999999999554498 -9.38272252186137E-5 
-3.141592653589793 -4.9999999999998295 -9.383131559041414E-5 
-3.1415856369362913 -4.999999999881647 -9.381514039291269E-5 
-3.141577851107531 -4.999999999613302 -9.381663725155739E-5 
-3.1415847761610554 -4.999999999837236 -9.383312296965863E-5 
-3.1415756337985052 -4.999999999515727 -9.383492635673692E-5 
-3.1415745987525168 -4.999999999560569 -9.383468550662313E-5 
-3.141581135745483 -4.999999999638454 -9.382746778366369E-5 
-3.141576804097393 -4.99999999953384 -9.3827297860987E-5 
-3.1415865071736024 -4.999999999906007 -9.383489315639457E-5 
-3.1415857204035724 -4.9999999996002495 -9.382712776616449E-5 
-3.141578649054586 -4.999999999628045 -9.382812860021323E-5 
-3.1415740460048855 -4.999999999975544 -9.381683378033954E-5 
-3.1415741468211364 -4.99999999955708 -9.383530718773139E-5 
-3.1415809206875664 -4.99999999962789 -9.382778656534857E-5 
-3.141574334722372 -4.999999999889779 -9.38281712188268E-5 
-3.1415775127262546 -4.9999999996206235 -9.383499543166254E-5 
-3.1415750988979854 -4.999999999874747 -9.381629759733874E-5 
-3.1415829925036167 -4.999999999614246 -9.382667130868835E-5 
-3.1415795053857973 -4.999999999561961 -9.38278222156103E-5 
-3.1415868155215536 -4.999999999931601 -9.382690072695509E-5 
-3.141579646104263 -4.9999999995630064 -9.384000255168319E-5 
-3.1415827038031257 -4.9999999997439195 -9.383427400594632E-5 
-3.141577127096901 -4.999999999484975 -9.383313127793688E-5 
-3.141591830712587 -4.999999999972166 -9.38349367632622E-5 
-3.1415802526294034 -4.999999999625171 -9.382738754626802E-5 
-3.141573963577756 -4.999999999549468 -9.38353739022768E-5 
-3.1415915161832464 -4.9999999999982006 -9.381657221581587E-5 
-3.141574925490326 -4.999999999558668 -9.383393582046888E-5 
-3.1415740769889475 -4.999999999547232 -9.383307628293354E-5 
-3.1415753977155965 -4.999999999488962 -9.383455665255032E-5 
-3.1415807590649028 -4.9999999996379305 -9.382746778366369E-5 
-3.141578377815482 -4.999999999487538 -9.383512777786548E-5 
-3.14158197335962 -4.999999999708621 -9.382999304863833E-5 
-3.141573915638893 -4.999999999960996 -9.382801748794933E-5 
-3.14157530506475 -4.999999999558645 -9.383455048171122E-5 
-3.141585316585547 -4.999999999865835 -9.382740189771981E-5 
-3.1415789848106215 -4.999999999555623 -9.382740143682731E-5 
-3.1415757193415637 -4.999999999749262 -9.383344358129811E-5 
-3.1415766248539025 -4.999999999551416 -9.383481806121065E-5 
-3.141579338627525 -4.9999999995572715 -9.382779065893032E-5 
2.624712317965201 -4.361012248553289 2.4352338969682936 
-3.1415764427686077 -4.999999999613302 -9.382719058172994E-5 
-3.141575450912885 -4.999999999613302 -9.382715313426378E-5 
-3.1415740221555537 -4.999999999886867 -9.383531831526047E-5 
-3.141574653643182 -4.99999999956045 -9.383468550662313E-5 
-3.141580517997975 -4.999999999632464 -9.383711332319495E-5 
-3.141590631485832 -4.9999999999899 -9.3833061376278E-5 
-3.1415874002436275 -4.999999999930228 -9.382778275723638E-5 
-3.1415748764766267 -4.999999999552924 -9.382771398237303E-5 
-3.141574241392928 -4.99999999956045 -9.383532308044777E-5 
-3.1415845605342385 -4.999999999837236 -9.381657822203492E-5 
2.627624821563312 -4.357194053463159 2.4601070723481966 
-3.1415784954885853 -4.999999999544744 -9.38281385213566E-5 
2.69161743227322 -4.502779732063798 2.174587341520255 
2.7059945270754633 -4.53271372004046 2.1097679765818564 
