0.4809441973669885 1.6741002655764867 
0.9286320941810228 7.215269913869603E-4 
0.427851301975349 2.184031697367081 
0.41052967496464066 2.305783017772643 
0.5408891309194904 1.1381136870527542 
0.6576783325813167 0.13082336719557053 
0.5706474104263902 0.9014138704612985 
0.5872433712033535 0.7293212108405775 
0.7484010554655587 0.0018110283754805903 
0.6006271511227005 0.6110535465577628 
0.4977200067562997 1.5463496673852102 
0.9673309093019703 9.985547249624638E-6 
0.7197098761814749 9.985547249624638E-6 
0.46538793685723784 1.8263465573545576 
0.45031579339017813 1.9721105727761366 
0.788177681178767 4.223251971469111E-6 
0.7616684372972032 9.985547249624638E-6 
0.6989194982864902 0.0011219133351398902 
0.4464828829794657 1.9979486367458374 
0.9999999803117151 5.054016450137255E-12 
0.5483701192239414 1.071531870152611 
0.6256856500203295 0.44131928918994634 
0.8807482695532071 0.0039443921779109825 
0.5347638510024134 1.2153245551576803 
0.8199889672457917 1.7900564561534947E-7 
0.40259440284119274 2.4140945596475794 
0.4519399719870922 1.939404170419566 
0.5658130501324262 0.9223545610858057 
0.4618665987227235 1.8435863105667567 
0.39145598650129465 2.4874921228049187 
0.44524173758346425 2.015097066830317 
0.6660620844848422 0.0072549659581830905 
0.42338998478156825 2.1951560125287224 
0.4783166182492423 1.6968510853508663 
0.5062674086891318 1.4707209607557539 
0.6094144445065671 0.5343474783727791 
0.5575711044479768 0.9934050314853764 
0.46711530391820566 1.8004898129981204 
0.5216743878447484 1.3330914067387236 
0.5277715625165867 1.2510061521996272 
0.3958858319631552 2.437492990962648 
0.39432517328422984 2.488391288772298 
0.5351562285328029 1.1838840044224037 
0.5744615518553314 0.8335901660465985 
0.509604951498581 1.4385194950764275 
0.6346556356657655 0.3186363979360912 
0.45705192999707017 1.886610701947125 
0.6147821687493426 0.4887805215713886 
0.4925502892952941 1.5676938227387873 
0.5710266354912602 0.8673343205060398 
0.4692129502549983 1.782978941196251 
0.48520786527024923 1.6558449328045433 
0.4409183262688666 2.05343939051829 
0.5155479325941482 1.3798679248316803 
0.5009697930200476 1.4929790248162953 
0.5225910396336523 1.302449612338216 
0.5127839087333429 1.4040257666083953 
0.5508209597433725 1.0523858701116415 
0.6258834182557381 0.36815050040639485 
0.3977682251664754 2.431613136266681 
0.4094679888906432 2.3512808384941337 
0.4342045449000212 2.097186503853705 
0.42785771801669586 2.1517947627970186 
0.3896494833049423 2.498541841512304 
0.4993437387622385 1.5085709843340496 
0.5604942530785668 0.9724141160374936 
0.5923577288335663 0.6890532643675358 
0.4357735117603823 2.087401095957091 
0.5307614526309364 1.2269555622612605 
0.5956087090632413 0.6418744842013658 
0.4209552812355275 2.232013128009267 
0.6042518418927981 0.573045007313622 
0.6483239752144537 0.1659227429815231 
0.6409985617326315 0.24222980778775616 
0.5248503456869382 1.279362380486029 
0.4603218636716505 1.8638522667091728 
0.4726168901382952 1.7605498254705434 
0.4754135334389055 1.7348974186403612 
0.43005536687050083 2.1324562250651833 
0.4179350035915593 2.2394263046704714 
0.4145433904579646 2.2787621672423843 
0.49001845809450195 1.6007446212631447 
0.45324712660475697 1.9223483488237345 
0.4042777577960135 2.3681123846445717 
0.4060794497273654 2.350671386387109 
0.5543401099190417 1.0132978120715848 
0.42176401707628336 2.2057663829378553 
0.4425956793507957 2.022111977120872 
0.5172043066813559 1.3456644979282981 
0.39478781724793266 2.449773153433277 
0.4872022621856448 1.6216697586878628 
0.40287197803186525 2.3905290938927326 
0.636784658084433 0.2729876875937247 
0.42515208694312057 2.184031697367081 
0.3986780722943959 2.412685675496271 
0.5432829224856143 1.1124285249892925 
0.43715185746075574 2.0683803407558536 
0.4325567545231747 2.1083288253071415 
0.4162704581316047 2.2601974431912 
0.5778492100504371 0.7998732933832483 
