-18.359798227211904 -2.358162376602374 
-16.843782274329897 -4.223921929060379 
-16.233484469328832 -6.92703629765137 
-16.218322278716272 -7.050414964455928 
-15.141629563614739 -9.55944805101326 
-15.173348997207192 -9.473370015155187 
-17.036881286917914 -3.886432965031407 
-19.06589059881061 -0.015052205841982125 
-18.0994452282016 -3.5489330868910716 
-16.165086093629093 -7.229987569988558 
-18.259098823787777 -2.8605629839820312 
-16.32536774763733 -6.615987298546405 
-14.925268715640621 -10.484138606675732 
-15.225575555952144 -9.25015330143476 
-16.27948820783731 -6.789687810825446 
-16.732034973091405 -4.687069753541741 
-14.895433539418027 -10.603924099461588 
-16.48930178403731 -5.871881609088034 
-19.006191370739028 -0.10837629499171558 
-16.507383123976563 -5.768664298853272 
-16.772908147056633 -4.560813214003785 
-16.12180311633007 -7.368260064320754 
-15.285769527340719 -9.007636100507776 
-18.2385632441794 -2.9652852251947315 
-14.568655618808648 -11.519917461989426 
-16.673582893603303 -4.976910972706434 
-15.259179803262587 -9.11820567701124 
-18.648520195354145 -1.081824831710234 
-18.21008491020099 -3.0864975546519684 
-16.923831453898828 -4.113438963657723 
-15.015205176495114 -10.151485523370521 
-16.45313906258756 -6.05221018859574 
-16.703281147729832 -4.80464174071369 
-18.497198144773634 -1.7039874770538808 
-16.040840633450472 -7.569354336247789 
-15.314116644965646 -8.889310763472665 
-15.31436426629456 -8.768696472368715 
-15.439308638713397 -8.365332293638355 
-15.39574908753491 -8.567297810767279 
-15.067500994349134 -9.905425506018519 
-18.447873230090124 -1.9330692864238144 
-16.83231182619837 -4.346334036323675 
-18.30901552530115 -2.6233840354601092 
-18.56609333187548 -1.4001302944914567 
-15.372086346382499 -8.650715122914452 
-18.816400519831355 -0.5311231374385079 
-15.098064488594044 -9.795442522480656 
-16.432789574696073 -6.14587641332559 
-16.792309691783032 -4.458559574016469 
-18.386304478335973 -2.230491901739433 
-15.123701778009536 -9.645834797179617 
-16.405036807251403 -6.275912100851279 
-16.627030290699615 -5.205775302543378 
-14.738994445734717 -11.113191606830936 
-15.038374981145505 -10.044589192383738 
-18.88792599848034 -0.29615183640118825 
-14.626878999024001 -11.389919264236083 
-18.332397836309642 -2.488442073911442 
-16.328535244905055 -6.511597149322792 
-14.958698255217852 -10.377818074375075 
-15.58024028804898 -7.908930869713352 
-18.77638878687887 -0.6577099838382753 
-18.53375476573252 -1.5444812829736687 
-16.368959936512837 -6.4131681137085765 
-16.08509585462447 -7.461394408247257 
-18.418425913558064 -2.075998858777462 
-14.979994360093418 -10.260042948866374 
-14.824017435218583 -10.865008248628694 
-16.602379953262172 -5.323834731198358 
-15.195059692542664 -9.379602228999072 
-18.05954638891331 -3.6816686410860973 
-14.454279923541378 -11.617343980146266 
-15.98418978483054 -7.66915128872299 
-18.12687758004218 -3.450426537682446 
-18.279541535149562 -2.7528325652342556 
-18.73167380096191 -0.7899171402817833 
-16.575175893016322 -5.458165793512885 
-18.603968376980994 -1.2510337616947245 
-14.686193854026211 -11.25317495574381 
-18.679307252684943 -0.9337296367347787 
-18.954979801487273 -0.20812642941593276 
-15.491893513453821 -8.196593123972677 
-15.415735637845511 -8.480266646240668 
-14.782295479340902 -10.98950672702491 
-16.51782257337306 -5.683700849736177 
-16.973708979112075 -3.9985647551823744 
-16.554031360210864 -5.55201786429426 
-18.469566327023202 -1.8332271048666513 
-16.646711981216576 -5.101533196696885 
-16.470578969520723 -5.953102658991364 
-17.939227700536122 -3.869817201803031 
-18.01735952550866 -3.78809108313177 
-18.159508098426667 -3.3155312875066096 
-15.531407892706795 -8.05258609597307 
-18.19012796063715 -3.19071506775022 
-14.864874775233538 -10.727825432342186 
-18.863278170406325 -0.4139066498002005 
-19.994704258653883 0.009795675360500748 
-15.636979829528563 -7.752145607454005 
-15.882120286622435 -7.749012200454116 
