-0.001280156611013728 -1.2726548446795327E-4 -0.8942155607326149 
-1.0782750305071618 -0.049097304251031565 -0.6455765837702738 
-1.0889924221294516 -2.080091621482527E-4 -0.9979838778633492 
-1.05751940145167 -2.165487062771689E-4 -1.0384054764996784 
-1.078157102689558 -0.9148667058329738 -1.0183433230552634 
-1.0740792520395703 -0.8564080644041612 -1.0925714441264915 
-0.5189736199627988 -2.6864334579569627E-4 -1.1015015474115353 
6.92778895941576E-4 4.6608824568708474E-4 -0.4894089729158082 
-7.269064896563515E-4 7.129311515720469E-4 -1.0526905822763946 
-1.0522005285052836 7.064417409041878E-4 -1.0766141684452655 
6.765438592480288E-4 -2.488262574023703E-4 -0.9554753737799536 
-0.9946651992117251 7.79317239215409E-4 -1.0355384530133789 
-1.0803277869400212 -0.9677303852985093 -1.1150361704479503 
-1.0904704375277252 -0.8412789440980614 -1.05622834655736 
-1.0050260247024212 0.004329315747832796 -1.0533359470950665 
-1.082330620205276 7.715922114252675E-4 -0.7087176853248903 
-1.0638597011396183 -1.0048207741828876 -1.0912731139666696 
-0.9380858950241502 6.164151787541142E-4 -0.9922652770778789 
-0.0012763075071544935 -1.5495659436119528E-4 -0.5219369236826388 
-1.008980654266646 8.361203122931425E-4 -0.9107464123742505 
-0.7285318718671123 3.67049538254184E-4 -1.0358628334907432 
-1.0782750305071618 -0.0011314942716739163 -1.0773206959564112 
-1.080306507148342 -0.8122759762717999 -1.0613379893932513 
-9.813169198234626E-5 -2.932085851915237E-4 -0.9684203193143454 
-1.139714379217527 -1.1018669615983139 -1.1370324000681395 
-0.9877505070078669 8.335816354304031E-4 -0.8325201896570343 
-1.0575431206695762 -0.8410024059975286 -1.06157000747906 
9.248474949728779E-4 -4.357325657009794E-5 -0.7249139672137368 
-0.0012800835872664048 -1.1629955001855137E-4 -0.9845439941668049 
-1.0963066379653046 -2.49549709496667E-4 -0.5867643313024583 
-1.0803277869400212 -0.9461125622814603 -1.0731289996345696 
-0.9673667932025045 -1.737559040302007E-4 -0.9848082868799349 
-1.0440966047515117 -0.01195392655912737 -0.7610174966044116 
-0.001276241150374244 -1.935472659523465E-4 -0.812724344217085 
-1.1108674322588517 6.967695619610557E-4 -1.0950872175029418 
-1.0570650026504644 -0.8122759762717999 -1.0612935006828934 
-1.042541981609506 -0.7726021877093783 -1.1338720029852523 
-1.0416543399585916 -0.7626853838970995 -1.0492259698458308 
-1.0782425392927244 -0.7405084412248264 -1.0786491249437762 
-1.0406566597012572 -0.9423630067227207 -1.0729391422660748 
-7.475220021079921E-4 8.02850819234862E-4 -0.8420532640212536 
-0.6945915340794979 4.4615150217339753E-4 -1.0355384530133789 
7.043229436434675E-6 -2.5761815917593636E-4 -0.925909618475464 
-0.0012760031940703498 7.559798511255293E-4 -0.7721353755352215 
-1.0638597011396183 -0.7552491885439806 -1.0912731139666696 
-0.0012801059525933498 4.463401126998289E-4 -0.6283196501534696 
-1.080314296790908 -0.9159549157954651 -1.052599349805691 
-0.9796798133434451 8.314580599609427E-4 -0.984856527584978 
-1.104852031809189 -2.0940147892491387E-4 -0.6534453399011713 
7.560980170440644E-4 6.544288944930173E-4 -0.8787333052063987 
-1.0317369644874643 -0.9041221839799676 -1.0988487470396848 
-0.9987222736651231 -4.357325657009794E-5 -0.98272914824479 
-0.9511438806387285 7.090748410434698E-4 -0.8960331504587539 
-1.0894741797751317 -1.0701100500621257 -1.0868376674300848 
-1.0793030564803427 -0.9451956685356441 -1.055175506732925 
-0.008609978817077812 7.537926380846592E-4 -0.5797498408766841 
-1.14286770200634 -1.091303685837787 -1.0986584626776783 
-0.0012760031940703498 8.325458267058828E-4 -0.9103408362997591 
-0.9950440806130508 -0.04471052034403261 -1.0312291592921379 
-1.0782750305071618 -0.9657994532142622 -1.0906837862105299 
-1.0642307629672683 -0.6231410281874163 -1.0998281286465594 
-1.2959934730673436E-4 -2.0854985463573608E-4 -0.6523205592360912 
7.398416596304183E-4 6.508723520608266E-4 -0.7916235023531699 
-0.9673667932025045 4.4971081301075516E-4 -1.0363249533183794 
-1.0826232435699137 0.0028557869813069514 -1.0957694458443907 
9.724810750125653E-4 -1.727364390577694E-4 -0.8596381145337151 
-1.0641068376568321 -0.9839602264648436 -1.0525678341835782 
-1.0798713377751237 -1.0317034565496637 -1.09069492467043 
-0.9735444922795105 3.67049538254184E-4 -0.8886776552452303 
-1.0798713377751237 -0.8420077561566887 -1.0911829771945638 
-4.25605033855885E-5 8.329254591300877E-4 -1.077604145471181 
-1.1505562303792658 -1.1526281395291265 -1.1366791253034267 
-1.1299804277736938 -2.470529364618155E-4 -1.111358639228477 
-4.25605033855885E-5 8.329254591300877E-4 -1.036015140241739 
-0.0012846148767993576 -3.239735128302314E-4 -0.9423877598038445 
9.724810750125653E-4 -1.727364390577694E-4 -0.6770091036631355 
-0.9676761472452137 8.361203122931425E-4 -0.9107464123742505 
6.914059809232229E-4 7.549376859596493E-4 -0.7506178622526811 
-1.089648361290748 -1.0701100500621257 -1.1365604836482954 
-0.001373529938176514 -0.003912575621858878 -0.7034326189479401 
-1.9521744207248455E-4 6.731630687123705E-4 -0.5510935791175159 
-1.0642307629672683 -0.7123451508857208 -1.0556629935470148 
-1.058854113125341 -0.7346616378797912 -1.0902905900589854 
-1.082561733543172 -1.0526578006912477 -1.0868376674300848 
-1.0352664315342932 8.314580599609427E-4 -0.8788788407787862 
-1.0950257391680425 0.001474842032164339 -0.5599465102829257 
-0.8986959412933007 6.159440467455762E-4 -0.9927723147793137 
7.398416596304183E-4 6.508723520608266E-4 -0.8293654758375963 
-0.9943004572444482 8.246418524682208E-4 -0.8420532640212536 
-0.9331761846403047 -1.957618417112064E-4 -1.0086745432777313 
7.438586239379506E-4 6.447993473948877E-4 -1.1526055922779996 
-7.260481759591912E-5 6.716216205995601E-4 -1.104037141404145 
-3.389103132310117E-4 8.299374559801095E-4 -1.0159072396002196 
-1.0641068376568321 -0.691717755451156 -1.0525678341835782 
-1.2124771002069458E-4 -2.080091621482527E-4 -0.9979838778633492 
-1.0782750305071618 -1.012486210842392 -1.0906837862105299 
-4.25605033855885E-5 8.329254591300877E-4 -0.602400617126405 
-5.5042189225134415E-5 7.064417409041878E-4 -0.0018064970464332086 
-1.0782750305071618 -0.5936362737102419 -1.0773206959564112 
-1.1524285875794114 5.609143672775351E-4 -1.1529542266792452 
