1.9870844553127043E-11 1.0017292907580142 
0.8517853612762925 -0.7723420831864759 
0.8234838765884875 -0.4601047861985069 
0.4542080664557826 -0.1234600064383516 
0.6521068269347113 -0.4567837416903687 
0.6187337360637648 -0.1287487622300302 
0.4103625143071657 0.23011122707053513 
0.25792410226793294 0.24373365546743353 
0.18266335211687143 0.6690740883088384 
0.08189068479421732 0.6716059783910451 
0.62578097178668 -0.24187688483289582 
0.4210034331022019 0.09550899841498535 
0.6231371744492475 -0.20174240308575236 
0.1917459111886739 0.6131819830449866 
0.4157202975598703 0.16081781554787397 
0.41284325923808424 0.19725150506994354 
0.03576394489498397 0.7805731881585266 
0.8263221360598404 -0.5158622116717745 
0.019009406887005163 0.8540228574115424 
0.023905839301652295 0.8313403577159139 
0.07049070183350623 0.6803154762035214 
0.011138921739181296 0.8932566952396561 
0.6393093621452048 -0.399978896163301 
0.43289075975901575 -0.027819443449152815 
0.18522815457457104 0.655181748500534 
0.06263218393876457 0.6945562711956629 
0.014776821230437099 0.8742103142126773 
0.20722963596825728 0.5000761489118665 
0.2042349889033857 0.5227244802097627 
0.6215099346580654 -0.1760732190908719 
0.23925893899772221 0.28725562245935415 
0.2438264850359655 0.2700473724247066 
0.82788564239084 -0.5448971136669937 
0.8397574815747356 -0.7110266091519964 
0.039690044918489986 0.7667812383615672 
0.64389899589278 -0.4284651849766396 
0.24868603744291864 0.25452836324318645 
0.42383143823025454 0.06240313000715041 
0.21460721635251656 0.4439232375560674 
0.4408069097321636 -0.08305396826971055 
0.41841391966404085 0.12606040446278913 
0.028633301594429283 0.8104511642911278 
0.8422031317854926 -0.7335887512546564 
0.4276932285006626 0.02111797098179175 
0.6372462634937639 -0.3833558539162374 
0.8443706362522622 -0.748688780253444 
0.22531912090829154 0.3933341527066162 
0.21192505902711017 0.4642964435127202 
0.6280984189855972 -0.2760656718703756 
0.8360114964992118 -0.6696948388605027 
0.23549414253495848 0.3058508296350847 
0.003319082008415639 0.9456775303671934 
0.43789478931142356 -0.0627388489452019 
0.04996401216211949 0.7306025662560582 
0.4112458890143657 0.2187419491056425 
0.2260155367207087 0.3616809620561277 
0.1966360615098089 0.5792826937040753 
0.6351702429386662 -0.3619575358674679 
0.42517552443861434 0.047638190733708265 
0.2019184321533373 0.5433352632122381 
0.8248744862145433 -0.4862414178023635 
0.2301592035387992 0.3382000192939865 
0.23351086100133156 0.3167829740216245 
0.6450773487882134 -0.4390451473078563 
0.6301909746547625 -0.3052349465061509 
0.057045534768384726 0.7080063099054251 
0.04459340533679995 0.7477965266155351 
0.4485626896526401 -0.11572035848067506 
0.0067179249918923045 0.9192454074241501 
0.007006253246876454 0.9179047648170596 
0.8304451196462401 -0.5871355798537671 
0.2176675084768789 0.4265611197059381 
0.4289066356336299 0.008711700012998161 
0.8481976732451952 -0.7660645526301273 
0.6283241649205651 -0.27889214479688773 
0.22536547290590925 0.36617081545323366 
0.0012934724349325938 0.9680994760684024 
0.8378833633582501 -0.6913031762059757 
0.44515538728808113 -0.09641267288276718 
0.08064709688737462 0.6717665646631419 
0.6496591182844083 -0.4539216221827441 
0.6307806920401844 -0.310859912581093 
0.4305467052313109 -0.006687297229703967 
0.8342436556176179 -0.6447241213730532 
0.43789478931142356 -0.0627388489452019 
0.6324313084885097 -0.3323086630292603 
0.6341264748015789 -0.35197963637628066 
0.25743586648701416 0.2475128922971521 
0.22132698425735495 0.4009551924541734 
0.8245813404304461 -0.4816743425988662 
0.2100869231323885 0.48037387347381577 
0.8343272330374812 -0.6475346626754717 
0.8325180821725057 -0.6199163257502673 
0.23146430109862193 0.3352388298727177 
0.04573648054196125 0.7434134086951676 
0.8292612797139862 -0.5686843247791972 
0.4173916070178799 0.13866878584048972 
0.1944974724038134 0.5950548932473225 
0.19910146428613285 0.5667453157834351 
0.828921574182861 -0.5622558870493634 
