-15.35319168334771 -8.73623015607938 
-15.933655435535481 -7.728374965651599 
-14.758413051770606 -11.085138205008569 
-18.42567231356296 -2.055308481499534 
-19.999926614250832 3.2158289897604416E-4 
-19.999926614250832 3.2158289897604416E-4 
-19.999926614250832 3.2158289897604416E-4 
-16.75999845126877 -4.611559910161262 
-14.80150004551739 -10.95144452223999 
-16.68738393292145 -4.914112268932786 
-14.552877704357867 -11.546769249723479 
-16.565053434011215 -5.514948052956228 
-16.522183959334683 -5.7240757824511554 
-15.436837556117062 -8.412323200808213 
-18.541055786597486 -1.527068233473914 
-16.096712911519973 -7.442402259773796 
-14.964756728764659 -10.355705098533338 
-18.650571582527434 -1.0850035722779936 
-17.961931845727907 -3.8690196881881733 
-15.995540586423218 -7.658712573306957 
-16.163538700795474 -7.244030650917537 
-18.34209750110702 -2.4631755778193125 
-17.998601489810408 -3.82771249542863 
-16.606073080392765 -5.312000386006527 
-14.553697022699154 -11.545692180152137 
-17.966182618333356 -3.8661113154653997 
-18.64186824805649 -1.1176390713135285 
-15.329206594293638 -8.833071514752262 
-15.040855103165216 -10.046259070600968 
-18.49641049274229 -1.7245076046141714 
-18.017531702566835 -3.7936751441115875 
-18.104535216511245 -3.5439361065955586 
-18.2540893014867 -2.895695681175563 
-18.600307874343766 -1.279781843746565 
-15.359020927689704 -8.71291003949172 
-19.999926614250832 3.2158289897604416E-4 
-18.32936561777378 -2.526117225467536 
-16.405114380883326 -6.2766917314488735 
-18.201406256467624 -3.143111515494019 
-19.999926614250832 3.2158289897604416E-4 
-14.486316179632027 -11.60944834843479 
-14.795129344721627 -10.972953743282028 
-15.967501920981142 -7.697862927722168 
-18.063117790926693 -3.679610781773859 
-17.947656278867 -3.874909518470429 
-14.648444711087938 -11.376339823699478 
-18.216750795353654 -3.072805988417235 
-15.287990892348398 -9.002547666485457 
-16.636784740820126 -5.157854385656959 
-14.879543910056597 -10.680990693205219 
-16.431632777140937 -6.154477748025264 
-17.985167389015494 -3.8471178199983234 
-18.29330625557042 -2.704508915673117 
-18.45055099303564 -1.9370372458658884 
-19.999926614250832 3.2158289897604416E-4 
-18.03478893261714 -3.755446277752529 
-19.999926614250832 3.2158289897604416E-4 
-16.003632319132453 -7.645629987276951 
-17.973191812015088 -3.8602391967979957 
-15.252003211026556 -9.153052285484634 
-18.083585631923615 -3.6155925482716302 
-16.178430102330566 -7.194850534680468 
-14.679326579733885 -11.303264735974697 
-19.999926614250832 3.2158289897604416E-4 
-17.955583126556 -3.8723892382975458 
-16.24901209717023 -6.939390869053702 
-16.122720335279425 -7.369651184568893 
-16.217964374932343 -7.055437596227891 
-14.582067304214481 -11.503827591862894 
-14.74971549063201 -11.11336205927695 
-14.614984701389915 -11.445122057231636 
-16.24840473601735 -6.941747715433337 
-14.712094286800252 -11.219755829347456 
-18.163520798673048 -3.3108854571669766 
-18.13400473761672 -3.4325043958911436 
-15.948626202990049 -7.718318934058294 
-16.48103794056943 -5.9216270216577485 
-14.849653508692317 -10.788681367560649 
-16.01918967256489 -7.6182115459964335 
-14.494609365402637 -11.605762661248807 
-18.37433932165129 -2.304661375853995 
-15.171466331228768 -9.494615684411052 
-16.366132312748434 -6.452299077680754 
-14.910557145720517 -10.565618903027302 
-15.144912117676562 -9.607568380154678 
-16.30390821136563 -6.719590551044211 
-16.540696820782195 -5.634230567356109 
-16.336708189252974 -6.578353251182019 
-15.07009365089502 -9.924526773573787 
-15.09183195422162 -9.832607216645936 
-14.984174061492787 -10.277611066323445 
-14.93537726152698 -10.471028645850716 
-15.231302450922346 -9.240317680052058 
-16.06002551178728 -7.5332949919162715 
