-1.0691355593069953 -0.777252969688135 -1.069723375059411 
-1.1431261079952044 -7.358153230122014E-6 -1.1298697516002403 
-1.0968376357289997 -1.04523828917779 -1.1091846703296806 
-0.8564941231602846 -1.259389271306522E-5 -8.021806842137271E-7 
-2.886470601866219E-5 -6.955896860467364E-6 -8.018635586194689E-7 
-2.886470601866219E-5 -6.955896860467364E-6 -8.018635586194689E-7 
-2.886470601866219E-5 -6.955896860467364E-6 -8.018635586194689E-7 
-0.7368740137235663 -1.2444696774930906E-5 -1.0349402104337113 
-1.0995152481375148 -1.0302070171254831 -1.0947984261991524 
-0.8620123855895322 -7.275616639717913E-6 -0.9491602747571876 
-1.133782200833016 -1.1143570644732423 -1.133736589840433 
-0.9352195631533075 -1.213110018711359E-5 -0.9491602747571876 
-0.958169439537771 -6.715015665559319E-6 -0.9521155256154161 
-1.0756398824287314 -0.7222562410793653 -1.0738293342961718 
-0.7884876582613203 -1.2499217552575798E-5 -7.945941958284032E-7 
-1.0864495732159019 -7.275616639717913E-6 -1.0847224698279154 
-1.0844293568041832 -0.9627315776487132 -1.0845764699980707 
-0.7247904604802378 -6.887948119060155E-6 -8.014722596699903E-7 
-1.1395526041855812 -1.1523309066674784E-5 -1.0913962885239832E-6 
-1.1158550127477405 -2.105886745103186E-5 -1.118368337800836 
-1.0658883337025449 -1.4703206693062029E-5 -1.0638545271511388 
-2.886470601866219E-5 -1.1919454375741709E-5 -0.9063146114119803 
-2.886470601866219E-5 -1.4643027326098682E-5 -1.116551436863735 
-0.9075601380285264 -1.5628146940203708E-5 -0.9521773650377235 
-1.133782200833016 -1.1138264739973012 -1.1339900266993044 
-1.136883041344211 -1.218364985096324E-5 -1.2733135746060197E-6 
-0.729816901481986 -1.2595192621844826E-5 -8.021319269080251E-7 
-1.068658501693634 -0.7911987337427195 -1.0691316248064706 
-1.075511225991841 -0.9354932733160314 -1.0738488000493125 
-2.886470601866219E-5 -1.2186153365659158E-5 -0.814669692103162 
-1.1047541935488725 -1.4600565955692168E-5 -7.930461715898499E-7 
-1.0507908528123058 -1.259389271306522E-5 -8.021806842137271E-7 
-0.9593664214091573 -1.2596128808494659E-5 -8.007669507444071E-7 
-0.7539208856984154 -1.2504433789674023E-5 -8.021319269080251E-7 
-1.068822350338278 -0.7726449681394787 -1.0720241773065373 
-2.886470601866219E-5 -6.955896860467364E-6 -8.018635586194689E-7 
-2.886470601866219E-5 -1.2436901666551552E-5 -0.9139512463803701 
-0.987647065682969 -1.5652545535412663E-5 -0.9937461424748372 
-2.886470601866219E-5 -1.2422262550993398E-5 -0.9913589781779875 
-2.886470601866219E-5 -6.955896860467364E-6 -8.018635586194689E-7 
-1.1419174175821676 -1.1403006531933928 -1.1387121407190433 
-1.0996904639648573 -1.0294451598341283 -1.101951993515928 
-1.1248034784130934 -1.2502162006094014E-5 -1.1269642228358863 
-1.0764036788709865 -1.6319383064378738E-5 -8.018635586194689E-7 
-1.148519711690555 -1.6147844127696385E-5 -1.109887108601474E-6 
-1.121774526937324 -1.0797856191405508 -1.1216893474885343 
-0.9820363994267314 -1.2122387886991458E-5 -1.0896226045922064E-6 
-1.068658501693634 -0.8124671494537099 -1.070887626112992 
-0.8700480774976764 -1.570644367096546E-5 -0.9716286595085338 
-1.09323447313335 -0.995413185384813 -1.0937988163422174 
-0.9860233223539216 -1.5455890547123668E-5 -0.9792186790547242 
-1.1249809394767876 -1.259389271306522E-5 -8.021806842137271E-7 
-0.9356671686993142 -1.2185753380394625E-5 -8.019043623019281E-7 
-0.8417526634107928 -1.228924363735555E-5 -8.076966873747341E-7 
-2.886470601866219E-5 -6.955896860467364E-6 -8.018635586194689E-7 
-1.094006485171085 -1.228924363735555E-5 -8.076966873747341E-7 
-2.886470601866219E-5 -6.955896860467364E-6 -8.018635586194689E-7 
-1.1158550127477405 -2.0544751336108433E-5 -1.1133108818392643 
-1.1324865613300847 -1.1468636684881014E-5 -1.0913962885239832E-6 
-1.068822350338278 -0.8323524773347841 -1.0698731046626624 
-2.886470601866219E-5 -1.4703206693062029E-5 -1.0637076895328081 
-1.0607439004108952 -6.97020404489316E-6 -1.059790081842786 
-1.1215852343128754 -1.0687493346750743 -1.113866051035276 
-2.886470601866219E-5 -6.955896860467364E-6 -8.018635586194689E-7 
-1.1435403027972604 -1.2186153365659158E-5 -8.021389979126168E-7 
-1.03670346537372 -1.94060400377965E-5 -1.0402987870462221 
-1.075511225991841 -1.9611958345503228E-5 -1.0795175304028686 
-1.0521792796257974 -8.760864040243915E-6 -1.043951441882085 
-1.129168471649077 -1.1041054697630555 -1.130388470029847 
-1.1049615677764788 -1.04523828917779 -1.1091846703296806 
-1.1270803619763476 -1.0936161281999381 -1.121436419799524 
-1.0370771284302474 -1.94060400377965E-5 -1.0402987870462221 
-1.1081291856350732 -1.0612528257116582 -1.1108115164410908 
-1.0145269153479894 -1.6975807353085352E-5 -8.007352073403171E-7 
-1.0326431935037828 -1.2436901666551552E-5 -8.021389979126168E-7 
-1.13031126946152 -2.0544751336108433E-5 -1.1332849673759418 
-0.962651761172366 -1.570644367096546E-5 -0.9725708502409508 
-1.09323447313335 -1.0102887513544823 -1.0937988163422174 
-1.1116757400176671 -1.2469773998839181E-5 -1.107774175252579 
-1.1432977420562411 -1.131779419729916 -1.1462066741734223 
-0.8870497268137167 -1.2370557868020349E-5 -7.61588644290393E-7 
-1.0690006767968796 -0.8740838750883108 -1.0708479691192707 
-1.004018438684982 -6.732747684936146E-6 -1.001163737437635 
-1.0904843348357391 -0.9865195251337701 -1.0845764699980707 
-1.068826513355592 -0.888587812045261 -1.0698196348198346 
-1.0224798405406774 -1.683256980446143E-5 -1.020794570313578 
-0.9499243085270536 -7.275616639717913E-6 -0.9491602747571876 
-1.0219989378676189 -6.97020404489316E-6 -1.0011993095299334 
-1.0756398824287314 -0.9205726354696452 -1.0738293342961718 
-1.0710348933630396 -0.9138953805004303 -1.070887626112992 
-1.0844293568041832 -0.9529374579322651 -1.0845764699980707 
-1.0846806630696142 -0.9773302802670817 -1.0845764699980707 
-1.0702409241003032 -0.8418183637601644 -1.070887626112992 
-1.0981369083599386 4.688145197489781E-5 -1.0958531154911957 
