-19.999837571067477 6.339029198125506E-4 
-17.983997057566008 -3.84825175009443 
-18.141857989576664 -3.400686859684498 
-15.247894226542607 -9.169776502162122 
-15.940340923109526 -7.726147255380555 
-16.712650887294878 -4.801678160512843 
-15.150355894895117 -9.584184452601427 
-16.563176158051697 -5.524381768020415 
-16.065814458140004 -7.5200076447021456 
-18.010575540408524 -3.807021499064787 
-19.999837571067477 6.339029198125506E-4 
-16.399980292925985 -6.3002982089831345 
-16.504351440167007 -5.810283919635043 
-16.25018328359904 -6.934641088047078 
-14.839076920759364 -10.823646504907817 
-17.975854816824164 -3.8573555980404417 
-18.53900319078227 -1.5355902615776182 
-19.999837571067477 6.339029198125506E-4 
-17.96505561488558 -3.8667245744085315 
-18.214928593798216 -3.080891499178524 
-14.907714302023033 -10.576237152371926 
-18.356404194714376 -2.3925379907568463 
-19.999837571067477 6.339029198125506E-4 
-14.713470518778205 -11.214142768912325 
-16.007005623802847 -7.640007824426556 
-19.999837571067477 6.339029198125506E-4 
-15.186673953908421 -9.429789396016016 
-14.478510196813959 -11.61192708568857 
-15.068563531753991 -9.930787004671625 
-18.2861049973033 -2.7393144830683767 
-14.627140961117378 -11.421464853622076 
-15.144778173142495 -9.60808086246452 
-17.96505564825404 -3.8667242496269925 
-18.243758381041275 -2.9449061017476494 
-17.95558529964905 -3.8721991653078347 
-18.08684208450396 -3.604876844828579 
-18.4827484194497 -1.7866790363260971 
-18.18068916851273 -3.236087793670781 
-17.948487857566306 -3.8745758858603367 
-16.017701733259784 -7.621224847687596 
-14.656026745873369 -11.359073580175338 
-18.141857989576664 -3.400686859684498 
-14.48586646658396 -11.606909145078276 
-16.411442617631916 -6.248005000742515 
-14.565324102258963 -11.529505010711286 
-16.040503466122097 -7.576528183220129 
-14.793590803898855 -10.975838430508057 
-16.563176158051697 -5.524381768020415 
-14.725821560354818 -11.18220321008502 
-14.521028198314866 -11.583502309338037 
-18.312687197737148 -2.608557926314977 
-18.399138148164155 -2.183060060052685 
-15.267690222765086 -9.086009325264943 
-16.17482283808305 -7.206866515987446 
-18.064015972366594 -3.676586190548409 
-15.979366193115006 -7.682513057023698 
-19.999837571067477 6.339029198125506E-4 
-16.463056720542152 -6.00729490115707 
-14.86367650344385 -10.73842560589625 
-17.983997057566008 -3.84825175009443 
-14.687565130969555 -11.283732244622172 
-18.00208180850455 -3.82209253592327 
-14.765888254310667 -11.063128596936295 
-16.275946569237504 -6.830021956762847 
-16.352311514200625 -6.512975735310691 
-14.599427352941458 -11.473730327768404 
-15.005320444471884 -10.191390019778149 
-16.20449538562322 -7.102556861450953 
-15.962544772102689 -7.703863218763878 
-16.524531042888654 -5.711492581100732 
-15.924673417560202 -7.737743051903035 
-18.1094251908579 -3.525875580417884 
-19.999837571067477 6.339029198125506E-4 
-18.02611084583942 -3.7751983293133886 
-16.088940751714226 -7.462777902928298 
-16.124651797825912 -7.364177301243934 
-15.31741142890297 -8.880781115091832 
-16.25018328359904 -6.934641088047078 
-15.028181186888496 -10.097771971908852 
-18.044096221287962 -3.7319507461889785 
-14.548702145428747 -11.552136460950226 
-15.356210903512 -8.724058842916884 
-18.44635462644429 -1.9564456084364124 
-16.310177262706617 -6.693598470731938 
-16.14892761891295 -7.290622056421841 
-14.933473200972806 -10.478392825057462 
-14.905447794188818 -10.58482617614037 
-15.104819607764526 -9.778102246761295 
-14.971313515884344 -10.329271091644525 
