-3.5704962898521966E-5 1.4460779521325777E-6 -4.545757106888537E-5 
-1.1256726022166157 2.3361906865567345E-6 -4.545757106888537E-5 
-3.5704962898521966E-5 2.3635792774557213E-6 -1.0277894746755651 
-1.0737280178167259 -0.8304620767463614 -1.0713134792061878 
-1.1347232657416195 1.5000408227136184E-6 -1.1340688808841086 
-0.9886368800199472 1.4539065998089364E-6 -0.8086458977783615 
-1.0743075141083755 -0.883467375400032 -1.0681489589077373 
-0.947464861756377 1.4539065998089364E-6 -0.9380430368176738 
-1.097097907702064 1.7064732239569215E-6 -1.093288663780272 
-3.5704962898521966E-5 1.481570986111442E-6 -1.1090677985191673 
-3.5704962898521966E-5 1.4460779521325777E-6 -4.545757106888537E-5 
-0.9902531238986007 2.3744218412532955E-6 -0.9942690862475242 
-0.9590204310726139 2.3511566124422768E-6 -0.9620620691991371 
-1.0420157250064241 2.3346122861667617E-6 -1.0342681347571765 
-1.0917769884940176 -1.0113692840071957 -1.1029486265241752 
-1.130774291362128 1.4816048512466194E-6 -4.545757106888537E-5 
-3.5706228198359995E-5 1.4230767285926421E-6 -0.7896622236585544 
-3.5704962898521966E-5 1.4460779521325777E-6 -4.545757106888537E-5 
-3.571427524896116E-5 2.3352709062710442E-6 -1.137560902144475 
-3.571405058479051E-5 1.4452871408073256E-6 -0.983116658765696 
-1.0923364623377447 -0.9859381473075413 -1.08635096475811 
-3.5722792434901993E-5 1.4477278664291494E-6 -0.897741609619056 
-3.5704962898521966E-5 1.4460779521325777E-6 -4.545757106888537E-5 
-1.1188007755966707 -1.0561154732228022 -1.10862708494289 
-1.1152498398909747 2.342475933991887E-6 -1.111808708728498 
-3.5704962898521966E-5 1.4460779521325777E-6 -4.545757106888537E-5 
-1.071614402613509 -0.8642126930376067 -1.0713560672223785 
-1.1362205298936234 -1.1428471056287055 -1.1469302373574348 
-1.0728417075174634 -0.9230183601591047 -1.0737675727133118 
-0.9399704552200189 2.3645602757978544E-6 -4.545757106888537E-5 
-1.120531178057455 -1.0900384971506958 -1.1233478316073746 
-1.0743075141083755 -0.883467375400032 -1.0729218129341953 
-3.569480203515817E-5 2.376982116498097E-6 -1.137560902144475 
-3.5704962898521966E-5 2.339142297400543E-6 -0.9656002902694503 
-3.57231071390471E-5 1.4982814012145972E-6 -1.1435093456453342 
-3.5706228198359995E-5 1.4230767285926421E-6 -1.0616897425662126 
-0.8226992895202458 2.3394701056361837E-6 -4.545757106888537E-5 
-3.569480203515817E-5 2.376982116498097E-6 -1.0039997482001555 
-3.57049664584115E-5 2.33882000150791E-6 -1.1479719287149643 
-1.1109987749913743 2.342475933991887E-6 -1.109379401610376 
-1.121171785620067 -1.0763934775100432 -1.1216357261846397 
-3.5704962898521966E-5 2.3635792774557213E-6 -1.0277894746755651 
-1.1367014369785617 -1.1428471056287055 -1.139264148821267 
-0.9890665158390174 1.7057553713108908E-6 -0.9884681163658802 
-1.1322129781881194 -1.1097284047747946 -1.132413142146669 
-1.1032042111960232 2.557588778874326E-6 -1.1029486265241752 
-1.0931600775743286 -1.0350345240709822 -1.0994030393683034 
-0.947464861756377 1.4539065998089364E-6 -0.9380430368176738 
-1.1072299317959935 -1.0561154732228022 -1.10862708494289 
-1.1414032434284973 -1.1232944412173063 -1.139264148821267 
-3.570616974808597E-5 2.3952407436301998E-6 -0.9239677861610536 
-3.5704962898521966E-5 1.4812976705187384E-6 -0.8722374225821502 
-1.0635370376034736 -0.8304659579758685 -1.0650657447263308 
-1.0631807735713694 2.394890245634847E-6 -1.0595837338610847 
-1.0758105599189747 2.3394701056361837E-6 -4.545757106888537E-5 
-1.1204340863670503 2.3349945803861106E-6 -1.1239064816133975 
-3.5704962898521966E-5 1.4460779521325777E-6 -4.545757106888537E-5 
-0.9762202159755674 1.4447442717151386E-6 -0.9699156669843003 
-1.0917083107561023 -1.0026255265983517 -1.0965990055820005 
-1.1256726022166157 2.3361906865567345E-6 -4.545757106888537E-5 
-1.1145125254119248 -1.0697232091524227 -1.1113023094693044 
-3.5704962898521966E-5 1.4460779521325777E-6 -1.1143721397059472 
-1.1093308861940439 -1.0352032306785404 -1.10862708494289 
-1.0416256692099852 1.2991305664783848E-6 -1.018839553263782 
-1.0035921544883655 2.976582044874914E-6 -1.0100400161305605 
-1.1243942028363783 -1.1010180834388612 -1.1245590974935047 
-1.0860259642582795 -0.9434318037408611 -1.0808714337369818 
-1.044718427681716 2.352686183975861E-6 -1.0597286062817977 
-1.1280831713966855 2.337795035105734E-6 -1.1267893859827807 
-0.9417886115133771 2.317417743231385E-6 -0.967106105863635 
-1.13856849623971 2.7242801940181518E-6 -1.140057412973304 
-3.571429472655716E-5 2.3412520888264896E-6 -1.0477463851854134 
-3.5704962898521966E-5 1.4460779521325777E-6 -4.545757106888537E-5 
-3.570496642178442E-5 2.33889995422161E-6 -1.0993804709994934 
-1.0863699791240105 3.0775613036703714E-6 -1.0896320271715527 
-1.0788842433152017 1.4931026230485522E-6 -1.07494658232725 
-1.0727939287427204 -0.7917398284633654 -1.0737675727133118 
-1.0420157250064241 2.3346122861667617E-6 -1.0342681347571765 
-1.0742634649195983 -0.9434318037408611 -1.072408305125054 
-3.570535148295391E-5 2.339030732384147E-6 -1.0881888146094159 
-1.1362292408059849 -1.114606767662781 -1.1348212711778156 
-1.073890098808514 -0.772377489972432 -1.0695979253329397 
-3.569480203515817E-5 2.376982116498097E-6 -0.8442083954360798 
-1.020310825654381 1.4793514097685136E-6 -1.0191191317016866 
-1.0714958728506487 2.342475933991887E-6 -1.0672912850290261 
-1.086346529796732 -0.9762574953360578 -1.086556349938888 
-1.0923364623377447 -0.9869574542157253 -1.086556349938888 
-1.0743099485715693 -0.9042765273785449 -1.0726453928369306 
-1.0825046556129065 -0.9593974128191659 -1.086556349938888 
