0.19652908807555047 0.5781391904539978 
0.8469272474050927 -0.7631856928057422 
0.06626378330367111 0.6849230836439928 
0.07913393535258378 0.6705832633439014 
0.04112811344464605 0.7578096515466232 
0.42189308544254567 0.08274967287557079 
0.24442440204637964 0.26504252382895 
0.8419156347027482 -0.7323969828922037 
0.07775152606931762 0.6712477065062097 
0.8493717641914404 -0.7707446466804289 
0.8403574401580012 -0.718745107984681 
0.43844700651257584 -0.07194161553115459 
0.25600023503043656 0.24266762916704498 
0.436136337442096 -0.055749074292239444 
0.02172539299587084 0.8390125603535789 
0.0263651581841787 0.8183420576574303 
0.03552727639136127 0.7797358446513951 
0.838326051334743 -0.698083433548795 
0.22687321021932827 0.3542309905372195 
0.44184923226747497 -0.09205868811824353 
0.24154905688560852 0.27551499659578127 
0.20700899862222855 0.49988556057834516 
0.23820223950683278 0.2900297543588137 
0.2567101530151533 0.24240658990949338 
0.2545586161395579 0.2436036965067865 
0.07126866070573999 0.67722202152241 
0.24790055744710493 0.25484985522946224 
0.8361538471790189 -0.6726063017962164 
0.6460584950310584 -0.444782876328656 
0.21238923518762032 0.45868613535630604 
0.6302400477926622 -0.3064409906251421 
0.2498601736962882 0.25036439182508247 
0.6321951513390575 -0.3308676571750675 
0.648116203476857 -0.4519405780518021 
0.6409451286098174 -0.41566603449305617 
0.0802071560233883 0.6701962181731717 
0.08013331122980308 0.6702145735980776 
0.6500853805903256 -0.4562905782355204 
0.06181933477587449 0.6939211592116357 
0.8487116597970368 -0.7692028150543119 
0.43381587286461154 -0.03748346083986872 
0.8361538471790189 -0.6726063017962164 
0.42730621415819003 0.02320030522084658 
0.23342781414009775 0.3144565221286581 
0.6347387629564789 -0.35975866850372507 
0.22958535389323215 0.33704377663398843 
0.2532648219578383 0.24492669478977155 
0.2195666791642188 0.4048827940438881 
0.850951165888276 -0.7729609112647011 
0.07346244417527248 0.6747059902886843 
0.07619747278941841 0.672278860145069 
0.0495028261104315 0.7281429789557695 
0.004749316789242342 0.9305430275289047 
0.018001361262422744 0.856303866081124 
0.06895596399701286 0.6804611295742008 
0.04601603640730348 0.7399687187889336 
0.448160221788681 -0.11677745004215676 
0.45282869551658345 -0.12388440753811988 
0.031228281243613615 0.797467465399328 
0.053653952336488286 0.7151780320808097 
0.22314820951865327 0.3793763101217064 
0.8514469429462135 -0.7732332514118319 
0.6440118823618943 -0.4350524525434486 
0.8452905949761639 -0.7553649727158133 
0.008747956225311996 0.9042593607025291 
0.8432132664755446 -0.7423226621012609 
0.2545586161395579 0.2436036965067865 
0.002177412741745325 0.9533140067883745 
0.8510351620841279 -0.7730281508647778 
0.06329465870277326 0.6907214304984228 
0.6381721150610358 -0.3933781668504125 
0.01211300293219357 0.8855994511246372 
0.4522605349161757 -0.12354695779883557 
0.2159109624402001 0.43193866762860644 
0.651583389628126 -0.45787998004548314 
0.650912346088821 -0.4573386311253829 
0.650306249240814 -0.45659162439897744 
0.25206713007058057 0.24653565085370446 
0.05688458024422993 0.7060924754167364 
0.42998217876740746 -0.003353801552101987 
0.4232812980112022 0.06680949711571532 
0.25702012785237616 0.24233218361341669 
0.8476228929242632 -0.7658587069825287 
0.850099583526066 -0.7720349467779272 
0.4513318810943716 -0.12266295932136453 
0.4400565081328555 -0.08200722497542277 
0.6375771360288589 -0.3880130086221861 
0.4454582340506612 -0.10826149988033518 
0.44444948410022966 -0.10428835471622992 
0.4475896298456181 -0.11524047698292889 
0.4507661424808332 -0.12195659441330212 
0.6434542289519221 -0.4319366056969644 
0.23548680161502594 0.30345085272858374 
0.6488927887899913 -0.45392893224255876 
0.647187854744167 -0.449040877354586 
0.4535033621229213 -0.12407429380447225 
0.44958110861705797 -0.11994168142860008 
0.24558478826459038 0.26130853834822937 
0.6519742370739545 -0.4580491938260436 
