-14.58166122266045 -11.503039521398087 
-16.16069432418464 -7.252487835046262 
-16.077253680981528 -7.4924736499057865 
-16.440619629706333 -6.112841968721488 
-17.950518936033674 -3.873394126182485 
-19.998762103829367 0.0030538934099721823 
-14.977455021626525 -10.297254104331891 
-14.779931476549386 -11.021124729788145 
-19.998762103829367 0.0030538934099721823 
-16.007339998504463 -7.639479353670037 
-18.05969747646124 -3.6881863129449384 
-15.32463318827793 -8.851650730627952 
-16.07959888833926 -7.4865271781897995 
-15.940628885800505 -7.725849160358246 
-15.32819691955956 -8.837072469004067 
-18.59058554510095 -1.317246084318427 
-17.97355768317385 -3.8589532070554267 
-16.389235379059357 -6.34856744483565 
-18.47464326884844 -1.8227094544921603 
-16.243545902473244 -6.9602529372803446 
-16.220175711932917 -7.0480091253708 
-16.474780875035847 -5.949535922405465 
-18.540215213278522 -1.5288928126373413 
-16.314159580105187 -6.676903091949303 
-17.99821174704434 -3.8275247757666992 
-14.493603783046447 -11.60677976206838 
-14.950149836070148 -10.412855858701091 
-18.321808546293482 -2.5619636175988445 
-15.93574758763102 -7.729721292661068 
-18.393944696726518 -2.206684907216257 
-18.101129352536645 -3.554495320079852 
-18.217184904382485 -3.0689283191603054 
-18.444596068058484 -1.9632060064341899 
-14.525936587742382 -11.578328027847503 
-14.58166122266045 -11.503039521398087 
-16.56360120425701 -5.522310362302088 
-18.284480324634075 -2.7459090236088457 
-18.01647555667033 -3.79463249570432 
-17.958474250537453 -3.870162885234864 
-17.95080095299734 -3.873309057383867 
-18.130434978022773 -3.4448906234642958 
-18.665359703539124 -1.0286252995516725 
-18.07878354338346 -3.6300316031457593 
-16.609190052607808 -5.29801203593937 
-14.87893341072988 -10.683686411757222 
-16.184397970154304 -7.17458127984856 
-18.242559888991266 -2.9491403365145596 
-18.15811082996359 -3.332142990421497 
-14.712913917043622 -11.215758306030802 
-14.842741216210982 -10.812624640079193 
-15.15931755373488 -9.546361740677662 
-16.134593834455863 -7.334807925692706 
-18.19089773821546 -3.189192435792956 
-15.198316609669789 -9.380144431725357 
-14.779923573534257 -11.02114919706558 
-15.986112131460473 -7.67310437080295 
-18.04117415645766 -3.738370983413386 
-16.34986190568017 -6.523743704659537 
-15.231915262089116 -9.23776829993892 
-18.006088853736173 -3.814229834294388 
-14.552321260886973 -11.547363955987612 
-16.04852588191047 -7.559025916801515 
-16.504886794531213 -5.807356686103978 
-17.972098781022048 -3.8603129667831206 
-15.01888184721612 -10.137167817575621 
-17.9934246954097 -3.8348387529226446 
-16.279036359156116 -6.82136026966363 
-15.954537597553022 -7.712672401317726 
-16.389726238870935 -6.3463759429156035 
-14.680757733882976 -11.299556174195597 
-18.59720689120511 -1.2904996031078597 
-18.359539569849566 -2.3771095924587 
-14.493603783046447 -11.60677976206838 
-16.533315427024498 -5.6701438766676695 
-16.007339998504463 -7.639479353670037 
-15.11856558476521 -9.719573308991997 
-15.090484840169298 -9.838433836925818 
-14.598672894797254 -11.475434423854523 
-14.90802135127652 -10.575228184067981 
-15.057213076358398 -9.97774399739807 
-15.277029985825948 -9.048192996525287 
-14.751661584812386 -11.107562236478753 
-14.815337334496684 -10.905732314294927 
-16.113628545964033 -7.395984174749831 
-14.461610486852287 -11.621426356844193 
-17.95080095299734 -3.873309057383867 
-14.633472844571195 -11.4085348396731 
