-18.222729117496854 -3.0447716615753957 
-14.501840333608133 -11.600454386097327 
-14.767450665916062 -11.06018886587401 
-16.381101829911167 -6.38480482730543 
-18.000041125714105 -3.8256356824074125 
-16.136731992783687 -7.328294521589635 
-17.974306719984746 -3.8588513653614496 
-18.322745544629697 -2.5587820847711082 
-18.222350408989033 -3.046545581765112 
-18.41704816230624 -2.0961101945213096 
-16.456206563547553 -6.038396417828318 
-18.070880361905743 -3.656120605513176 
-18.118872735266216 -3.4908630961249347 
-14.644266584125468 -11.385380575489997 
-15.983745400792394 -7.675526138766477 
-16.07301400127387 -7.502602013578288 
-18.64633468895102 -1.100675311355607 
-18.051604160123972 -3.7122215063980915 
-17.94902424972862 -3.874598002216928 
-18.17717179948069 -3.2517869101994314 
-18.57228889662341 -1.394267678726562 
-18.265907805291725 -2.8384004103957072 
-14.768994692664538 -11.055416259148178 
-15.350284861852806 -8.747406236673122 
-19.999844466524628 5.804017597250007E-4 
-14.557723584432775 -11.539903850076092 
-14.839356823171087 -10.821726177213868 
-16.415259222914628 -6.22962956804192 
-14.508516629292512 -11.59454378621614 
-15.240737671191098 -9.200158725384624 
-18.037007092820765 -3.749946759375771 
-18.44832953329557 -1.9468197749371765 
-18.370065726818602 -2.3250663274843046 
-18.41704816230624 -2.0961101945213096 
-18.22130794334623 -3.051424702633652 
-18.011958264786323 -3.804547477102851 
-17.983679836780045 -3.8488937445769764 
-18.118872735266216 -3.4908630961249347 
-15.089090891203892 -9.844451444825134 
-17.958506266189946 -3.8706643193640247 
-15.161654936163794 -9.535738889875685 
-16.59037276091115 -5.389159198140758 
-15.338584896798881 -8.794658390657185 
-16.180673227532097 -7.1870760038662596 
-14.684034942965848 -11.292859791937861 
-16.340242913014585 -6.565051765502699 
-16.26450589585232 -6.877842001478945 
-16.09575083305281 -7.444544908131478 
-16.62388828163933 -5.223637973955226 
-15.956735010261442 -7.710093605266129 
-18.089297895516147 -3.5968267951854678 
-18.322745544629697 -2.5587820847711082 
-18.00473058530999 -3.817741029269552 
-16.224133258645224 -7.03253305515301 
-17.952163022468582 -3.873667534324806 
-16.491519757486106 -5.870616597417744 
-14.954636843646469 -10.395743817238884 
-15.93299160334001 -7.731874050460105 
-15.010778363554474 -10.169934274148432 
-14.468128127592655 -11.620266416958959 
-16.53833973062644 -5.644605999192153 
-16.01038371089387 -7.634201838865673 
-18.13856182670598 -3.4141017025278964 
-16.07301400127387 -7.502602013578288 
-14.816187649888079 -10.902796628797983 
-15.117528359120161 -9.724150473382224 
-15.19692953326929 -9.386174957464679 
-14.869680521736154 -10.717241600537502 
-16.467012005753094 -5.988148370463441 
-17.972499853213016 -3.860817601082423 
-14.71897009921453 -11.201205036425634 
-16.203085956179073 -7.1092687732331346 
-14.580445549187639 -11.506130676159351 
-18.50977899659528 -1.6641131197738275 
-16.381101829911167 -6.38480482730543 
-15.057307201491357 -9.977797034812227 
-16.305653105255473 -6.712191524765639 
-15.285858219775577 -9.010991641659409 
-16.036850209137796 -7.583677154750809 
-14.990812306520649 -10.251242376901324 
-16.136731992783687 -7.328294521589635 
-14.551727782480466 -11.547484207480121 
-14.918285262899495 -10.535328942719016 
-14.623282274773985 -11.428241198205619 
-15.983745400792394 -7.675526138766477 
