1.515494794444249E-6 -1.9062266990958186E-5 -0.9783913923608367 
-1.1421816546776304 -1.1294896296165913 -1.1448365309636597 
-1.102550366783769 -1.0403389912870438 -1.104320561677617 
-0.996867152149431 1.482146928233859E-4 -0.9991723976275119 
1.3782789232771482E-6 -1.7805413045905858E-5 -1.115669729780442 
-1.0740496902085055 -8.611087177910754E-6 -1.0722915640291184 
1.5706640647288754E-6 -4.966589344576898E-5 -1.1317395849007892 
1.440919529776501E-6 -4.074076406004915E-5 -0.9179155140769314 
1.5148237756664356E-6 -1.9062266990958186E-5 -0.9786216781750491 
1.5039487544618212E-6 -5.199330106359951E-5 -0.861567705645438 
-0.9847142319241655 -1.9062266990958186E-5 -0.9655997239724001 
2.634044527158628E-6 -2.6638000070353484E-5 -1.071579463664901 
2.634044527158628E-6 -2.6638000070353484E-5 -1.0419359006864608 
-1.1184952642964057 -1.0826862766916054 -1.123335850076877 
-1.1187287227752127 1.4101497654859008E-4 -1.122871919321639 
-1.0930359993038872 -5.1402993271937796E-5 -1.0928695682851972 
1.5485663961880931E-6 -1.9815005432245737E-5 -0.727224998883027 
1.3703298553974952E-6 -1.7805413045905858E-5 -1.083546554761569 
1.1508541520061302E-6 -1.6548992057033193E-5 -1.1476586694990591 
1.5485663961880931E-6 -2.0914545211815843E-5 -1.0061680928815915 
1.7928544583727089E-6 -2.2343049389092394E-5 -0.7702254197082616 
1.3777833441303614E-6 -1.7805413045905858E-5 -0.9522060470012954 
-1.102550366783769 -1.0403389912870438 -1.102883636456108 
-1.0660304620745171 -0.7790836710947451 -1.0725041312184422 
1.1456100766438319E-6 -1.6663797736160224E-5 5.874632653224152E-5 
-1.133397739862003 -1.1137719703261475 -1.1306018431044944 
-1.1014566432081414 -1.006594411753172 -1.1017850192140655 
-0.9940872262144378 -2.0168661441683035E-5 -0.9811304761758007 
-1.137103648117287 -1.1294896296165913 -1.1434381657328472 
-1.071516312351099 -0.8349466049960454 -1.0725041312184422 
1.5486093537402632E-6 -2.2186913870439657E-5 -1.0926139830233714 
1.9519529375506095E-6 -5.53457878941078E-5 -0.8430162449973463 
1.3156213907464482E-6 -4.810255978110251E-5 -0.8895592873491702 
1.5039487544618212E-6 -5.199330106359951E-5 -0.861567705645438 
1.515494794444249E-6 -1.9062266990958186E-5 -0.9792556372774641 
1.5486093537402632E-6 -2.2186913870439657E-5 -1.1082216617551977 
1.3782789232771482E-6 -1.7805413045905858E-5 -1.1259059079314622 
2.634044527158628E-6 -2.6638000070353484E-5 -1.0419359006864608 
-1.0748045290911812 -0.9128119431211447 -1.0713497343089613 
1.264359660098565E-6 -5.381480967798855E-5 -1.1416511904011353 
-1.0748805959068075 -0.8736070590008183 -1.0740908603358075 
-0.9141557570851624 -1.9899960963756032E-5 -0.9550247619557213 
-1.071312241209311 -0.7801355730532371 -1.0751227596067003 
-1.061303635766596 -1.9356115165120816E-5 -1.057844503814702 
-1.116613796050725 -1.0682979903792176 -1.1152668880448184 
-1.0147038307617104 -3.270194771340375E-5 -1.0063128693419483 
-1.0310015777574182 -2.332152059834137E-4 -1.0364707898180272 
-1.088538439310988 -2.1367180878708218E-5 -1.0832325659866402 
-0.8940765658491718 -1.9899960963756032E-5 -0.9550247619557213 
-1.1279454507410325 -1.9835694704770502E-5 -1.130567650228932 
1.5510501244821955E-6 -2.2186913870439657E-5 -1.060188267473733 
1.440919529776501E-6 -4.074076406004915E-5 -0.9179155140769314 
1.515494794444249E-6 -1.9062266990958186E-5 -1.112738125612604 
-1.047896328179731 1.4439001412527904E-4 -1.0444285782067404 
1.3777833441303614E-6 -1.7805413045905858E-5 -1.1456831575466477 
-0.9749928041187884 -1.7134946039149175E-5 -0.9538892521443281 
-1.0814864499971113 -0.9698504992507266 -1.0838862908019247 
-1.1362106859870853 -1.9899960963756032E-5 -1.1371930663562084 
-1.0768823437439552 -0.9446278793161214 -1.0830998100761897 
-1.1444158904056547 -1.1438856828001633 -1.146809724771507 
-0.9576752168832311 1.2912291070068898E-4 -0.9428454420760842 
-1.1120235349100673 -1.9997679953207283E-5 -1.1129243041101995 
1.5785329603259556E-6 -2.7382395411885637E-5 -1.0298243405073064 
-1.0930359993038872 -5.1402993271937796E-5 -1.0928695682851972 
-1.1014566432081414 -1.0182848393341568 -1.1015185676339623 
-1.0744717015065697 -0.8975036219012997 -1.0728716333071708 
-1.0714685869158382 -0.8596010728004908 -1.0702584199877507 
-1.0930359993038872 -1.000945511544781 -1.0928739841153647 
-0.9749928041187884 -6.58567786735125E-5 -0.9687408081793882 
1.3777833441303614E-6 -1.7805413045905858E-5 -1.13291255716705 
-1.107934031036096 -1.0580778690145725 -1.110610520989502 
-1.0503508957463206 -2.5187670608361323E-5 -1.0549557472299882 
-1.1272140939819784 -1.1062039676765174 -1.129790929921463 
1.5706640647288754E-6 -4.966589344576898E-5 -0.8067872095759376 
-0.996867152149431 1.482146928233859E-4 -0.9991723976275119 
-1.074472901526795 -0.9283135796981443 -1.0728716333071708 
-1.0186488018101278 -1.752645082683796E-5 -1.0235564981110892 
-1.0660304620745171 -0.8142834005833541 -1.0725041312184422 
-1.1040625186210173 -6.443729694570989E-5 -1.1043680962907452 
-1.0814864499971113 -0.9516494804509493 -1.0838862908019247 
-1.0740496902085055 -8.611087177910754E-6 -1.0722915640291184 
-1.132684502948428 -1.1170683739315392 -1.1306018431044944 
-1.0814864499971113 -0.9879948985081873 -1.0838862908019247 
-1.1280449702693405 -1.086644127910001 -1.1260765203300966 
-1.1187287227752127 1.4101497654859008E-4 -1.122871919321639 
