0.8849143901624736 0.010922024498163374 
0.51209064191556 1.437909946005428 
0.5371609032127933 1.2124441910620807 
0.923173333596675 0.0012964823446840845 
0.5562439020770245 1.0121295909905497 
0.6999083591164381 1.7001343610711928E-8 
0.41704267178566823 2.252828301431365 
0.8515927788598074 1.3904193232916863E-4 
0.7951302828924267 5.58735401834376E-8 
0.4856379847001175 1.6340617035061866 
0.678186938707344 0.0021910712550679 
0.5460049232500271 1.0888849712390773 
0.45339726196959923 1.930342636369695 
0.5405648590018987 1.1415158186351035 
0.6603092721496635 0.06396287078451601 
0.4834082086309238 1.6627474803120603 
0.6405110915088259 0.24268702145833873 
0.5217027712978681 1.305878288939185 
0.40805606368147196 2.3718036429124543 
0.6478038579473098 0.17111581950328586 
0.415399529776991 2.2658382532895027 
0.565185737665333 0.9154150311449462 
0.5602323373041734 0.9713205035569752 
0.5384929393512201 1.182074728219325 
0.44525606878646334 2.029233020943487 
0.5489042320756418 1.062681586283019 
0.41146827893533205 2.297108906116994 
0.6044705729575545 0.5612639445577523 
0.49564488353795116 1.5752950666633656 
0.6565637984670228 0.11446816014616246 
0.4102822380035645 2.3200423090034867 
0.6317591524641841 0.3568883962805058 
0.584545747182773 0.7544586314204434 
0.7643779928649543 1.670718447475167E-4 
0.4134687942583943 2.282391874023462 
0.4900151885052497 1.6117995920313706 
0.7320564340688823 0.0023189012800078346 
0.5633623364808873 0.9525747332876551 
0.41850332560148573 2.2335074841873066 
0.4500908707623389 1.9604236217273643 
0.579627489740525 0.7872259209429318 
0.8239512692124671 1.3228272604526303E-6 
0.44108788924198694 2.0314908614844467 
0.42345299737292624 2.1912204737783654 
0.473645656202396 1.7396382779910122 
0.6374761929022749 0.2716198701060241 
0.5164278276403798 1.3587321523906404 
0.5697347042989865 0.8845666582328205 
0.5006173383903535 1.4954263585769576 
0.6124693297802183 0.4894639270448085 
0.42868974883665023 2.190195934276722 
0.46084433585151824 1.8991315764601924 
0.46571680819399763 1.8240589145421533 
0.5572046843582124 0.9889505229615938 
0.999999998739681 1.0902029333546143E-12 
0.44673466438787285 1.9895797244490387 
0.5940224604660793 0.662212768153839 
0.4988239414606658 1.5204885274617295 
0.45527321196175236 1.9034326864358662 
0.5529658430712551 1.0345445507617461 
0.40238810570513794 2.3847216390282204 
0.4763994667046692 1.716251680701359 
0.5882952529027526 0.7235014190143626 
0.609271008515467 0.5204722658268117 
0.4000063091570588 2.4083847177910735 
0.5129005074818818 1.3906981079563807 
0.6178401815061665 0.4573258101649843 
0.3921522980380261 2.479960076626151 
0.4790215473707269 1.6918616983449963 
0.3954838835891604 2.4508702794909265 
0.40931110512733876 2.3481833262136798 
0.6004912121339387 0.6440429024476437 
0.47215389523804463 1.770501618765787 
0.46913348324420096 1.7779239781313858 
0.3985453376658125 2.4356248078714087 
0.6211510836789509 0.412454410393423 
0.5053370401706374 1.4697578698512035 
0.3893428098014837 2.500774174007983 
0.43931157282476685 2.0790840987411494 
0.46745469484488456 1.794773409434673 
0.6433821089872435 0.20966457396208774 
0.4350113034967422 2.087344516256449 
0.4964617632615416 1.5415751366440067 
0.3932707722087072 2.461422498157176 
0.5735575680535667 0.8404671777521833 
0.42894016529519224 2.1516773202029973 
0.6648170642581315 0.01989018109653845 
0.5246997635083667 1.2790928364414262 
0.4618080519626772 1.8495229476636652 
0.42007658544842025 2.2240472777117564 
0.4213980638254776 2.2109637157219297 
0.5447094303773612 1.1285639856841816 
0.6510604520471344 0.14436942388669088 
0.49110074972086254 1.5804003653583114 
0.4307377118184274 2.129118589761828 
0.5190817689153444 1.3363432861655236 
0.4041522754425926 2.3646109179267754 
0.5319617492936966 1.2124441910620807 
0.5290383459321634 1.2524776014105499 
0.43237718708061534 2.10863120022446 
