0.4309822006967424 7.2640295777765775 
0.658390352704461 1.6461028195424365 
0.48485021069363404 5.443344571294589 
0.7312685922103095 1.3742244585630758 
0.4159183218634526 7.837512613336086 
0.47000365033478236 5.928512502355247 
0.5857227120759889 2.9730400768301544 
0.4051736196030297 8.283203760811585 
0.509673003760313 4.802889000282786 
0.9574749200967965 1.045356313646383 
0.46486143451053297 6.063941091145756 
0.789129661577657 1.267218873062965 
0.5772036070772179 3.1343282833425445 
0.5425444005423954 3.952130919968829 
0.4072041992204646 8.198193730818145 
0.4676341300363339 5.996576303601778 
0.7602614559973806 1.3153636624333134 
0.49870789679971966 5.126204347355869 
0.5270571557763957 4.325784493049688 
0.9999992923242381 1.0000007076940347 
0.4398764091395145 6.936013494650045 
0.6675524102248547 1.4980097256800344 
0.47487492119574143 5.755848771678765 
0.567614657509767 3.332564441644419 
0.6459490044140578 1.8797503897386212 
0.413884468736863 7.9884168245864995 
0.6293381886963384 2.142405783050142 
0.3944010704416868 8.75844568189504 
0.4816588041173544 5.56986806416413 
0.6625060822942591 1.5672242839087684 
0.5809478587073305 3.080193795770851 
0.7025084465893482 1.434915600196819 
0.4042188156333796 8.331204933685012 
0.45430226515683353 6.510407653168824 
0.8667713666690394 1.1538210618792173 
0.8419386604143557 1.1945707867195663 
0.6133896915990669 2.4258259301746112 
0.6239365805847154 2.2323589569722055 
0.6016225857339863 2.7777775069558803 
0.43615221891343875 7.072816286375065 
0.42879710746536054 7.465408112099792 
0.4295296932497428 7.3647310616188 
0.4920085981798129 5.297253726561665 
0.41047982709978814 8.09072444718092 
0.6024956515570186 2.624330620097732 
0.4351584308925148 7.142759125632 
0.4171248803121204 7.791470598954682 
0.4940391703326318 5.186575241465741 
0.6539357540349912 1.7191158733092136 
0.6088615590721821 2.496952534076867 
0.9275187175094787 1.0793054845758274 
0.41428777442564313 7.8971407673529805 
0.5434872640961512 3.903804994483866 
0.6496021357889658 1.780958184993967 
0.48415973330072715 5.5098910924060975 
0.5347354783588105 4.135620413741032 
0.5566864644365364 3.580380029998976 
0.5306058624517229 4.2183294327601955 
0.5021447332197999 5.077852448032055 
0.8974237528157464 1.1143007936468494 
0.6402700081549827 1.9804849940900184 
0.5165637156510519 4.556584987065596 
0.42312278081787075 7.565523648547612 
0.4016996582473079 8.43082210538289 
0.5616438001733127 3.466714432529324 
0.5918471599830898 2.876001864767737 
0.4476967031932861 6.674778473729599 
0.4202364671164926 7.673826812871711 
0.41877486638028505 7.730553554056827 
0.48064478045353765 5.663084715174631 
0.574217557647832 3.203366153937304 
0.4323845939356329 7.2045730598808815 
0.39778480378501657 8.646446012557085 
0.4499626444548266 6.573196642829125 
0.3919364009575609 8.861772681228018 
0.47274518654291053 5.811136336171007 
0.6353008597355213 2.0582190386984145 
0.4411374442045518 6.888494887714494 
0.51107908804255 4.71264585458423 
0.39808413088749683 8.58453237171202 
0.5210097095136333 4.485838402493547 
0.4378709456140574 6.995457748743225 
0.5703395046545023 3.2743723155320184 
0.52373913001653 4.376008813231764 
0.6209988382142888 2.2793797163528944 
0.45890302587317905 6.265051161286631 
0.5514862145955947 3.8586871103170433 
0.4560605203060786 6.354838360477838 
0.44355224359561174 6.795672643673516 
0.46200265949423275 6.151581671419402 
0.5516686836380092 3.695939235168988 
0.5024724707031134 4.9327211233847015 
0.39997352127629554 8.506926680960206 
0.45475144049890437 6.412249808359604 
0.5049292459265954 4.887268781231976 
0.3897154947130408 8.96586709974844 
0.5138823865180263 4.623365455370851 
0.5366139154075071 4.053690901114334 
0.487495458690672 5.389058023240629 
0.6186131495999131 2.342888424484066 
