0.4309822006967424 2.130667453356378 
0.658390352704461 0.08377821594635254 
0.48485021069363404 1.6392067622702307 
0.7312685922103095 0.004927185194395216 
0.4159183218634526 2.259765093722388 
0.47000365033478236 1.786422517162361 
0.5857227120759889 0.7413770969115644 
0.4051736196030297 2.356135649677458 
0.509673003760313 1.447902863501494 
0.9574749200967965 9.024528812522359E-4 
0.46486143451053297 1.8188923544173825 
0.789129661577657 4.449973431661779E-10 
0.5772036070772179 0.809145590909461 
0.5425444005423954 1.1442065008395539 
0.4072041992204646 2.338338913212036 
0.4676341300363339 1.8042037429313122 
0.7602614559973806 2.0293167597773554E-5 
0.49870789679971966 1.5564785886354253 
0.5270571557763957 1.279935671408406 
0.9999992923242381 1.7772117111292118E-11 
0.4398764091395145 2.050988709769877 
0.6675524102248547 2.917980272712852E-9 
0.47487492119574143 1.7333082318655584 
0.567614657509767 0.8916124241732248 
0.6459490044140578 0.21422289279859952 
0.413884468736863 2.3062816534926016 
0.6293381886963384 0.34829777495733694 
0.3944010704416868 2.454340352344773 
0.4816588041173544 1.6827759908767383 
0.6625060822942591 0.038295620408823915 
0.5809478587073305 0.7894319900566802 
0.7025084465893482 0.008040329281089498 
0.4042188156333796 2.3676297910931243 
0.45430226515683353 1.9576929439289814 
0.8667713666690394 9.905869657145239E-5 
0.8419386604143557 0.005755327940794752 
0.6133896915990669 0.4879766191828242 
0.6239365805847154 0.3928504142508995 
0.6016225857339863 0.6711736863285027 
0.43615221891343875 2.0848245172695923 
0.42879710746536054 2.201145404516829 
0.4295296932497428 2.1633706737639757 
0.4920085981798129 1.6062943802083947 
0.41047982709978814 2.321079172190853 
0.6024956515570186 0.5811477868568176 
0.4351584308925148 2.108231853353212 
0.4171248803121204 2.250016241044377 
0.4940391703326318 1.5623713291615038 
0.6539357540349912 0.12419133488598288 
0.6088615590721821 0.5202984128272773 
0.9275187175094787 0.0010760388547180755 
0.41428777442564313 2.271688872832682 
0.5434872640961512 1.1216682960169269 
0.6496021357889658 0.15691424072292093 
0.48415973330072715 1.6676674018153883 
0.5347354783588105 1.2114629602522728 
0.5566864644365364 0.99314910023931 
0.5306058624517229 1.2382703267752109 
0.5021447332197999 1.5498168628465643 
0.8974237528157464 1.2012613126444194E-13 
0.6402700081549827 0.26804514331683693 
0.5165637156510519 1.3537664715984046 
0.42312278081787075 2.201145404516829 
0.4016996582473079 2.3866583584761556 
0.5616438001733127 0.9470586680014389 
0.5918471599830898 0.7021535357688553 
0.4476967031932861 1.9882763172342555 
0.4202364671164926 2.224821869105022 
0.41877486638028505 2.237361531645785 
0.48064478045353765 1.7219321096148952 
0.574217557647832 0.8394290891656078 
0.4323845939356329 2.115146396976195 
0.39778480378501657 2.4394248305427593 
0.4499626444548266 1.9576929439289814 
0.3919364009575609 2.473251290784544 
0.47274518654291053 1.7471867312694482 
0.6353008597355213 0.307588324809121 
0.4411374442045518 2.038773029182493 
0.51107908804255 1.4085347456284119 
0.39808413088749683 2.4173661082685616 
0.5210097095136333 1.337165363008264 
0.4378709456140574 2.063107699445381 
0.5703395046545023 0.8675038844949472 
0.52373913001653 1.2918870487866727 
0.6209988382142888 0.4154921557043625 
0.45890302587317905 1.875050935164709 
0.5514862145955947 1.12801274777756 
0.4560605203060786 1.8981908891405503 
0.44355224359561174 2.01423584784271 
0.46200265949423275 1.8420470922917411 
0.5516686836380092 1.0389339326717462 
0.5024724707031134 1.4785565701565482 
0.39997352127629554 2.402545419822923 
0.45475144049890437 1.9159798371903536 
0.5049292459265954 1.4677249403480521 
0.3897154947130408 2.4941373323098395 
0.5138823865180263 1.3758660739509747 
0.5366139154075071 1.1752669462987484 
0.487495458690672 1.6271413129503367 
0.6186131495999131 0.4493415874312662 
