0.23878182915252305 0.28748101603342435 
0.06377295027353305 0.689784074567602 
0.24420414551403724 0.2658272616916942 
0.08021385258965012 0.6702525774137609 
0.45189885656362366 -0.1231814233283907 
0.20414824658540778 0.5218551192937833 
0.25339724521459905 0.24489096994269577 
0.24624682728354041 0.25945364104502766 
0.25555847638096696 0.24302859232598029 
0.25086806060434796 0.2485325227499005 
0.0318474728227567 0.7949092413042435 
0.6387295149371286 -0.3981722999791665 
0.4420018057735866 -0.09280918522649244 
0.4255840069194487 0.041399677681845784 
0.25151866585663085 0.24742774008910934 
0.6512973731035574 -0.45766439084953336 
0.8422779692390105 -0.7352570551700703 
0.45061490543659966 -0.12166894680288108 
0.43656332491923844 -0.05880847173078497 
0.25299131353703785 0.24533522107468866 
0.4213637104140088 0.0890033771330879 
0.6275099546067249 -0.26928559932206053 
0.018300735580239025 0.855032640534366 
0.042402291947298776 0.7531050480172614 
0.45305354814692805 -0.12391241910526404 
0.009631167490591439 0.8991840937254262 
0.05216446614633913 0.719852738023574 
0.45000154791106045 -0.12064943934575256 
0.21400413108317104 0.44735706079268817 
0.6316529632994455 -0.3241839986664005 
0.45250076946906287 -0.1236387275360219 
0.4341764373722957 -0.04036090715852741 
0.07629337546391675 0.6722755509987433 
0.4469023388829545 -0.11315623172274643 
0.8381586732866214 -0.6962065819698692 
0.2004322050456277 0.549807350578869 
0.04673806932350327 0.7375449060956527 
0.07020164068862653 0.678707069064416 
0.851437576367445 -0.7731225285818829 
0.44322221855757077 -0.09876547749872057 
0.44843711055839336 -0.11734233288846188 
0.4531719460206289 -0.12395965390231196 
0.027301267334971874 0.8143613712410975 
0.6520140649494832 -0.45803630389499966 
0.21698833632844933 0.4239970243300437 
0.023386638988603492 0.8315926829380828 
0.6438283309699089 -0.4339435317031846 
0.043977804086800375 0.747348051796942 
0.4313392154802458 -0.015941494967799435 
0.20777188664045992 0.49415494758814926 
0.23610126945642745 0.3003151102089413 
0.07510717848686692 0.6732310126035995 
0.6448636942539353 -0.4393432450295348 
0.06792724770817951 0.6821426965979263 
0.0657591692695102 0.6859237574965372 
0.06000670245900802 0.6981743989001923 
0.64643292351116 -0.44623101779570784 
0.6426616675262891 -0.42713996975362284 
0.05625807151793606 0.7078443432331166 
0.8488055665649595 -0.7693197631859537 
0.0732977995145413 0.6749542132834874 
0.8362487319022909 -0.6737195431784049 
0.07836254764394085 0.6710052207742944 
0.6339139584028807 -0.35073307910661455 
0.22113786210978995 0.3936649884412859 
0.8435299387074036 -0.7444384470515233 
0.22347268909649057 0.3772193456707084 
0.22670979477289177 0.3554574345905427 
0.8499706113413693 -0.7717641557238802 
0.23381518956406014 0.31261525629809084 
0.6360205893884417 -0.3729535018021978 
0.6484255403179382 -0.4527275237104716 
0.6497902448935549 -0.45573272239191287 
0.8493522073779127 -0.7706334723547941 
0.6477874912997372 -0.45087599909083576 
0.2313080838480101 0.32666264766666164 
0.8344608610255221 -0.6503393267018002 
0.08100471583250574 0.6700546290653879 
0.2483527110740933 0.25387640402974354 
0.24139293442604837 0.27628259167477165 
0.4281012336444995 0.01514916151069262 
0.8407913621490763 -0.722620119374793 
0.4395902707340937 -0.07913962984973467 
0.8509302796920816 -0.7728298168574544 
0.4457331762767327 -0.1091636982491941 
0.8469976093097316 -0.7633936470705573 
0.001576320457964301 0.9605643552836449 
0.25702441064529097 0.2424570392386482 
0.03562566414600622 0.7793911858165832 
0.013807663713385099 0.8769769655805917 
0.8506190043002859 -0.7725403743587033 
0.2576131414456003 0.24234379526858935 
0.6404838005428893 -0.4122041733789287 
0.005679749394762169 0.9239112808192245 
0.8453712770108621 -0.7557402183892136 
0.8476074670155678 -0.7656316397680526 
0.6503267052717108 -0.4565720668558403 
