0.06934230553340215 0.3985794057683396 0.2812952437684515 0.39240638585709364 0.42687353001439354 0.8987673792857834 0.30068265713245657 0.5909863303958742 0.23847539611936497 0.013512897466207319 0.7264406702812795 0.09322022950977149 0.9855430931776867 0.07466723380790219 0.3797362511846132 0.41671112449281533 0.8212309499274221 0.8228691793596181 0.6600329255241743 0.04239624482577009 0.7054170937559737 0.578847030638688 0.5381268565434796 0.6795966734216853 0.2128228558445059 0.4043715027517576 0.38811437152919115 0.22605718740255598 0.40841682316047523 0.48557663670630713 
0.6341848481903353 0.7038986646293921 0.1129943289995029 0.13894947630198096 0.18533034380163038 0.054640364535240904 0.8450485912677669 0.8525160634791679 0.1377506287819662 0.6662331853802677 0.4850362403730172 0.06066690594352531 0.9867551891645276 0.03352635963366113 0.16081285855346394 0.007971357575800364 0.0431507244090612 0.4840802777991713 0.002318864022631484 0.10800769781406527 0.28476092190634406 0.7946641506817578 0.4474353295707775 0.7850283544147495 0.29695619780325966 0.629926981995987 0.45198285995122633 0.5215735763338404 0.2568047745344374 0.768605878887902 
0.8330498231828675 0.5329527010925653 0.04315338788262857 0.23717544389827538 0.9606486671834824 0.08714235627362776 0.8124251580849287 0.8635004207458725 0.21592041397297657 0.26470390348918094 0.031420181535740555 0.9381839865077733 0.5458214254601164 0.874655547102231 0.1102443780052722 0.1350718864997592 0.1726830534552911 0.42739068995503926 0.22792399062632562 0.31236379084831845 0.9810014776866898 0.4456057048056703 0.7015085785127579 0.4198023668217955 0.9987124217666594 0.017662864553940172 0.3893804851560204 0.40152604564134475 0.13149188916657373 0.5208595671577815 
0.15169476367105206 0.3750643862534718 0.21428704120966646 0.39121460290224286 0.6965229981614878 0.7561937911274339 0.4040121625070523 0.4416250041826879 0.706047263737629 0.47231879331252846 0.07330952707215366 0.028456322232475295 0.08942447545270693 0.3391802478802882 0.5854927573869606 0.2932570377326049 0.009775950443758563 0.08444747631515837 0.2654369238900496 0.7478370305133143 0.7997101171324322 0.23034472473074774 0.4491694236331314 0.6021490614822494 0.5501483296505071 0.983650750486959 0.0839255805360758 0.8405009468512257 0.6051236821380016 0.8127673200334727 
0.11649733808290053 0.11671932662536277 0.0777330967478228 0.9135310323379032 0.5659416415491234 0.9264556948405692 0.46359178245257426 0.13010291780484107 0.47920721103704 0.07414302511724336 0.7055398194992903 0.3086776044752101 0.8520329067975425 0.9555613692666509 0.9132939840937945 0.15931775884172494 0.4022042680781426 0.6892104023415213 0.4748948143756001 0.08116012007250972 0.1315197892520461 0.056869593354979986 0.5650804363318505 0.9389201114437946 0.21036893165285042 0.19273902733365023 0.29560936075597866 0.6726708496165894 0.6621243022154162 0.20565210338576356 
0.051463129280773345 0.5200934219972376 0.5082629048747054 0.4656165879753651 0.24080228885660626 0.21318195871718226 0.07379755256042886 0.6405716488173353 0.45549819591003904 0.3283584517479915 0.30602809989423085 0.17190043751118766 0.06660954448893419 0.8725233232230586 0.7758883569128039 0.3113053774119864 0.024885597423732086 0.9675109671204486 0.6777190838556596 0.20667355019173217 0.8856622230577962 0.7400370249365646 0.12138329060534225 0.7389896429192001 0.7463464556645256 0.20663994023781207 0.7056790451144322 0.295162047686378 0.5444525985425345 0.369620189418717 
0.17109426763323676 0.10781058873081506 0.4112557434834522 0.020466552403122118 0.4174078965568543 0.03929433023165796 0.3093538369447215 0.5557367057598702 0.3330857105020677 0.6902058444846323 0.046966712445646874 0.16690301654910378 0.7364224310215153 0.07751695195067176 0.2490060067064911 0.9085472396563179 0.01818174061341893 0.07375248151091307 0.03512783097696759 0.20155036722092878 0.7196246448444874 0.14705789901606336 0.08005789495336324 0.19373403502694153 0.7544155149174147 0.1094278044449617 0.8891706554605542 0.46172252981481743 0.052861556546935695 0.9177110865710251 
0.4595237277599019 0.140136897741043 0.19181377333138094 0.3129424887118021 0.7946823280894656 0.4158456982535259 0.23656386283158715 0.4911353443376205 0.2962011008639486 0.19300877651800208 0.06928098509784619 0.13515810398829908 0.03463650141414787 0.3153266167195704 0.18094621606376993 0.6418394762551963 0.9848991479321503 0.4908782356678253 0.41502738013204 0.6103991097489129 0.7843034876230938 0.6357396646696661 0.43689241583676364 0.7530637172676842 0.6280760667598385 0.3791490696282124 0.3816973754179217 0.1296322716071724 0.023517050930554007 0.6145942498921313 
0.24019056818968432 0.034288625945250395 0.31027173732238666 0.5203047511576729 0.25649267945436127 0.27094276026994324 0.18029753781612756 0.060953337971996646 0.081275377596153 0.1185592924295431 0.3762542446005961 0.11110553070487761 0.887786525642699 0.21692140508518154 0.3457084944268636 0.3156112117366868 0.4448435514960565 0.03119896689159396 0.2835083105703924 0.46331648904457856 0.7386743190980286 0.11214826831790636 0.8561215837848347 0.8510011311769999 0.9141666269928836 0.5457687317875995 0.01745110552266027 0.08937703680280007 0.2869665754022287 0.13342565904889547 
0.0512215866441863 0.4934778520065628 0.5845785196929878 0.019711942201264043 0.09313463079549278 0.5980221187539848 0.0245494884718076 0.47611908308988216 0.5598155693710727 0.6303944375563105 0.6611374061385004 0.6794984783279796 0.7711261373824619 0.5245263058457598 0.2587137576749319 0.8016927398719992 0.3528548316665283 0.37736854571711476 0.9461824749454696 0.7698193520377995 0.2336313034541896 0.08568868434184773 0.3334538384052459 0.6133378439309568 0.18896898154549802 0.5408107739386876 0.7256932176293989 0.5005928089564089 0.1633580486588685 0.6729206415159584 
0.15574804934431996 0.5848342548821145 0.5214598082250803 0.4881648548732326 0.7151168384620957 0.431607052376898 0.11666038826023706 0.6923950992394218 0.0869947367519317 0.5139184718646876 0.09198871982952816 0.6538304211744792 0.3373258356249228 0.6934971370067791 0.505043015643839 0.02645958397605863 0.5226677453795888 0.23766328724604313 0.7251976454473856 0.004957957848911954 0.2917578878932614 0.5887842278463912 0.1236085267433602 0.46050501753293704 0.4663873317620718 0.9720180437814825 0.09641366481975522 0.3045951037391683 0.6615275784185948 0.48136173049374775 
