0.9999999999999195 1.0000000000000806 
0.9999999999999195 1.0000000000000806 
0.3899388373368377 8.979648484181833 
0.4320149185007315 7.40640411789612 
0.40041021405210153 8.495957813534925 
0.4428155921943013 6.925199358016334 
0.42357610849921634 7.547586503484557 
0.6768009274782198 1.4777117512958098 
0.5028221484376127 5.00310212089666 
0.6976236921320176 1.4340741622172541 
0.6031274001679083 2.6068863082556284 
0.535938992610621 4.070533316248388 
0.4226097461909011 7.748550742158414 
0.4651514502905327 6.122804925983791 
0.5721738409532361 3.3489359633269333 
0.722632095139483 1.3838773230573034 
0.5078087980594232 4.785559783671914 
0.7183442113071864 1.3921378548553134 
0.5525147621045275 3.6846681364006417 
0.5811040514174872 3.2590336084377394 
0.6449261543562199 1.8553751660075974 
0.4973021150735031 5.078755758787613 
0.817255834003775 1.2236331470729345 
0.9676742489096283 1.0334287955112789 
0.4504887845124637 6.558432264475362 
0.8880573852984723 1.1260537386898513 
0.565592584104189 3.44293380524977 
0.6554880759368608 1.694951675886419 
0.43475496443930434 7.116298565553911 
0.5919132273476706 2.9207223646402203 
0.7440546611887899 1.3440158428299236 
0.6379356250641766 2.0274469689903856 
0.5138583409692101 4.624829916727343 
0.46277415145136597 6.287918712487198 
0.9350863416558888 1.0694444039975903 
0.7950104473534154 1.2578458468410831 
0.49588103858082516 5.281632861226413 
0.8053586336843346 1.2416962028058247 
0.5320412948377574 4.190659440667882 
0.48597887703153453 5.405771117182724 
0.6214480415211799 2.3257498254478004 
0.954153383823426 1.0480709767981466 
0.39889370342775254 8.639919887759623 
0.595725187117974 2.7906965240352744 
0.584514859897756 2.993309636900834 
0.47385670503400823 5.779332107298624 
0.48537076509555677 5.570554924781707 
0.5813825475600772 3.0944894135873615 
0.40739716145371196 8.258703297443699 
0.40739716145371196 8.258703297443699 
0.518697346860027 4.495945003736912 
0.7720655035778761 1.2952545133690014 
0.4543802807958958 6.424815047777223 
0.4355652211665931 7.1030605279284735 
0.627035071640691 2.1656365506957966 
0.44490362682878737 6.750547017221844 
0.870500860116206 1.1487639424807767 
0.6665285813582418 1.6039384007168247 
0.6319470049542835 2.0971482548667244 
0.6009494256309826 2.7273576572649803 
0.8533649562759398 1.173737147487938 
0.9027995137992275 1.1076987186029534 
0.6128011304822891 2.4635176229377485 
0.8391252927956432 1.1917420002851418 
0.6128011304822891 2.4635176229377485 
0.3964338689009547 8.757400098715198 
0.8734300446051252 1.144911676531487 
0.9309741814443026 1.074143644293778 
0.5237614076111969 4.449687299195293 
0.4127014019359818 8.04454427115067 
0.45957564166278375 6.380108289194979 
0.9828987828758309 1.0173987570461052 
0.41527007667656934 7.994784322554768 
0.5138117427507605 4.76448227627003 
0.4686034295544681 5.973482654644592 
0.5576589480138643 3.5635278703102027 
0.6256353723072634 2.3101837556955247 
0.5308394795003452 4.326045564799594 
0.5587465184966491 3.53100368662402 
0.7608920325929552 1.3142497840824274 
0.4686034295544681 5.973482654644592 
0.4167704833624554 7.8547454754332655 
0.5255349543689976 4.337449951007269 
0.6572184319172204 1.662816082123122 
0.5434451947708517 3.939226350970557 
0.997141473528987 1.002866721069074 
0.8984051557192296 1.1131167917109592 
0.3929714165889006 8.81498053060267 
0.9173437231090866 1.0901260715743881 
0.7829398675056906 1.277237640834353 
0.8513095880710615 1.174687999085482 
0.9850029491346557 1.015225386765105 
0.8306582116638946 1.2038672169895517 
0.6892727101914452 1.4554138170360298 
0.5501470020391922 3.8406150358727484 
0.9174818113256236 1.089939878057042 
0.5434451947708517 3.939226350970557 
0.957380830612305 1.0445164224546946 
0.5497267963366634 3.8435507638562596 
0.6652112584466318 1.6071146921238724 
