0.2270087488281753 0.3554669535486308 
0.6322888179641593 -0.3297792664164318 
0.41230612191385263 0.2203389368367527 
0.8346141726227416 -0.6387052758051343 
0.43529387578157247 -0.04715319018677797 
0.05865317577228285 0.7036020932047955 
0.628809811161029 -0.28440784505222266 
1.0593354292723345E-7 1.0023699151574899 
0.43316587729161415 -0.029650630160881545 
0.6309027614375385 -0.3130914723535016 
0.022695012863307384 0.8484656492039888 
0.8328710696688227 -0.6266178360381125 
0.21268889876025646 0.45825789897856695 
0.8380414301393023 -0.6935614325735763 
0.19020418352208887 0.6240449766720089 
0.6440279656998767 -0.4300668299065912 
0.19964782165478606 0.5570543263373813 
0.21488268739828947 0.44271321017896864 
0.8447100088137555 -0.7505102925681372 
0.22495358549303246 0.3740307475313165 
0.4143600403061687 0.18161817010044315 
0.19758401549349125 0.5728593330604334 
0.6274983809604914 -0.2667682566184492 
0.0014886540653512859 0.9650789311810317 
0.22240645265183612 0.38625828356106157 
0.42675812090780113 0.03619735965472412 
0.8520206038919123 -0.7719865965661813 
0.41886393946345357 0.12384404946215664 
0.6231887639914026 -0.20237219299221212 
0.824344805358599 -0.47667078386309225 
0.8370003150530717 -0.6810672639414348 
0.04086227728565267 0.7617135879037619 
0.18724057128020177 0.6426700128710101 
0.4174659999806238 0.13996657786272107 
0.2602482926303531 0.24478785223441968 
0.42471483615536487 0.05453530049239417 
0.624302572381156 -0.22018988443214044 
0.036340713702082444 0.7798953060588829 
0.20373606788725404 0.5276054759386652 
0.08281515096300679 0.6727171411226224 
0.24204368989051606 0.27739300216381746 
0.029142696853711347 0.8083182161131592 
0.4410420587321399 -0.08628941218762413 
0.41248037923787356 0.2026489648742424 
0.1953246344552907 0.5922923232047622 
0.8304216048708769 -0.5874300756649354 
0.2018706214783776 0.541295100201927 
0.43797843545097837 -0.06724106234159544 
0.8315301131605848 -0.6051105811867359 
0.6380832192939487 -0.3907229900897713 
0.20993385588165098 0.4797230939728337 
0.6219707132615493 -0.18289168585131393 
0.06941977837765367 0.6823986001145835 
0.8290622589175316 -0.5649312660747664 
0.45355892848618884 -0.12207340601191649 
0.033697025474551945 0.7905305650311731 
0.051526968910323476 0.7237238457415283 
0.6255315318772594 -0.23730320397248006 
0.00956511318440803 0.9035258167449008 
0.18232684610133498 0.6719047486477067 
0.42042927548194636 0.10425229969481263 
0.21701876949739224 0.42589762719550245 
0.012387109034446796 0.8873409983712038 
0.23751570315800272 0.29550956125132233 
0.42200206550439684 0.08305490924902661 
0.8347147132011856 -0.6514700256052947 
0.0055199806372585175 0.9282257798183701 
0.015750239052157874 0.87017836020508 
0.003240064387706354 0.9461700272354845 
0.19229488053965305 0.6102650776938694 
0.6410130730320412 -0.41262507110326896 
0.6358906690198382 -0.3697561100101327 
0.20570026200096414 0.5129732170171861 
0.41591574874562914 0.15808155687901818 
0.23094990868057005 0.3314360679238226 
0.2201768808281575 0.40285070149394314 
0.42310495718655017 0.07023963181516137 
0.8255863204610809 -0.5008452318420604 
0.2075709690581794 0.49777510086603505 
0.8267088162959413 -0.5230565135192831 
0.6208148641057458 -0.16387953321025048 
0.024337522310448556 0.8304294613263742 
0.836024686628763 -0.6693709250510681 
0.6336066522313825 -0.34457581299155504 
0.6196223329212784 -0.14348285729578727 
0.4457072895846524 -0.10626914296168587 
0.6350680222558241 -0.3572823042592195 
0.8397295950477636 -0.7104989120302247 
0.6465560392393186 -0.4450786572418837 
0.8415138743016153 -0.7263078726534966 
0.8278501268222815 -0.5440144753359475 
0.8234222574448465 -0.45686436826706145 
0.43115591706961187 -0.012648406633358958 
0.6516756734780634 -0.4564244716891085 
0.2341934762601489 0.31293871599847356 
0.24708478151469218 0.25878490829182066 
0.6187588123373469 -0.12514730669663637 
0.4288299180382897 0.010451499094671347 
0.047628003350049686 0.7377000578553053 
3.3543627645066243E-4 0.9859939174009561 
