0.5100494586536771 4.755501999340914 
0.41583839336532147 7.846756864180849 
0.5288587229763848 4.240821306399086 
0.6849963811840453 1.459869210141039 
0.8634375535783353 1.1655469804978527 
0.6234509444451217 2.3126941045245046 
0.5522366139966743 3.679822493188801 
0.6314737895952858 2.1048852220957657 
0.46486707044396613 6.157289969713373 
0.521708935291083 4.466763326673154 
0.4555867137594668 6.400029316462594 
0.9620459946694762 1.041127935683244 
0.9999999999998679 1.0000000002520222 
0.7098680438789811 1.4087197396353062 
0.8827344529093725 1.1400676954488407 
0.399942255091461 8.544326237900416 
0.6625881996339344 1.587902829327705 
0.5881458368538011 2.97008068089444 
0.4789854010962298 5.667358830312532 
0.43504104837613733 7.093295998889568 
0.39700213119421573 8.642991285976791 
0.7375390862397655 1.3558976733536328 
0.44532166413463065 6.720346402410011 
0.39449153907650714 8.760389479860217 
0.838387111698701 1.1927733937005232 
0.6161441194301525 2.424394057308521 
0.4268239340328557 7.419960036007083 
0.7682548094487717 1.3022017202321456 
0.47774120176154905 5.719744550695198 
0.4820908869116688 5.609836680120206 
0.8048563253152662 1.2427697263334896 
0.5386675526450638 4.04902310757031 
0.5250531708040145 4.395861995925569 
0.45756643900982946 6.31882894590916 
0.9216783092171958 1.0850376194649882 
0.6456773538263815 1.8577914808901024 
0.46519556692030645 6.057796653157329 
0.4430628660429251 6.890899043330414 
0.5983810888009934 2.700912059328218 
0.5615468910499374 3.4687901353802726 
0.665541369639732 1.5184576852010612 
0.447999868868957 6.644110122466963 
0.4506832471281673 6.555985784781445 
0.5045877942649797 4.872833218730759 
0.5143624156973219 4.612894369677738 
0.608847014287772 2.537958613268867 
0.5352970549804623 4.093057196233855 
0.63868241607414 1.967119984683209 
0.4318828080270113 7.223898325204295 
0.5038407024813197 4.910238177172767 
0.45180672517440396 6.494340972787338 
0.4022941085639742 8.425040623747682 
0.5447671845755578 3.870284655449951 
0.49381319043327826 5.212641451471386 
0.4339309275369194 7.173338345253851 
0.4911661787226439 5.312406865454609 
0.5579728808812822 3.5571366762527084 
0.6101238075167567 2.4835458375108495 
0.5909561830287351 2.915234608669983 
0.5959006700022359 2.763540725823263 
0.3931723415468994 8.82079605551572 
0.555075770949809 3.6404639829173626 
0.4740208193252565 5.774540924570368 
0.4248756636661559 7.507002326532318 
0.4876829694934138 5.434156699489845 
0.5265025559777821 4.3071622310299125 
0.6240569423964969 2.223486070752283 
0.468248617553743 5.952175324248367 
0.48337520660075856 5.521604413005014 
0.6493978353818876 1.7924707638902282 
0.41103788072964664 8.030094563011177 
0.4446265629184631 6.811909680023502 
0.3895055337447649 8.989064830367196 
0.5925338587196995 2.82594677170878 
0.4372331533324021 7.034317261700973 
0.4205041264230424 7.661014190167429 
0.5474908983616642 3.791378688936101 
0.6521566917030727 1.7408728514126797 
0.5712151932030843 3.2579532295038653 
0.4221354782685179 7.586474019821449 
0.5813010024671013 3.0778245327012344 
0.574355414460556 3.187904729564259 
0.5652548223718418 3.383957316182887 
0.5168671359698327 4.545109758471233 
0.4052647948292714 8.273393266551716 
0.5780501208679063 3.136101695882254 
0.49807669317184944 5.057188992535997 
0.4302843326549499 7.268512252657672 
0.4096324147631214 8.089097581105623 
0.40707779544407297 8.196473479951623 
0.41846255585067904 7.747919612234928 
0.6041914034045315 2.5952708470672925 
0.5823921190864766 3.0250350927524714 
0.45942899151674893 6.241869011554865 
0.5405767795143638 3.9507748013197004 
0.5498820058103158 3.7347851842858413 
0.42826109101150106 7.34600424885282 
0.43864795433151266 6.959170687471737 
0.4131878799824012 7.945448923722522 
0.6009620713425876 2.6482458231628443 
