0.5100494586536771 1.425541220390312 
0.41583839336532147 2.262982767529272 
0.5288587229763848 1.2427953404732643 
0.6849963811840453 5.125948622286547E-6 
0.8634375535783353 0.0063770334216814994 
0.6234509444451217 0.44185132367846747 
0.5522366139966743 1.0321327137473837 
0.6314737895952858 0.32917984785992804 
0.46486707044396613 1.8623213500946727 
0.521708935291083 1.3303503393559066 
0.4555867137594668 1.9157683242514396 
0.9620459946694762 0.0016129604625647609 
0.9999999999998679 2.518900585210754E-10 
0.7098680438789811 5.125948622286547E-6 
0.8827344529093725 0.0063770334216814994 
0.399942255091461 2.417237103823031 
0.6625881996339344 0.05212567687787478 
0.5881458368538011 0.7468405875879677 
0.4789854010962298 1.7145821424935075 
0.43504104837613733 2.085874927799178 
0.39700213119421573 2.4312859604258215 
0.7375390862397655 2.7531039862360718E-5 
0.44532166413463065 1.9927158434824044 
0.39449153907650714 2.455899528819699 
0.838387111698701 5.840455639172237E-6 
0.6161441194301525 0.4937761415920533 
0.4268239340328557 2.1670165329351128 
0.7682548094487717 4.2273444080970224E-4 
0.47774120176154905 1.7325576354181953 
0.4820908869116688 1.7044511405487617 
0.8048563253152662 2.5107514983141455E-4 
0.5386675526450638 1.1810773679582096 
0.5250531708040145 1.3080612793775839 
0.45756643900982946 1.8912840594918887 
0.9216783092171958 5.5638545541580875E-5 
0.6456773538263815 0.19953388734231575 
0.46519556692030645 1.8180601483534584 
0.4430628660429251 2.053101479750424 
0.5983810888009934 0.6161746988165524 
0.5615468910499374 0.9478883162274834 
0.665541369639732 0.010596407548691289 
0.447999868868957 1.9765604636161092 
0.4506832471281673 1.9546729616114078 
0.5045877942649797 1.4587721656604749 
0.5143624156973219 1.3726994913440165 
0.608847014287772 0.545228524074684 
0.5352970549804623 1.1910014630105707 
0.63868241607414 0.2563649445251972 
0.4318828080270113 2.1198774935908546 
0.5038407024813197 1.4739778525373217 
0.45180672517440396 1.934186927081 
0.4022941085639742 2.3893442073458426 
0.5447671845755578 1.1084040752554527 
0.49381319043327826 1.5740711057358396 
0.4339309275369194 2.112733361692154 
0.4911661787226439 1.6092745799252786 
0.5579728808812822 0.9847857989371924 
0.6101238075167567 0.5152704425245119 
0.5909561830287351 0.7227759169728816 
0.5959006700022359 0.6467957700965479 
0.3931723415468994 2.4680930394547698 
0.555075770949809 1.0207333519328672 
0.4740208193252565 1.7372526202920702 
0.4248756636661559 2.189542595628795 
0.4876829694934138 1.6501456758997364 
0.5265025559777821 1.2677319236482152 
0.6240569423964969 0.3875819187748705 
0.468248617553743 1.7870978670167998 
0.48337520660075856 1.6690066739039588 
0.6493978353818876 0.16402663405563278 
0.41103788072964664 2.3006730512387725 
0.4446265629184631 2.0287559879398573 
0.3895055337447649 2.501290494618469 
0.5925338587196995 0.6744691451770811 
0.4372331533324021 2.075636717874064 
0.4205041264230424 2.2214880795508867 
0.5474908983616642 1.0757453244348942 
0.6521566917030727 0.1353218794529879 
0.5712151932030843 0.8609923834376629 
0.4221354782685179 2.202519838729013 
0.5813010024671013 0.7891424862770651 
0.574355414460556 0.8309903422096466 
0.5652548223718418 0.9127981916728521 
0.5168671359698327 1.3492178635295646 
0.4052647948292714 2.352915024710957 
0.5780501208679063 0.8128239643587828 
0.49807669317184944 1.518867970147406 
0.4302843326549499 2.127526944029133 
0.4096324147631214 2.3135565754028207 
0.40707779544407297 2.3366023546345156 
0.41846255585067904 2.2422142434614303 
0.6041914034045315 0.5680403353044547 
0.5823921190864766 0.7617565979790683 
0.45942899151674893 1.867695585158298 
0.5405767795143638 1.135697118683904 
0.5498820058103158 1.0536911684057482 
0.42826109101150106 2.146007794188831 
0.43864795433151266 2.052625985903304 
0.4131878799824012 2.28296319630136 
0.6009620713425876 0.5914952953122989 
