0.8320349256403025 0.4820806156146872 0.13650370238745058 0.8413059547450027 0.43941855082041903 0.8968264613769752 0.5382600812580127 0.34866369243567685 0.7006607457226414 0.6844781062796563 0.4671812081240615 0.8966325560362121 0.25170952099318844 0.05600940389788833 0.9589887531208257 0.14519098784871387 0.9465175386051381 0.190904414491617 0.07872673513256956 0.3466016436980881 0.13063964871776357 0.10279174121964862 0.23408272317834 0.2980717882962899 0.3038679545112345 0.5023649868233392 0.5344964276956292 0.5715004807949264 0.6269780273841457 0.6472415493707249 
0.1142710500894617 0.06010778220963098 0.6086843622939245 0.8011608955430517 0.0905024985062528 0.3193024363068294 0.17793349318360696 0.5203503673623326 0.054187874061009667 0.5166159498002783 0.28660744316817055 0.386931478062033 0.1668463439290795 0.8658396008926764 0.14667825686514613 0.6467526607563754 0.15701810346713108 0.6210815859661257 0.6918202067319348 0.060822102368105146 0.11849387699191394 0.7933966268447631 0.6461207692410895 0.7739145587499698 0.09589162032244303 0.05822185684295844 0.46041905918562687 0.9425151768444607 0.19127884072573376 0.3990736381892507 
0.2460977198097204 0.3691017174171085 0.5306337572299671 0.6394836864470523 0.6136657850128673 0.4435837477356065 0.723012945113483 0.11387485250067808 0.7415774831437465 0.8860980362186196 0.6886930118166745 0.2103591161812588 0.006780238655131554 0.47142167808552016 0.2837341232095856 0.11401951121583909 0.15819359666002641 0.540160475386712 0.5319004333737739 0.02122829699405837 0.415559844852293 0.03138992588192391 0.08944923622673129 0.15803949483758317 0.06515334640803994 0.4789054924597468 0.024483829768151888 0.2977266498493599 0.9874493078133434 0.21824500949948367 
0.8619953276230813 0.1782298068574245 0.6869861071176654 0.16077634202710067 0.9604859966729137 0.6993077661689013 0.0077228995721160265 0.5138156724367194 0.37879997372651175 0.4559224586647832 0.6592703728912547 0.6969037443096827 0.21680847899240885 0.14120855318808612 0.420758562080803 0.8616276586558053 0.40196724682265006 0.563141055844202 0.19790020193681257 0.2803501202468883 0.11810471206640216 0.3477416212872734 0.7581580143154527 0.589332440292729 0.12674568834756306 0.786992384580564 0.3475902095613591 0.5913716000379424 0.2502297686475856 0.1681193614293517 
0.6300916541901403 0.05286433224912468 0.7090011034911597 0.29550065728608965 0.9733787252119366 0.7455264600269507 0.3236893951388641 0.2551059148160435 0.8106484334502424 0.4488092229878099 0.02819641975151499 0.16248439491365863 0.194361634379695 0.6424375864097946 0.28795052751122596 0.32634137571234667 0.5068715552393763 0.10551758874381756 0.4157899537023454 0.6423196101815355 0.4564902861893039 0.6728361002079174 0.46639113431973434 0.003298697995130828 0.39674658043748257 0.6547711306607445 0.0830165954551807 0.9264368733664077 0.08048855442569869 0.1736672522888555 
0.03523091933133626 0.5339391126179258 0.6505072273528145 0.38083286996903487 0.8829451147873729 0.3855693872783157 0.34824190951469713 0.4713843800425397 0.2898658321670148 0.5530515545293364 0.9563453941112293 0.3141060597212776 0.49725472939616755 0.8313941400405293 0.6294092717400558 0.6206356073031349 0.3636227118840274 0.7446743136958753 0.8921633005998469 0.06278241442106614 0.4334350723901901 0.7110850432260264 0.3508274643017707 0.23868656467495508 0.6722020062772196 0.04056689691137416 0.2606970507679389 0.4782033802440395 0.05026494541287074 0.0392063881587108 
0.03841669895371391 0.09224311322170398 0.2356068708433915 0.6433709055671292 0.6753812852813845 0.09581549908833498 0.3897951119958297 0.21041425630773025 0.4951074876584992 0.13314640688922896 0.3037625070502522 0.2365698944812077 0.12894946789238682 0.8331731809360828 0.3450005570028979 0.8202388306658804 0.8653649029597743 0.2524416340822575 0.698734321863142 0.8802822343908379 0.0745007466973504 0.22736953577485564 0.11511319737857262 0.4889276169889307 0.5299869021556025 0.15758834697253654 0.4892353097447807 0.4121485641661078 0.7584269713078362 0.7409121640508816 
0.07834477770544224 0.34617598445246045 0.9915798110532551 0.1603361846540997 0.9185782193008467 0.37559332447943794 0.2780793908193765 0.3394338721658574 0.22487372205272038 0.37490918404818074 0.5163931164148436 0.3493498632704418 0.06556593662046006 0.3557268052717414 0.12880758269754589 0.3100713161065909 0.12432585505576466 0.6687138802057471 0.29846249073964815 0.6595548578761715 0.1253282368827905 0.1933207147828866 0.12419829637058755 0.9367317503357059 0.8528115027737371 0.3490898816037956 0.27314269394183754 0.4536338996555255 0.3244268464474097 0.46238406999717707 
6.320438439574305E-4 0.33943517748889906 0.25855725140834407 0.36093850054269305 0.6960851066549828 0.7012510157058932 0.6916337337708066 0.5763646081363273 0.009738274977098782 0.10970952069900208 0.7737474616055604 0.5559286746377834 0.7496787987348827 0.798456111351394 0.31014826943965645 0.40340508660323116 0.7405856644538117 0.3844220300122563 0.573233672531914 0.7990025506546209 0.464442293068866 0.3094093352379148 0.2413581210592597 0.7485272294588494 0.0777127338614848 0.006740806963561385 0.733022559644911 0.7993976841114067 0.2224931126458639 0.6743423087735447 
0.0099918330666936 0.5063581697828694 0.5706933975744912 0.13052153367347363 0.05434922964175026 0.4109179190434411 0.09342487152100276 0.5908646335944292 0.4766381354106334 0.2606006488986301 0.39182327435200137 0.15220907102658643 0.660110190927572 0.5480212360594959 0.622040658592076 0.8424795336955966 0.7265579298264891 0.18772146660943678 0.6254370100731597 0.8654244183303789 0.28337805476760014 0.550150491117868 0.47821188921203006 0.7856285268689015 0.9237023141938709 0.8925700951923486 0.1858856168036671 0.9602319488678984 0.8074831174988274 0.09561603206743052 
