-15.04564311031568 -10.008987637859931 
-16.675608504628386 -4.9678910563352545 
-16.464922466994857 -5.997068088343685 
-16.81752740468918 -4.35158264837438 
-16.700104231106096 -4.855517138815335 
-16.33724438071642 -6.577888760309527 
-15.392527991231878 -8.578710903671755 
-18.422682276111047 -2.058833229870464 
-16.071780103399743 -7.500348053330023 
-15.56202385905075 -7.979611901353812 
-15.875408439592011 -7.748447002400415 
-16.115753508166055 -7.379464021315707 
-16.850609818121313 -4.270885550858798 
-15.2733330972748 -9.059061632953684 
-15.227012140068746 -9.247977542426346 
-15.245550932304461 -9.172943822267225 
-18.447828165156572 -1.9392314943865496 
-16.739963080783838 -4.678441374191989 
-15.327489941816477 -8.827807712650102 
-14.867690440035071 -10.722513276499111 
-19.045686309584703 -0.050919852553047026 
-15.022161295868997 -10.102705144566196 
-18.90180100393504 -0.3238673624884339 
-16.30168812402512 -6.706160353195365 
-18.080622151197787 -3.620951519408138 
-16.586561947702705 -5.384229918833384 
-14.709856248865316 -11.121898058212587 
-16.417218965256666 -6.221178890349744 
-16.915946205114064 -4.111169232149761 
-16.391832552395044 -6.319416632824867 
-16.236980221436575 -6.972362778569871 
-15.141158447605502 -9.612354069455971 
-14.903508685337934 -10.58855583093053 
-16.488165878659824 -5.8878085581639965 
-18.96175102402926 -0.1952402570022224 
-16.561531355633274 -5.494013289677929 
-16.635206386919734 -5.093736722775283 
-18.608401334508955 -1.2386353993806831 
-14.786785002217416 -10.970055525338768 
-18.034866200707746 -3.749225133454711 
-16.15363286651403 -7.2094307128077055 
-15.958107723184373 -7.674873436680674 
-17.92957132031579 -3.8692135731385786 
-15.517403582586647 -8.111684464759756 
-14.69191994486116 -11.252452197964029 
-15.084407955920579 -9.862298371004385 
-18.267192659582733 -2.810216860086458 
-15.460836419127691 -8.244605136041644 
-16.98570636175968 -3.9815942784610585 
-18.371430020513642 -2.3089789929699953 
-16.359741707167178 -6.443552852968059 
-16.612241261623783 -5.2558112921612885 
-18.70031820971456 -0.898861725512037 
-18.113637718826627 -3.5041917766145496 
-18.811844453882017 -0.5463656215351124 
-15.60072827922163 -7.86574426602929 
-18.667470934106298 -1.0176705868359084 
-16.541530784559733 -5.626996749833943 
-16.03480863157617 -7.567083714265499 
-15.198205037587943 -9.359896252902011 
-16.276734559717674 -6.815349853900528 
-18.7719842629378 -0.6670728153906359 
-15.42160976856713 -8.358169802880488 
-18.321735061762162 -2.554321874261396 
-18.347817761548107 -2.4275388685287775 
-18.167719104454505 -3.288025950729881 
-18.396698617650422 -2.187621048111886 
-16.800689484942158 -4.456724047346238 
-18.531267265865154 -1.4774200938456188 
-18.194284436923304 -3.1632573213431847 
-14.825092093570738 -10.843505540151261 
-18.246959906518896 -2.9254709621308215 
-15.11541830521275 -9.722670232885276 
-18.521596800765458 -1.604331404818933 
-19.988829205501567 0.01717782194262444 
-16.2002996216678 -7.080281980944223 
-17.049590739290302 -3.870502113563179 
-18.22310983481451 -3.032475583050969 
-14.44047898399174 -11.62630742717352 
-16.514460014025616 -5.747958192723499 
-18.141748383073725 -3.3979118920690583 
-15.642592874133484 -7.75301301597106 
-14.994656059541978 -10.223775983684199 
-18.29620345462188 -2.677467209094199 
-18.47057766225101 -1.8269021325257415 
-15.360138614891763 -8.694438422650263 
-18.74348495576234 -0.7549980020081444 
-16.441610791503557 -6.103300767207635 
-14.924152060329952 -10.457514821919204 
-18.636054724521344 -1.1310495461766958 
-18.496610564898884 -1.7079215772571217 
-18.85878010777305 -0.430434487235219 
-14.529640048017214 -11.507805485476688 
-15.299605997051241 -8.951900169815403 
-14.968273992694677 -10.341919823698536 
-16.774221710247232 -4.550852772382396 
-15.169692179610195 -9.494834886849187 
-18.57764520460978 -1.3638339757203595 
-15.42044576441825 -8.466327717614151 
-14.626548224859844 -11.409492528749814 
