-1.0690622095953053 -0.9208750521871123 -1.1011695389990142 
-0.813810054055931 -4.2916766749215654E-5 -1.0058864004846948 
-0.9618706875902703 -1.2382564843603042E-5 -0.9831526252330378 
-0.7510695081906924 -5.446019800892888E-4 -0.9847669499026291 
-0.8243555949251078 -4.224916493243997E-4 -0.9800289945742682 
-1.0086038186815562 -9.057917716067854E-5 -1.0142461739640594 
-1.0722356404975504 -0.7435635093449524 -1.0829865634164229 
-0.8574650806687159 -4.293471769774856E-4 5.396062988382782E-4 
-1.0843306929244678 -2.573988095784397E-4 -1.1023587780929167 
-1.090877931403322 -0.6123813695530824 -1.0988637769392038 
-1.1605793971836509 -1.2440351441325748E-5 -1.1490372699955556 
-1.0925042710656316 -6.515863841802725E-4 -1.0668781823622615 
-0.6958797788521733 -5.967355809648486E-4 -1.0229208943345036 
-1.0620892380077966 -0.8177660763281345 -1.0814278417839407 
-1.0516813402145269 -0.8487220913281549 -1.082070848678059 
-1.0560066364352785 -0.8365781083102278 -1.0814278417839407 
-0.8425673008546972 -4.224916493243997E-4 5.396062988382782E-4 
-0.798373878256293 -1.1766714917818239E-5 -0.9826582004961744 
-1.0873031748988993 -0.7680213654804263 -1.0854046257844718 
-1.0916635030874993 -1.0072252294561197 -1.0844983140999245 
-0.5012256364679601 -4.2106877401496055E-5 -2.3127160621426142E-4 
-1.1037302875929598 -0.9224519679815046 -1.0843302159242383 
-0.5811049971373032 -4.3933628245116567E-4 -2.2063707856895032E-4 
-1.0513146586004178 -3.965913899816605E-5 -0.9934885838016663 
-1.0651223394164522 -1.25421343677209E-4 -3.488912988520134E-4 
-1.0083382712157876 -3.7590358599687045E-5 -0.8640962517367534 
-1.0690622095953053 -1.06118272452577 -1.1516311523245233 
-0.9908538696915056 -5.274714161903596E-6 -0.9831646126756393 
-0.6017964145568193 0.007759488518161439 -1.084526989183455 
-0.9660554730186774 -5.60503557367309E-4 -1.0236005605319587 
-1.0596804827482351 -6.972461442251908E-4 -1.0247889521301807 
-1.0516813402145269 -0.8934238116885821 -1.082070848678059 
-1.0901756197658063 -0.99446675963923 -1.0767728041642375 
-0.9619390705057967 -5.944551945245391E-6 -0.9689570865603883 
-0.5474114612366054 -5.719729338702872E-4 -2.244520580049917E-4 
-1.0206589182649122 -1.6888930774756482E-6 -0.8670178709309739 
-0.7838143235187695 -0.0019544395912697854 -1.0621644367416145 
-0.7485003104871722 -5.404141947932061E-4 -3.239551102769323E-4 
-1.1069172427919514 -1.015068183557836 -1.1288626156714057 
-1.093130910295529 3.4014897443109047E-6 -6.772887675461359E-4 
-1.0305331672270528 -0.0017244860043837142 -1.1056189744281848 
-1.10814305741378 -0.001337661988616956 -1.1495937874812787 
-1.1584760373343952 -1.3794677333651325E-4 0.001145410555338604 
-1.107468248398764 -0.6411038931699562 -1.082469300222992 
-1.0909226649099704 -1.0726334851390753 -1.1250739374478596 
-1.0690622095953053 -0.9208750521871123 -1.0673696038047307 
-0.9496651648492329 -7.140086116613838E-4 0.0012920822565022196 
-1.1069172427919514 -0.6391898905472309 -1.127436854718911 
-0.5477152799265477 -4.6957421223332396E-5 -1.1011947324782314 
-0.8880564433731113 -5.018811512579242E-4 -3.7077896130714293E-4 
-0.9633124176085888 -5.944551945245391E-6 -1.0461177200891894 
-0.8415675237757206 -3.965913899816605E-5 -1.0158758121292413 
-0.6954881217205837 -4.2425452190044527E-4 -3.5967452757474283E-4 
-1.0445273803424002 -3.6613057993398674E-5 5.396062988382782E-4 
-0.6312483768945498 -4.9105399551358E-4 9.297935537513071E-4 
-1.0909226649099704 -0.5996670278457498 -1.084526989183455 
-0.7146125135268653 -1.25421343677209E-4 -3.488912988520134E-4 
-0.9697052670030841 -3.4876955040462115E-5 -0.9289581258001498 
-1.1069172427919514 -0.007883725374663808 -1.1027311267328523 
-1.0417713457945588 -0.8694554293288661 -1.0828067036667028 
-1.0427909889881324 -0.003350435350967962 -1.0171860207924668 
-0.6544562053735221 -4.551703421581539E-4 -3.491940539042293E-4 
-1.0960337130871234 -0.7673526497550134 -1.0018550710061425 
-0.9178226326731974 -5.308464340591936E-4 -3.2651149707870917E-4 
-0.9022797048618078 -3.811973123733466E-5 5.371180745041104E-4 
-1.0115340163917508 -4.2916766749215654E-5 -3.5930105808893223E-4 
-0.8730912186991876 -3.811973123733466E-5 5.371180745041104E-4 
-0.6933566204236015 0.002757969896564738 -1.0563442526847777 
-0.7848758958775158 -4.770929393957934E-4 -0.007984765282232353 
-0.9945697444269047 -3.4876955040462115E-5 9.593371601524696E-4 
-1.0843306929244678 -1.009976031630537 -1.125645945571776 
-0.9633124176085888 -5.944551945245391E-6 -3.2148890011166043E-4 
-1.0616982265315729 -0.9158978074206527 -1.0561939119619652 
-0.79930392525937 -3.965621596229901E-4 -3.2651149707870917E-4 
0.004910555200403621 3.4014897443109047E-6 -6.772887675461359E-4 
-1.0214057584787457 -4.3345030610960706E-5 -1.0858271070282997 
-0.5010987610362476 -4.8355060597705577E-4 -1.1137148260403342 
-0.9773453416714325 -5.619474479905903E-4 -3.98515048850599E-4 
-1.155048987386562 -1.1484710352001013 -1.154043564861978 
-0.9924067661510082 -5.760642805891429E-4 -0.9227942990236481 
-1.0275738475223537 -3.811973123733466E-5 -2.634147043031012E-4 
-1.1069172427919514 -0.5396971560761841 -1.1006755001519244 
-1.081876233476513 -0.9635467756701701 -1.0588641889642976 
-0.9329391041767476 -7.441637345791298E-4 -3.5967452757474283E-4 
-0.8286112995863737 -5.44600923888963E-4 9.772699278030057E-4 
-1.0910239562258461 -0.7673526497550134 -1.0564837248885899 
-0.6706674787182487 -5.018811512579242E-4 -3.7077896130714293E-4 
-0.9926567594936373 -5.646389459855149E-4 -0.9665460903668588 
-1.0419053824172293 -1.0067255044530996 -1.0831388181200592 
-0.7324609574987361 -5.446019800892888E-4 -3.2632832352502017E-4 
-0.8132772807730267 -4.848769108203829E-4 0.0010035186700532305 
-0.605614771362101 -4.2106877401496055E-5 -2.3127160621426142E-4 
-1.1057739166987595 -1.146351859304411 -1.120010930539808 
-1.0615573978142845 -0.8069994021985516 -1.076732351901354 
-1.0825874451685258 -0.9635467756701701 -1.0818243266453522 
-0.6958797788521733 -5.967355809648486E-4 -1.0700065826161365 
-1.0575690257514163 -0.8745391012163648 -1.0830106407011109 
-0.7664609007135733 -4.2089270446846704E-4 -3.8805159737901137E-4 
-1.0729588079261851 -0.7467840675910673 -1.055698956089813 
-1.1405681993199035 -1.084523029209615 -1.1144905491711827 
