1.0 1.0 
0.3895173136150616 8.973306378518503 
0.3895173136150616 8.973306378518503 
1.0 1.0 
0.4440793710191265 6.800727665315343 
0.4007933162090371 8.511362783382108 
0.9519200845915311 1.0505083615750725 
0.9741963967607687 1.0264870649542834 
0.45650844107750277 6.346512370282799 
0.5448287502785192 3.8991888431965083 
0.5798109933060601 3.095832962548481 
0.6389237245978616 1.9967360263367078 
0.39720577927351325 8.687585563528216 
0.4702891476713572 5.912539569251918 
0.5387984014156669 4.013941601295899 
0.5020213122994092 5.162417879318586 
0.5966333397277869 2.7354393792685516 
0.7322574392023014 1.3656409425290403 
0.44936407921117755 6.5778555585554095 
0.4901536274424384 5.344590923274638 
0.4054273107394574 8.282752958451653 
0.3932535699417386 8.844886186142183 
0.6550595670812918 1.7148596485591039 
0.43638409783159127 7.067599403523831 
0.7989871169586839 1.2515846684470562 
0.4206727293447299 7.7469196079213365 
0.43940450905971035 6.999719084742058 
0.6106641607801573 2.462969388450319 
0.6479622574715942 1.8162379344058632 
0.6607362384404559 1.5999925987255905 
0.42528187217291624 7.471870079724314 
0.8416492550502332 1.188143393115358 
0.5511646397132517 3.70971382887833 
0.5210983801242668 4.543266151382998 
0.6029279993385885 2.61904857447781 
0.47571889184939337 5.716413174627344 
0.49200080155804654 5.230364802415254 
0.4560937485737192 6.55310155937071 
0.5885757765664869 2.9278787576110408 
0.5027264949396951 4.948541512072394 
0.6267936988248887 2.1698485197455066 
0.7668120473220628 1.3079741693328695 
0.7891795606007904 1.267143229965093 
0.5733162755603461 3.209708364048587 
0.5088547508128152 4.821463332572686 
0.4798281639494045 5.6991990880539944 
0.5607758255820328 3.53586550264065 
0.553431080592857 3.655371529901678 
0.5664801535769383 3.448248306657288 
0.5131156473900481 4.681669144371682 
0.7484489054408311 1.3360967585257417 
0.5237163841803221 4.372043387297662 
0.41284228138734574 8.052809891938859 
0.6267936988248887 2.1698485197455066 
0.7779335919979303 1.2854567751198114 
0.5872963141374514 2.9342573279799624 
0.9383422374215897 1.0657092567446282 
0.43072021982750214 7.267357949370336 
0.43076430164514057 7.26661425183873 
0.4835999452185383 5.512895877628052 
0.9144357906057099 1.0935705040069215 
0.7016495850150344 1.4252134052770282 
0.8151028141698825 1.2268449906999173 
0.8676236269095481 1.1525911366137993 
0.8969882630560047 1.1148618880234276 
0.9856367719312354 1.0145725367374652 
0.42123182631401207 7.648297050974856 
0.4643396959828293 6.190297301789291 
0.5196244777564485 4.66789798206145 
0.7159683579799541 1.3967133566146142 
0.8800664549443294 1.1362983134594429 
0.9227585249082702 1.0837266754971269 
0.6892848256494842 1.4507798270421903 
0.5299188051172653 4.30663540452485 
0.6170170237193832 2.4376104334347604 
0.4243760797184731 7.541383076650747 
0.4085372459993473 8.138429201355457 
0.9328421675370803 1.0800372989112508 
0.6181744906782852 2.3289323008765064 
0.7159683579799541 1.3967133566146142 
0.4835999452185383 5.512895877628052 
0.532592122773935 4.170298015805344 
0.7436888490732548 1.34464837616851 
0.8267805544496601 1.2095118030503889 
0.4141271385028701 7.923088484191374 
0.8964171402706476 1.115554334179006 
0.6803180997434957 1.4767545315161426 
0.5703025500538508 3.280128247056929 
0.851399872917794 1.1745455524439512 
0.5049927282238172 4.883292426167009 
0.4643396959828293 6.190297301789291 
0.9924140411674462 1.0076439454883466 
0.6011409180541972 2.677057233945006 
0.6666354579597566 1.504554189787698 
0.4141271385028701 7.923088484191374 
0.532592122773935 4.170298015805344 
0.6754866054473383 1.4804154976206554 
0.40845739529888997 8.220810198513638 
0.8799510782685479 1.1364473016536059 
0.46778906185338154 6.044357118608645 
