1.0 0.0 
0.3895173136150616 2.495258194805424 
0.3895173136150616 2.495258194805424 
1.0 0.0 
0.4440793710191265 2.02006286408561 
0.4007933162090371 2.411297315409895 
0.9519200845915311 8.414653910848937E-9 
0.9741963967607687 0.0 
0.45650844107750277 1.8972364684368874 
0.5448287502785192 1.1243901845386985 
0.5798109933060601 0.7949979851248776 
0.6389237245978616 0.27576201898578323 
0.39720577927351325 2.4507591937665487 
0.4702891476713572 1.7806031945966583 
0.5387984014156669 1.162705318154073 
0.5020213122994092 1.5916437984134493 
0.5966333397277869 0.6320543324759004 
0.7322574392023014 7.394461323139076E-7 
0.44936407921117755 1.9558520062543774 
0.4901536274424384 1.6196706282389948 
0.4054273107394574 2.3580542574643384 
0.3932535699417386 2.478283068428783 
0.6550595670812918 0.12333521899030286 
0.43638409783159127 2.0841879895418396 
0.7989871169586839 2.587220380885093E-8 
0.4206727293447299 2.2589178154784735 
0.43940450905971035 2.0757081279869687 
0.6106641607801573 0.5040471346252312 
0.6479622574715942 0.17685363208316832 
0.6607362384404559 0.057173091214516636 
0.42528187217291624 2.1776508961379535 
0.8416492550502332 1.7083974295185907E-9 
0.5511646397132517 1.0446630859329922 
0.5210983801242668 1.367488631959092 
0.6029279993385885 0.5790977171804883 
0.47571889184939337 1.7194057407869927 
0.49200080155804654 1.5733436752292986 
0.4560937485737192 1.9888286549976715 
0.5885757765664869 0.723278513453439 
0.5027264949396951 1.4877629294277335 
0.6267936988248887 0.36004737958099553 
0.7668120473220628 0.0029703506305120975 
0.7891795606007904 3.537442118642725E-6 
0.5733162755603461 0.8401780449112275 
0.5088547508128152 1.4534245226493998 
0.4798281639494045 1.7346362344030686 
0.5607758255820328 0.9828278963903397 
0.553431080592857 1.02299621576185 
0.5664801535769383 0.9533642303266379 
0.5131156473900481 1.4022376938802883 
0.7484489054408311 1.564816339726313E-7 
0.5237163841803221 1.2897107542750192 
0.41284228138734574 2.324540407366624 
0.6267936988248887 0.36004737958099553 
0.7779335919979303 6.427030692535049E-9 
0.5872963141374514 0.723278513453439 
0.9383422374215897 8.414653910848937E-9 
0.43072021982750214 2.130198013517936 
0.43076430164514057 2.130198013517936 
0.4835999452185383 1.6660361444164318 
0.9144357906057099 8.414653910848937E-9 
0.7016495850150344 3.94370490831397E-7 
0.8151028141698825 4.804469725919541E-6 
0.8676236269095481 1.5302292663026077E-5 
0.8969882630560047 1.8028485472303072E-5 
0.9856367719312354 0.0 
0.42123182631401207 2.221706134974211 
0.4643396959828293 1.874400767156168 
0.5196244777564485 1.4255540511490605 
0.7159683579799541 2.568504035127539E-6 
0.8800664549443294 1.8028485472303072E-5 
0.9227585249082702 1.8028485472303072E-5 
0.6892848256494842 5.201385651197208E-7 
0.5299188051172653 1.2821670876415192 
0.6170170237193832 0.5040471346252312 
0.4243760797184731 2.200382585724281 
0.4085372459993473 2.3248514526824264 
0.9328421675370803 0.007504334937264656 
0.6181744906782852 0.4396865389185415 
0.7159683579799541 2.568504035127539E-6 
0.4835999452185383 1.6660361444164318 
0.532592122773935 1.2210678728376974 
0.7436888490732548 3.2809800503129845E-9 
0.8267805544496601 8.391394086380453E-7 
0.4141271385028701 2.2811659620632163 
0.8964171402706476 2.026061270815377E-6 
0.6803180997434957 0.004662836668658299 
0.5703025500538508 0.8706655038002342 
0.851399872917794 7.934086940189838E-6 
0.5049927282238172 1.4660271650047818 
0.4643396959828293 1.874400767156168 
0.9924140411674462 0.0 
0.6011409180541972 0.6092886432973308 
0.6666354579597566 0.002989171334392602 
0.4141271385028701 2.2811659620632163 
0.532592122773935 1.2210678728376974 
0.6754866054473383 8.391394086380453E-7 
0.40845739529888997 2.357850720931431 
0.8799510782685479 1.8028485472303072E-5 
0.46778906185338154 1.8274841460207465 
