-16.090212223622036 -7.408777849647231 
-16.79412503359233 -4.467730038583349 
-14.85138570437163 -10.769413316414495 
-16.859303434005426 -4.204584540598918 
-15.623003343962239 -7.780038023529155 
-17.96433852700408 -3.7603238045888423 
-16.390131741440857 -6.3343166177579775 
-18.943932042224702 -0.21792596450997417 
-17.045894040966715 -3.8660192136536367 
-18.435616708972873 -1.9751207238329176 
-15.534235349997797 -8.05140916110843 
-14.603534793613246 -11.456933164056831 
-15.582085712097173 -7.901596256669804 
-16.759844635333323 -4.5763102986000215 
-16.217324728689267 -7.052390272214154 
-15.873849371868012 -7.750477425800089 
-18.06920009298489 -3.6467922463813003 
-16.047040413734706 -7.548925247666789 
-16.83631399803385 -4.335066094926589 
-16.689465966561478 -4.898255173827573 
-14.739734153507719 -11.141543464881934 
-16.276233177915106 -6.831158706715582 
-16.296786619189497 -6.707577342820441 
-16.358205983646133 -6.478026300962773 
-18.13980610762298 -3.375372433014505 
-18.483607075431102 -1.7191671069131722 
-16.13453727773821 -7.322979366961212 
-16.174228373760712 -7.2026253504998206 
-16.421858141486346 -6.193890437145795 
-18.38427611323502 -2.2388383499792197 
-14.973251191616514 -10.303286805032497 
-16.622487123806298 -5.168120255055836 
-15.99469320291501 -7.653471601249228 
-18.672059897790817 -0.9896948564107 
-14.899850926448266 -10.550294493677544 
-15.452843079977438 -8.260782391313981 
-16.5838197422175 -5.406333355036402 
-16.44803380267807 -6.076026402442561 
-15.433823229967643 -8.411393283343763 
-18.264315371475767 -2.8172170655557105 
-16.336172791740395 -6.581386692753188 
-16.46862474013448 -5.962390250873634 
-18.700489461699714 -0.879436667014965 
-18.515783906340772 -1.6065623979156882 
-18.19858061239406 -3.1374690451416978 
-15.386929453541185 -8.569356728390076 
-15.208399697130865 -9.333086484616182 
-16.981973099364282 -3.9792780945218973 
-15.097007359723136 -9.785836998989389 
-15.22737444976013 -9.247451313896708 
-15.318817868421956 -8.837681197882333 
-16.242155872723806 -6.926548636383645 
-14.944770771553218 -10.431636267730287 
-15.041395305034694 -10.036370999974352 
-15.167647343554172 -9.441680448500291 
-18.63414160472467 -1.1125672094567165 
-15.14037542294447 -9.59338002424586 
-14.529618742208033 -11.558608428342229 
-15.508340277128735 -8.13245733727829 
-14.650843435497759 -11.362321436854305 
-18.55161921891011 -1.4516438020145666 
-16.932233602937522 -4.080444648435228 
-14.814868009301248 -10.899529842571306 
-14.77656829395525 -11.015185659933028 
-16.610723486518197 -5.2808502047024675 
-16.660728582783754 -5.041087367270411 
-19.992494820792132 0.0145152856320087 
-18.7371714018494 -0.7565670063044614 
-18.77621197165359 -0.6351894327927189 
-18.883168206295593 -0.35214453526648587 
-14.697127722934354 -11.251539728515098 
-17.936690559883672 -3.865546871697635 
-15.28638517798797 -8.977184131643906 
-16.51207304638977 -5.764062645463218 
-18.329825990534214 -2.492687757126479 
-18.110782448598076 -3.5044470647916808 
-14.879433915285093 -10.655921225628353 
-16.560961450668703 -5.529479867026238 
-16.492661669222237 -5.860277056188661 
-18.461180804875077 -1.84685433907424 
-16.744803228045633 -4.656956626776254 
-15.074591274061671 -9.898292090380409 
-18.352557560243838 -2.374302825979771 
-14.42783367642523 -11.626775904900597 
-18.24001709232032 -2.92541100818407 
-18.827292422532786 -0.4952031950859943 
-15.005378736103271 -10.178084512746063 
-19.007528248249372 -0.10340377586802246 
-16.524692224294377 -5.675083703983863 
-16.71730584108722 -4.777765879353739 
-18.30621565454758 -2.621181551518851 
-18.16752315681461 -3.262777331159284 
-18.608240195660223 -1.2165814608011567 
-15.260946669973077 -9.11244766928278 
-18.22005683028675 -3.0238280407328353 
-18.407332577658917 -2.106610470912688 
-18.57954806142247 -1.3282772355110868 
-15.359149647207092 -8.68848392324009 
-18.283565079761264 -2.717058642292736 
-19.082284489656026 0.01338258964123187 
