-1.0692531315431282 -0.01420995155539545 -1.1058393000092823 
-1.0511098080038854 0.007452295027806637 -0.7019496474089004 
-1.1134285819447667 -0.99709044062073 -1.0961099455663168 
-0.7139519854614628 0.001996853967456382 -0.9983841041102277 
-1.0915551575740778 -0.6049686740687504 -1.0616530876694492 
-1.1111245955473568 -0.0019211608578780705 0.02146620833259233 
-1.010225134879378 -0.0018571844365756034 -0.9803444704984554 
-0.5557035116254931 0.0015446196413467792 -0.0014178311500633557 
-0.4912165509276264 -0.0033633106842156923 -1.127206202907534 
0.0016809256602049606 0.0014951147457807473 -0.8479444902303128 
-1.0975603535747045 -0.613843312871728 -1.1110131337327636 
-1.1105077824238074 -1.1043753035021215 -1.127878710813425 
-1.0935189287977805 -0.6306469565568709 -1.0604530775813807 
-0.9647196391696894 0.00150803572494539 -0.8040332002914217 
-1.0497587024028028 0.0016612232368799981 -1.0467608648227211 
-1.1548780205080105 -7.894939910048078E-5 -1.1557141281938939 
-1.0708757065263466 -1.308478291038007E-4 -0.0014291623439649204 
-1.0857778287453665 1.1730414795951827E-4 -1.1163472720197491 
-1.0403187537373961 8.045368419554257E-4 -0.6878332005465393 
-0.8011852464238488 0.001996853967456382 -1.0105470761546542 
-1.1114174939997525 -1.0455243528750986 -1.1114926548180364 
-1.0330659119604144 2.458495980164374E-4 -1.027198920738086 
-0.9853424439846703 9.507386308236045E-5 -1.062599225749813 
-0.9938500996126498 -0.0019008124210271459 -1.016197345715833 
-0.0022030120992170277 0.0014448936021111164 -1.025857892027521 
-0.0030672542640431955 0.0036281760522616224 -0.8166444097724475 
-1.0858037159446512 0.001548096696940865 -1.0619238306888494 
-1.0605293802616156 -0.001784549754153113 -1.062599225749813 
-1.0042316729696275 1.0068648449728626E-4 -0.9670276498085396 
-0.001158859855373895 2.469946963075101E-4 -0.8797222675682932 
-1.0698586167697948 -0.979720058271522 -1.0607937103748943 
-1.0497587024028028 0.0016612232368799981 -0.8030399424057997 
-1.1079681115464475 2.458495980164374E-4 -1.1268023823165534 
-0.7107478171381194 1.6797388309248138E-4 -0.0014178311500633557 
-1.0602086043221552 -1.0209129435403919 -1.0603970197677928 
-1.0583118336404111 -0.7710970777170139 -1.009160122646111 
-0.9939780540703983 2.4044519103077268E-4 -0.8797222675682932 
-0.9882581691436989 9.571801005169283E-5 -0.9670276498085396 
-1.071148728640815 -0.7095515918606514 -1.0974954074794097 
-0.001158859855373895 -0.0015800830054924797 -0.9508196819449569 
-1.0067623391645693 2.468455580917025E-4 -1.0167469334981323 
-1.004223852175575 0.0014310107275379669 -0.9387407747320701 
-0.6934709422447045 0.001893671402794954 -0.0011671996720076256 
0.0016774182108848846 0.0015114554819857223 -0.8006670210679843 
-0.9913703241441653 -1.308478291038007E-4 -0.0014291623439649204 
-1.039829519624907 -0.7620608980839155 -1.0937556432929407 
-1.0602086043221552 -0.8666454732915108 -1.0603970197677928 
-1.0913159552946996 0.0014857084258659585 -0.5586594323923365 
-1.0444673937114082 -0.9313388504610913 -1.0625906382767984 
-1.0881633660888994 -0.8377414006771864 -1.0625906382767984 
-1.0964809534446802 -0.7987414609832165 -1.038384429452196 
-1.0067623391645693 2.421776628168447E-4 -1.0746902813761727 
-1.0820789016677612 -0.9792366245406696 -1.075249111086129 
-1.068153968692477 -0.9456501745899104 -1.0628712095008885 
-1.0883824117160572 -0.8345093933791745 -1.1168808008135767 
0.0016774182108848846 -0.002211253657838943 -0.7310879975714688 
-1.0911633593355474 -0.8965929822587818 -1.0378265049928752 
-1.156497904479083 -1.1121057417268276 -1.1377440111177872 
-1.0975790823569418 -0.6309105961940191 -1.1109066487892054 
-1.1052973964597537 -1.0838845281935394 -1.1279276412867474 
-0.7797059562567663 0.0019083922935429697 -0.0011660311966774468 
-0.5991540894356329 -0.002175729777596556 -1.0774029666795009 
-1.1141020021012693 -1.0144546132537589 -1.0971202050740643 
-1.0976971791289154 -1.0500770929447218 -1.0820667432915048 
-0.8955496632228523 -0.0019229671608329492 -0.9615017667093206 
-0.9251541725082005 5.858249320818132E-4 -0.901652122099053 
-9.840348343396514E-4 0.0014283106279726206 -0.0014267388394430544 
-0.6723289281551603 0.001485748263874151 0.0017913930008492246 
0.0015915372432408566 0.0017881266894414528 -0.6499723938094427 
-0.5897699438275434 0.001548096696940865 -0.0014178311500633557 
-1.1104282863991775 -1.0584196267088841 -1.1279276412867474 
-1.1529785495663645 -0.0015727632063178357 -0.0011635970350781842 
-1.0911633593355474 -0.8201428339112611 -1.0378265049928752 
-0.9882581691436989 1.2092544263242867E-4 -0.9283260119575801 
-0.001054820809072099 0.0018567577209389163 -0.91114831196505 
-1.0451729464728206 -1.8817709815452778E-4 -0.001432516666928551 
-1.1168725505911972 -0.9926032661412857 -1.075249111086129 
-0.95143709866811 0.0014964733241025164 -0.9354140409882864 
-0.9868180215298127 1.239335661002512E-4 -0.9414522537873862 
-0.0030672542640431955 4.047703834270122E-4 -0.8318276195376475 
-0.7797059562567663 0.0019995946429264633 -0.9991400233984895 
-1.06428119747929 -0.9313388504610913 -1.0625906382767984 
-0.897017664700974 0.002134648201063508 -0.0014178311500633557 
-1.154061908578718 -1.1560653391141404 -1.1522436977755695 
-0.0022030120992170277 0.0014448936021111164 -0.964716863445392 
2.3707722664467745E-4 -0.002175729777596556 -0.6212017780051664 
-1.0639032994840898 -0.9463302949005922 -1.0978104729688685 
4.268583501448875E-4 0.0014857084258659585 -0.5209042728436546 
-0.8955496632228523 -0.0018298755703441251 -1.0139124125554766 
-0.7862003248046763 -0.0016336911706192037 -1.009160122646111 
-0.9261555350622405 3.4974109433264216E-5 -0.0014531227000261875 
-1.009306705505276 -0.001784549754153113 -0.0014171780101012057 
0.0016774182108848846 0.0017835325816315862 -0.7464810396805167 
-1.0602086043221552 -0.8377414006771864 -1.0625906382767984 
-0.9771914793063583 0.00150803572494539 0.0017913930008492246 
-0.8643747879628303 0.001972135291918981 0.001610949419486907 
0.0016774182108848846 -0.00220078576991072 -0.7627927272926732 
-1.063668205546051 -0.7987414609832165 -1.038384429452196 
0.001867225504418757 0.0014951147457807473 -0.9386708885570851 
-0.4795742009216749 -0.0013817554565343127 -7.30799306429275E-4 
