-3.141592653589793 1.0303513498144166 
3.1101772964681524 0.0785987401850822 
2.995427352770181 0.19962946037625326 
2.9955081913365937 0.15308478102824208 
2.996538317952919 0.12686391853238133 
2.9955082019659267 0.1492161275175158 
2.7610562533000014 0.23742746744905913 
3.110158310114276 0.088091243889384 
2.9965747592995093 0.09883800283906666 
2.995512740232081 0.1393268849885531 
-3.141592653589793 1.0303513498144166 
2.1518379403882917 0.6402601698908807 
3.110158310114276 0.088091243889384 
2.761149483707748 0.2062230292983879 
3.110158310114276 0.088091243889384 
2.9955281450618614 0.12981418808450992 
2.1556314498714353 0.5511291033041088 
2.761149483707748 0.2062230292983879 
2.996547159404301 0.11603490935959361 
3.110158310114276 0.088091243889384 
2.1518379403882917 0.6402601698908807 
2.996540607473447 0.12235181749342108 
2.996574759308928 0.09443714044923217 
2.9955081913365937 0.15308478102824208 
2.9955082019659267 0.1492161275175158 
2.9955082019699164 0.14921611776306104 
3.110158310114276 0.088091243889384 
2.9955082019659267 0.1492161275175158 
3.110158310114276 0.088091243889384 
3.110158310114276 0.088091243889384 
2.9955082019699164 0.14921611776306104 
2.995441746372884 0.19943746791666686 
3.110158310114276 0.088091243889384 
2.9955081986694414 0.14922418475467158 
2.995507982965733 0.15354075004917972 
2.9954460026979635 0.19367575293553307 
2.9965747592995093 0.09883800283906666 
2.995441746372884 0.19943746791666686 
2.155629132955311 0.5515374404758482 
2.9954498755109347 0.1920430905545381 
2.9965389652538663 0.1252032252179131 
2.1556340195274895 0.41715765139049055 
2.995508202187528 0.1491024673392017 
2.995508202187528 0.1491024673392017 
2.996540607473447 0.12235181749342108 
2.995508202182158 0.14921559883914426 
2.1518379403882917 0.6402601698908807 
2.9955082019699164 0.14921611776306104 
2.995441746372884 0.19943746791666686 
2.9965407836287787 0.12200556028909956 
2.9955082019699164 0.14921611776306104 
2.1518379403882917 0.6402601698908807 
2.155629132955311 0.5515374404758482 
2.995508202187528 0.1491024673392017 
2.995442702490994 0.19512453972876037 
2.155633160254675 0.5501048683620882 
2.760102056094949 0.31630712923277793 
2.9955081913365937 0.15308478102824208 
2.7610562533000014 0.23742746744905913 
2.9955081913365937 0.15308478102824208 
2.996540607473447 0.12235181749342108 
2.995507982965733 0.15354075004917972 
2.760102056094949 0.31630712923277793 
2.760102056094949 0.31630712923277793 
2.761149483707748 0.2062230292983879 
2.995495535797488 0.15570443155545635 
2.9955082019699164 0.14921611776306104 
2.155633160254675 0.5501048683620882 
2.9954460026979635 0.19367575293553307 
2.7610562533000014 0.23742746744905913 
2.995508202187528 0.1491024673392017 
2.9955081913365937 0.15308478102824208 
2.1518379403882917 0.6402601698908807 
2.155629132955311 0.5515374404758482 
2.155872266444262 0.40971655303264276 
2.9954503206302783 0.15805098595340947 
2.9955081913365937 0.15308478102824208 
2.761149483707748 0.2062230292983879 
2.155872266444262 0.40971655303264276 
2.995507982965733 0.15354075004917972 
2.155872266444262 0.40971655303264276 
2.125264995154018 0.9400449185290982 
2.761149483707748 0.2062230292983879 
2.155872266444262 0.40971655303264276 
2.761149483707748 0.2062230292983879 
2.760102056094949 0.31630712923277793 
2.996540607473447 0.12235181749342108 
2.996540607473447 0.12235181749342108 
2.1421798814488455 0.7022895083206556 
2.760102056094949 0.31630712923277793 
2.1518379403882917 0.6402601698908807 
3.110158310114276 0.088091243889384 
3.110158310114276 0.088091243889384 
3.110158310114276 0.088091243889384 
3.110158310114276 0.088091243889384 
3.110158310114276 0.088091243889384 
