-3.141592653589793 -4.999999136970434 9.03857061126841E-6 
3.1101772964681524 -4.99758499286905 0.15708153917293421 
2.995427352770181 -4.9471992673291245 0.7278301182138136 
2.9955081913365937 -4.9472727810802795 0.7278091126991161 
2.996538317952919 -4.947364520352719 0.7227008207964066 
2.9955082019659267 -4.9472008434323715 0.7278091126991161 
2.7610562533000014 -4.64223877822106 1.8566652489411255 
3.110158310114276 -4.99758499286905 0.15708153917293421 
2.9965747592995093 -4.947552120593708 0.7225422682001049 
2.995512740232081 -4.9472008434323715 0.7278091126991161 
-3.141592653589793 -4.999999136970434 9.03857061126841E-6 
2.1518379403882917 -2.762533425005613 4.180130573258009 
3.110158310114276 -4.99758499286905 0.15708153917293421 
2.761149483707748 -4.642864077657887 1.8566652489411255 
3.110158310114276 -4.99758499286905 0.15708153917293421 
2.9955281450618614 -4.947201693421202 0.7277288593983678 
2.1556314498714353 -2.761279857428207 4.164691818449331 
2.761149483707748 -4.642864077657887 1.8566652489411255 
2.996547159404301 -4.947377240992789 0.7226966983826999 
3.110158310114276 -4.99758499286905 0.15708153917293421 
2.1518379403882917 -2.762533425005613 4.180130573258009 
2.996540607473447 -4.9473792729524035 0.7226966983826999 
2.996574759308928 -4.947539687810751 0.7225422725765753 
2.9955081913365937 -4.9472727810802795 0.7278091126991161 
2.9955082019659267 -4.9472008434323715 0.7278091126991161 
2.9955082019699164 -4.9472008434323715 0.7278091126991161 
3.110158310114276 -4.99758499286905 0.15708153917293421 
2.9955082019659267 -4.9472008434323715 0.7278091126991161 
3.110158310114276 -4.99758499286905 0.15708153917293421 
3.110158310114276 -4.99758499286905 0.15708153917293421 
2.9955082019699164 -4.9472008434323715 0.7278091126991161 
2.995441746372884 -4.947272777174233 0.7278105007457676 
3.110158310114276 -4.99758499286905 0.15708153917293421 
2.9955081986694414 -4.9472008434323715 0.7278091126991161 
2.995507982965733 -4.947271947204356 0.7278091126991161 
2.9954460026979635 -4.947271994807119 0.7278653799266714 
2.9965747592995093 -4.947552120593708 0.7225422682001049 
2.995441746372884 -4.947272777174233 0.7278105007457676 
2.155629132955311 -2.761279857428207 4.164691818449331 
2.9954498755109347 -4.947273078188787 0.727865127040887 
2.9965389652538663 -4.9473792729524035 0.7226966983826999 
2.1556340195274895 -2.761279857428207 4.169033677395494 
2.995508202187528 -4.947198830930621 0.7278091126991161 
2.995508202187528 -4.947198830930621 0.7278091126991161 
2.996540607473447 -4.9473792729524035 0.7226966983826999 
2.995508202182158 -4.9472008434323715 0.7278091126991161 
2.1518379403882917 -2.762533425005613 4.180130573258009 
2.9955082019699164 -4.9472008434323715 0.7278091126991161 
2.995441746372884 -4.947272777174233 0.7278105007457676 
2.9965407836287787 -4.9473792729524035 0.7226966983826999 
2.9955082019699164 -4.9472008434323715 0.7278091126991161 
2.1518379403882917 -2.762533425005613 4.180130573258009 
2.155629132955311 -2.761279857428207 4.164691818449331 
2.995508202187528 -4.947198830930621 0.7278091126991161 
2.995442702490994 -4.947273093357681 0.7278653799266714 
2.155633160254675 -2.761279857428207 4.164748957475925 
2.760102056094949 -4.640879764855903 1.8637045800691916 
2.9955081913365937 -4.9472727810802795 0.7278091126991161 
2.7610562533000014 -4.64223877822106 1.8566652489411255 
2.9955081913365937 -4.9472727810802795 0.7278091126991161 
2.996540607473447 -4.9473792729524035 0.7226966983826999 
2.995507982965733 -4.947271947204356 0.7278091126991161 
2.760102056094949 -4.640879764855903 1.8637045800691916 
2.760102056094949 -4.640879764855903 1.8637045800691916 
2.761149483707748 -4.642864077657887 1.8566652489411255 
2.995495535797488 -4.9472719604851925 0.727866811319202 
2.9955082019699164 -4.9472008434323715 0.7278091126991161 
2.155633160254675 -2.761279857428207 4.164748957475925 
2.9954460026979635 -4.947271994807119 0.7278653799266714 
2.7610562533000014 -4.64223877822106 1.8566652489411255 
2.995508202187528 -4.947198830930621 0.7278091126991161 
2.9955081913365937 -4.9472727810802795 0.7278091126991161 
2.1518379403882917 -2.762533425005613 4.180130573258009 
2.155629132955311 -2.761279857428207 4.164691818449331 
2.155872266444262 -2.761279857428207 4.169039068498055 
2.9954503206302783 -4.947270809978557 0.7281382215168295 
2.9955081913365937 -4.9472727810802795 0.7278091126991161 
2.761149483707748 -4.642864077657887 1.8566652489411255 
2.155872266444262 -2.761279857428207 4.169039068498055 
2.995507982965733 -4.947271947204356 0.7278091126991161 
2.155872266444262 -2.761279857428207 4.169039068498055 
2.125264995154018 -2.6200728022725075 4.181305700295154 
2.761149483707748 -4.642864077657887 1.8566652489411255 
2.155872266444262 -2.761279857428207 4.169039068498055 
2.761149483707748 -4.642864077657887 1.8566652489411255 
2.760102056094949 -4.640879764855903 1.8637045800691916 
2.996540607473447 -4.9473792729524035 0.7226966983826999 
2.996540607473447 -4.9473792729524035 0.7226966983826999 
2.1421798814488455 -2.729291840086073 4.207323099616115 
2.760102056094949 -4.640879764855903 1.8637045800691916 
2.1518379403882917 -2.762533425005613 4.180130573258009 
3.110158310114276 -4.99758499286905 0.15708153917293421 
3.110158310114276 -4.99758499286905 0.15708153917293421 
3.110158310114276 -4.99758499286905 0.15708153917293421 
3.110158310114276 -4.99758499286905 0.15708153917293421 
3.110158310114276 -4.99758499286905 0.15708153917293421 
