0.599427928230414 2.703146731623272 
0.7539451113817807 1.3263662282754602 
0.44534347143350994 6.728761263891079 
0.48893825034866845 5.31965440446474 
0.435253934518578 7.1527478895722805 
0.4257433323387331 7.514220740741976 
0.4133932650912998 7.943915466730902 
0.5790674101722537 3.0941468839308612 
0.6393427269527074 1.9489114968410859 
0.857009458425529 1.1668484034623805 
0.61923255360927 2.3222234308362086 
0.4323520485274218 7.236811713533569 
0.8197823165653251 1.219836022880624 
0.42385387473355896 7.572555927349975 
0.49319396238402097 5.269100157969732 
0.7237072425131886 1.3817743495413404 
0.9645171692963954 1.03678818353582 
0.8990233274880298 1.1123186997749739 
0.49952855098355475 5.032299981939091 
0.5910721932358426 2.8588415453072713 
0.473696171091165 5.784594775112934 
0.6518899338345044 1.750428005676641 
0.4389244451111005 7.026941502901241 
0.9999983476943105 1.0000016525183888 
0.4403863217112494 6.897304508326873 
0.927082660551034 1.0786524991607782 
0.6308330772152566 2.1460250224735153 
0.5327921471475928 4.140570658042632 
0.694577147496979 1.4397249346014778 
0.6059920682241899 2.574044131293712 
0.5150836335541579 4.600941562323851 
0.5311802057519243 4.279182821282965 
0.45667664979031863 6.519613257907138 
0.5035938927764042 4.91054013712001 
0.574273846195514 3.193452730999868 
0.6224718231114311 2.2739562012147423 
0.4575323651708857 6.317494958926073 
0.565971616172446 3.373031107787956 
0.39467079160541607 8.741570591935151 
0.5651521462949629 3.460954745242517 
0.5385872362141609 4.0523457653562724 
0.594731192890569 2.7772587632498054 
0.4604016206447294 6.229797616292188 
0.5699616312648599 3.3189758142240855 
0.6327856044195926 2.063799726929169 
0.5574907278261437 3.5656714028339773 
0.41859688611216805 7.777646986587473 
0.4873938961909488 5.407380119631175 
0.6686759964802512 1.4955825664912814 
0.5871422660216069 2.934757827330853 
0.6143940958462379 2.406444464533775 
0.7865437161654322 1.2713853607120982 
0.5088283784025116 4.763709747090732 
0.5238775224375498 4.382875089522776 
0.425785025781722 7.451067095617767 
0.5057259242925325 4.846727084913391 
0.46326616493542844 6.14274360491532 
0.47576226725021387 5.736886749473191 
0.4710314826275549 5.869418345121707 
0.5141580211173934 4.680149515736494 
0.5519533361612672 3.735940955584262 
0.40873240099563013 8.164265353009936 
0.39280107851870466 8.823168627866801 
0.42271622702606093 7.714591299796838 
0.481751740682457 5.548518836091089 
0.39630565459083394 8.677811202751469 
0.4117996557405442 8.00537227035807 
0.44307907279913517 6.80353416849259 
0.39206032719861106 8.922802496347833 
0.5011094469432156 4.970097675265703 
0.5476390092944848 3.8062521424780478 
0.4014335829561253 8.458297199174853 
0.5178459018042402 4.543170504029453 
0.49844981534662314 5.074252159755516 
0.5841873545848948 2.9944984921856905 
0.46875683182380745 5.962725465420198 
0.44712656529755435 6.65886433870956 
0.6603825451477148 1.6020949247762686 
0.5534547175172224 3.6557071632974356 
0.540676509416987 3.956605482702033 
0.6084468423024898 2.50628270444476 
0.40277234601094763 8.386452429790022 
0.5391766181278427 4.004886551285084 
0.39746130891097464 8.613460053534897 
0.6571080542377494 1.6603131255349506 
0.38929118341308167 8.986273040082313 
0.4305607231059293 7.287551339959073 
0.4048350283025893 8.315046826474411 
0.41570272283800497 7.844747575947451 
0.6635505869355454 1.5517400505599097 
0.4000779039770194 8.523363843112568 
0.4657910690731922 6.029652339007913 
0.41029717794505255 8.085758446424034 
0.6024698062107027 2.630875811477451 
0.4938911886262285 5.179453025654967 
0.6453392832948138 1.848515849532734 
0.40610615715247633 8.239295924692827 
0.47835625037739554 5.6475315827886385 
0.4278328344126885 7.365297478250297 
0.5199224247633201 4.469107048365324 
