0.599427928230414 0.6203416450397529 
0.7539451113817807 7.333710174247791E-6 
0.44534347143350994 1.996609899708585 
0.48893825034866845 1.6009825169785779 
0.435253934518578 2.1132616615557906 
0.4257433323387331 2.1991293780923127 
0.4133932650912998 2.2839611524011647 
0.5790674101722537 0.7917196227703927 
0.6393427269527074 0.24602239097986262 
0.857009458425529 1.1831598790568476E-7 
0.61923255360927 0.4379963451279854 
0.4323520485274218 2.12885036915348 
0.8197823165653251 6.669107586207928E-10 
0.42385387473355896 2.2096571714438658 
0.49319396238402097 1.5986883851073628 
0.7237072425131886 1.0428201836365813E-7 
0.9645171692963954 3.94392082680363E-9 
0.8990233274880298 4.5869885585591983E-7 
0.49952855098355475 1.5137775180926027 
0.5910721932358426 0.6897817422985142 
0.473696171091165 1.7401403962849558 
0.6518899338345044 0.14108639680260893 
0.4389244451111005 2.08429639998909 
0.9999983476943105 2.0996885493848073E-10 
0.4403863217112494 2.0374785621444893 
0.927082660551034 2.8731996417660783E-8 
0.6308330772152566 0.3537835687079077 
0.5327921471475928 1.2060635313148558 
0.694577147496979 3.825576889582604E-8 
0.6059920682241899 0.559850326823015 
0.5150836335541579 1.369869697692113 
0.5311802057519243 1.2730172114591851 
0.45667664979031863 1.9773551405495762 
0.5035938927764042 1.4729180232870434 
0.574273846195514 0.8339163824748623 
0.6224718231114311 0.4154736622456848 
0.4575323651708857 1.8904584105125937 
0.565971616172446 0.9090398674746853 
0.39467079160541607 2.4500425853936716 
0.5651521462949629 0.9559660025035449 
0.5385872362141609 1.1825417059473933 
0.594731192890569 0.6517224172333429 
0.4604016206447294 1.8682089188295954 
0.5699616312648599 0.8916888692037762 
0.6327856044195926 0.3059427576058642 
0.5574907278261437 0.9878287455547811 
0.41859688611216805 2.2556988098652035 
0.4873938961909488 1.6355240646925175 
0.6686759964802512 6.0162967049248186E-5 
0.5871422660216069 0.7231203609636847 
0.6143940958462379 0.4785052709914129 
0.7865437161654322 1.6629282207781015E-7 
0.5088283784025116 1.4239107057924159 
0.5238775224375498 1.2960897430524463 
0.425785025781722 2.1725527954089516 
0.5057259242925325 1.4511155348114768 
0.46326616493542844 1.845725272030749 
0.47576226725021387 1.7293942468870753 
0.4710314826275549 1.7646808252640471 
0.5141580211173934 1.4063364135446028 
0.5519533361612672 1.062065074136246 
0.40873240099563013 2.3369997801011873 
0.39280107851870466 2.4657501529784787 
0.42271622702606093 2.2610829272981947 
0.481751740682457 1.673008607496283 
0.39630565459083394 2.4390656491220932 
0.4117996557405442 2.2966095450083523 
0.44307907279913517 2.0145036111329317 
0.39206032719861106 2.498276866246715 
0.5011094469432156 1.490562897306158 
0.5476390092944848 1.0844521524316884 
0.4014335829561253 2.3954445503725204 
0.5178459018042402 1.3526622267095567 
0.49844981534662314 1.5292600520523405 
0.5841873545848948 0.7493481524584146 
0.46875683182380745 1.7950682982055097 
0.44712656529755435 1.9773551405495762 
0.6603825451477148 0.057995523991988984 
0.5534547175172224 1.0232683753884686 
0.540676509416987 1.139243641527448 
0.6084468423024898 0.5249397974367584 
0.40277234601094763 2.377831119855739 
0.5391766181278427 1.1593411867075705 
0.39746130891097464 2.4235171071303743 
0.6571080542377494 0.09100512734566757 
0.38929118341308167 2.498276866246715 
0.4305607231059293 2.1377333746043625 
0.4048350283025893 2.366222217333123 
0.41570272283800497 2.2610829272981947 
0.6635505869355454 0.029658021320420835 
0.4000779039770194 2.410009541185989 
0.4657910690731922 1.8085582091261692 
0.41029717794505255 2.3175638721131535 
0.6024698062107027 0.5850232403052451 
0.4938911886262285 1.5580862112744471 
0.6453392832948138 0.19291989349655858 
0.40610615715247633 2.346028805619063 
0.47835625037739554 1.7015320318306908 
0.4278328344126885 2.1511160964124514 
0.5199224247633201 1.323588973112944 
