5.788523296431644E-11 1.0012216687322544 
0.8520853565718752 -0.7726296967877766 
0.8233286288160986 -0.45756465858604867 
0.4537728717173307 -0.12330580552292039 
0.6529640757167952 -0.4572842259955005 
0.6184869881998718 -0.12525540920965283 
0.40938528192645995 0.242005857928127 
0.2576430009149593 0.24309458132300962 
0.18248263700576234 0.6693625213409098 
0.08325530447256013 0.6709979594216198 
0.19198506478882346 0.6111271965736786 
0.18624592168727644 0.6477397108426411 
0.6391268018503685 -0.4006195965964989 
0.05981682781162284 0.7000085292068697 
0.011845192186579881 0.8888470356782407 
0.03423023350114318 0.7868748089888091 
0.4228815557403212 0.09070365709604347 
0.4184023982653938 0.12562050124335164 
0.44266126283607177 -0.09491233517987449 
0.6309322717167666 -0.3143993643739467 
0.005068548141245854 0.9296457517501153 
0.19644998000538888 0.5836684613151091 
0.04188032371115459 0.7569373529565958 
0.4377731770261176 -0.0664195139170406 
0.22934437411590047 0.3505560894091991 
0.6424626280458259 -0.42460851871475563 
0.002139929032324482 0.9552075459317995 
0.018213361317433396 0.8568770000926118 
0.8290185754474726 -0.5645962145698006 
0.6294378616406011 -0.28213743256982204 
0.008586445736016884 0.9063615222604627 
0.05276146960335054 0.7192503002281309 
0.20260275968515187 0.5347915919779664 
0.23277449286741903 0.3192173497670037 
0.424637797377993 0.05239104812262678 
0.20846495970443651 0.4898962661410713 
0.6205814585403636 -0.16114275712307596 
0.8243153527590743 -0.4770495644104694 
0.42774656105552034 0.019560363553588492 
0.2344186994340145 0.3102676262210319 
0.831008290469888 -0.5902978351639906 
0.6460192771527424 -0.4436720522336358 
0.6355805313501407 -0.3667506830654502 
0.8428925566613575 -0.7369777992385591 
0.06960627298659161 0.6835372715869886 
0.8276704053381874 -0.5410201433126057 
0.6273481012993314 -0.2658905207959639 
0.8361774881267254 -0.6720690769044833 
0.6258864377092652 -0.24456305594404684 
0.23957930737005223 0.2847157033590259 
0.05007616414376337 0.7320516823588019 
0.2484169715144685 0.2625010649600188 
0.8270194083573756 -0.5237652929331587 
0.21697140609527402 0.4247347801278985 
0.8406003526942266 -0.7202184382874915 
0.4156206313091954 0.16024397346072813 
0.24073383480892416 0.2799796240527848 
0.41705291062105626 0.14259017955858905 
0.6200497128820139 -0.13580343286416852 
0.8344375581331056 -0.6491858757896102 
0.8374344347633715 -0.6873669140036928 
0.024219003834541286 0.8297283796853034 
0.414253458672569 0.17809045192559517 
0.22033523703830363 0.4089882261031663 
0.410827175939116 0.22276642052394524 
0.4338349622096647 -0.03649278891476023 
0.6218772183398914 -0.18233680281213716 
0.2230010385079993 0.3814599188409609 
0.4310652702132578 -0.01262284386389214 
0.026756496699183174 0.8177516704312158 
0.21122983461855743 0.4687960823968636 
0.20516814431693653 0.5152483923323204 
0.8458192775007578 -0.7574250389254847 
0.20604516056523886 0.5086531731300624 
0.07869733855949747 0.6746804690114301 
0.20027138785558107 0.5559139356054184 
0.21502007575645096 0.4400556794931818 
0.4467568426515368 -0.1116339961910177 
5.791676404650059E-4 0.977268368860473 
0.42344918614574445 0.07080740118976377 
0.6329843668041563 -0.3374604215724084 
0.19871090520202594 0.5634180523900942 
0.4326210350122234 -0.015871926716065795 
0.21368219704600894 0.44989194588086745 
0.8256120826222575 -0.5025741363699266 
0.8466739325169145 -0.761465974796039 
0.020945070172891767 0.8439701240377809 
0.0714668317125248 0.678484233278921 
0.044806131149531706 0.7457700026583803 
0.624273193109451 -0.21332005043731198 
0.4130989312336947 0.1929781359365217 
0.6347663544341635 -0.3426892873187328 
0.44794545388378537 -0.11537062162090232 
0.833572496035903 -0.6373671499891211 
0.6355089947154331 -0.36192463158196675 
0.4285714893833489 0.011205270267929838 
0.8319561395373728 -0.6129168570577773 
3.5255408402178057E-4 0.9826986692556655 
0.2253259239903463 0.3655258871416198 
0.030974432321900475 0.8008679944427366 
