-16.59896024440441 -5.246719057194298 
-15.295498335651038 -8.971373576395 
-18.195260490255816 -3.171388483886953 
-18.571804231574315 -1.3962481562432492 
-18.002561218710042 -3.821505403945745 
-15.902886319580833 -7.731136147156615 
-18.618289317604823 -1.2084362506701782 
-14.980131759363378 -10.293260078423714 
-14.497870239894723 -11.603254109649713 
-16.114981691442573 -7.3920827905110364 
-16.685775980003612 -4.920141304081621 
-16.306449007975413 -6.7085549019507695 
-16.487980462578424 -5.888241827433731 
-18.325523940844803 -2.545508290284628 
-18.001391991563974 -3.823470545695594 
-15.21702625298826 -9.300662998693209 
-18.052330869032005 -3.710299984039436 
-14.472044132271318 -11.619045444794816 
-15.370109071737105 -8.668599191142956 
-15.97665240291303 -7.686273224051913 
-16.420257655761066 -6.20622599671575 
-17.975475737893497 -3.858001667662286 
-17.988400509619773 -3.8429098909659074 
-17.95819216001737 -3.871128330919584 
-18.602649316447597 -1.2703545755944805 
-18.434696792436128 -2.0121655280904784 
-16.460549118724067 -6.01882856774723 
-15.370109071737105 -8.668599191142956 
-14.526341380591461 -11.577770792229586 
-14.716431692166042 -11.207254961059679 
-15.22237192629072 -9.278101786495697 
-18.10336690188941 -3.547524249157425 
-18.133593014340317 -3.4341191221330765 
-15.0511105849031 -10.003331262039058 
-16.00322207139111 -7.64599845339988 
-16.35660435331844 -6.492986603360906 
-14.659877479253609 -11.35050563289009 
-18.647245415501388 -1.0973540363286765 
-18.35536170246792 -2.3980607719813767 
-16.561309012080386 -5.533514834126763 
-17.94713365536861 -3.875032196294444 
-18.39267646612049 -2.2149042963381724 
-19.99977364379142 7.743864954146189E-4 
-15.973537759688687 -7.690323928055287 
-18.480976045071976 -1.7953225132329511 
-18.262532981110816 -2.8548419845714643 
-18.507290208682342 -1.6758156446719847 
-16.398970279474863 -6.304390959127252 
-16.045459833515295 -7.565746215839134 
-14.570185433860283 -11.521288623760693 
-18.07772500885521 -3.634871123802848 
-18.30712997051924 -2.6363889353418877 
-15.279068807530361 -9.039705319502245 
-16.202026085695078 -7.1131989274263265 
-16.07070421043524 -7.507960072008679 
-14.85655408624452 -10.763838863358206 
-16.306617768715412 -6.7079468332690375 
-14.579394164815707 -11.506596568471188 
-16.564701667926414 -5.516912045387921 
-16.52451676070345 -5.712454200934252 
-17.96320357827025 -3.868173012569248 
-16.082888602450254 -7.478313660422527 
-15.946198886189674 -7.720820751418949 
-15.162432174030457 -9.533088641781458 
-18.040874334696134 -3.7404351094983426 
-18.157098163779196 -3.338108991960726 
-16.18281602066004 -7.178417526571983 
-16.151243374191743 -7.283255179376278 
-18.224559766650234 -3.0362913080218856 
-15.018529676967727 -10.136256611755515 
-18.0206984615532 -3.7871322640010776 
-14.949479293418253 -10.415201502120272 
-14.88183414121736 -10.672000851494918 
-14.92092944808254 -10.52589250320847 
-15.295498335651038 -8.971373576395 
-15.084544019540918 -9.863171111176818 
-14.738007551288478 -11.147122282622908 
-14.813842708477122 -10.910471414365665 
-14.623276240314693 -11.428893683449996 
-14.781660361070966 -11.015476089967565 
-14.497870239894723 -11.603254109649713 
-16.269045982770127 -6.861202943867277 
-16.23847429399797 -6.97914891059016 
-16.014136183715227 -7.627467743317226 
-15.112764633450546 -9.744246792688736 
-14.677298678181533 -11.309379042217346 
