-0.7990523098249991 1.3857347538428689E-5 -1.068499500551615 
-1.068753642664841 -0.8105492640291815 -1.0675406746416825 
-0.9951300901940134 1.2481143022511685E-5 -1.780277687856555E-6 
-0.7705047160111517 2.529438291548941E-5 -1.3781831349686334E-6 
-1.1140995583713567 1.4086013010221264E-5 -1.4324555112264008E-6 
-1.1507187412764408 -0.005457082792820311 -1.141575968084709 
-0.7434777795530241 1.2487132500852476E-5 -1.780277687856555E-6 
-1.0874674661077988 -0.9572723216693152 -1.077486284058057 
-1.1392643260524047 -1.1330783104556876 -1.1444995492292558 
-1.0791061049935422 1.2496720269268569E-5 -1.0807229696366 
-0.8875163391875547 1.630332023419309E-5 -0.9243078891766359 
-1.0164237363227264 1.2576045257754742E-5 -1.0252961928152087 
-0.9598738841149232 -4.079850293151919E-5 -0.971138608004612 
-0.9162805116949801 1.2448719569192119E-5 -1.7803551181449555E-6 
-1.1148319194698662 1.261420743002566E-5 -1.7617400651033539E-6 
-1.0723046403636367 -0.8495654704737726 -1.0685332596404793 
-1.0831017262961373 1.260248164622059E-5 -1.3949479909887913E-6 
-1.1466240602633604 -1.1402459846968738 -1.1480333493377948 
-1.0724086422625208 -0.7670881584455995 -1.067542142855245 
-1.1229589638620403 1.371654202334986E-5 -1.1230794550717527 
-0.9943816557841245 1.475070069187733E-5 -0.9777968774500854 
-1.1310514612404392 1.3843811629530415E-5 -1.780624782612619E-6 
-1.1229552262480673 1.3843811629530415E-5 -1.780624782612619E-6 
-1.1419001269830922 1.264475333653973E-5 -1.7794268990029234E-6 
-0.7525578195953583 1.4139442364378702E-5 -1.7804285089173492E-6 
-0.851141717549593 1.2443029976634953E-5 -1.780277687856555E-6 
-0.9772861953793477 -4.10643978935281E-5 -0.9703733728865291 
-1.0724086422625208 -0.7670881584455995 -1.067542142855245 
-1.1388957967602376 -1.1207858337560475 -1.141575968084709 
-1.1131136639190757 -1.05430092901726 -1.114987157154732 
-1.0687655496202493 -0.8495654704737726 -1.0675870425031937 
-4.760655665481117E-5 1.2497564431729338E-5 -1.0514665147549438 
-1.0328959631247072 1.2600923850703876E-5 -1.779953002954949E-6 
-1.0809286757289835 -0.9265042001520116 -1.0749679819256215 
-1.1174525357204261 1.3833248818003962E-5 -1.1119708877949028 
-1.0133236313156864 1.2835168439154699E-5 -0.9976938009765698 
-1.1153584261058425 -1.079199416609759 -1.1183966260594238 
-0.7267063724595836 1.2836479969090338E-5 -1.780277687856555E-6 
-0.8983929881557597 1.2589956164542331E-5 -1.7472324024777647E-6 
-0.9444911138692003 1.6204337132332802E-5 -0.942139973222408 
-1.1488528524438668 1.261420743002566E-5 -1.7617400651033539E-6 
-0.8761130420800691 1.2497564431729338E-5 -1.780277687856555E-6 
-9.983540993896078E-5 1.2444420494863963E-5 -1.780277687856555E-6 
-1.1232336642955227 1.3772205269674843E-5 -1.1247545563876504 
-0.8237810125230374 1.4123171312175727E-5 -1.4324555112264008E-6 
-0.9542526987282713 1.3753881285501986E-5 -1.7614003352104017E-6 
-0.80829195257218 1.3690249741607475E-5 -1.3869949329872256E-6 
-0.9874487322028027 1.4477509674861855E-5 -0.9976938009765698 
-1.0996193523334012 1.2717646922238913E-5 -1.1034447833312537 
-1.134679407960864 -1.1088263234281905 -1.127038054910811 
-1.067356316796909 1.424753313131245E-5 -1.7804880730359942E-6 
-0.9273393077097607 1.2603062727954727E-5 -1.3949479909887913E-6 
-1.068753642664841 -0.8185010755993952 -1.0689310510278593 
-1.0537934980926627 2.4802442454618073E-5 -1.0521663548795321 
-1.09617978209376 3.5250127228627674E-5 -1.0911642078819657 
-1.0971553678921198 -1.0044701462765577 -1.0942732571578895 
-1.0167971248946217 1.2576045257754742E-5 -1.0248185927023306 
-1.1292484432520038 -1.108472341756006 -1.1243108863936653 
-0.9424425085593942 1.6204337132332802E-5 -0.942139973222408 
-0.9609079547505771 1.2835168439154699E-5 -0.9479717240423108 
-1.138750541731187 1.424753313131245E-5 -1.780277687856555E-6 
-1.0905374804993393 1.2618933801870991E-5 -1.0892264700974092 
-1.1326418423574336 1.3857347538428689E-5 -1.1324760295475942 
-1.0721486642356433 -0.8762811166640654 -1.071801417697901 
-1.0902182029589116 1.4474772587013574E-5 -1.7668356466352435E-6 
-1.0184654199501753 1.424753313131245E-5 -1.780277687856555E-6 
-1.065025025966889 2.5369870371218085E-5 -1.052805776559636 
-1.0708078262422775 1.242637037452286E-5 -1.0665454593497334 
-0.9772861953793477 1.2550479322263443E-5 -1.780277687856555E-6 
-1.0704777679090467 -0.9493950987795743 -1.0742390399096353 
-1.1027805223652636 1.3843811629530415E-5 -1.780624782612619E-6 
-1.082866264427806 -0.9683752600836266 -1.0897662812040312 
-1.0849834802787037 -1.0006382202663593 -1.0903985948771655 
-1.082866264427806 -0.9822728999979611 -1.090502517833958 
-1.068753642664841 -0.8105492640291815 -1.0675406746416825 
-1.0703005098577845 -0.9176724255533444 -1.0715176747255208 
-1.1047515140109407 -1.053324054934989 -1.1049995072150347 
-1.1000558894743184 -1.0249750478472923 -1.0926372847004406 
-1.1234855718062495 -1.088319658875071 -1.1274051318542604 
-1.1047515140109407 -1.0317766084181266 -1.1049995072150347 
-1.1392643260524047 -1.1330783104556876 -1.1444995492292558 
-1.0334992116524029 1.2444046629643053E-5 -1.0311809631787883 
-1.0382232259343227 -4.284372234847988E-5 -1.045268160335575 
-1.112340234659744 2.6848976991665803E-5 -1.110264279156572 
-1.0703005098577845 -0.9033900950352647 -1.0712716787487082 
-1.1154301505125062 -1.0706996831153086 -1.118202808358704 
