0.8478278069084424 -0.7665372136713856 
0.8431816432835003 -0.7420312586713946 
0.07655414787882378 0.6719805629859079 
0.42471502985073495 0.050791822505676154 
0.6334776329306597 -0.3458264825650975 
0.8470645491400908 -0.7637519531249424 
0.8503778430231503 -0.7723940360916036 
0.021641191861107245 0.8394201622103992 
0.8516093638459882 -0.7732638304436645 
0.6468733458443757 -0.4479373151721756 
0.23562283706341983 0.30275383321497146 
0.07865379907074009 0.6707413931330354 
0.44707742304855325 -0.11373391893445631 
0.6454958036749974 -0.4423778280481241 
0.0074363012360522535 0.9121722180302467 
0.6305181208666454 -0.31003891845912235 
0.6312759897237197 -0.3196079776212797 
0.045421820445339656 0.7421185043903744 
0.6349642903033803 -0.36219866015253416 
0.4462670955882044 -0.11111335873187826 
0.23253420732461322 0.3195084086314349 
0.8390365152012864 -0.7056498043935773 
0.6507705822393134 -0.45716251187948337 
0.6380954821693228 -0.39267168993712454 
0.6412532560977438 -0.4178573098647056 
0.6489032759993775 -0.453972012549389 
0.45252825218252524 -0.12373599965230121 
0.45149008628059806 -0.12280571791024054 
0.06474912682730388 0.6876963214003545 
0.0824657026101003 0.669744336170868 
0.20521243234159092 0.5136627877889096 
0.056017474066866135 0.7084242534554887 
0.6434057065377825 -0.431695308576323 
0.036419860131188586 0.7761571057067614 
0.0413720835547558 0.7569113137134411 
0.013248389961907636 0.8796983137648731 
0.21023222607750114 0.47521277283525176 
0.00918921031069353 0.9016823842009556 
0.4536623343012472 -0.12411913851063766 
0.436483076103659 -0.058287613208126886 
0.4493158834310388 -0.1194343312278075 
0.2221334800134155 0.38649691773502504 
0.8446586431569971 -0.7517538312534399 
0.2540516587242684 0.24408436284881624 
0.24708055297781395 0.25695776800191533 
0.24327444636069195 0.268996391487045 
0.062374539770437484 0.6926401833765209 
0.4212510121964349 0.09026371120672534 
0.24215579928962266 0.2732192185637259 
0.8350553912644405 -0.6584093716136721 
0.8509999020145834 -0.7729965439689516 
0.2561922435298505 0.24260447349382003 
0.44008758290636857 -0.08216153094981699 
0.8406657905177595 -0.7215393679039099 
0.08008017461103262 0.6702120986666363 
0.026574494154603168 0.8174467998057299 
0.6517368235506026 -0.4578697273280794 
0.4273473220175025 0.022824962997041343 
0.832865319085977 -0.6276042515880553 
0.652234879787182 -0.45806380215843884 
0.8493887798648235 -0.7707649628354097 
0.25666729309054315 0.2424460711865293 
0.6409005558801051 -0.41533107135476743 
0.005600998855428467 0.9243329108575261 
0.25486421321914643 0.24338159486000913 
0.6478752583366582 -0.45121035668966625 
0.031787633492255496 0.7951622704952568 
0.04852906282869501 0.7313608930428515 
0.07174031634518169 0.6766089493268856 
0.21895981644646237 0.409307101189964 
0.43181327278711923 -0.02016704491375944 
0.24959607870924566 0.25089672161261656 
0.25635225187808836 0.24254879049686195 
0.45281415286881316 -0.12386510167690828 
0.4389928686786725 -0.07545943957862311 
0.2043795083800129 0.5200428880098309 
0.8456123160225889 -0.7571121947070114 
0.8500510068633809 -0.7719408454717146 
0.0513802545726029 0.7221185014969123 
0.06767290548551781 0.6824812363640196 
0.252325501836363 0.2461056816345379 
0.4497014240503354 -0.12017020632478607 
0.21555820699035522 0.4346590228705062 
0.22639234716932582 0.3574228370997004 
0.05818149358953699 0.7026698372787843 
0.01800929000427945 0.8562981440452229 
0.43382091570500464 -0.037520398219401604 
0.6500921234888628 -0.45622349962294595 
0.44455396202956415 -0.10473596354088537 
0.2512733546010405 0.24777980446124453 
0.23838614476528222 0.2891707655102427 
0.44282770009758415 -0.09697925259021957 
0.0022665414627019848 0.952434735860674 
0.07771643177910045 0.6712399431122821 
0.2298698272199126 0.3352538666860135 
0.0734285450364058 0.6747140719144467 
0.24497541852043223 0.26320804992096264 
0.4507706412776974 -0.12195044373298289 
0.8379802754772046 -0.6942385059031558 
