0.5774830046884998 3.1693123721189758 
0.9068613655348141 1.102704381245963 
0.835872271053141 1.1963550349801972 
0.6652975633824947 1.5353334027575436 
0.8357610674650578 1.2243405718976719 
0.6376922305602664 1.9933813756376229 
0.6032940650511185 2.664560318689647 
0.7006307155983484 1.427285413086226 
0.7288126612702827 1.3720947140095539 
0.5165573049914275 4.69705078883543 
0.5668592922228837 3.398619817551989 
0.5045265057509838 4.938063518583248 
0.5364631396751044 4.0515282067114535 
0.4127401429384672 8.089115125440657 
0.9740287407211724 1.0453964903011117 
0.4511743184366972 6.596132498088082 
0.39692587434371024 8.675969953484373 
0.882238689270335 1.1569849044876417 
0.5299507897331517 4.225935203907206 
0.7602996864313207 1.3152708310755374 
0.520077083148322 4.569147022319076 
0.49353900078399005 5.195234519304762 
0.6780978176778585 1.474713493443423 
0.5881098930802447 2.9173204798540042 
0.5067378429788035 4.872370805249827 
0.5351754318413444 4.114206428033062 
0.8096608831930482 1.2350849853719885 
0.6477183945555146 1.8253207017380573 
0.40798219622707455 8.183451542728204 
0.40025763946690973 8.53454003870242 
0.5250894703779407 4.446088690305009 
0.4313284993761687 7.291869485685571 
0.5251956710103738 4.33302970391538 
0.5514307044723985 3.6983194881252404 
0.7836213675550671 1.2761265088777296 
0.3893690434139601 8.984504883454633 
0.4783434912860165 5.640101985609912 
0.4341541856228405 7.128062187429043 
0.43792870989857596 7.0366749890405496 
0.4204484520627954 7.664544414267303 
0.6335452263833017 2.0543905708381245 
0.4179975272874426 7.780863087109524 
0.5822864162821626 3.039313454500514 
0.48456864899180335 5.46491236719409 
0.6003008462475679 2.710190243344301 
0.999999999957405 1.0000000001173524 
0.3942765161696574 8.792532860293006 
0.4435094252288795 6.8072060645157 
0.6413603955384628 1.9473613203403182 
0.6310474268528632 2.126037294871992 
0.44791010426976435 6.729106306446276 
0.4157381686132309 7.839087910082085 
0.6158824105143381 2.4062361037527253 
0.4320129900722033 7.210845497926575 
0.5608569022339364 3.5821281941612333 
0.5609133133793247 3.4828710024505476 
0.6509105928564956 1.7822236228684745 
0.4543972722602447 6.486346057288896 
0.5011890519073224 5.000969360040896 
0.5689085655884031 3.310034667612965 
0.46093679273776933 6.289554911782537 
0.5572752924651545 3.6353119065053128 
0.655970756639726 1.7112181613633857 
0.4127440251384993 7.979710155449959 
0.40218394352986525 8.445403002840779 
0.3982658276368734 8.577223082622789 
0.6305274783869596 2.1877407684316386 
0.4822968689766845 5.560127576935898 
0.4404541198718441 6.933712841581907 
0.48541051845555055 5.42189088182258 
0.44908345548146844 6.687240833745835 
0.6214049262602364 2.329670218236516 
0.47296147492374685 5.830571722238289 
0.5924047805631644 2.8186855450834125 
0.4231767310054075 7.550996960524029 
0.5419672429639594 3.93740373067355 
0.4622350761361866 6.158352933042262 
0.40527108330121236 8.277969265047528 
0.5403412695343949 3.9937623788084413 
0.400643074841976 8.494699702662839 
0.497242493633243 5.12874990527306 
0.45576196476629627 6.360967989664755 
0.4641621796721119 6.087092468526695 
0.3945166597834063 8.743331612540752 
0.40337847940088556 8.353972762068846 
0.4687905195798422 5.934678431292629 
0.49079106498724534 5.27082600362878 
0.6095099856829971 2.4850178146833186 
0.42585509143476086 7.452883110028862 
0.46705753620872004 5.99343436903164 
0.5481689154135423 3.7811127220066627 
0.508117640046439 4.779013468945111 
0.4880559089946318 5.3629855982666 
0.5450241836636951 3.8449614423001126 
0.6036256416247465 2.6025209691755404 
0.6604229658152764 1.60216648252509 
0.4281032510620667 7.365508269778589 
0.49763403416969504 5.066947541507203 
0.6222868980920756 2.253059811818704 
0.47565207469157 5.719613278771335 
