0.5774830046884998 0.8302240314477027 
0.9068613655348141 9.57936235140959E-10 
0.835872271053141 7.475729063788652E-11 
0.6652975633824947 0.02145357183434804 
0.8357610674650578 0.02325618330997757 
0.6376922305602664 0.2711638157876479 
0.6032940650511185 0.6075134262361808 
0.7006307155983484 3.336868351100394E-10 
0.7288126612702827 3.219022965073339E-11 
0.5165573049914275 1.426295896888688 
0.5668592922228837 0.9265392243121864 
0.5045265057509838 1.4913839322072142 
0.5364631396751044 1.1734955422546718 
0.4127401429384672 2.338702533120094 
0.9740287407211724 0.018246227002325144 
0.4511743184366972 1.976005584143039 
0.39692587434371024 2.4437169595665433 
0.882238689270335 0.02073684564074063 
0.5299507897331517 1.2395376986717512 
0.7602996864313207 4.3899370944178475E-10 
0.520077083148322 1.3763086558435464 
0.49353900078399005 1.564050853496165 
0.6780978176778585 1.6040760434655785E-9 
0.5881098930802447 0.7157050354877469 
0.5067378429788035 1.4690146720451935 
0.5351754318413444 1.2018222018070288 
0.8096608831930482 7.475729063788652E-11 
0.6477183945555146 0.18229379447871974 
0.40798219622707455 2.338702533120094 
0.40025763946690973 2.416014849826859 
0.5250894703779407 1.3345943556456095 
0.4313284993761687 2.145191122907632 
0.5251956710103738 1.2756884428557194 
0.5514307044723985 1.0393669207009015 
0.7836213675550671 6.003989697419534E-11 
0.3893690434139601 2.4982880720187834 
0.4783434912860165 1.6979060750058392 
0.4341541856228405 2.0946780340522193 
0.43792870989857596 2.081561999926104 
0.4204484520627954 2.2225458347452327 
0.6335452263833017 0.30154933928136 
0.4179975272874426 2.2523815305739183 
0.5822864162821626 0.7697509393792639 
0.48456864899180335 1.648125202629838 
0.6003008462475679 0.6269294965714858 
0.999999999957405 7.475729063788652E-11 
0.3942765161696574 2.4666892244635594 
0.4435094252288795 2.019060049087901 
0.6413603955384628 0.2489604266697697 
0.6310474268528632 0.34163036432219257 
0.44791010426976435 2.0140347073626805 
0.4157381686132309 2.2590080513356456 
0.6158824105143381 0.4819584918458575 
0.4320129900722033 2.115178924507945 
0.5608569022339364 1.0090613223821139 
0.5609133133793247 0.9535887140573067 
0.6509105928564956 0.16006823496417 
0.4543972722602447 1.9473779553680666 
0.5011890519073224 1.5064310921764656 
0.5689085655884031 0.8831070747995785 
0.46093679273776933 1.8990872687851266 
0.5572752924651545 1.0258695058998066 
0.655970756639726 0.12250907208518089 
0.4127440251384993 2.293577688998976 
0.40218394352986525 2.3966054843814706 
0.3982658276368734 2.416014849826859 
0.6305274783869596 0.37943067008355014 
0.4822968689766845 1.681632121467103 
0.4404541198718441 2.053982387083062 
0.48541051845555055 1.6318428639549207 
0.44908345548146844 2.0031292212553558 
0.6214049262602364 0.44766855017393103 
0.47296147492374685 1.757635801398512 
0.5924047805631644 0.6698027918117022 
0.4231767310054075 2.1954062095863263 
0.5419672429639594 1.1339438443491519 
0.4622350761361866 1.846606736878298 
0.40527108330121236 2.3548215715799525 
0.5403412695343949 1.157994633984058 
0.400643074841976 2.4033426087340586 
0.497242493633243 1.5502323921192351 
0.45576196476629627 1.8990872687851266 
0.4641621796721119 1.8253981080570467 
0.3945166597834063 2.449389983158241 
0.40337847940088556 2.369812829719747 
0.4687905195798422 1.7821209853449544 
0.49079106498724534 1.5868743076834355 
0.6095099856829971 0.5146431726496223 
0.42585509143476086 2.173848218273926 
0.46705753620872004 1.7992786898285822 
0.5481689154135423 1.0726884598787392 
0.508117640046439 1.4283010455905356 
0.4880559089946318 1.6174368110871247 
0.5450241836636951 1.0955969713080025 
0.6036256416247465 0.5709483898604428 
0.6604229658152764 0.05810754011904917 
0.4281032510620667 2.153198036016752 
0.49763403416969504 1.5214855460064478 
0.6222868980920756 0.40204960151257685 
0.47565207469157 1.7205459224810387 
