-1.1540960635905946 -1.1530572148789933 -1.152344729888006 
-1.3962357866870168E-4 -4.05819897773467E-6 2.2140862158466019E-4 
-1.3962357866870168E-4 -4.05819897773467E-6 2.2140862158466019E-4 
-1.1540960635905946 -1.1530572148789933 -1.152344729888006 
-1.1232140786993425 -3.4142450846187016E-6 -0.4967337332864706 
-0.4817096422246996 -4.642735498384406E-5 1.7826320574697123E-4 
-1.1492391224654221 -7.137276605496E-6 -8.446740504595247E-5 
-1.148746033924104 -3.91500678641833E-6 -1.1494612423708421 
-1.0937056522001807 -0.5446959863097666 -1.111398471102873 
0.0025082763084496255 -4.113955432491835E-4 -0.8135275880758935 
2.1231127592458154E-4 0.004473158134331972 -0.8425734908123486 
-1.0937206025122037 -0.6291072430350205 -1.1124100814974824 
-1.1073868759018364 -0.9561836230491676 -1.1096097351840168 
-5.59626214701181E-4 -5.603461090487543E-5 -1.047042380756216 
-1.0782735868231768 0.04192120213903561 -1.0864214522891025 
-0.994560685291476 -5.078445237417197E-5 -0.8483969556485704 
-1.1087223965771678 -1.0276315799448716 -1.0719156224228263 
-1.1505971898821947 -1.0865536712130182 -1.15395302831111 
-1.1081093685915462 -0.8927968671251046 -1.0837469553882404 
-0.5111669453460121 -4.855710066793337E-5 2.2837044871181527E-4 
-1.0869966482338271 -0.727185733165906 -1.047042380756216 
-1.056638019523408 -0.8956080186632855 -1.0786711588197413 
-1.0757850518746728 -0.7764959521285885 -1.0853186765933174 
-0.7412465604610111 -6.83358465445767E-5 -1.0158019308656718 
-0.7467010997624441 0.00504898400746435 -1.08089106779363 
6.551083039131322E-4 -4.072464107054985E-4 -1.0046778431507128 
-1.132468128821052 -1.0264835045445666 -1.095938190226463 
-1.08125015663427 -3.917618081491001E-6 -0.5874863223252894 
-1.0633486716298355 -0.6701068378690131 -1.059330477591711 
-0.757377275385225 -8.41405187380315E-5 -0.003937232396393986 
-0.6516356597496837 -4.877129816598166E-5 -1.0848034592678073 
0.0025082763084496255 -2.4085638287881748E-5 -0.7428058124981975 
-1.041071121616474 -0.8695028695665634 -1.0491185467020068 
-1.0503856785416905 -4.1133903291792814E-4 -1.0107399763858362 
-1.0877522499417602 -5.077706322765891E-5 2.2787042946087466E-4 
-5.59626214701181E-4 -5.06166282419155E-5 -0.6439459482798837 
-0.9134124190599144 -5.077706322765891E-5 2.2411346679961205E-4 
-0.9003692490402133 -7.368896212385989E-5 2.048317907417923E-4 
-0.8684650075345401 -5.077706322765891E-5 -8.446740504595247E-5 
-1.0757850518746728 -0.7764959521285885 -1.0508012875486643 
-1.0803277854851632 -0.8454622803612974 -1.0743011265607862 
-1.0914889241466756 -0.7332995849858159 -1.0775821272654107 
-0.9001240092114671 -7.368896212385989E-5 -0.8786988986010354 
-0.9894096033360513 -5.082891857925585E-7 -0.9024842739376431 
-0.5830525894518855 -5.077706322765891E-5 -8.446740504595247E-5 
-0.003863766198867913 -3.917618081491001E-6 -0.877771459378319 
-0.5965819314845636 -0.027678210226637467 -1.056538769185221 
-0.6205748353673399 -5.077706322765891E-5 -8.446740504595247E-5 
-0.9847197892136448 -5.077706322765891E-5 2.2787042946087466E-4 
-0.6561283029536056 -0.02368266561510446 -1.0488834064089354 
-1.1213010951604596 -6.315645737746921E-6 -1.1380425456254564 
-1.0366236490077312 -4.05819897773467E-6 -0.9951815152869439 
-1.118232486473605 -1.0743855129314 -1.1243970641073024 
-1.08125015663427 -3.917618081491001E-6 -1.115820596093738 
-1.0603748330182021 -4.113955432491835E-4 -0.811852515927983 
-1.060347586764673 -0.008815525325840613 -8.446740504595247E-5 
-1.0417264727106794 -7.866624644274206E-4 -1.0488953281185591 
-0.9305004661862881 -4.2516481677398277E-4 -1.010707640541925 
-1.0938438435747244 -7.368896212385989E-5 -0.797341315214993 
-1.0914889241466756 -0.7332995849858159 -1.047042380756216 
-1.1087223965771678 -1.0852952055721763 -1.0719156224228263 
-0.9876109458557669 -4.155624785738472E-6 -0.999335191174596 
-1.1088710771839643 -0.9566062326701218 -1.0722472056780643 
-0.5491492564466779 -6.774520791667956E-6 -0.009410035921892324 
-0.9974090700324929 -0.8857614813173871 -1.0491185467020068 
-1.0886519893544264 -1.0164658314101482 -1.0716435845790482 
-0.9682087273539799 -4.6314777064985503E-7 0.0025699811321967525 
0.0025082763084496255 -4.113955432491835E-4 -0.7167432710258385 
-0.994560685291476 -5.078445237417197E-5 -0.9210532022322471 
-0.6679892450175485 -5.077706322765891E-5 2.2411346679961205E-4 
-1.08125015663427 -3.917618081491001E-6 -0.6322772142834502 
-1.1329497356766165 -1.0264835045445666 -1.1357405934554392 
-7.193093193512824E-5 -8.554215100057003E-4 -0.7840888200869957 
-1.0754418001395634 -0.959400236870571 -1.059779202467595 
-0.9719923986745341 -6.830707961712276E-5 -0.9900357356058272 
-0.5982442470588557 -0.013837452850003595 -0.009410035921892324 
-1.1335191230264356 -0.8930027400428648 -1.1099182029226653 
0.0025082763084496255 -4.113955432491835E-4 -0.7167432710258385 
-7.193093193512824E-5 -8.554215100057003E-4 -0.7840888200869957 
-1.0651529826013968 1.4727911825448883E-5 -0.9868890592056107 
-1.0774163908318386 0.009038436916248949 -1.0508012875486643 
-1.4573757332491427E-4 -3.2546170000814095E-5 -1.1187541894632271 
-0.6789032767623051 -8.41405187380315E-5 -0.003937232396393986 
-1.1335191230264356 -0.8927968671251046 -1.0851431891685204 
-1.0350778319741967 0.0013841615821931184 -0.9024842739376431 
-1.0712652122025372 -3.7717971487382154E-4 -1.026161150547877 
-0.9066460170210292 1.012165757559954E-4 -0.8852820935299224 
-0.9719923986745341 -6.830707961712276E-5 -0.9945776606054059 
-0.995112960411437 -3.5924016156194455E-6 -1.0020491917705667 
-0.9132720381855128 -4.3082356117398195E-4 -0.9915434861672169 
-1.062002827897596 -0.9499686192652138 -1.117843992676283 
-1.1371971086997068 -1.125172054875439 -1.152344729888006 
-1.0886519893544264 -1.0164658314101482 -1.0716435845790482 
-1.0757850518746728 0.021266901347364142 -1.0508012875486643 
-0.9916445533737267 -8.122636197826436E-6 -0.811562912926932 
-1.1087223965771678 -1.0743855129314 -1.1272966243783824 
-1.0936365672504809 -0.5410385626228285 -1.1599327238045944 
-1.132871106483991 -1.1166667484942734 -1.1493962937813695 
-0.9503974924019314 -5.077706322765891E-5 -1.3790751457312786E-4 
0.0025082763084496255 -4.113955432491835E-4 -0.9359280496368473 
