-16.403178417706123 -6.216197695639295 
-14.969310802107515 -10.333803341891434 
-18.710961964794873 -0.8692057939948483 
-16.968001814243763 -3.998084481785545 
-18.224263250286175 -3.03196065681455 
-16.265413159371914 -6.854864300219681 
-14.89623760432329 -10.59242859017768 
-14.921176584308565 -10.479689386022294 
-14.66323086135975 -11.310500714382243 
-15.059309310459001 -9.962914306430484 
-18.154187529966507 -3.3495462692040996 
-15.112540036965719 -9.689667286017254 
-16.56387359351832 -5.52015013177772 
-18.815299102321603 -0.5472319674585988 
-15.260848931743766 -9.113649043177038 
-18.954524481374776 -0.2151254581103086 
-18.670517313322613 -0.995644785244823 
-18.412782777806797 -2.1139665598829356 
-18.76867288154088 -0.682345418730865 
-18.641239794574304 -1.1126674609917426 
-17.03570963301182 -3.8780540816600966 
-15.22781730240142 -9.235091248977929 
-14.88293993763984 -10.66331366233634 
-14.858838934287387 -10.752786217497377 
-18.283905065809357 -2.7311319582557365 
-18.04530349274107 -3.719880778160145 
-18.382885493984347 -2.26185864473347 
-16.3383063867917 -6.563263607476048 
-18.853775316388596 -0.43256387674469066 
-15.172995934414828 -9.485284126589246 
-18.56966625722246 -1.4026579920106073 
-16.137710644707916 -7.301950376929174 
-15.403123057663743 -8.535512982870085 
-18.077514746877625 -3.561140006371587 
-16.66778882961917 -5.008899138100363 
-15.200314772111826 -9.369461872795387 
-16.923134549411294 -4.11492714807374 
-16.39552999263067 -6.316645642283204 
-16.826282000727907 -4.351966492032979 
-18.469796544976948 -1.8105737860071454 
-14.826614465465513 -10.839230142291417 
-16.105861571735485 -7.410811918366186 
-18.232224710268675 -2.8961925039655645 
-16.691437136802 -4.87891478511002 
-16.79898609854832 -4.4468272859228195 
-16.76503467710715 -4.541636060806213 
-18.447583118976617 -1.9486097477238817 
-15.319589454342978 -8.870196951558736 
-16.619541973866276 -5.241417472475221 
-16.437457760206176 -6.113512069287719 
-15.98014769993914 -7.6804473422206545 
-16.87752068490002 -4.226455366733671 
-16.72076404669125 -4.748547938908549 
-15.287816718049601 -8.982936367301296 
-18.170588028411736 -3.1887356739234654 
-16.6388805946385 -5.148321411860035 
-15.884676711544252 -7.751375956227614 
-16.534294117611015 -5.632843816848618 
-15.613769274959335 -7.783059013755318 
-14.756145747016319 -11.083390950052385 
-16.05096334464842 -7.483930647961042 
-14.616180021950138 -11.415086572747146 
-18.526383680354492 -1.5563978771213363 
-14.427787802841301 -11.626803277659516 
-16.197648234808003 -7.123293095314359 
-18.497461638241035 -1.6872041949759191 
-14.794897358392511 -10.962648315709368 
-18.330922860568727 -2.5124758904122118 
-16.744457208251934 -4.639322179131589 
-18.35629536014649 -2.392645471660476 
-18.125414049278533 -3.465339764809891 
-18.307492999810727 -2.6214786913822032 
-15.370715883670885 -8.64877491599994 
-16.517029571550424 -5.743742858557902 
-15.089622159897944 -9.835974956421857 
-16.597922144588463 -5.352864958843792 
-16.576342836378842 -5.433604177355574 
-16.45984047942347 -6.002951376101914 
-15.521209338289982 -8.093842242607847 
-15.345497342624373 -8.759430962924426 
-17.94488926367984 -3.8749696597687873 
-16.489779743697298 -5.868171019086873 
-19.994576667781896 0.01006042348485189 
-15.467834873185875 -8.294467293403535 
-18.89836274954585 -0.32293861609931857 
-18.608068726376466 -1.2479442130319656 
-16.23621302761709 -6.976894197683187 
-14.560309983894978 -11.528774131466974 
-15.03067881070238 -10.088073746938338 
-15.428657993635309 -8.413991280419857 
-19.014995250255375 -0.10259901355826424 
-14.717675204455482 -11.194293279134536 
-15.13967344396995 -9.586074633050472 
-16.037464315771977 -7.576114116915013 
-19.088175079052405 0.010041347553252603 
-15.56170852845206 -7.98342635139413 
-15.497086048269386 -8.193734038587632 
-16.30393282056463 -6.70050154192044 
-16.352244618786393 -6.4205264200263 
-15.000354630645688 -10.212097772528645 
