-0.9296367987616541 1.0350255362223941E-6 -1.053704334606832 
-1.086833104411043 -0.954525619320708 -1.0925861682370541 
6.377550712885732E-5 7.37801614744332E-7 -0.6899411057150637 
-1.074289447713471 3.610234162770233E-4 -0.5818593442903827 
9.960687569751821E-5 3.670826395379698E-4 -0.9770193628134677 
-1.056113283588008 -0.001419073799093739 -1.010900100123313 
-1.103501866557138 -0.999776503502172 -1.0601820566977664 
-1.045729058402795 -1.001270180689671 -1.0923016317498921 
-1.1446356476141613 -1.0595249042413677 -1.1233233373704155 
-1.0824817667951947 -0.929953817182041 -1.0602309734913409 
5.77991105233204E-5 -1.399975659944458E-5 -1.0201945201934717 
-1.056113283588008 -0.936018626464753 -1.0288036147912316 
-0.9296367987616541 1.0350255362223941E-6 -0.9554789851108482 
-1.101539365747557E-4 -8.401909388180891E-6 -0.6303564155379138 
-1.0652790519054227 -0.8359635923572952 -1.060402309753683 
6.36852628859636E-5 9.873908554135253E-7 -0.5520596706388956 
0.0014673277355348384 -1.3388928752971968E-5 -0.7115913301092192 
1.0877567725359541E-4 1.720430678452175E-4 -0.8639219681163086 
1.7091330986263031E-4 -8.401909388180891E-6 -0.656802972461582 
-5.854304300941249E-4 -7.775167624902757E-5 -0.7295117783788483 
-1.0970679538865806 0.002506715960390305 -0.5235649397132894 
-1.094026121795963 -0.8393796937839754 -1.0537545830810182 
-1.1035309248704683 -0.9929747178949944 -1.0848280001111679 
-1.103501866557138 -1.000829495779245 -1.0924916818048018 
6.943382636424422E-5 -0.0014271636567845742 -0.9396276545110518 
0.0010094709172036032 1.172559091424359E-5 -1.086228410532581 
6.30276837721747E-5 -9.371487753676982E-6 -0.8818885220145494 
-1.0325936407890242 5.101590132796313E-6 -0.9896967440221763 
0.001506915493916071 -1.480007156455961E-5 -0.607004138027187 
-1.0668925622608303 -0.8809179834307339 -1.0604054696468321 
6.487303872693075E-5 1.720430678452175E-4 -0.7715669543985121 
-1.093030719785367 -0.0014724898430809267 -1.052782896083199 
-1.0668925622608303 -0.7574883911352663 -1.0604054696468321 
0.008077086321651605 4.408698370056733E-6 -1.057522813761082 
-0.8584678427564743 -1.2463482734373843E-5 -0.9646380449091521 
-1.0668968323353258 -0.8667482508196166 -1.060402309753683 
-0.5958053304080246 -1.0503639832778154E-5 -1.0867478543409264 
-0.9976292136214537 9.045605371571588E-4 -0.9896085524322034 
-1.0154311202660886 1.330398540876532E-5 -0.7169255444294991 
1.489915107666922E-4 0.0028624900499541342 -0.8270059671691332 
-1.1035309248704683 -0.9995617536614726 -1.1240106412790072 
-1.0946222158363563 -1.0186793152940651E-5 -1.070895881422466 
-0.00859321107816069 -9.371487753676982E-6 -0.962225305406028 
-0.8134494110293982 0.0068218110026873405 -0.9965388522188359 
-1.0994258222102478 -7.890981125784312E-5 -0.6546017350313258 
-0.9364660211803943 3.670826395379698E-4 -0.8284850606642663 
1.7106947655239315E-4 -8.783651226501878E-6 -0.8433208035667382 
-1.0785330006627427 -0.7860095757058463 -1.0746749026914026 
-0.9735179723618572 -1.2463482734373843E-5 -0.8784642139060486 
-1.0116436713346728 1.4626886551151571E-5 -0.9502401801051548 
-1.1185351069950102 7.058851218815485E-5 -1.1253180935977019 
-1.0656100878181072 -1.0186793152940651E-5 -0.6409027581523169 
-0.8699464362552688 -8.228722855964724E-5 -0.9209935496900186 
-1.0439650046163143 -0.8393796937839754 -1.0537545830810182 
0.008077086321651605 -1.452699114909287E-6 -1.0003532240185817 
-0.9680334184288611 -1.2463482734373843E-5 -0.8723256966166814 
-1.151894359095629 -8.992341706146083E-6 -1.1518792193127327 
-0.9072955636465456 0.006070386408526447 -0.9960153519727926 
-1.0597693558304968 -0.5873203142826202 -1.1195977800583354 
-1.0939966931274796 -1.0416530071014136 -1.1208688075076865 
-1.1007717878075978 -0.0338094725585974 -1.0978231053315286 
-1.1499771356489221 -1.078504202687977 -1.1263875578786744 
0.0027370755113743095 3.670826395379698E-4 -0.7938618636276377 
-1.1530218210129302 -1.156232613454113 -1.1529936139485013 
-1.0561771805498943 -0.0014724898430809267 -1.0524835705330826 
0.002640444220068372 1.0493901736347271E-4 -0.8109800195011013 
-1.0939966931274796 -1.0416530071014136 -1.0847677573446866 
-3.9372938964585405E-4 1.0890701435213568E-4 -0.912563955950874 
-0.696838336025053 -7.910322067230553E-5 -1.087437950388596 
6.36852628859636E-5 7.198021384775388E-7 -0.8977732981359107 
6.017395990774515E-5 -1.016285563408806E-5 -1.0378669265387148 
1.5405182296556006E-4 -8.86005760726509E-4 -0.926053347399027 
-1.0942647143159905 -0.759557683176807 -1.0558673263556226 
-0.9364660211803943 3.670826395379698E-4 -0.9770193628134677 
-1.0668968323353258 -0.9235105349794214 -1.060402309753683 
-0.9435795297378456 -8.228722855964724E-5 -0.9209935496900186 
-0.9971633128278772 0.002596529447819431 -0.8810607010157008 
-1.0117235192755316 -2.0118781903277403E-4 -0.9366459660049681 
-1.103501866557138 -0.6580295110193397 -1.0633708376510058 
-1.0785755175468712 -0.7860095757058463 -1.053649542675198 
6.500327740546416E-5 -9.371487753676982E-6 -1.150198492377476 
-0.9340911957206885 -3.4217683803822467E-4 -0.9960153519727926 
-1.0691414016228418E-4 -8.775490135217712E-4 -0.0016036333666090696 
-1.090128292668049 -0.6944848876399504 -1.0718296848877245 
0.0014965566002335534 3.610234162770233E-4 -0.5818593442903827 
6.500327740546416E-5 -9.371487753676982E-6 -0.7493492338987241 
-1.056113283588008 -0.001419073799093739 -1.0288036147912316 
-1.1448767700581 -1.1099758779465794 -1.1240524105630547 
-1.0802503564752717 -0.9382643647079055 -1.0732549898827723 
-1.0652084982337757 -0.7596192904129747 -1.0386230717358214 
6.500327740546416E-5 -9.371487753676982E-6 -0.5184059657508238 
-1.0964830742485174 -1.0582430019281293 -1.122913082122502 
-1.0949087671038384 -0.8544059071606445 -1.1031270472204064 
-1.099180980839053 -0.001465351312893401 -1.1088694541486983 
1.1379947144844402E-4 -1.2002607831414502E-5 -0.4779289229535346 
-1.090128292668049 -0.6222352380211714 -1.08870751565962 
-1.090128292668049 -0.6695784995586306 -1.08087259789934 
-1.0472772887738793 -3.441885899433748E-4 -0.9961126606628429 
-0.9460187749787494 0.002596529447819431 -1.0683942717465673 
-1.0776403619308617 -0.9483191812863956 -1.0851090495550857 
