-1.019613430834268 1.137149045725628E-4 -1.0350912940288808 
-0.9879254013947851 0.0015248110656228553 -0.8374205945693631 
-1.0541238861840139 0.026071211521962734 -0.6672222615775125 
-1.0855578387348306 -0.0160192611488692 -1.0797873523863495 
-1.03491471953199 1.1167725305209265E-4 -0.8593699875185813 
-5.4153989653380846E-5 -1.6520967438390924E-5 -0.9398193209497056 
-1.0775338155502234 -0.8997625119695051 -1.0888473157574512 
-0.4810569043970369 -6.881239160955442E-4 7.726985604527004E-4 
-1.0231886382518045 4.535754324270859E-4 -0.7915599937710676 
1.7999330873969677E-5 9.770237946905697E-4 -0.6630850011177158 
-1.1223994625493416 4.318003330867823E-4 -0.496858489147572 
1.9337348366947317E-5 -2.2725244497916837E-5 -0.9807359473913957 
-1.1250192522715157 -0.8565911117217364 -1.0777171104495324 
-1.0827143932846879 -0.8258611549889924 -1.076491178162364 
-1.0851945458977985 -0.0015990039445641924 0.002479943386178074 
-0.9309797992900948 1.0143763082379664E-4 -0.9398193209497056 
-1.089249531070545 -1.076710531376297 -1.081853609809639 
-1.0165869432838734 -4.363499816648274E-5 -1.0065372652131448 
-0.9952189260605251 -4.6985929714367096E-5 -1.0083310544466422 
-4.25404693030318E-5 7.606609256115564E-6 -0.8179606105172939 
1.7999330873969677E-5 9.770237946905697E-4 -1.018194086513764 
-1.1067121216115567 7.161429481359611E-4 -0.6865331036529962 
-1.0912996741120282 -0.9415090232566563 -1.0865730972133056 
-0.008894585098880747 1.1487472412463086E-4 -0.850947067239362 
-1.002929807607503 4.4906051164281735E-5 -0.9039325169749932 
-1.0784268356632913 -0.8575947015982959 -1.0789392126745472 
-1.10005646168156 -0.6472129635935294 -1.0653544056588973 
-1.03491471953199 1.1167725305209265E-4 -1.082037730135411 
-1.1103481825809103 -1.0807595487367823 -1.1134054219257403 
-1.059628676475991 -0.010135959876749256 -1.0822906900623355 
-1.0026683665161435 -3.088034762509581E-5 -0.9225351417459816 
-1.001595469638553 1.3400577699686374E-4 -0.8377420994213094 
-1.0583528074148658 -0.8565911117217364 -1.0777171104495324 
-0.9651558542882823 5.173905360615076E-4 -1.0027377186748956 
3.3909191385543736E-4 -2.778965072187435E-5 -0.5548615056650414 
-1.0541238861840139 6.84049979099528E-4 -0.6300168924741507 
9.087902424429708E-6 -1.1303987085165609E-5 -1.054426958513483 
-1.0541238861840139 6.84049979099528E-4 -0.6837025014050353 
-1.078214006805135 -0.9216587120471009 -1.0800660555969244 
-1.0231690030984009 4.5367696355613774E-4 -0.9354542597114547 
-1.1234005456488236 -0.67026304062584 -1.0653544056588973 
-1.0856998563065994 -0.9937883248958435 -1.0736605936746955 
-1.076736638982238 -0.7166180751347728 -1.0777171104495324 
-1.0666492590298893 -0.7365972427177733 -1.0865918640831302 
3.153685630112985E-4 -1.9449420405196058E-5 -0.9228057500243341 
-1.0143013277917539 -0.019698595016025555 -1.0656922925943981 
-1.1124758848776795 -1.065212051440251 -1.0991311921298224 
-1.03491471953199 1.1167725305209265E-4 -1.0535513668473149 
-3.6791205677252025E-5 1.1853228772878976E-4 -0.8342494031335628 
-1.0702478013350825 -1.000886286112927 -1.1094865999329604 
-0.5205263451135909 -6.881239160955442E-4 7.726985604527004E-4 
-3.556782231356817E-5 0.0018784332113539691 -0.8622022015504723 
-1.0690346042004875 -0.9686856701191484 -1.0890479977251253 
-5.494157995435566E-5 -1.7436760414974254E-5 -0.891819207550591 
4.918972039588926E-7 7.161429481359611E-4 -0.6865331036529962 
-1.0910880479028966 -0.0032479783476823507 -1.0976016933050956 
-1.006724162383273 -3.597382829545253E-5 -0.7900506569453947 
-1.089249531070545 -1.060971828582676 -1.081853609809639 
-1.0847824761030544 -0.8818495970258633 -1.0822906900623355 
-0.9888076612351441 7.175909560917048E-4 -1.0546185761756153 
-1.017542816413528 0.0011075938229720595 -0.7406158888097305 
-1.1124758848776795 0.0015248110656228553 -1.0991311921298224 
-1.0909865813365014 1.455469209968256E-4 -0.5602910453508079 
-6.842926447398723E-5 -6.871813173897406E-4 -0.9673032148582943 
-2.336605285318058E-5 0.0011227922342921372 -0.001344687624017793 
-3.523226557632133E-5 6.841153213664576E-4 -0.7669319683564781 
-9.925584539918848E-5 6.687012658672872E-4 -0.7837668101340989 
-1.112584421028777 -0.9899985914799216 -1.1217741094537188 
3.391278246976443E-4 5.490019311844949E-5 -0.7100124241610055 
3.150799406097173E-4 7.205346188317674E-4 -0.8018411684116984 
-1.0970010902990277 -0.5475739376498943 -1.1031615349267738 
-1.002929807607503 -0.0036040330717445265 -0.8563444562593001 
3.3916416693605724E-4 4.4477538686647474E-4 -0.954440812739649 
-5.65076207958561E-5 0.0019829774884607223 -0.9979998096909742 
-1.0973233742749142 -0.582489153388442 -1.1031615349267738 
-0.7328408716953437 0.0010844447378669433 -0.002502672937324202 
-1.122972600960642 -1.1304069857365429 -1.1223966685264373 
-5.6738465186612075E-5 -1.6975776170935703E-5 -1.1535725722571806 
-1.1580862793383186 1.117282298690823E-4 -1.1506255279306028 
-1.0666492590298893 -0.7365972427177733 -1.1125395028055658 
3.3909191385543736E-4 -2.778965072187435E-5 -0.7496466396266406 
-1.0855578387348306 -0.7604063223221504 -1.0797873523863495 
-1.0828113193083575 -0.9371041422047817 -1.076491178162364 
1.0417643081552994E-5 0.001066077274884633 -0.9077091023756892 
-1.0812692284791632 -0.9750532457150876 -1.0873313143720584 
-1.0173037511110072 1.1639772979242697E-4 -0.9238429447336598 
-3.556782231356817E-5 0.002872989419872891 -0.6389755709238137 
1.7999330873969677E-5 9.767302060914751E-4 -0.6115447594014768 
-1.1538837610822477 -1.1574982472132835 -1.1472395135080136 
-0.9788551438179697 -4.6985929714367096E-5 -1.0064084485575193 
-1.0847318896422984 -0.7778277133218882 -1.0764971627272029 
-1.0948980788441933 -0.67026304062584 -1.0653544056588973 
-1.122972600960642 0.001515775393942736 -1.1217741094537188 
-0.5878209885181227 -6.881239160955442E-4 7.726985604527004E-4 
3.1530492921458416E-4 -8.246191877006088E-5 -1.035445451092198 
-1.0847318896422984 -0.7934732019251669 -1.0764971627272029 
-1.0949241625359305 -0.810612550042746 -1.0653544056588973 
-1.089249531070545 -1.0427128545496154 -1.0817632389987308 
1.7999330873969677E-5 9.767302060914751E-4 -0.8776490250273401 
-1.1199738887206006 -1.0920369776084815 -1.127994747818518 
