0.469479993975446 5.930101523467448 
0.4233281289503551 7.536543808633723 
0.5565201998481258 3.6262116748277986 
0.46872526005624826 6.010201256998559 
0.78681472397207 1.2709472376985005 
0.6411476633366933 1.9844777218897345 
0.6245650136133966 2.225783981050974 
0.6159569779631381 2.3762939929124256 
0.5670600838265588 3.363287351938171 
0.9999981572125273 1.0000201364105787 
0.5080352215262269 4.786218896217018 
0.4160508632722285 7.895816611649032 
0.5343137550874281 4.141773695993904 
0.6199139512192904 2.3067456764146486 
0.46423614894523735 6.0959349787941 
0.6954724422542296 1.4378852754141047 
0.4343597224068935 7.119196753967578 
0.6694505873306251 1.4937635428222953 
0.7555783722570084 1.323489445668905 
0.5942281381495937 2.8135261559466898 
0.9616600523496779 1.0399315699015623 
0.4947261433497119 5.150628622442084 
0.8161321213010692 1.2252918049820427 
0.48909405325544797 5.326880423935687 
0.39729781423055277 8.71754435873589 
0.43216883587841665 7.208357018356301 
0.6553367724741945 1.711107256501983 
0.4047665526333345 8.314069058273093 
0.6539300313764261 1.7834405479389588 
0.4073157783656841 8.22114725425647 
0.4409633378281888 6.879377746278049 
0.6088423707624436 2.5381630268132462 
0.8464077277694563 1.1814636931959765 
0.6498638794559735 1.8608763079234514 
0.4565849565169768 6.344032220893575 
0.7241155010607518 1.3809951664303286 
0.4442070878019861 6.774416472157207 
0.41718870332179825 7.842405911796174 
0.9147070887682646 1.0932461465305923 
0.5612823980008929 3.4863880441351776 
0.48015483165408324 5.597610412689631 
0.5228951548814454 4.393450968253446 
0.4180696391413059 7.770569633580563 
0.5998372849860292 2.7097674341917206 
0.5430938502949252 3.92292771794741 
0.4105617572023113 8.051490449180534 
0.545543273659219 3.844529233830995 
0.6423440691461801 1.90396937394662 
0.5049573124123259 4.865082235679659 
0.5392111308438599 3.9820347429733194 
0.588411204799383 2.930264246299513 
0.8856479650235011 1.1291168042977224 
0.5177917513687602 4.561435851978346 
0.4292621110811606 7.325899996801248 
0.41898714064011733 7.70817053383556 
0.41359937420458254 7.992357515700905 
0.5152572460537678 4.611730641442625 
0.39352440847851633 8.793719893040953 
0.49262607987061 5.214111173687403 
0.5099824643510472 4.74129454768992 
0.4835699249340271 5.544339209505704 
0.4028379434088164 8.39747277572149 
0.5189425088492818 4.504473453190575 
0.3891091837004527 8.993310002089869 
0.45025855985958924 6.576732384714014 
0.5359131486972065 4.08014046692986 
0.5829575836826868 3.0079720807979324 
0.5514543092965836 3.695339585131887 
0.6303805113259019 2.126395287997958 
0.4274490557676256 7.395575318773842 
0.57040365904094 3.272192407580296 
0.46150433324178025 6.168763241599879 
0.44675242495830153 6.668693078902526 
0.3975120903714661 8.619970963371184 
0.4142784613249922 7.934337217953001 
0.4269464797843815 7.453295068775554 
0.5285626838974417 4.24438801213151 
0.4974388999823869 5.0773908367852325 
0.4589795795087922 6.258589613512971 
0.3923643059475558 8.918699944500151 
0.43996141977109554 7.028553384117821 
0.39928929680770764 8.53763003597815 
0.4722220653474097 5.843382825942113 
0.5733123444604161 3.2113670596230763 
0.6039030947266687 2.60363720579999 
0.660057838723916 1.6138541521659446 
0.42170429495579026 7.623615892791665 
0.4779621900908359 5.654600632787313 
0.4531462872296116 6.45919117098205 
0.4749579792450535 5.755136041490951 
0.5257011545621811 4.344846816640994 
0.5030501232551584 4.936211341202064 
0.40905061336659654 8.11891976623674 
0.43022567854163285 7.274778944299395 
0.5757367851618487 3.16250712551225 
0.5797592058464807 3.0836565247649825 
0.6117259633226961 2.4434790782527354 
0.4837930242922966 5.470402982640956 
0.6633023641409445 1.5537665473581344 
0.5001993536521573 5.004927412557412 
