0.469479993975446 1.7840640275112802 
0.4233281289503551 2.190430989261297 
0.5565201998481258 1.018060045966774 
0.46872526005624826 1.8171331471770396 
0.78681472397207 1.2810407682556368E-11 
0.6411476633366933 0.27234325433332757 
0.6245650136133966 0.3901468024255816 
0.6159569779631381 0.46369486662629644 
0.5670600838265588 0.9071860077228643 
0.9999981572125273 1.8293585998966205E-5 
0.5080352215262269 1.431567777212626 
0.4160508632722285 2.285061317515782 
0.5343137550874281 1.2130066562288382 
0.6199139512192904 0.4299838267242195 
0.46423614894523735 1.8299533787759399 
0.6954724422542296 9.58417364304914E-6 
0.4343597224068935 2.0922923258134145 
0.6694505873306251 8.81075461047371E-7 
0.7555783722570084 1.0578416722489568E-9 
0.5942281381495937 0.6718764092833851 
0.9616600523496779 6.0647951619134666E-5 
0.4947261433497119 1.5481506342074118 
0.8161321213010692 1.2810407682556368E-11 
0.48909405325544797 1.605345537749804 
0.39729781423055277 2.4634613191836547 
0.43216883587841665 2.115227261219057 
0.6553367724741945 0.12135150683318324 
0.4047665526333345 2.3652570710726737 
0.6539300313764261 0.16624533347171405 
0.4073157783656841 2.3486029929263808 
0.4409633378281888 2.0335533731797315 
0.6088423707624436 0.5453411946265566 
0.8464077277694563 1.1663431237596122E-13 
0.6498638794559735 0.20931629665484286 
0.4565849565169768 1.8965896757189924 
0.7241155010607518 6.9021736166440455E-9 
0.4442070878019861 2.0092438126547574 
0.41718870332179825 2.2717631532654505 
0.9147070887682646 1.2166873411545431E-13 
0.5612823980008929 0.9568482417738352 
0.48015483165408324 1.6877196853701337 
0.5228951548814454 1.2973142245089222 
0.4180696391413059 2.248639242633416 
0.5998372849860292 0.62541954066912 
0.5430938502949252 1.1305179187687429 
0.4105617572023113 2.3056340669131865 
0.545543273659219 1.0973570639027301 
0.6423440691461801 0.22300343519057703 
0.5049573124123259 1.4566588503937505 
0.5392111308438599 1.1471574568181824 
0.588411204799383 0.7242003155456525 
0.8856479650235011 1.1663431237596122E-13 
0.5177917513687602 1.3618738585521206 
0.4292621110811606 2.1447312981963713 
0.41898714064011733 2.229624331538168 
0.41359937420458254 2.3056340669131865 
0.5152572460537678 1.376227629851503 
0.39352440847851633 2.460543419234703 
0.49262607987061 1.5686071475031709 
0.5099824643510472 1.4179770776450893 
0.4835699249340271 1.6810756953494566 
0.4028379434088164 2.38282066280317 
0.5189425088492818 1.3375627548437048 
0.3891091837004527 2.499379513678306 
0.45025855985958924 1.9612300521232542 
0.5359131486972065 1.1866009247592717 
0.5829575836826868 0.7535201360069462 
0.5514543092965836 1.0378109385352285 
0.6303805113259019 0.34043814892914115 
0.4274490557676256 2.1612316868682355 
0.57040365904094 0.866470522369784 
0.46150433324178025 1.8469109667409551 
0.44675242495830153 1.9792548043023452 
0.3975120903714661 2.42654267659102 
0.4142784613249922 2.287025014287188 
0.4269464797843815 2.182158092408012 
0.5285626838974417 1.2434251191943582 
0.4974388999823869 1.525691712631097 
0.4589795795087922 1.8725648291282775 
0.3923643059475558 2.499379513678306 
0.43996141977109554 2.0922923258134145 
0.39928929680770764 2.408984293470079 
0.4722220653474097 1.759374306681968 
0.5733123444604161 0.8411163778754589 
0.6039030947266687 0.5723445661281102 
0.660057838723916 0.06523708369427139 
0.42170429495579026 2.2149115650834665 
0.4779621900908359 1.7026853025360507 
0.4531462872296116 1.9269584976368033 
0.4749579792450535 1.7334477845469185 
0.5257011545621811 1.2840909879039877 
0.5030501232551584 1.483161723605209 
0.40905061336659654 2.321049110253323 
0.43022567854163285 2.1297967075515905 
0.5757367851618487 0.8207716854938617 
0.5797592058464807 0.7877782579010647 
0.6117259633226961 0.49473959300300807 
0.4837930242922966 1.6465428030694682 
0.6633023641409445 0.03061702418576337 
0.5001993536521573 1.5034614568371811 
