0.8618549208141116 0.8349606383663899 
0.8619542056670378 0.8346179791269664 
0.8622910428932392 0.8103449033865248 
2.165670613470551 0.5228524239307726 
-3.141592653589793 1.0578711829055787 
0.8619542056670378 0.8346179791269664 
0.8620918588547019 0.8257329576187429 
2.16578452970572 0.4507551183191645 
0.862378553993541 0.7625827744387782 
2.1669859878138595 0.3592832386230522 
-3.141592653589793 1.0578711829055787 
0.8618339277632949 0.8360833612564625 
0.8623502402014275 0.792969379048257 
0.8623509638569118 0.7927231993423137 
0.8623498842936411 0.7933079205830396 
2.1657971970138923 0.44283575234995726 
0.8623397612007073 0.7975063208089117 
2.16694604990841 0.4395092734187373 
0.8618549208141116 0.8349606383663899 
0.8642909777241067 0.6423594555200408 
0.8541756235854698 1.044826819942929 
2.16578452970572 0.4507551183191645 
2.165670613470551 0.5228524239307726 
0.8620918588547019 0.8257329576187429 
2.1657861288701152 0.4453767903981798 
-3.1415926535897807 1.0486665395298003 
2.1656779631460368 0.4710100071395081 
0.8620918588547019 0.8257329576187429 
0.864086674788811 0.6650655952701882 
0.8620794411633206 0.8312883593365107 
0.8642909777241067 0.6423594555200408 
0.8623416310582014 0.7973839983043569 
0.8623472655133065 0.7944156857610989 
-3.141592653589793 1.0578711829055787 
0.8542713288366941 0.9589889922327557 
0.862091376285733 0.8257621626952073 
2.1669577556196447 0.3890489098882574 
2.1657830124810316 0.4515093071723738 
0.8620918588547019 0.8257329576187429 
2.1657830124810316 0.4515093071723738 
2.16694604990841 0.4395092734187373 
0.8620918588547019 0.8257329576187429 
2.1657830124810316 0.4515093071723738 
0.864086674788811 0.6650655952701882 
0.8619542056670378 0.8346179791269664 
2.1657830124810316 0.4515093071723738 
0.8542713288366941 0.9589889922327557 
0.8622910428932392 0.8103449033865248 
0.8623509638569118 0.7927231993423137 
2.165670613470551 0.5228524239307726 
2.1656704742855117 0.5272741623239108 
2.1643601303569127 0.6018905420943969 
2.1657830124810316 0.4515093071723738 
0.8542713288366941 0.9589889922327557 
0.8618339277632949 0.8360833612564625 
0.8619542056670378 0.8346179791269664 
-3.1415926535897807 1.0486665395298003 
0.8619542056670378 0.8346179791269664 
2.165670613470551 0.5228524239307726 
0.8552095144028957 0.8735524395997661 
2.165777867764831 0.46043187688295534 
0.8623509638569118 0.7927231993423137 
2.16578452970572 0.4507551183191645 
2.1657971970138923 0.44283575234995726 
0.8620918588547019 0.8257329576187429 
0.8623538241951945 0.7913910604650415 
2.1657830124810316 0.4515093071723738 
0.8623431978337263 0.7967781439494116 
0.8542289145007803 1.030010708141304 
0.8622910428932392 0.8103449033865248 
2.1657830124810316 0.4515093071723738 
0.864086674788811 0.6650655952701882 
0.8642909633371871 0.6436392334590498 
0.8622324137023062 0.8106475901658861 
2.16694604990841 0.4395092734187373 
0.8552095144028957 0.8735524395997661 
0.8619542056670378 0.8346179791269664 
2.16578452970572 0.4507551183191645 
0.8623479265871165 0.794185789737192 
-3.1415926535897807 1.0486665395298003 
-3.1415926535897825 1.048764128581392 
0.8623479265871165 0.794185789737192 
2.1657297663038375 0.46793513760483296 
0.8619542056670378 0.8346179791269664 
2.16578452970572 0.4507551183191645 
2.1669859878138595 0.3592832386230522 
0.8623479265871165 0.794185789737192 
0.8554497589276865 0.8664974311384769 
0.8642909777241067 0.6423594555200408 
0.8623509638569118 0.7927231993423137 
2.1669859878138595 0.3592832386230522 
-3.1415926535897807 1.0486665395298003 
2.1657830124810316 0.4515093071723738 
0.8642908557142105 0.6552431570057597 
2.1657830124810316 0.4515093071723738 
-3.1415926535897825 1.048764128581392 
2.1669859878138595 0.3592832386230522 
2.1657830124810316 0.4515093071723738 
2.1669859878138595 0.3592832386230522 
2.1657830124810316 0.4515093071723738 
