0.8618549208141116 3.2568527501429054 3.7970555627307556 
0.8619542056670378 3.257002171534806 3.796913489958927 
0.8622910428932392 3.2569093460457856 3.7969625229992046 
2.165670613470551 -2.802549658189954 4.1373284995541955 
-3.141592653589793 -4.999999978793919 -1.6731387485517492E-4 
0.8619542056670378 3.257002171534806 3.796913489958927 
0.8620918588547019 3.256936931570538 3.7968278897782777 
2.16578452970572 -2.8026118875446686 4.142310781758184 
0.862378553993541 3.2569103288242163 3.796963772113454 
2.1669859878138595 -2.8072066491077923 4.137406264344821 
-3.141592653589793 -4.999999978793919 -1.6731387485517492E-4 
0.8618339277632949 3.2570042613636185 3.796963390095664 
0.8623502402014275 3.256936931570538 3.7969597039335903 
0.8623509638569118 3.2569408136862115 3.7969600248119275 
0.8623498842936411 3.256934940148574 3.7969608954310266 
2.1657971970138923 -2.8026118875446686 4.142310781758184 
0.8623397612007073 3.2569370353975953 3.7969600248119275 
2.16694604990841 -2.8083890441356005 4.137388588412123 
0.8618549208141116 3.2568527501429054 3.7970555627307556 
0.8642909777241067 3.2458006400187656 3.8031758833795037 
0.8541756235854698 3.2621992772211432 3.7749787085294084 
2.16578452970572 -2.8026118875446686 4.142310781758184 
2.165670613470551 -2.802549658189954 4.1373284995541955 
0.8620918588547019 3.256936931570538 3.7968278897782777 
2.1657861288701152 -2.802583374773477 4.142310781758184 
-3.1415926535897807 -4.99999999992636 1.1231077564177738E-4 
2.1656779631460368 -2.8025489891293134 4.142244034021523 
0.8620918588547019 3.256936931570538 3.7968278897782777 
0.864086674788811 3.246618732516547 3.802549274424277 
0.8620794411633206 3.256936931570538 3.7969636705548253 
0.8642909777241067 3.2458006400187656 3.8031758833795037 
0.8623416310582014 3.256936404382769 3.7969645166042585 
0.8623472655133065 3.256934940148574 3.7969602556334645 
-3.141592653589793 -4.999999978793919 -1.6731387485517492E-4 
0.8542713288366941 3.27402615198912 3.7737928266439997 
0.862091376285733 3.256936931570538 3.7968278897782777 
2.1669577556196447 -2.807182950271227 4.137376323568737 
2.1657830124810316 -2.8026118875446686 4.142310781758184 
0.8620918588547019 3.256936931570538 3.7968278897782777 
2.1657830124810316 -2.8026118875446686 4.142310781758184 
2.16694604990841 -2.8083890441356005 4.137388588412123 
0.8620918588547019 3.256936931570538 3.7968278897782777 
2.1657830124810316 -2.8026118875446686 4.142310781758184 
0.864086674788811 3.246618732516547 3.802549274424277 
0.8619542056670378 3.257002171534806 3.796913489958927 
2.1657830124810316 -2.8026118875446686 4.142310781758184 
0.8542713288366941 3.27402615198912 3.7737928266439997 
0.8622910428932392 3.2569093460457856 3.7969625229992046 
0.8623509638569118 3.2569408136862115 3.7969600248119275 
2.165670613470551 -2.802549658189954 4.1373284995541955 
2.1656704742855117 -2.8026402745583683 4.1373284995541955 
2.1643601303569127 -2.8026118875446686 4.142403950859888 
2.1657830124810316 -2.8026118875446686 4.142310781758184 
0.8542713288366941 3.27402615198912 3.7737928266439997 
0.8618339277632949 3.2570042613636185 3.796963390095664 
0.8619542056670378 3.257002171534806 3.796913489958927 
-3.1415926535897807 -4.99999999992636 1.1231077564177738E-4 
0.8619542056670378 3.257002171534806 3.796913489958927 
2.165670613470551 -2.802549658189954 4.1373284995541955 
0.8552095144028957 3.274120574591694 3.7743902415628785 
2.165777867764831 -2.8026118875446686 4.142586016423699 
0.8623509638569118 3.2569408136862115 3.7969600248119275 
2.16578452970572 -2.8026118875446686 4.142310781758184 
2.1657971970138923 -2.8026118875446686 4.142310781758184 
0.8620918588547019 3.256936931570538 3.7968278897782777 
0.8623538241951945 3.256891840153317 3.7969646765217027 
2.1657830124810316 -2.8026118875446686 4.142310781758184 
0.8623431978337263 3.2569352789507846 3.7969646765217027 
0.8542289145007803 3.2621992772211432 3.7740538618072046 
0.8622910428932392 3.2569093460457856 3.7969625229992046 
2.1657830124810316 -2.8026118875446686 4.142310781758184 
0.864086674788811 3.246618732516547 3.802549274424277 
0.8642909633371871 3.2458006400187656 3.8031758833795037 
0.8622324137023062 3.256901679777997 3.7968235119857083 
2.16694604990841 -2.8083890441356005 4.137388588412123 
0.8552095144028957 3.274120574591694 3.7743902415628785 
0.8619542056670378 3.257002171534806 3.796913489958927 
2.16578452970572 -2.8026118875446686 4.142310781758184 
0.8623479265871165 3.2568915516146517 3.7969646765217027 
-3.1415926535897807 -4.99999999992636 1.1231077564177738E-4 
-3.1415926535897825 -4.99999999986202 1.1231077564177738E-4 
0.8623479265871165 3.2568915516146517 3.7969646765217027 
2.1657297663038375 -2.8026118875446686 4.142310781758184 
0.8619542056670378 3.257002171534806 3.796913489958927 
2.16578452970572 -2.8026118875446686 4.142310781758184 
2.1669859878138595 -2.8072066491077923 4.137406264344821 
0.8623479265871165 3.2568915516146517 3.7969646765217027 
0.8554497589276865 3.262599608162371 3.774333335063398 
0.8642909777241067 3.2458006400187656 3.8031758833795037 
0.8623509638569118 3.2569408136862115 3.7969600248119275 
2.1669859878138595 -2.8072066491077923 4.137406264344821 
-3.1415926535897807 -4.99999999992636 1.1231077564177738E-4 
2.1657830124810316 -2.8026118875446686 4.142310781758184 
0.8642908557142105 3.2457629823411835 3.803176579355438 
2.1657830124810316 -2.8026118875446686 4.142310781758184 
-3.1415926535897825 -4.99999999986202 1.1231077564177738E-4 
2.1669859878138595 -2.8072066491077923 4.137406264344821 
2.1657830124810316 -2.8026118875446686 4.142310781758184 
2.1669859878138595 -2.8072066491077923 4.137406264344821 
2.1657830124810316 -2.8026118875446686 4.142310781758184 
