-18.674182054411435 -0.9965156834673248 
-14.853985510004293 -10.773240909337824 
-14.535320147448214 -11.568398755437272 
-15.171670202841932 -9.493707804297951 
-18.369059208051226 -2.3284984136927998 
-18.052463507556112 -3.708197772029523 
-16.038576403281688 -7.579340155234975 
-18.035486261650743 -3.751277949197205 
-18.670631388354174 -1.009389751716158 
-18.53921659709109 -1.5331671767184742 
-18.079619639562914 -3.626878682965118 
-18.25733909674851 -2.87636118949407 
-14.961393975198838 -10.369188352827742 
-14.74338467623782 -11.131699175382748 
-18.106570825390374 -3.5347029786674593 
-14.663324852925625 -11.342341328308855 
-16.658653598443237 -5.042961485681511 
-18.33499108738681 -2.496719105150092 
-15.353182234777599 -8.735754478939796 
-15.063991013194435 -9.949305098402272 
-18.1841977662369 -3.2188520239393013 
-15.97869686383929 -7.682489498485935 
-16.50790710420708 -5.789299882362426 
-16.588824481691738 -5.39693122475713 
-16.234851925935573 -6.99280155673668 
-16.202126010529337 -7.111415660694892 
-16.588824481691738 -5.39693122475713 
-17.98688286307293 -3.843352279192852 
-17.988981908735653 -3.8408602704272163 
-17.966546918162763 -3.8640850261377504 
-18.429534504791018 -2.0333385649133944 
-16.690576307417388 -4.899213213238632 
-18.1341094595752 -3.4301103704588964 
-16.060341559692286 -7.532286754353943 
-16.17856474972905 -7.193749919514703 
-19.99948501830807 0.0016228509255316456 
-16.117278491214975 -7.384998866831337 
-19.99948501830807 0.0016228509255316456 
-19.99948501830807 0.0016228509255316456 
-18.44562044930524 -1.958246093157357 
-16.25318334534304 -6.92081782362035 
-16.29603023538678 -6.751186501064405 
-18.673593894733557 -0.9986329021052425 
-16.33275721289732 -6.596026148330923 
-14.802943969474624 -10.947082605949804 
-16.34852819321901 -6.528408774859297 
-14.632202267024063 -11.411267216947405 
-19.99948501830807 0.0016228509255316456 
-18.635351667913334 -1.1404134042011635 
-16.38651136834874 -6.359269089282128 
-16.529322372066705 -5.688150008834833 
-17.951064372161063 -3.8724280282565933 
-14.74338467623782 -11.131699175382748 
-18.014980780794282 -3.7964351945198906 
-19.99948501830807 0.0016228509255316456 
-15.212613428891679 -9.319157418555312 
-14.927593622860769 -10.500124718012785 
-15.393066338760187 -8.552189974956093 
-18.482811602072637 -1.7847963929883937 
-19.99948501830807 0.0016228509255316456 
-19.99948501830807 0.0016228509255316456 
-14.703893518432661 -11.241332861425004 
-19.99948501830807 0.0016228509255316456 
-18.25733909674851 -2.87636118949407 
-15.004901301448704 -10.193611521303136 
-19.99948501830807 0.0016228509255316456 
-19.99948501830807 0.0016228509255316456 
-15.966742306231062 -7.697755441241322 
-18.30926065425981 -2.6224154052778887 
-16.07612815773888 -7.493557454548133 
-19.99948501830807 0.0016228509255316456 
-14.484508381035774 -11.612537297321605 
-14.611596023094783 -11.451815441863015 
-19.99948501830807 0.0016228509255316456 
-14.927593622860769 -10.500124718012785 
-19.99948501830807 0.0016228509255316456 
-15.17142463131377 -9.494769647357382 
-17.951064372161063 -3.8724280282565933 
-15.129130086335755 -9.674689270621014 
-16.427414600467287 -6.173109447899449 
-15.953672331038675 -7.7123133088184685 
-18.224453749675078 -3.0333155514441392 
-18.175592940911834 -3.2553588035478853 
-15.299615652766398 -8.954440032078416 
-18.001755230113865 -3.820660785415339 
-15.263780234630193 -9.103590822220463 
-17.976198020475458 -3.855359247449316 
-15.100177067680697 -9.797424275857814 
-14.881575762711435 -10.672671389105027 
-15.933707997809911 -7.7301457147099475 
-16.464540668153774 -5.998567103433002 
-15.030507152533804 -10.08854573196301 
-14.497926391473202 -11.603595634225092 
-14.576289169765406 -11.512263033660545 
-16.15091132961205 -7.283272276480924 
-18.58824603999117 -1.3251666028645877 
-15.34128592012246 -8.784065646313447 
-16.49944004840139 -5.832690595503557 
-16.00713968519974 -7.638494725041166 
-14.781702188384104 -11.015834959504689 
