-0.7110242618426951 -1.0829923291023334E-4 -6.569930629562871E-5 
-1.0962065722952308 -1.0065165154242892 -1.0938123781224907 
-1.1355394572023714 -1.1205870691446211 -1.1366524106735492 
-1.0694951336448806 -0.8748913383827108 -1.0688597025596736 
-0.8900673486450543 -1.076716053164608E-4 -6.571820092187045E-5 
-8.170455683376797E-5 -1.0769826907578162E-4 -1.0828672343996992 
-1.10494736642511 -2.08740910606443E-4 -1.102407196388468 
-1.0933107908219157 -2.1273641811470626E-4 -6.571820092187045E-5 
-0.7130767759299069 -1.0271355388443847E-4 -6.569958326469134E-5 
-0.7894404037042294 -9.703815179351363E-5 -6.7918617302911E-5 
-8.688923825006523E-5 -1.130001991065441E-4 -1.066025054925742 
-0.9571352939156614 -2.1605578791596987E-4 -7.80408361931973E-5 
-1.0820762674822837 -0.9666985652819325 -1.0828743858292373 
-1.1108276535266295 -1.046005095210117 -1.1077745932853287 
-7.523266052125854E-5 -1.076716053164608E-4 -1.0493887045420762 
-1.120451440396914 -1.0739557474998815 -1.1201343656619454 
-1.0110350386705393 -1.076716053164608E-4 -0.8188364153383291 
-0.9104715320729404 -9.672141648053147E-5 -6.777598925869363E-5 
-1.0702115256919618 -0.7791971105314233 -1.0658228713345823 
-1.0706402146008116 -0.927166869698616 -1.072820222831729 
-7.523266052125854E-5 -1.077431708164715E-4 -1.0017389318334609 
-1.1234124577511084 1.9864609339662536E-4 -1.1213465653472605 
-0.9411042211241756 -1.1399799147046588E-4 -0.9778913196957043 
-0.9231368803663776 -2.0649585281025536E-4 -0.9469216487852096 
-1.0441092818568813 -1.1218180858460364E-4 -1.0416109052695612 
-1.056608256493994 -2.1482451769142514E-4 -1.0492924228312166 
-0.9231368803663776 -2.0649585281025536E-4 -0.9469216487852096 
-1.1237292979360067 -1.2192672445277775E-4 -9.483227668538081E-5 
-1.122450913198111 -1.076716053164608E-4 -6.571820092187045E-5 
-1.136397266276369 -2.06886454266218E-4 -6.576329767927195E-5 
-0.8539535554359705 -2.1273641811470626E-4 -6.571820092187045E-5 
-0.966421880374031 -2.50763992327566E-4 -0.8432170656000786 
-1.0324293914165161 -1.1991625631321297E-4 5.9820392628549566E-5 
-1.0968909007984164 -1.130001991065441E-4 -1.0969020629141257 
-1.0589797940726808 -1.076716053164608E-4 -1.0614712160170903 
-7.523266052125854E-5 -1.076716053164608E-4 -6.571820092187045E-5 
-1.0795616962458243 -1.1150226131991254E-4 -1.0788421062940954 
-7.523266052125854E-5 -1.076716053164608E-4 -6.571820092187045E-5 
-7.523266052125854E-5 -1.076716053164608E-4 -6.571820092187045E-5 
-0.8445356882999919 -1.0799788357256135E-4 -6.571820092187045E-5 
-1.0441092818568813 -2.315695051450341E-4 -1.0303350108527047 
-1.0243765115339927 -2.0729547412928848E-4 -1.023730859789175 
-0.7113632923612512 -1.0829923291023334E-4 -6.569926739560618E-5 
-1.007033872251133 -2.0729547412928848E-4 -1.0185681113843228 
-1.1009297034844887 -1.0242998769372906 -1.1030874252306628 
-1.0111139501956559 -2.0690227588679075E-4 -1.0048319707573024 
-1.123771702995286 -1.0863638279773817 -1.1224139816429046 
-7.523266052125854E-5 -1.076716053164608E-4 -6.571820092187045E-5 
-8.170455683376797E-5 -1.0769826907578162E-4 -0.7334467319267499 
-0.989140845611331 -2.0451692669656082E-4 -1.0036071228996626 
-0.959049219831496 -2.1641280443449767E-4 -0.9469216487852096 
-1.1461183416297571 -2.06886454266218E-4 -7.805708300940865E-5 
-1.1108276535266295 -1.046005095210117 -1.1077745932853287 
-1.1060830694143258 -2.1085355593127616E-4 -7.788758253710218E-5 
-7.523266052125854E-5 -1.076716053164608E-4 -6.571820092187045E-5 
-1.0732512655039568 -0.8494162630861062 -1.071525200413524 
-1.0811408334351487 -0.9803373341936932 -1.0897066058202465 
-1.0441361583916307 -0.7845771947386596 -1.0516831153277373 
-7.523266052125854E-5 -1.076716053164608E-4 -0.8225608599599394 
-7.523266052125854E-5 -1.076716053164608E-4 -6.571820092187045E-5 
-7.523266052125854E-5 -1.076716053164608E-4 -6.571820092187045E-5 
-1.1109435491455806 -1.0650273036788847 -1.1084862837561795 
-7.523266052125854E-5 -1.076716053164608E-4 -6.571820092187045E-5 
-0.9571352939156614 -2.1605578791596987E-4 -7.80408361931973E-5 
-1.0747579083683994 -0.9489306420263751 -1.082883268441417 
-7.523266052125854E-5 -1.076716053164608E-4 -6.571820092187045E-5 
-7.523266052125854E-5 -1.076716053164608E-4 -6.571820092187045E-5 
-1.1249206089791097 -2.0666486109356558E-4 -1.1273228463732545 
-0.9258109601596627 -2.069602856217947E-4 -6.570494448377547E-5 
-1.0889136205205319 -2.463613371757863E-4 -1.0950564606927524 
-7.523266052125854E-5 -1.076716053164608E-4 -6.571820092187045E-5 
-1.1446546692907655 -1.1376446906765585 -1.143035491056569 
-1.1261804958551453 -1.0951822650937286 -1.1225247654828159 
-7.523266052125854E-5 -1.076716053164608E-4 -6.571820092187045E-5 
-1.0811408334351487 -0.9803373341936932 -1.0897066058202465 
-7.523266052125854E-5 -1.076716053164608E-4 -6.571820092187045E-5 
-1.0694951336448806 -0.8748913383827108 -1.0690688583451595 
-1.1461183416297571 -2.06886454266218E-4 -7.805708300940865E-5 
-1.0751134607945274 -0.8911567857569479 -1.0728180673702108 
-0.9899230286857315 -1.1399799147046588E-4 -0.9778913196957043 
-1.131591597367037 -2.1552286751153055E-4 -1.1288410461493605 
-0.9770959024461396 -2.080281686961878E-4 -7.803395830828813E-5 
-1.0068808875432878 -2.0686183575464547E-4 -9.483227668538081E-5 
-1.07005067898684 -0.8067359988704796 -1.0686389640582428 
-1.114343128224564 -2.0799650858369743E-4 -7.824850474373399E-5 
-1.069478669896248 -0.826655006768104 -1.068288387466195 
-1.1303390575883152 -2.0666486109356558E-4 -7.83680634260773E-5 
-1.0706402146008116 -0.9067010233896708 -1.0762448103928506 
-1.0962065722952308 -0.9928307392195634 -1.0936738811254152 
-1.1355394572023714 -2.5055566185683276E-4 -1.137414748336715 
-0.966421880374031 -2.635445336233239E-4 -0.9788182876048791 
-1.0751755048506433 -0.9415262762028752 -1.0727822440370756 
-1.1446546692907655 -1.1310698549886742 -1.143035491056569 
-1.1305322730292218 -1.1040018432897616 -1.1347638152780841 
-1.0664776195755343 2.0371116482954148E-4 -1.0710813653126667 
-0.7606788271658351 -2.153416361155674E-4 -9.483227668538081E-5 
-1.0694783137365036 -0.7845771947386596 -1.068287875612277 
-0.9589167293403916 -2.1635106073555966E-4 -0.9651434574491334 
-1.1112707264692767 2.2252019600355055E-4 -1.1157044171462167 
-1.1009473455559045 -1.0346897395242358 -1.1033092686637875 
