0.4422044968255694 -0.0917252475941549 
0.8265738561313761 -0.5200316673093334 
0.03583391485902038 0.7811039434276189 
0.00532797583551585 0.9434178204348994 
0.6310042861572404 -0.3148473432535491 
0.21117328994985904 0.47056057624928743 
0.4222789798667018 0.08036297898221549 
0.22952574857251112 0.34078046599365974 
0.1934674617034321 0.6132095950218974 
0.6398365293794985 -0.4042969481129074 
0.6262154876359302 -0.2489308478647981 
0.6496458680851436 -0.436197174356327 
0.41593644962240395 0.1598146286992517 
0.21364430298811413 0.45191652527917237 
0.02084085832505969 0.8457333013224825 
0.1948900417586107 0.5946927221308967 
0.2262507415898436 0.35991830552576964 
0.2397540360404432 0.28566244448287054 
0.43421022507145546 -0.03849532589938893 
0.4106927225168827 0.22626191861573325 
0.08453412207769001 0.6715549998168475 
0.832239904884178 -0.6164321489925033 
0.8359920306836437 -0.6686698348541162 
0.06537015942352424 0.6897900910801137 
0.4463740052518766 -0.10926978250708289 
0.046826720044385206 0.7485785503477373 
0.20908794981376738 0.486260102143002 
0.43887079969773124 -0.07255440997217673 
0.006482432663691015 0.9207878882305051 
0.4092936210509195 0.2441335694065012 
0.2247436444045946 0.37049335396552036 
0.24285716537680202 0.2761168938325841 
0.6371919919092179 -0.3772080427288426 
0.6223613193032707 -0.1880727575214758 
0.0022086958196660955 0.955942382040144 
0.43127540155180616 -0.012596019681397608 
0.23321844941085135 0.3184207907769292 
0.8285348353567901 -0.5559182918425464 
0.6342755875236477 -0.3533035710395126 
0.43783616481135845 -0.06275371652328378 
0.18695628530461234 0.6443009512332415 
0.41885997160457683 0.12080224497402313 
0.8234227849459842 -0.4583639215274948 
0.6325466539202907 -0.33357515640942986 
0.057658730491829326 0.7071950985600598 
0.029991419887055004 0.8056028723195802 
0.21586733864965346 0.43440038231135514 
0.8419019754598474 -0.7300208677764158 
0.20205303821494314 0.5406735782966589 
0.43281237986161847 -0.02593751709108964 
0.6274884762166025 -0.26713076112666584 
0.01787772984045248 0.8592920595386423 
0.2206773637297276 0.3982393956209007 
0.4361764757795474 -0.051134898188334436 
0.41742739986895716 0.1394775741632793 
0.04060095323136248 0.7625118090493194 
0.4121606898296015 0.2058988647984606 
0.6250054740867029 -0.2305971682919866 
0.8341666196150878 -0.6444955511297779 
0.6381965311186186 -0.39141374106242804 
0.8509689518023307 -0.770809554169226 
0.18338823831952875 0.6659882198032256 
0.6184039558547947 -0.12238728325223158 
0.6525561978564993 -0.4565292132986867 
0.4553394013610209 -0.12200498663122436 
0.05102378990993012 0.7270748051208424 
0.8447029434984944 -0.7503307715899152 
0.6193466737171794 -0.1383627609858851 
0.2187463893343341 0.4146117543061558 
0.01503060747857314 0.8733555302159974 
0.4248000045852436 0.05368843962443464 
0.02520157591275452 0.8257551701199632 
0.6418264067402977 -0.4197764003395834 
0.1987433302427514 0.5658021271334814 
0.4271072643699506 0.027231004987752466 
0.8377807413840217 -0.6899813789065352 
0.8311602149097013 -0.5996198003290574 
0.6299466092698682 -0.30061854102544583 
2.703346915401304E-7 1.002939985680013 
0.41418736224660213 0.19165941179240875 
0.6210741901847142 -0.16795517005424968 
0.6236105139363579 -0.20770149968395232 
0.011576883420920808 0.8922872852696502 
0.20661807283312436 0.50549660474375 
0.4202740221126955 0.104720931577343 
0.825536373791279 -0.5003682312935637 
0.6201979296563025 -0.15303890361897465 
0.8298600841216794 -0.5784559268822727 
0.008600752698216696 0.909439537244395 
0.8274318875288377 -0.5361865720596252 
0.2560320697837794 0.24463697973234455 
0.20465038297002122 0.5204041378619773 
0.24850799341155155 0.25789367630728044 
5.665323351943426E-4 0.9797938105232141 
0.4295324773490669 0.003413836214434697 
0.824539566199398 -0.47987053193886864 
0.8400576427218496 -0.7103071331654435 
0.4145363105034847 0.1764319294485926 
0.23818590999540518 0.29376893838177603 
0.6287535039793603 -0.2839331470764998 
