2.38551572968117 0.2626349019395613 
2.38551572968117 0.2626349019395613 
-0.07374571742362933 1.0216430591975385 
-0.05045613605289991 0.847248924132446 
2.317550347196838 0.37400346299208836 
-0.05045613605289991 0.847248924132446 
2.3010270698406035 0.4619122682855014 
2.3010270698406035 0.4619122682855014 
-0.07277956321534725 0.9275958603457143 
-0.07322289097210212 0.9791081321967345 
-0.07322289097210212 0.9791081321967345 
2.317550347196838 0.37400346299208836 
-0.07095428594068283 0.8850916187135319 
-0.07095428594068283 0.8850916187135319 
-0.07266124554975902 0.9178284690317103 
-0.07266124554975902 0.9178284690317103 
2.38551572968117 0.2626349019395613 
-0.05045613605289991 0.847248924132446 
2.3010270698406035 0.4619122682855014 
2.317550347196838 0.37400346299208836 
-0.07095428594068283 0.8850916187135319 
-0.07266124554975902 0.9178284690317103 
2.38551572968117 0.2626349019395613 
-0.05045613605289991 0.847248924132446 
2.3010270698406035 0.4619122682855014 
2.317550347196838 0.37400346299208836 
-0.07266124554975902 0.9178284690317103 
2.38551572968117 0.2626349019395613 
-0.05045613605289991 0.847248924132446 
2.317550347196838 0.37400346299208836 
-0.07266124554975902 0.9178284690317103 
2.38551572968117 0.2626349019395613 
-0.05045613605289991 0.847248924132446 
2.317550347196838 0.37400346299208836 
-0.07266124554975902 0.9178284690317103 
2.38551572968117 0.2626349019395613 
-0.05045613605289991 0.847248924132446 
2.317550347196838 0.37400346299208836 
2.38551572968117 0.2626349019395613 
-0.05045613605289991 0.847248924132446 
2.317550347196838 0.37400346299208836 
-0.05045613605289991 0.847248924132446 
2.317550347196838 0.37400346299208836 
-0.05045613605289991 0.847248924132446 
2.317550347196838 0.37400346299208836 
-0.07277956321534725 0.9275958603457143 
-0.05045613605289991 0.847248924132446 
-0.07277956321534725 0.9275958603457143 
-0.05045613605289991 0.847248924132446 
-3.141592653589793 1.0317044972920055 
2.299466980191377 0.5289738234670434 
-0.05045613605289991 0.847248924132446 
2.38551572968117 0.2626349019395613 
-0.05045613605289991 0.847248924132446 
-0.07277316056805527 0.9193153230459876 
2.317550347196838 0.37400346299208836 
-0.05045613605289991 0.847248924132446 
-0.05045613605289991 0.847248924132446 
-0.05140945235428393 0.8619056538368198 
2.317550347196838 0.37400346299208836 
-0.051377532526322725 0.8592066003310844 
2.3010270698406035 0.4619122682855014 
-0.07374571742362933 1.0216430591975385 
2.299466980191377 0.5289738234670434 
-0.07374571742362933 1.0216430591975385 
2.3010270698406035 0.4619122682855014 
0.7136774463288913 0.7762031847780846 
2.317550347196838 0.37400346299208836 
-0.05045613605289991 0.847248924132446 
-0.07266124554975902 0.9178284690317103 
-0.07095428594068283 0.8850916187135319 
-0.07277316056805527 0.9193153230459876 
2.301975431856391 0.37930666157901793 
-0.05045613605289991 0.847248924132446 
2.317550347196838 0.37400346299208836 
2.38551572968117 0.2626349019395613 
-0.07366325330509106 1.0151236983372436 
-0.07266124554975902 0.9178284690317103 
2.296391978630102 0.5893584711149874 
-0.0725262063337417 0.8965995817795827 
2.317550347196838 0.37400346299208836 
-0.07266124554975902 0.9178284690317103 
2.317550347196838 0.37400346299208836 
-0.05045613605289991 0.847248924132446 
-0.07266124554975902 0.9178284690317103 
