2.38551572968117 -3.6376827700598224 3.4303616151625156 
2.38551572968117 -3.6376827700598224 3.4303616151625156 
-0.07374571742362933 4.98674184199757 -0.3614465914756637 
-0.05045613605289991 4.99418863213657 -0.2521740329216191 
2.317550347196838 -3.3963169083135685 3.6705986111738387 
-0.05045613605289991 4.99418863213657 -0.2521740329216191 
2.3010270698406035 -3.3390484884634986 3.7252748328725147 
2.3010270698406035 -3.3390484884634986 3.7252748328725147 
-0.07277956321534725 4.986735759635886 -0.3610717767453279 
-0.07322289097210212 4.986738201317899 -0.36120148541778907 
-0.07322289097210212 4.986738201317899 -0.36120148541778907 
2.317550347196838 -3.3963169083135685 3.6705986111738387 
-0.07095428594068283 4.986735843300858 -0.35451991123491217 
-0.07095428594068283 4.986735843300858 -0.35451991123491217 
-0.07266124554975902 4.986738161564224 -0.3614465914756637 
-0.07266124554975902 4.986738161564224 -0.3614465914756637 
2.38551572968117 -3.6376827700598224 3.4303616151625156 
-0.05045613605289991 4.99418863213657 -0.2521740329216191 
2.3010270698406035 -3.3390484884634986 3.7252748328725147 
2.317550347196838 -3.3963169083135685 3.6705986111738387 
-0.07095428594068283 4.986735843300858 -0.35451991123491217 
-0.07266124554975902 4.986738161564224 -0.3614465914756637 
2.38551572968117 -3.6376827700598224 3.4303616151625156 
-0.05045613605289991 4.99418863213657 -0.2521740329216191 
2.3010270698406035 -3.3390484884634986 3.7252748328725147 
2.317550347196838 -3.3963169083135685 3.6705986111738387 
-0.07266124554975902 4.986738161564224 -0.3614465914756637 
2.38551572968117 -3.6376827700598224 3.4303616151625156 
-0.05045613605289991 4.99418863213657 -0.2521740329216191 
2.317550347196838 -3.3963169083135685 3.6705986111738387 
-0.07266124554975902 4.986738161564224 -0.3614465914756637 
2.38551572968117 -3.6376827700598224 3.4303616151625156 
-0.05045613605289991 4.99418863213657 -0.2521740329216191 
2.317550347196838 -3.3963169083135685 3.6705986111738387 
-0.07266124554975902 4.986738161564224 -0.3614465914756637 
2.38551572968117 -3.6376827700598224 3.4303616151625156 
-0.05045613605289991 4.99418863213657 -0.2521740329216191 
2.317550347196838 -3.3963169083135685 3.6705986111738387 
2.38551572968117 -3.6376827700598224 3.4303616151625156 
-0.05045613605289991 4.99418863213657 -0.2521740329216191 
2.317550347196838 -3.3963169083135685 3.6705986111738387 
-0.05045613605289991 4.99418863213657 -0.2521740329216191 
2.317550347196838 -3.3963169083135685 3.6705986111738387 
-0.05045613605289991 4.99418863213657 -0.2521740329216191 
2.317550347196838 -3.3963169083135685 3.6705986111738387 
-0.07277956321534725 4.986735759635886 -0.3610717767453279 
-0.05045613605289991 4.99418863213657 -0.2521740329216191 
-0.07277956321534725 4.986735759635886 -0.3610717767453279 
-0.05045613605289991 4.99418863213657 -0.2521740329216191 
-3.141592653589793 -4.999999999999916 3.173649289744951E-5 
2.299466980191377 -3.327622295567307 3.726363123561972 
-0.05045613605289991 4.99418863213657 -0.2521740329216191 
2.38551572968117 -3.6376827700598224 3.4303616151625156 
-0.05045613605289991 4.99418863213657 -0.2521740329216191 
-0.07277316056805527 4.986738183141733 -0.3614689174850447 
2.317550347196838 -3.3963169083135685 3.6705986111738387 
-0.05045613605289991 4.99418863213657 -0.2521740329216191 
-0.05045613605289991 4.99418863213657 -0.2521740329216191 
-0.05140945235428393 4.993479199168235 -0.2567201005987763 
2.317550347196838 -3.3963169083135685 3.6705986111738387 
-0.051377532526322725 4.993476223118724 -0.25656789856193785 
2.3010270698406035 -3.3390484884634986 3.7252748328725147 
-0.07374571742362933 4.98674184199757 -0.3614465914756637 
2.299466980191377 -3.327622295567307 3.726363123561972 
-0.07374571742362933 4.98674184199757 -0.3614465914756637 
2.3010270698406035 -3.3390484884634986 3.7252748328725147 
0.7136774463288913 3.7793040470353723 3.2726919040469253 
2.317550347196838 -3.3963169083135685 3.6705986111738387 
-0.05045613605289991 4.99418863213657 -0.2521740329216191 
-0.07266124554975902 4.986738161564224 -0.3614465914756637 
-0.07095428594068283 4.986735843300858 -0.35451991123491217 
-0.07277316056805527 4.986738183141733 -0.3614689174850447 
2.301975431856391 -3.338621187292579 3.7224668646038066 
-0.05045613605289991 4.99418863213657 -0.2521740329216191 
2.317550347196838 -3.3963169083135685 3.6705986111738387 
2.38551572968117 -3.6376827700598224 3.4303616151625156 
-0.07366325330509106 4.986738183141733 -0.3614689174850447 
-0.07266124554975902 4.986738161564224 -0.3614465914756637 
2.296391978630102 -3.328138399511462 3.7423069809028124 
-0.0725262063337417 4.986827622212008 -0.36346484783725647 
2.317550347196838 -3.3963169083135685 3.6705986111738387 
-0.07266124554975902 4.986738161564224 -0.3614465914756637 
2.317550347196838 -3.3963169083135685 3.6705986111738387 
-0.05045613605289991 4.99418863213657 -0.2521740329216191 
-0.07266124554975902 4.986738161564224 -0.3614465914756637 
