-18.622723981983818 -1.1898401906694684 
-18.163940225025726 -3.3080445012773225 
-17.94743289303557 -3.874200494521522 
-14.643901637201001 -11.385440699082348 
-18.272950115588607 -2.802746255999459 
-16.122847575068327 -7.367110232983016 
-18.005155341485782 -3.8161803785732955 
-14.563762208892651 -11.53156287882327 
-19.999579330710947 0.0011308538068516463 
-16.510697161674777 -5.779092373618861 
-18.116105368993146 -3.500080937708686 
-15.239217561081189 -9.206648110556 
-18.513660470624146 -1.645923092305128 
-18.498261088927787 -1.7150583428763475 
-16.144023234805505 -7.305392566040409 
-16.602304516478434 -5.327417835721615 
-18.204787870042576 -3.1267881211578348 
-16.385127169702905 -6.365850097468508 
-18.237803965235962 -2.972267479460132 
-18.43580497888594 -2.0052119474892085 
-16.016663299461896 -7.621535485123502 
-16.425238024491343 -6.183692837225352 
-16.59116951880017 -5.385896365614176 
-17.96289220161036 -3.8676200612762357 
-18.005155341436634 -3.81618038659925 
-17.97788945270276 -3.854823336889552 
-18.57021481140076 -1.4015711746879878 
-15.018184426170906 -10.14008366004228 
-14.563762208892651 -11.53156287882327 
-16.324828830486158 -6.630907057280668 
-14.758149986507433 -11.087420836576854 
-16.050721735375546 -7.553418074352611 
-18.389728640999905 -2.2275004710610946 
-15.121918634825224 -9.70546008529632 
-18.352592210705744 -2.4102695694879093 
-15.96773578678496 -7.697007036524461 
-18.30215514576067 -2.659169397568832 
-17.94644379950029 -3.8743895077910278 
-14.82812095834883 -10.86327347652482 
-15.998638378490897 -7.652593959272954 
-15.944894897831695 -7.721467033640467 
-15.371014544297159 -8.665357527607704 
-18.143400251872023 -3.393346061256352 
-14.608955822259464 -11.456961229386732 
-16.546219305421562 -5.604426060846219 
-15.20440663838928 -9.354187152678062 
-18.096241809022448 -3.572059821361011 
-16.427025724835254 -6.175071479185808 
-17.966683739253675 -3.8649325384848665 
-18.054967818842798 -3.7021390413854873 
-16.26120428504921 -6.891402684388645 
-16.27072089514658 -6.853999007628827 
-14.884613396573286 -10.662672073433603 
-18.01648846097285 -3.794658348532903 
-16.23054972589867 -7.0089284850434925 
-16.358787627832125 -6.483797656097737 
-15.279558319705476 -9.036931210923932 
-16.07867097531818 -7.488264796253999 
-15.336137549085358 -8.804361156203688 
-14.6484852197413 -11.376360104141398 
-18.037918795642298 -3.7466286546112317 
-17.956537867227215 -3.871230604438161 
-15.96773578678496 -7.697007036524461 
-15.055287137441788 -9.986001411540535 
-17.994757313752835 -3.8331076787508565 
-16.171839507767338 -7.215658480127696 
-14.781668763298558 -11.015293605737263 
-14.983823151375525 -10.278889835499523 
-14.543188735079891 -11.558637333013502 
-14.955599547009154 -10.391656050574712 
-16.47384013056431 -5.955449455561329 
-14.720282520356426 -11.19772956993868 
-14.851949900448163 -10.780570372418051 
-16.200742965680973 -7.117254458706455 
-14.673313310876157 -11.318678608318866 
-14.506383027130905 -11.59637491078823 
-14.563762208892651 -11.53156287882327 
-16.10206544697924 -7.426981461874036 
-15.080100954925074 -9.881784172936143 
-14.90329623587317 -10.593422136597725 
-14.467709484803626 -11.620767623479999 
-15.169478712013174 -9.502949123967758 
