6.748245191266106E-6 -1.0292217122253336E-4 -0.7408006329105682 
1.0410322985951498E-6 8.986491975504615E-5 -1.0141807646512426 
1.0117507217268204E-6 -1.451147336241131E-4 -1.1484980142102923 
-1.1181688432751793 -1.0817613719885164 -1.1257912420176843 
6.880166692214656E-6 -1.0317494626279128E-4 -0.9478446195947776 
-1.0837460510491668 -1.1556018421798051E-4 -1.0712108281309685 
6.588835773024825E-6 -1.0288288372378197E-4 -1.1123679200394867 
-1.1325528037432522 -1.1092122146218517 -1.1345849819942038 
1.024127254177212E-6 8.910432314028952E-5 8.219691196424857E-5 
-0.9561153998138674 9.494422989633514E-5 -0.9611237437845132 
6.700528185492319E-6 -1.1548743637793372E-4 -1.0435309050462502 
-1.0699910605799252 -0.8365663667238801 -1.0727676223377665 
1.2380850881187745E-5 -1.0296216189307807E-4 -0.8044437140314507 
1.25296904954153E-5 -1.0290223261542844E-4 -0.813495656697562 
-1.0706128844902723 -1.1556018421798051E-4 -1.0712108281309685 
-0.9658612892134847 -1.1625256074633397E-4 -0.8962883294622319 
4.925688181450009E-6 -9.306288904042826E-5 -0.9892225267485382 
-1.002824367518474 1.9300529041412818E-4 -0.990765167166559 
5.485064768507092E-6 -1.0297887495952123E-4 -0.9691312808364184 
1.228815623107098E-5 -1.1592479277687439E-4 -0.8503615476208972 
-1.1141890359181914 -1.451147336241131E-4 -1.106840015894723 
-0.9863818957356747 -1.1615662470502595E-4 -0.9827509266639407 
-0.9449375630655448 -1.2599885890883283E-4 -0.9237017322431081 
6.693430937988983E-6 -1.1576455952993038E-4 -1.1388184611765355 
6.587862684955738E-6 -1.0288297065546132E-4 -1.1123679200394867 
1.0542134148971982E-6 -1.02520890160168E-4 -1.1294274658635444 
6.671184511265786E-6 -1.1586571452675905E-4 -0.7713260509375672 
-1.0778719666209926 -0.9436361130161683 -1.0772936548869456 
-1.1325528037432522 -1.1092122146218517 -1.1345849819942038 
-1.0123822289168802 -1.1582949162511E-4 -1.0180702111464255 
-1.1103253272960798 -1.0396304070091962 -1.1065255923517414 
-1.101689948373946 1.881204632325691E-4 -1.0980952360767438 
5.457589170366478E-6 -1.262409033740076E-4 -0.8777339646866898 
-1.0702713470932066 -0.8988001158751034 -1.07111214001825 
5.439739310357805E-6 -1.0311539014184483E-4 -0.8999421616396797 
-1.1255286983339012 -1.2679955265276757E-4 -1.1260923086730885 
1.3257324243832262E-6 -1.2599885890883283E-4 -0.9301979997375455 
9.777364636787135E-7 -1.451147336241131E-4 -1.1491203028490307 
-1.0979678657955985 -1.0163644822364233 -1.0975925817046142 
-1.1155864653081071 2.86206199195705E-4 -1.1167000861077616 
-1.1321968081777176 -1.0310501954133732E-4 -1.1337389479254762 
-1.0734882291907986 -0.7622524495046212 -1.0726415512676137 
9.711840982515246E-7 -1.1706336425086974E-4 -1.0267426338940822 
-1.1273178435980593 -1.0940762724487725 -1.1260603229848911 
-0.9658612892134847 -1.2623361885423176E-4 -0.9299495623116235 
-1.0690397209029892 -0.8554834473446646 -1.0729792691425855 
6.437856662305025E-6 9.869548087928385E-5 -1.055803402087687 
-0.9870753118390014 -1.6878431609743417E-4 -0.9809703725922642 
6.672467682301889E-6 -1.1586571452675905E-4 -1.1364382177414853 
1.0542134148971982E-6 8.794150383336352E-5 -1.0813711717576637 
-1.0323500256422713 -1.1617337646212586E-4 -1.03715219341317 
-1.031500830376123 -1.1556018421798051E-4 -1.0321496283245433 
-1.0881428500531198 -0.9967796921961734 -1.0917847382811214 
5.457589170366478E-6 -1.262409033740076E-4 -1.1052654474048604 
-1.0458628750433019 1.0201941264604614E-4 -1.042507894060744 
-1.000964095675247 -1.1704779922209052E-4 -1.00870940021307 
-1.0657398812380656 -0.8170006994731731 -1.0738332593926796 
-1.0905381870671147 -1.2621810822516306E-4 -1.0918485242584919 
-1.0650864209450088 -0.78828534157056 -1.071387453709888 
-1.1181688432751793 -1.0817613719885164 -1.1214453530160486 
1.228815623107098E-5 -1.1592479277687439E-4 -1.0919294651250457 
1.2450123128024926E-5 -1.0387323997257892E-4 -1.1428241584468577 
-1.1255286983339012 -1.2679955265276757E-4 -1.1260923086730885 
-1.0725885620534483 -0.9267392000199186 -1.0792429391578087 
6.437856662305025E-6 1.0008388472083522E-4 -1.1188700623445893 
-1.0647751318421992 1.8875672064924023E-4 -1.0598345141571042 
-1.09770512410938 -1.037151292922303 -1.1019494595179973 
-1.0866377327322945 -0.9537742157240034 -1.0812065493316567 
-1.1325528037432522 -1.1192789613689822 -1.134617125550952 
-1.0862469019373018 -0.9686512450495371 -1.0804066836745487 
-0.9661540714676795 -1.1615662470502595E-4 -0.9734345391840645 
-1.1113884331636938 -1.056028875259333 -1.1098279237373843 
-1.0931306146011148 -1.0096075155145 -1.0930561920909714 
-1.0532491611412753 -1.1617337646212586E-4 -1.0535025321383178 
-1.117739080698352 -1.0706179813045469 -1.1198111031398545 
-1.1439489101239857 -1.13001075874288 -1.1376305832768263 
-1.1325528037432522 -1.1092122146218517 -1.1345849819942038 
-1.0863449518531814 -1.4298541127581946E-4 -1.0815034129058214 
-1.069945570819994 -0.9198273772729693 -1.0720564154336547 
-1.0877955472914669 -0.9893104476057583 -1.0887781719211909 
-1.1463841690428378 -1.143345609081155 -1.1463285751651024 
-1.0690011396207177 -0.8738137643167724 -1.0729792691425855 
