-15.302519247038493 -8.942411254735152 
-17.955275351276857 -3.8716572288705438 
-18.110936730831746 -3.519142435317015 
-17.949388360943075 -3.8736969680487863 
-18.069535915750166 -3.659014176996302 
-16.648149597985395 -5.1030322097008565 
-16.151945011118087 -7.280601775527814 
-18.467785968873514 -1.8540029736321195 
-16.38158831112771 -6.382446241412179 
-18.26962240856934 -2.8186403707585153 
-18.488548986629823 -1.7583429580842418 
-18.174298726803922 -3.262797680319941 
-17.97221177370367 -3.8598818829171058 
-15.961372644057391 -7.704372567823132 
-14.552931213744468 -11.54657788411135 
-15.052778724434852 -9.995744308909835 
-15.15051174376249 -9.583944057729056 
-14.63949778743951 -11.395967984913078 
-17.956377179598594 -3.871140863668745 
-18.297697674669273 -2.6810812636241987 
-18.647652892430678 -1.0937655200778595 
-15.01365142382395 -10.158205319873746 
-18.017127828934797 -3.793313105952277 
-16.07932725039428 -7.486716202329969 
-19.999316413213954 0.0020002219555338503 
-17.968169847143084 -3.8636492554777755 
-16.375324768343365 -6.41063083792268 
-14.856499520855476 -10.764194395012446 
-16.58477755883332 -5.416208330445983 
-16.101700899299956 -7.4280959112470235 
-15.192050145055527 -9.406948816370525 
-18.04342027779378 -3.732235254530051 
-16.12869815079912 -7.351102642659318 
-19.99931545552655 0.0019868264605523277 
-16.623529393067503 -5.224401410438116 
-15.150683702359633 -9.583206205223645 
-15.242496113608194 -9.193061049155013 
-18.092844957799954 -3.5834540350912776 
-16.03622440855076 -7.583931979728097 
-18.01106312911196 -3.805177459087431 
-18.402013332954787 -2.167689216577647 
-14.589472065251744 -11.491638507836058 
-16.337990931935018 -6.574601202594963 
-19.999316413213954 0.0020002219555338503 
-15.946688760055565 -7.719536194741094 
-14.796991233576176 -10.96571259000621 
-14.491547500823028 -11.607849748039522 
-18.257269065336473 -2.8785594876697114 
-18.367833400890355 -2.3348274894705665 
-15.34482401146123 -8.769911912590015 
-15.24718732502097 -9.17314890387253 
-16.531381115571087 -5.678593826543797 
-16.254132783655194 -6.917385877124367 
-16.44758483318841 -6.079608075200543 
-16.50418284289463 -5.810143020096512 
-14.676568295525133 -11.311297555041264 
-16.30799259374259 -6.701854136597399 
-16.18649646875897 -7.166317435874406 
-15.381408423177682 -8.624383377032565 
-16.048946250426212 -7.557543656559444 
-18.647015597209368 -1.0961583260012346 
-17.980031166577522 -3.8521886142657196 
-18.226112071679175 -3.0272427190730404 
-18.14093949620544 -3.403134916073964 
-17.999201201575655 -3.8259336354144975 
-18.17444827853388 -3.2621382760634923 
-14.899685158962518 -10.606116814770887 
-14.745005518300585 -11.12685358663775 
-15.104175996879722 -9.780505878394594 
-16.554948654349815 -5.563176523867197 
-18.613302443300498 -1.2263679113077879 
-14.644719200148966 -11.384610291574694 
-19.99931545552655 0.0019868264605523277 
-15.01152139570771 -10.16718520642075 
-14.965150037386609 -10.354113151018177 
-14.926150968232875 -10.503894699649065 
-18.55127283209214 -1.481467954696946 
-14.52536153681723 -11.579237807901817 
-15.946688760055565 -7.719536194741094 
-16.412416232224153 -6.242643029305807 
-16.02740191053536 -7.60210537966908 
-16.20802995941758 -7.089489783125636 
-16.277983543432583 -6.82455054590039 
-15.99512450211091 -7.658778078615562 
-18.33749219566546 -2.483958552083927 
-14.706715658070163 -11.232562245196645 
-14.833311967603905 -10.845167113774258 
-14.765245947392712 -11.066921674201463 
