-1.0688345783354996 -0.8042275850143563 -1.0712570960490748 
2.5743934438929457E-5 -1.1257480227729951E-4 -1.1436039265456235 
2.77925541417199E-5 -1.1163410384169832E-4 -1.0467168041311605 
2.7721600961454134E-5 -1.1361884459336893E-4 -1.1473033928180365 
2.779244092546781E-5 -1.1361448449226154E-4 -1.072300650682115 
-0.9640997774583354 -1.532470927215611E-4 -0.870668644936004 
-1.0695818122113336 -1.1394626062821445E-4 -1.0673363978508175 
3.6909160347323135E-5 -1.498613193143338E-4 -0.8313978025373197 
-0.9948240578357003 -1.5289562323853343E-4 -1.0009201102167395 
2.7792312793406703E-5 -1.125602451637408E-4 -0.9498410111964852 
3.680182245773346E-5 -1.498613193143338E-4 -0.8191532807038633 
2.7792312793406703E-5 -1.1254794968688454E-4 -1.0078089891708877 
2.8009286680139215E-5 -1.5484742513715536E-4 -1.1329182420285433 
-1.1279696413605476 -1.5312854241303033E-4 -1.1276371430141945 
-1.1325269033967929 -1.1150172671751508 -1.1336416457541416 
-1.0818360773367306 -0.9227091447484801 -1.079105698025141 
-1.0704647338354414 -0.8837327638530171 -1.071422586438532 
-1.1208534409040536 -1.0842179415390865 -1.1225481854993955 
2.7704612883609926E-5 -1.1337047625632173E-4 -1.1429099399128293 
2.779244092546781E-5 -1.1308306842590913E-4 -0.9328946850227132 
2.8009286680139215E-5 -1.5484742513715536E-4 -0.7263037748675218 
-1.0762405016184584 -0.9438496853036564 -1.0825602577858426 
2.7601207277851244E-5 -1.125475925617967E-4 -1.1048797608221916 
-1.0912005860938228 -1.1229588849108405E-4 -1.0907778946852997 
2.7792312793406703E-5 -1.1257398710622354E-4 -1.9578934859430054E-4 
2.55431047134996E-5 -1.122958868549248E-4 -1.1355067516771977 
-0.9986467152980703 -1.5289562323853343E-4 -1.0009201102167395 
-1.0953094864027533 -1.007509984718034 -1.0905791634454785 
-0.955547331426276 -1.144026710000302E-4 -0.9169970947875759 
-1.0826483563990328 -1.5748433739861043E-4 -1.085425618626115 
-1.07031756140457 -0.8621555810673088 -1.071422586438532 
3.6909160347323135E-5 -1.498613193143338E-4 -1.0884615762106093 
-1.078970458297816 -1.499511909269586E-4 -1.0723526553833187 
2.518052766968022E-5 -1.1322444644326949E-4 -1.9592473285976223E-4 
-0.8922547692696342 -1.5301036771051004E-4 -0.9570868486729783 
-1.07031756140457 -0.8837327638530171 -1.071422586438532 
-1.0701222104281216 -0.8361892226247634 -1.0704964332156932 
2.5701353218211356E-5 -1.1229570435668304E-4 -1.0578814517359718 
-1.10766910736885 -1.4818135896334814E-4 -1.1011538434204946 
2.7888919823576662E-5 -1.1290197905122956E-4 -1.108662906837882 
2.779014354580489E-5 -1.1253556328084489E-4 -0.8704307007702836 
-1.1285836605127695 -1.101925934864868 -1.1281346676376374 
-1.0136876083278084 -1.1257398710622354E-4 -1.008705077055755 
2.7792312793406703E-5 -1.1257398710622354E-4 -1.9578934859430054E-4 
-1.1332500833864765 -1.5748433739861043E-4 -1.131560708668355 
-1.1054518020607436 -1.0248712643083844 -1.102993227715615 
-1.1443009196579492 -1.1356030976819085 -1.1405968236095887 
2.7888919823576662E-5 -1.1290197905122956E-4 -0.9573150655798699 
2.7792312793406703E-5 -1.125602451637408E-4 -0.8908119160260008 
-1.069874094044693 -0.779794872527046 -1.0720278910944612 
-1.069874094044693 -0.8328631191390037 -1.0720278910944612 
-0.9563781208540854 -1.5512329677131449E-4 -0.9483432133667175 
-1.0449343919589227 -6.848430990369714E-5 -1.0289291315841176 
-0.978080080821108 -1.144026710000302E-4 -0.9774561829825956 
-0.9640997774583354 -1.5301036771051004E-4 -0.9570868486729783 
-1.1159954750535581 -1.0712753820269754 -1.1172231822046237 
-1.0211756355758375 -1.531259904543138E-4 -1.0195938939984455 
-1.054106337173697 -1.1226762917226702E-4 -1.0614456464222621 
-1.0701691165470277 -0.759622606232231 -1.0714046156254602 
-1.1019208809714802 -1.4902285694490597E-4 -1.0989703372566193 
2.7792312793406703E-5 -1.5484742513715536E-4 -0.7266722982604392 
2.779319637026323E-5 -1.1257314389792687E-4 -1.1280685735921043 
2.7484452581308838E-5 -1.1337830493252813E-4 -0.9762161738862724 
2.7758839666075016E-5 -1.1310321155527824E-4 -1.0282544550481147 
2.7987186325389577E-5 -1.1257480227729951E-4 -1.116072012154015 
2.7792312793406703E-5 -1.1309225883086436E-4 -1.007716869240995 
-1.0936399638179746 -0.9868966927761198 -1.0905791634454785 
-1.1054518020607436 -1.0505678093703636 -1.102993227715615 
-1.0768832884708428 -0.9028805996779048 -1.072976536999986 
-0.9547814366148047 -1.8506057531919012E-4 -0.9357087562830886 
3.6909160347323135E-5 -1.1291007091485727E-4 -0.7462485261673218 
-1.1208534409040536 -1.0816508511847278 -1.1225481854993955 
2.518052766968022E-5 -1.1322444644326949E-4 -1.9592473285976223E-4 
-1.0787258279606422 -0.9438496853036564 -1.0819611772383588 
-1.0813721608167461 -0.9665351556864148 -1.0805041391834505 
-1.0816758119658998 -0.9868964810100845 -1.0785646004744884 
2.5886237052254714E-5 -1.1351934894294284E-4 -0.7823885954160956 
-1.136931904261743 -1.1233384269614426 -1.139458403974838 
-1.1332500833864765 -1.5748433739861043E-4 -1.131560708668355 
-0.9891707053795473 -1.5840687635090134E-4 -0.9877707456208222 
-1.10766910736885 -1.480847372305002E-4 -1.106654891917303 
-1.0488658411950826 5.237321856787714E-4 -1.053389697267832 
-1.0325060569561646 -1.5312854241303033E-4 -1.026683431612609 
-1.117272874951008 -1.485259940494256E-4 -1.1172102691842296 
2.6117908206280002E-5 -1.5314107617027945E-4 -0.9089267527306946 
-1.1079876431515734 -1.0662317958152132 -1.106464445557894 
-1.0957094101621996 -1.01769163129199 -1.0926122197273507 
-1.1054518020607436 -1.0405922838095818 -1.102993227715615 
