1.5947931131857296 0.49764499711632654 
1.5947931131857296 0.49764499711632654 
1.5947931131857296 0.49764499711632654 
1.5947931131857296 0.49764499711632654 
1.5947931131857296 0.49764499711632654 
1.5947931131857296 0.49764499711632654 
1.5947931131857296 0.49764499711632654 
1.5947931131857296 0.49764499711632654 
1.5947931131857296 0.49764499711632654 
1.5947931131857296 0.49764499711632654 
1.5947931131857296 0.49764499711632654 
1.5947931131857296 0.49764499711632654 
1.5947931131857296 0.49764499711632654 
1.5947931131857296 0.49764499711632654 
1.5947931131857296 0.49764499711632654 
1.5947931131857296 0.49764499711632654 
1.5947931131857296 0.49764499711632654 
1.5947931131857296 0.49764499711632654 
1.5947931131857296 0.49764499711632654 
1.5947931131857296 0.49764499711632654 
1.5947931131857296 0.49764499711632654 
1.5947931131857296 0.49764499711632654 
1.5947931131857296 0.49764499711632654 
1.5947931131857296 0.49764499711632654 
1.5947931131857296 0.49764499711632654 
1.5947931131857296 0.49764499711632654 
1.5947931131857296 0.49764499711632654 
1.5947931131857296 0.49764499711632654 
1.5947931131857296 0.49764499711632654 
1.5947931131857296 0.49764499711632654 
1.5947931131857296 0.49764499711632654 
1.5947931131857296 0.49764499711632654 
1.5947931131857296 0.49764499711632654 
1.5947931131857296 0.49764499711632654 
1.5947931131857296 0.49764499711632654 
1.5947931131857296 0.49764499711632654 
1.5947931131857296 0.49764499711632654 
1.5947931131857296 0.49764499711632654 
1.5947931131857296 0.49764499711632654 
1.5947931131857296 0.49764499711632654 
1.5947931131857296 0.49764499711632654 
-3.1414838802141447 1.1607822043659348 
-3.137943233998301 1.0042732317563898 
-3.137943233998301 1.0042732317563898 
-3.137943233998301 1.0042732317563898 
-3.137943233998301 1.0042732317563898 
-3.137943233998301 1.0042732317563898 
-3.137943233998301 1.0042732317563898 
-3.137943233998301 1.0042732317563898 
-3.137943233998301 1.0042732317563898 
-3.137943233998301 1.0042732317563898 
-3.137943233998301 1.0042732317563898 
-3.137943233998301 1.0042732317563898 
-3.137943233998301 1.0042732317563898 
-3.137943233998301 1.0042732317563898 
-3.137943233998301 1.0042732317563898 
-3.137943233998301 1.0042732317563898 
-3.137943233998301 1.0042732317563898 
-3.137943233998301 1.0042732317563898 
-3.137943233998301 1.0042732317563898 
-3.137943233998301 1.0042732317563898 
-3.137943233998301 1.0042732317563898 
-3.137943233998301 1.0042732317563898 
-3.137943233998301 1.0042732317563898 
-3.137943233998301 1.0042732317563898 
-3.137943233998301 1.0042732317563898 
-3.137943233998301 1.0042732317563898 
-3.137943233998301 1.0042732317563898 
-3.137943233998301 1.0042732317563898 
-3.137943233998301 1.0042732317563898 
-3.137943233998301 1.0042732317563898 
-3.137943233998301 1.0042732317563898 
-3.137943233998301 1.0042732317563898 
-3.137943233998301 1.0042732317563898 
-3.137943233998301 1.0042732317563898 
-3.137943233998301 1.0042732317563898 
-3.137943233998301 1.0042732317563898 
-3.137943233998301 1.0042732317563898 
-3.137943233998301 1.0042732317563898 
-3.137943233998301 1.0042732317563898 
-3.137943233998301 1.0042732317563898 
-3.137943233998301 1.0042732317563898 
-3.137943233998301 1.0042732317563898 
-3.137943233998301 1.0042732317563898 
-3.137943233998301 1.0042732317563898 
-3.137943233998301 1.0042732317563898 
-3.137943233998301 1.0042732317563898 
-3.137943233998301 1.0042732317563898 
-3.137943233998301 1.0042732317563898 
-3.137943233998301 1.0042732317563898 
-3.137943233998301 1.0042732317563898 
-3.137943233998301 1.0042732317563898 
-3.137943233998301 1.0042732317563898 
-3.137943233998301 1.0042732317563898 
-3.137943233998301 1.0042732317563898 
-3.137943233998301 1.0042732317563898 
-3.137943233998301 1.0042732317563898 
-3.137943233998301 1.0042732317563898 
-3.137943233998301 1.0042732317563898 
-3.137943233998301 1.0042732317563898 
