1.5947931131857296 -0.11987429041214724 4.998568175054649 
1.5947931131857296 -0.11987429041214724 4.998568175054649 
1.5947931131857296 -0.11987429041214724 4.998568175054649 
1.5947931131857296 -0.11987429041214724 4.998568175054649 
1.5947931131857296 -0.11987429041214724 4.998568175054649 
1.5947931131857296 -0.11987429041214724 4.998568175054649 
1.5947931131857296 -0.11987429041214724 4.998568175054649 
1.5947931131857296 -0.11987429041214724 4.998568175054649 
1.5947931131857296 -0.11987429041214724 4.998568175054649 
1.5947931131857296 -0.11987429041214724 4.998568175054649 
1.5947931131857296 -0.11987429041214724 4.998568175054649 
1.5947931131857296 -0.11987429041214724 4.998568175054649 
1.5947931131857296 -0.11987429041214724 4.998568175054649 
1.5947931131857296 -0.11987429041214724 4.998568175054649 
1.5947931131857296 -0.11987429041214724 4.998568175054649 
1.5947931131857296 -0.11987429041214724 4.998568175054649 
1.5947931131857296 -0.11987429041214724 4.998568175054649 
1.5947931131857296 -0.11987429041214724 4.998568175054649 
1.5947931131857296 -0.11987429041214724 4.998568175054649 
1.5947931131857296 -0.11987429041214724 4.998568175054649 
1.5947931131857296 -0.11987429041214724 4.998568175054649 
1.5947931131857296 -0.11987429041214724 4.998568175054649 
1.5947931131857296 -0.11987429041214724 4.998568175054649 
1.5947931131857296 -0.11987429041214724 4.998568175054649 
1.5947931131857296 -0.11987429041214724 4.998568175054649 
1.5947931131857296 -0.11987429041214724 4.998568175054649 
1.5947931131857296 -0.11987429041214724 4.998568175054649 
1.5947931131857296 -0.11987429041214724 4.998568175054649 
1.5947931131857296 -0.11987429041214724 4.998568175054649 
1.5947931131857296 -0.11987429041214724 4.998568175054649 
1.5947931131857296 -0.11987429041214724 4.998568175054649 
1.5947931131857296 -0.11987429041214724 4.998568175054649 
1.5947931131857296 -0.11987429041214724 4.998568175054649 
1.5947931131857296 -0.11987429041214724 4.998568175054649 
1.5947931131857296 -0.11987429041214724 4.998568175054649 
1.5947931131857296 -0.11987429041214724 4.998568175054649 
1.5947931131857296 -0.11987429041214724 4.998568175054649 
1.5947931131857296 -0.11987429041214724 4.998568175054649 
1.5947931131857296 -0.11987429041214724 4.998568175054649 
1.5947931131857296 -0.11987429041214724 4.998568175054649 
1.5947931131857296 -0.11987429041214724 4.998568175054649 
-3.1414838802141447 -4.999966245966368 0.0015766616236398967 
-3.137943233998301 -4.999966691303522 -0.0182470645068996 
-3.137943233998301 -4.999966691303522 -0.0182470645068996 
-3.137943233998301 -4.999966691303522 -0.0182470645068996 
-3.137943233998301 -4.999966691303522 -0.0182470645068996 
-3.137943233998301 -4.999966691303522 -0.0182470645068996 
-3.137943233998301 -4.999966691303522 -0.0182470645068996 
-3.137943233998301 -4.999966691303522 -0.0182470645068996 
-3.137943233998301 -4.999966691303522 -0.0182470645068996 
-3.137943233998301 -4.999966691303522 -0.0182470645068996 
-3.137943233998301 -4.999966691303522 -0.0182470645068996 
-3.137943233998301 -4.999966691303522 -0.0182470645068996 
-3.137943233998301 -4.999966691303522 -0.0182470645068996 
-3.137943233998301 -4.999966691303522 -0.0182470645068996 
-3.137943233998301 -4.999966691303522 -0.0182470645068996 
-3.137943233998301 -4.999966691303522 -0.0182470645068996 
-3.137943233998301 -4.999966691303522 -0.0182470645068996 
-3.137943233998301 -4.999966691303522 -0.0182470645068996 
-3.137943233998301 -4.999966691303522 -0.0182470645068996 
-3.137943233998301 -4.999966691303522 -0.0182470645068996 
-3.137943233998301 -4.999966691303522 -0.0182470645068996 
-3.137943233998301 -4.999966691303522 -0.0182470645068996 
-3.137943233998301 -4.999966691303522 -0.0182470645068996 
-3.137943233998301 -4.999966691303522 -0.0182470645068996 
-3.137943233998301 -4.999966691303522 -0.0182470645068996 
-3.137943233998301 -4.999966691303522 -0.0182470645068996 
-3.137943233998301 -4.999966691303522 -0.0182470645068996 
-3.137943233998301 -4.999966691303522 -0.0182470645068996 
-3.137943233998301 -4.999966691303522 -0.0182470645068996 
-3.137943233998301 -4.999966691303522 -0.0182470645068996 
-3.137943233998301 -4.999966691303522 -0.0182470645068996 
-3.137943233998301 -4.999966691303522 -0.0182470645068996 
-3.137943233998301 -4.999966691303522 -0.0182470645068996 
-3.137943233998301 -4.999966691303522 -0.0182470645068996 
-3.137943233998301 -4.999966691303522 -0.0182470645068996 
-3.137943233998301 -4.999966691303522 -0.0182470645068996 
-3.137943233998301 -4.999966691303522 -0.0182470645068996 
-3.137943233998301 -4.999966691303522 -0.0182470645068996 
-3.137943233998301 -4.999966691303522 -0.0182470645068996 
-3.137943233998301 -4.999966691303522 -0.0182470645068996 
-3.137943233998301 -4.999966691303522 -0.0182470645068996 
-3.137943233998301 -4.999966691303522 -0.0182470645068996 
-3.137943233998301 -4.999966691303522 -0.0182470645068996 
-3.137943233998301 -4.999966691303522 -0.0182470645068996 
-3.137943233998301 -4.999966691303522 -0.0182470645068996 
-3.137943233998301 -4.999966691303522 -0.0182470645068996 
-3.137943233998301 -4.999966691303522 -0.0182470645068996 
-3.137943233998301 -4.999966691303522 -0.0182470645068996 
-3.137943233998301 -4.999966691303522 -0.0182470645068996 
-3.137943233998301 -4.999966691303522 -0.0182470645068996 
-3.137943233998301 -4.999966691303522 -0.0182470645068996 
-3.137943233998301 -4.999966691303522 -0.0182470645068996 
-3.137943233998301 -4.999966691303522 -0.0182470645068996 
-3.137943233998301 -4.999966691303522 -0.0182470645068996 
-3.137943233998301 -4.999966691303522 -0.0182470645068996 
-3.137943233998301 -4.999966691303522 -0.0182470645068996 
-3.137943233998301 -4.999966691303522 -0.0182470645068996 
-3.137943233998301 -4.999966691303522 -0.0182470645068996 
-3.137943233998301 -4.999966691303522 -0.0182470645068996 
