1.6238755913473732 0.7615710788542682 
2.64992653030601 0.39804780919947813 
1.6153677065013856 0.8889327598001828 
1.65131347566911 0.7014453321585141 
2.653794120844049 0.2597195312905149 
2.653796048889977 0.2582974699324722 
2.6538561988306215 0.18916464732613583 
1.6153677065013856 0.8889327598001828 
1.8251430477220276 0.5507685672112816 
1.825135149363087 0.5519579479745302 
2.6538561988306215 0.18916464732613583 
2.6506417294226856 0.30711838092698074 
2.765750801854746 0.17832270599939065 
1.822279429948637 0.6367165724204198 
1.9289089187640163 0.48801097743124894 
1.825135149363087 0.5519579479745302 
-3.141592653589793 1.0782125268930691 
1.9281426686362604 0.5329316828840895 
2.6506417294226856 0.30711838092698074 
2.6538373055126914 0.21412429350542023 
1.825135149363087 0.5519579479745302 
-3.141592653589793 1.0782125268930691 
2.653796048889977 0.2582974699324722 
2.64992653030601 0.39804780919947813 
1.6153677065013856 0.8889327598001828 
1.6238755913473732 0.7615710788542682 
1.9281426686362604 0.5329316828840895 
1.6153677065013856 0.8889327598001828 
2.6538374830213507 0.21393954121158343 
1.6123209937421548 0.9941711693051901 
2.765750801854746 0.17832270599939065 
2.6506625685783103 0.2980400567903681 
-3.141592653589793 1.0782125268930691 
2.6506424876166657 0.3068006303813534 
1.825135149363087 0.5519579479745302 
2.64992653030601 0.39804780919947813 
2.7657462286106735 0.18015802882955292 
2.6537941206634543 0.2597196626922513 
2.650641655452928 0.3071546413078872 
2.6537941206634543 0.2597196626922513 
2.765750801854746 0.17832270599939065 
1.822279429948637 0.6367165724204198 
2.650641655452928 0.3071546413078872 
2.6537940341868076 0.25982073311593196 
2.765750801854746 0.17832270599939065 
2.6537941206634543 0.2597196626922513 
1.6238755913473732 0.7615710788542682 
1.8223998033590172 0.5824677682124587 
2.765750801854746 0.17832270599939065 
1.617251014530433 0.7751451694619915 
2.7657508429580866 0.17744662501079667 
2.650641655452928 0.3071546413078872 
1.825135149363087 0.5519579479745302 
1.9289011212512237 0.5252299239214582 
2.649911184460864 0.41909235485887397 
2.6538561988306215 0.18916464732613583 
2.6537960071489195 0.2583286730627583 
2.650663155508117 0.29773782223052064 
1.6238755913473732 0.7615710788542682 
1.9289011212512237 0.5252299239214582 
1.8251430477220276 0.5507685672112816 
2.7657462279772127 0.1801624956584844 
1.8252111412549639 0.5366929720707773 
2.7657462279772127 0.1801624956584844 
2.6537960071489195 0.2583286730627583 
2.650701195223798 0.2692102867294502 
1.9289011212512237 0.5252299239214582 
1.8252111412549639 0.5366929720707773 
2.649911184460864 0.41909235485887397 
2.6537941206634543 0.2597196626922513 
2.6537940341868076 0.25982073311593196 
2.7657462279772127 0.1801624956584844 
2.6537960071489195 0.2583286730627583 
2.7657461017593605 0.18042903561358303 
2.64992653030601 0.39804780919947813 
2.7657462279772127 0.1801624956584844 
2.6537960071489195 0.2583286730627583 
1.8252111412549639 0.5366929720707773 
2.6538561988306215 0.18916464732613583 
1.9281426686362604 0.5329316828840895 
2.6538437246979445 0.1926689744000195 
2.653839577239243 0.1978037820723194 
1.8251430477220276 0.5507685672112816 
-3.141592653589793 1.0782125268930691 
1.8222845059815034 0.636022600993405 
1.6238755913473732 0.7615710788542682 
-3.141592653589793 1.0782125268930691 
1.9289011212512237 0.5252299239214582 
1.8252111412549639 0.5366929720707773 
1.9281426686362604 0.5329316828840895 
1.6536672362656364 0.6604139373448521 
2.6506625685783103 0.2980400567903681 
2.6537940341868076 0.25982073311593196 
1.9281426686362604 0.5329316828840895 
1.9289011212512237 0.5252299239214582 
2.7657461017593605 0.18042903561358303 
2.7657461017593605 0.18042903561358303 
1.8252111412549639 0.5366929720707773 
2.7657461017593605 0.18042903561358303 
2.7657461017593605 0.18042903561358303 
