1.6238755913473732 -0.2847497862983182 4.992647093969862 
2.64992653030601 -4.404253616310122 2.3613632711926904 
1.6153677065013856 -0.21884559686022606 4.966880341643234 
1.65131347566911 -0.40632790351336584 4.981972684111667 
2.653794120844049 -4.416926828416727 2.343134614964269 
2.653796048889977 -4.416926828416727 2.343134614964269 
2.6538561988306215 -4.417010908832307 2.343136836186473 
1.6153677065013856 -0.21884559686022606 4.966880341643234 
1.8251430477220276 -1.2587389443299064 4.8398207768816075 
1.825135149363087 -1.2587389443299064 4.839820514854345 
2.6538561988306215 -4.417010908832307 2.343136836186473 
2.6506417294226856 -4.4101582486329995 2.357025985627877 
2.765750801854746 -4.651058081430855 1.8352675020650853 
1.822279429948637 -1.2458558435030092 4.839820507358429 
1.9289089187640163 -1.7523997249278864 4.6821233713267 
1.825135149363087 -1.2587389443299064 4.839820514854345 
-3.141592653589793 -4.999999998986651 4.6024442912906416E-4 
1.9281426686362604 -1.748222862856004 4.684976747366775 
2.6506417294226856 -4.4101582486329995 2.357025985627877 
2.6538373055126914 -4.416926249239826 2.343134614964269 
1.825135149363087 -1.2587389443299064 4.839820514854345 
-3.141592653589793 -4.999999998986651 4.6024442912906416E-4 
2.653796048889977 -4.416926828416727 2.343134614964269 
2.64992653030601 -4.404253616310122 2.3613632711926904 
1.6153677065013856 -0.21884559686022606 4.966880341643234 
1.6238755913473732 -0.2847497862983182 4.992647093969862 
1.9281426686362604 -1.748222862856004 4.684976747366775 
1.6153677065013856 -0.21884559686022606 4.966880341643234 
2.6538374830213507 -4.41692624814337 2.3431367484403736 
1.6123209937421548 -0.21884559686022606 4.955566604582968 
2.765750801854746 -4.651058081430855 1.8352675020650853 
2.6506625685783103 -4.4101582486329995 2.3570183549705157 
-3.141592653589793 -4.999999998986651 4.6024442912906416E-4 
2.6506424876166657 -4.4101582486329995 2.35702589599264 
1.825135149363087 -1.2587389443299064 4.839820514854345 
2.64992653030601 -4.404253616310122 2.3613632711926904 
2.7657462286106735 -4.651058081430855 1.8352885509246168 
2.6537941206634543 -4.416926828416727 2.343134614964269 
2.650641655452928 -4.4101582486329995 2.3570259226164896 
2.6537941206634543 -4.416926828416727 2.343134614964269 
2.765750801854746 -4.651058081430855 1.8352675020650853 
1.822279429948637 -1.2458558435030092 4.839820507358429 
2.650641655452928 -4.4101582486329995 2.3570259226164896 
2.6537940341868076 -4.416941113911284 2.3431613998178924 
2.765750801854746 -4.651058081430855 1.8352675020650853 
2.6537941206634543 -4.416926828416727 2.343134614964269 
1.6238755913473732 -0.2847497862983182 4.992647093969862 
1.8223998033590172 -1.2450805372671465 4.8398207768816075 
2.765750801854746 -4.651058081430855 1.8352675020650853 
1.617251014530433 -0.21884559686022606 4.99321599073971 
2.7657508429580866 -4.651058081430855 1.835288547399702 
2.650641655452928 -4.4101582486329995 2.3570259226164896 
1.825135149363087 -1.2587389443299064 4.839820514854345 
1.9289011212512237 -1.7530344744227269 4.68194871681816 
2.649911184460864 -4.416904989355986 2.3607510673991463 
2.6538561988306215 -4.417010908832307 2.343136836186473 
2.6537960071489195 -4.416926828416727 2.343134614964269 
2.650663155508117 -4.4101582486329995 2.3570183549705157 
1.6238755913473732 -0.2847497862983182 4.992647093969862 
1.9289011212512237 -1.7530344744227269 4.68194871681816 
1.8251430477220276 -1.2587389443299064 4.8398207768816075 
2.7657462279772127 -4.651058081430855 1.835288547399702 
1.8252111412549639 -1.2587389443299064 4.8398207768816075 
2.7657462279772127 -4.651058081430855 1.835288547399702 
2.6537960071489195 -4.416926828416727 2.343134614964269 
2.650701195223798 -4.4101582486329995 2.3570183549705157 
1.9289011212512237 -1.7530344744227269 4.68194871681816 
1.8252111412549639 -1.2587389443299064 4.8398207768816075 
2.649911184460864 -4.416904989355986 2.3607510673991463 
2.6537941206634543 -4.416926828416727 2.343134614964269 
2.6537940341868076 -4.416941113911284 2.3431613998178924 
2.7657462279772127 -4.651058081430855 1.835288547399702 
2.6537960071489195 -4.416926828416727 2.343134614964269 
2.7657461017593605 -4.651058081430855 1.8352887926478154 
2.64992653030601 -4.404253616310122 2.3613632711926904 
2.7657462279772127 -4.651058081430855 1.835288547399702 
2.6537960071489195 -4.416926828416727 2.343134614964269 
1.8252111412549639 -1.2587389443299064 4.8398207768816075 
2.6538561988306215 -4.417010908832307 2.343136836186473 
1.9281426686362604 -1.748222862856004 4.684976747366775 
2.6538437246979445 -4.416950065263849 2.343134614964269 
2.653839577239243 -4.416942124263451 2.343161368405717 
1.8251430477220276 -1.2587389443299064 4.8398207768816075 
-3.141592653589793 -4.999999998986651 4.6024442912906416E-4 
1.8222845059815034 -1.2458558435030092 4.839820505046637 
1.6238755913473732 -0.2847497862983182 4.992647093969862 
-3.141592653589793 -4.999999998986651 4.6024442912906416E-4 
1.9289011212512237 -1.7530344744227269 4.68194871681816 
1.8252111412549639 -1.2587389443299064 4.8398207768816075 
1.9281426686362604 -1.748222862856004 4.684976747366775 
1.6536672362656364 -0.41493543059004057 4.980033367777789 
2.6506625685783103 -4.4101582486329995 2.3570183549705157 
2.6537940341868076 -4.416941113911284 2.3431613998178924 
1.9281426686362604 -1.748222862856004 4.684976747366775 
1.9289011212512237 -1.7530344744227269 4.68194871681816 
2.7657461017593605 -4.651058081430855 1.8352887926478154 
2.7657461017593605 -4.651058081430855 1.8352887926478154 
1.8252111412549639 -1.2587389443299064 4.8398207768816075 
2.7657461017593605 -4.651058081430855 1.8352887926478154 
2.7657461017593605 -4.651058081430855 1.8352887926478154 
