0.6007577222954177 2.652159191430822 
0.4215018324765822 7.607727825198522 
0.7737898321574281 1.292340579368778 
0.684842865787192 1.4601889717439798 
0.5765355035105252 3.141770926879814 
0.5236929585980354 4.367163426596905 
0.6070325757169865 2.5331828775144944 
0.6533170292381716 1.7173135336152674 
0.39645256648637883 8.659932094004672 
0.6166937376961602 2.351961028734064 
0.6434091441243165 1.880131403595138 
0.7397406632403557 1.351825105327597 
0.5000912099106796 4.9985433463866915 
0.3893064241819869 8.984146644311219 
0.7443561357340375 1.3434429461830966 
0.48573146148206564 5.411504820480748 
0.6533170292381716 1.7173135336152674 
0.41077889118452354 8.043774355467255 
0.4452556452006971 6.722903856382473 
0.634345232767994 2.0353279440119563 
0.46603336349748825 6.021365362353864 
0.5256717710041257 4.321769129804041 
0.6667565859531335 1.4997977088902583 
0.47228668888626046 5.822487023343065 
0.5627591795619071 3.4388702521684538 
0.47228668888626046 5.822487023343065 
0.5236929585980354 4.367163426596905 
0.4568066351520415 6.324025623046339 
0.5236929585980354 4.367163426596905 
0.5125285799899268 4.658085296981566 
0.6305344918989118 2.1033459775836514 
0.5627591795619071 3.4388702521684538 
0.5516431591090604 3.691213824817261 
0.4830553126188049 5.491382980119408 
0.5482704957546646 3.7722045936291395 
0.6007577222954177 2.652159191430822 
0.5052865142969618 4.854175739692318 
0.6649941410581066 1.5287955453639233 
0.6434091441243165 1.880131403595138 
0.556522330021005 3.5826194698585807 
0.42919923939054866 7.321647360382536 
0.46603336349748825 6.021365362353864 
0.438017771979441 6.983560310230328 
0.6232466243535704 2.2316725499281866 
0.5831166181179398 3.0063844367880947 
0.39567591569242727 8.695308601808616 
0.6586098979944951 1.6288314206447008 
0.445135297607348 6.730886691556786 
0.3893064241819869 8.984146644311219 
0.569372377155841 3.295170625434884 
0.41476569147525866 7.8776499285303485 
0.5125285799899268 4.658085296981566 
0.5914000278157904 2.8381456879857345 
0.5359015997788066 4.062153116132556 
0.4796284145816234 5.597309775172771 
0.43262476304657327 7.1816463817807445 
0.3893064241819869 8.984146644311219 
0.4054691981863674 8.264529962174999 
0.6232466243535704 2.2316725499281866 
0.6007577222954177 2.652159191430822 
0.523335661082855 4.378456907579291 
0.5914000278157904 2.8381456879857345 
0.5823946212700511 3.020044543459409 
0.41761560500130074 7.764166173178371 
0.634345232767994 2.0353279440119563 
0.48836160170611 5.335695455582894 
0.6434091441243165 1.880131403595138 
0.4501700815806184 6.550239765323814 
0.43262476304657327 7.1816463817807445 
0.4001659444583679 8.49582151928298 
0.5482704957546646 3.7722045936291395 
0.5052865142969618 4.854175739692318 
0.4699426139578141 5.8981739070226915 
0.6533170292381716 1.7173135336152674 
0.5125285799899268 4.658085296981566 
0.4215018324765822 7.607727825198522 
0.5000912099106796 4.9985433463866915 
0.438017771979441 6.983560310230328 
0.5765355035105252 3.141770926879814 
0.5765355035105252 3.141770926879814 
0.5542978009875169 3.628722398339212 
0.4501700815806184 6.550239765323814 
0.4553320370060146 6.374479447436082 
0.41077889118452354 8.043774355467255 
0.5400497327333418 3.964859794094605 
0.4939947226022712 5.170361028119765 
0.5359015997788066 4.062153116132556 
0.6166937376961602 2.351961028734064 
0.5403191105205966 3.959446897793269 
0.4959915762076356 5.1157295704922054 
0.6073457914017745 2.5318764839889174 
0.5960554986721899 2.7448980342535654 
0.4568066351520415 6.324025623046339 
0.569372377155841 3.295170625434884 
0.6176600991939722 2.3332060564583594 
0.48094699804021573 5.555084065494656 
