0.6007577222954177 0.5933051150088373 
0.4215018324765822 2.20667121930426 
0.7737898321574281 3.0531133177191805E-16 
0.684842865787192 3.0531133177191805E-16 
0.5765355035105252 0.8113424832433829 
0.5236929585980354 1.2870527355556676 
0.6070325757169865 0.5377245268997913 
0.6533170292381716 0.12195017605203351 
0.39645256648637883 2.4332523042659133 
0.6166937376961602 0.450439637725716 
0.6434091441243165 0.20969373722839757 
0.7397406632403557 3.0531133177191805E-16 
0.5000912099106796 1.4997275898854976 
0.3893064241819869 2.4975860044233973 
0.7443561357340375 3.0531133177191805E-16 
0.48573146148206564 1.628538145269357 
0.6533170292381716 0.12195017605203351 
0.41077889118452354 2.3042127106773442 
0.4452556452006971 1.9934108941958328 
0.634345232767994 0.29110057840346715 
0.46603336349748825 1.806157152665043 
0.5256717710041257 1.2718320323350492 
0.6667565859531335 3.0531133177191805E-16 
0.47228668888626046 1.7498831173379148 
0.5627591795619071 0.9352558017301679 
0.47228668888626046 1.7498831173379148 
0.5236929585980354 1.2870527355556676 
0.4568066351520415 1.8888568654790907 
0.5236929585980354 1.2870527355556676 
0.5125285799899268 1.387401842733919 
0.6305344918989118 0.3262321872633274 
0.5627591795619071 0.9352558017301679 
0.5516431591090604 1.0362328552692317 
0.4830553126188049 1.6526417221711651 
0.5482704957546646 1.0681884826370713 
0.6007577222954177 0.5933051150088373 
0.5052865142969618 1.4527495392940075 
0.6649941410581066 0.016640080542741797 
0.6434091441243165 0.20969373722839757 
0.556522330021005 0.9938077349443151 
0.42919923939054866 2.142445478162003 
0.46603336349748825 1.806157152665043 
0.438017771979441 2.058923527571142 
0.6232466243535704 0.390882383405267 
0.5831166181179398 0.7530727255422809 
0.39567591569242727 2.440524193248864 
0.6586098979944951 0.072764495801035 
0.445135297607348 1.996155250607468 
0.3893064241819869 2.4975860044233973 
0.569372377155841 0.8761791321379594 
0.41476569147525866 2.267378919806912 
0.5125285799899268 1.387401842733919 
0.5914000278157904 0.678479438820029 
0.5359015997788066 1.176914353481901 
0.4796284145816234 1.6846288133883394 
0.43262476304657327 2.106958064202175 
0.3893064241819869 2.4975860044233973 
0.4054691981863674 2.351012337150306 
0.6232466243535704 0.390882383405267 
0.6007577222954177 0.5933051150088373 
0.523335661082855 1.291402640250801 
0.5914000278157904 0.678479438820029 
0.5823946212700511 0.7588576981067271 
0.41761560500130074 2.2424369537425193 
0.634345232767994 0.29110057840346715 
0.48836160170611 1.6057487789044742 
0.6434091441243165 0.20969373722839757 
0.4501700815806184 1.9487219695284315 
0.43262476304657327 2.106958064202175 
0.4001659444583679 2.3997384422136 
0.5482704957546646 1.0681884826370713 
0.5052865142969618 1.4527495392940075 
0.4699426139578141 1.7718032634440168 
0.6533170292381716 0.12195017605203351 
0.5125285799899268 1.387401842733919 
0.4215018324765822 2.20667121930426 
0.5000912099106796 1.4997275898854976 
0.438017771979441 2.058923527571142 
0.5765355035105252 0.8113424832433829 
0.5765355035105252 0.8113424832433829 
0.5542978009875169 1.011392845793574 
0.4501700815806184 1.9487219695284315 
0.4553320370060146 1.9025047116540454 
0.41077889118452354 2.3042127106773442 
0.5400497327333418 1.1412214721259641 
0.4939947226022712 1.5541310618396167 
0.5359015997788066 1.176914353481901 
0.6166937376961602 0.450439637725716 
0.5403191105205966 1.1393648259691944 
0.4959915762076356 1.5373587731204397 
0.6073457914017745 0.5377245268997913 
0.5960554986721899 0.6361115666113226 
0.4568066351520415 1.8888568654790907 
0.569372377155841 0.8761791321379594 
0.6176600991939722 0.4411282842720472 
0.48094699804021573 1.6717010051606922 
