-16.482892304432276 -5.894891770836807 
-18.644740443774655 -1.1069585327749327 
-18.42707290831798 -2.048771684409336 
-15.180021021232108 -9.458039549999661 
-18.056149965340083 -3.699851792280737 
-14.549473656411283 -11.551179356452936 
-16.589521281621685 -5.380891548669926 
-15.94325741097117 -7.723523038573841 
-16.02415122804578 -7.608645685854617 
-16.233414537392896 -6.998334595500939 
-15.411086316552428 -8.37642070007061 
-19.999645768133 0.0010299385709303657 
-14.480077928234792 -11.614241234154866 
-15.037404941922297 -10.060568321394207 
-14.946280557422842 -10.426945148298527 
-16.1454087836044 -7.301418260409525 
-16.506194015024676 -5.801423150669459 
-15.985528065153424 -7.673991443749001 
-18.022270668644474 -3.7839536566272707 
-14.722091520922989 -11.19209233669019 
-18.599914818873785 -1.2815256973452556 
-16.319653500153443 -6.65364938869836 
-15.136308367991466 -9.644393118108962 
-18.019345901355358 -3.7901043178892646 
-17.9863986553304 -3.845667097719505 
-17.953568565785904 -3.8733150834003895 
-19.999645768133 0.0010299385709303657 
-18.644740443774655 -1.1069585327749327 
-16.17355267921439 -7.21098538385281 
-14.512012767200654 -11.591113650835613 
-18.541208185418533 -1.5265845121465438 
-18.266885415230803 -2.8338123812120526 
-18.304809289851285 -2.6480162357431474 
-15.312929994133611 -8.899429848411867 
-18.257043388189672 -2.8816141166486497 
-19.999645768133 0.0010299385709303657 
-15.180021021232108 -9.458039549999661 
-16.597382411881476 -5.35551643428718 
-16.543923005087006 -5.618553948152815 
-15.02096817712993 -10.12830517820047 
-16.120537937793298 -7.376100103671126 
-14.648380526017245 -11.376211848826397 
-18.44500108831371 -1.9634136402745443 
-18.145304580798104 -3.387205618925865 
-18.413684161019333 -2.1131608646870337 
-19.999645768133 0.0010299385709303657 
-17.970991356575677 -3.862332832146343 
-18.001485352498705 -3.8234408888447122 
-14.625449835445764 -11.424147224000006 
-16.29787667366981 -6.744681320210217 
-15.312929994133611 -8.899429848411867 
-18.181395995624975 -3.2335268902265466 
-14.585731217713857 -11.497875921371861 
-16.464638408501187 -5.996909879748248 
-18.06411996321846 -3.676841200376162 
-18.21227860705658 -3.093736448907624 
-14.480077928234792 -11.614241234154866 
-16.083378365937044 -7.477115813640301 
-15.234845364618433 -9.225304779230028 
-16.369254442229554 -6.438535594950434 
-17.96080575712441 -3.8697917075797417 
-16.005099349326933 -7.643152415728464 
-16.255152456281962 -6.915655250178986 
-18.09997577845957 -3.560277350302274 
-16.575919120844677 -5.461525318912347 
-18.129684782177986 -3.449648248141767 
-17.97595584978627 -3.8576510296627204 
-14.885012723622411 -10.66085396347515 
-15.109895538563537 -9.756571726767266 
-15.27284653456092 -9.065259330857003 
-15.05393160013914 -9.99164464752344 
-16.42489912593665 -6.185571872916444 
-17.949962143284736 -3.874492109588201 
-16.411777283446348 -6.246398789118366 
-14.749013022698097 -11.113771069046088 
-14.504428777613347 -11.598293956644692 
-18.485587295285463 -1.7743824652055198 
-14.722091520922989 -11.19209233669019 
-15.952241392774134 -7.714889802601464 
-14.852331531697695 -10.778760620242206 
-18.365812433747088 -2.3467481579604748 
-15.92805835635945 -7.73557569669401 
-14.782907170715102 -11.011840986664984 
-14.919041716538224 -10.532940919176774 
-16.052032580827017 -7.5515750331469595 
-14.982154256677308 -10.28541231799419 
-14.826842031407942 -10.866720064316267 
-14.689379407919473 -11.279516905241781 
-16.209655463716622 -7.085751245159151 
