0.43021440007317663 -0.0035901177724985893 
0.020069563005446475 0.8490806894331333 
0.034919782638540786 0.7852209502581752 
0.008197262527799648 0.9107198502630501 
0.4194925301413408 0.11364876405759955 
0.61861898635304 -0.12467405228549482 
0.623970707079687 -0.2150935733574882 
0.25744212761639973 0.2440909657097335 
0.6367126047926606 -0.37739629508639727 
0.21062320982359475 0.4741701513035992 
0.6329168487699012 -0.3344050901480479 
0.6314040059716671 -0.31973324645324325 
0.19678926140900072 0.5781801132528825 
0.23665330526309375 0.29925499538383893 
0.44156317928308386 -0.08498638653536267 
0.4368430539156811 -0.05879558307986571 
0.6379764346664366 -0.3900980817877543 
0.004511147383363501 0.9351815437550407 
0.24005584183477852 0.283671177645603 
0.006428123151271185 0.9218531758160349 
0.24350707518446302 0.26978726944067916 
0.0027668231742011273 0.9501691467581423 
0.21418178099545798 0.4469133532178719 
0.1991009862793926 0.5621732830244892 
0.6273758766890102 -0.265568312864533 
0.42358523137303483 0.0658650451792039 
0.21254497023110405 0.4598327578677435 
9.917295688147143E-4 0.972989195233504 
0.6203510691370311 -0.1559097299734396 
0.4209430645654501 0.09526764742405634 
0.22121471653365612 0.39496188229392876 
0.2335449876729572 0.3155016314836462 
0.6236537461074425 -0.2011309766652769 
0.6354048532449186 -0.364850708523178 
0.6221274655223988 -0.18552209835840522 
0.02266042069526647 0.8370402361013959 
0.2087694375338374 0.48855129357412036 
0.41225264848873894 0.20521022079562443 
0.22027848397241673 0.4059834397867172 
0.18519754357347926 0.6549141448195295 
0.6263102227225961 -0.2505258698482338 
0.415489892663315 0.1754316097764369 
0.43929289182850395 -0.0753926424008275 
0.19462283593487012 0.5944504056338786 
0.22928147819640807 0.3417550885210652 
0.22701904800712544 0.35567227430959325 
0.4225887090728806 0.07617813604606026 
0.028180167523444925 0.8124746385910264 
0.6407912374672857 -0.40397558144762835 
0.23088537220351887 0.3319264366292547 
0.012336335401621601 0.8868835039350872 
0.41745180897206846 0.13782367561763564 
0.2179970828365825 0.41808567936606017 
0.1929164471377726 0.605431073128108 
0.6247425175862615 -0.22435002456677508 
0.6288063769938395 -0.28551148439340135 
0.055802678835425 0.7114929844882693 
0.014666331694254018 0.875148676333062 
0.04985277436804203 0.7287648843113615 
0.06175904077747009 0.6963082103766532 
0.4326790358667354 -0.025620862538905553 
0.43148745052864007 -0.014962540412512052 
0.025516423151831752 0.8261175905572953 
0.18829792935096185 0.6356849359214145 
0.6535293945382883 -0.45647957462359334 
0.2032038349550827 0.5308837316803879 
0.04533531890574062 0.7447609504645564 
0.42646131270371146 0.033140281452835936 
0.01002606119480523 0.8996546675159732 
0.4156260693274909 0.16151419057744326 
0.20109111670069701 0.546587428495884 
0.4105806781857391 0.22727026726804822 
0.22465845753365604 0.37099546247726356 
0.20527759852375213 0.5151811983998471 
2.2670668744059763E-4 0.9882234530601807 
0.6413767488144813 -0.416589343354666 
0.04084631389844395 0.7618092834295069 
0.20712162287956204 0.5017096694898939 
0.6340594072985655 -0.3510019383636182 
0.643978692838076 -0.4326298165967421 
0.1823509469682397 0.6713472336923397 
0.44256350814955514 -0.09409497319265288 
0.19038293303583084 0.6218612815931053 
0.4135782317289973 0.1881855372803234 
0.4185925188196711 0.12419739095788311 
0.21646877278840868 0.4300359978759177 
0.2485932751734026 0.25557824577259747 
0.4544304183873922 -0.12216294784906304 
0.22281654172539297 0.3833495022168623 
0.6253043672970071 -0.23557473591874348 
0.08482459713298858 0.6724674217448455 
0.017069631951402944 0.8637558753894145 
0.4250194133968067 0.049535656227609595 
0.6301855297654113 -0.30400724826122505 
7.801219944569924E-8 1.0024894476114343 
0.4284413790625976 0.013997547951745126 
0.07030926727950054 0.6805865484047624 
0.031584508312506435 0.7983679761475143 
0.40935160091019673 0.24343969046502514 
0.43406787527169 -0.03714543899334216 
