0.1946962008484014 0.5931898782314022 
0.4387410985561372 -0.0721819970094801 
0.06000991730219382 0.7004282392890487 
0.8298016865310173 -0.5774011716437282 
0.21454993865347755 0.44512782153639835 
0.005172767496182014 0.9296184778573836 
0.4145283793765425 0.17538414774953107 
0.4130765201925322 0.19429506332075783 
0.2236082768590883 0.37846512183837744 
0.016851624466264287 0.8640706925239436 
0.8523465038655553 -0.7719652077438169 
0.8310804337100173 -0.5974905951426985 
0.4369188945436059 -0.05896469348930193 
0.835929947714515 -0.6676507230638066 
0.0851149203170261 0.6718323560615628 
0.4275917302748612 0.02240574284448421 
0.8332558815931956 -0.6315897736194571 
0.2356776194649943 0.3044467297743583 
0.007586831503102964 0.9139479367180312 
0.6227520726361482 -0.19595085649722285 
0.18248123006339467 0.670607165992103 
2.8378172979469027E-4 0.9856798486714875 
0.0031463696153906594 0.946826349644635 
0.6240631003283257 -0.21691282252756972 
0.42089568960787815 0.097301333472696 
0.6250935373114208 -0.23192490701610105 
0.021368571511683292 0.8434215255507219 
0.013609477495017758 0.8810255701731923 
0.20128608834625594 0.5470605567006701 
0.8448018366892954 -0.7511711432743949 
0.4222686081420599 0.08150506004201757 
0.19863499949833727 0.5654638499276344 
0.6399089281195793 -0.40601203689601345 
0.23928290175774367 0.28692598442758016 
0.6266218955510251 -0.2548056768737164 
0.8375478900930935 -0.6875324118201636 
0.20983817658905174 0.48006218059120803 
0.010489935530967345 0.8968393810498733 
0.6378387225465256 -0.3859652336539496 
0.053136875895761174 0.7387975651230125 
0.6296465217960285 -0.29534708401531234 
0.2478970624038795 0.25719757162450607 
0.4162402582705276 0.15381280375286777 
0.40958852837461324 0.24076880758887703 
0.6440054636918351 -0.4335418989721306 
0.24307126084577962 0.272394895721035 
0.41057207796425405 0.22746768336736375 
0.20470532546929143 0.5197239800961642 
0.031511664822693325 0.7985593245872884 
0.8275939718944858 -0.5389506954673975 
0.8395091734166351 -0.7087345618454102 
0.6186797907669874 -0.12749830002635545 
0.18598651023146795 0.6500733947008593 
0.0015082451005950237 0.9646822804662112 
0.6350061725928866 -0.3613112242800511 
0.207425417037516 0.49944373058982533 
0.41158087808490196 0.2140787722607706 
0.4350435982589807 -0.04532247756118781 
0.42381776671775284 0.06317278391603486 
0.2572290920663204 0.24452508139646634 
0.6199919375386137 -0.15010478409061448 
0.8234523025001476 -0.4596236543745761 
0.2171981265256547 0.4311567237233188 
0.2323845082196608 0.32328773847768943 
0.4308730999484129 -0.009220844444792568 
0.07083058262795883 0.6795517052348484 
0.024142562572463996 0.8307420839786538 
0.6277767593477432 -0.2716472562804557 
0.8266148848681254 -0.520953672683962 
0.028339052962261187 0.8119738809928977 
0.22131770863715905 0.3945178977707316 
0.6335032077259083 -0.3451804982168051 
0.8322470172227812 -0.6163870038222928 
0.44238169972492786 -0.0919559271848775 
0.2263755462656924 0.3608998493692612 
0.8286631230695661 -0.5579825087665081 
0.8416366442905042 -0.7283110079618969 
0.6309027034376419 -0.3126392716256246 
0.6321916664270759 -0.3287596185797312 
0.05334342955245668 0.7185516531290441 
0.8245612802855207 -0.4813394099679282 
0.22948001784960095 0.33992875096569464 
0.41972491253196786 0.11166326227229555 
0.19668640958574785 0.5802056170927913 
0.45408140107913086 -0.12242737394039617 
0.8344182780145946 -0.6470685372546626 
0.41808097093513796 0.13083178900606568 
0.21885805859872848 0.4127910252892355 
0.03647914009098013 0.7785005713406925 
0.18916052697561406 0.6308718108219706 
0.8257575319569903 -0.5045344823808927 
0.04122937350420719 0.7591808117770148 
0.4459448884073087 -0.10656904334373507 
0.6527538976551535 -0.45612324912985025 
0.6215036717005149 -0.17267216408484753 
0.4331394660941448 -0.02900267556859486 
8.755141605836371E-8 1.003946758836861 
0.2122997213809169 0.46115728569278186 
0.425419331593356 0.045849879773796315 
0.19311232909141135 0.6049867913273295 
