-19.997578524162876 0.0057528406920274115 
-14.431376601314959 -11.627157845340246 
-19.997578524162876 0.0057528406920274115 
-17.93996929628982 -3.874546302098877 
-17.04734384867389 -3.8746135601955496 
-19.075914593592298 -9.10093968776852E-4 
-15.642932781286799 -7.752362595591718 
-15.07848099423337 -9.883617492786204 
-15.35508786209559 -8.690173214797701 
-18.346046545850015 -2.4389878305743236 
-15.1378024270168 -9.632579248517516 
-18.822742026793705 -0.518338998110661 
-18.60441597073356 -1.2567895738090638 
-18.292063251070694 -2.627133261028134 
-18.425641125420334 -2.051581052024845 
-15.883092005936193 -7.751351491160831 
-15.316043769038084 -8.883023765702305 
-18.66850461998206 -1.015936241860329 
-14.963921219393143 -10.309525303308163 
-18.740170224192553 -0.6418960324957078 
-16.58150728441047 -5.4160791505334345 
-18.523335413700565 -1.5975854451036726 
-16.535223135297976 -5.659836342654655 
-14.9213883397417 -10.500923636249585 
-14.760591717188234 -11.050003370642854 
-16.971819085324064 -3.9626176454546127 
-15.383591934061698 -8.42644598961503 
-15.24702611772164 -9.071136920918715 
-15.155395095753322 -9.477907139725936 
-18.270588002635314 -2.8017816614438518 
-18.938217567389124 -0.20032804906760734 
-18.024344308407485 -3.7707853290065514 
-16.46670985421452 -5.985624477772578 
-14.891944920235348 -10.624569182016543 
-18.097987358051405 -3.564052605215186 
-15.005050139705503 -10.185563670371701 
-18.181619725674835 -3.2297361704227914 
-16.31094039833964 -6.655432447284806 
-18.23028160562938 -3.0062293237586806 
-18.722333728593668 -0.7951459431473175 
-14.809591881645538 -10.871027264173248 
-16.35180253130853 -6.499780083412424 
-16.76182475173317 -4.603339863900845 
-18.573013372125374 -1.3517379437479011 
-16.664290175507894 -4.940745546136998 
-18.47119423099161 -1.831765513388144 
-18.057110492431093 -3.6934868106443846 
-14.489685529386556 -11.601247978139908 
-15.198410371888162 -9.310486588721801 
-18.544571624556795 -1.5071081408071418 
-16.93315840647614 -4.084079603113676 
-16.602806988041372 -5.32300341742444 
-15.469561878532051 -8.280922159986256 
-18.384424735068468 -2.2484614324797394 
-18.6875583203703 -0.9323500381451635 
-16.234540549563565 -6.989935299898242 
-15.273241545263067 -9.023043252522402 
-16.251787712260054 -6.822986019477215 
-15.427067124644104 -8.396450130537968 
-15.9620054802347 -7.673004636431706 
-14.642516226201112 -11.340977396430052 
-15.493460751535771 -8.199490327233969 
-16.698650330146386 -4.758698443733205 
-16.203311286080364 -7.0548723511249944 
-18.884925401276625 -0.3665340894040584 
-14.846305951168612 -10.760583078925581 
-16.498934155597357 -5.833594982430212 
-14.65985109785202 -11.271985020523811 
-18.9867198545143 -0.14968193186463855 
-16.284071287650505 -6.76124529061231 
-16.430256487291903 -6.111114070484173 
-18.240188906934996 -2.9499593789013603 
-16.41913998104331 -6.175521797668246 
-16.047399471419986 -7.559537232971589 
-16.724910531811773 -4.7503980345183745 
-16.39156639152715 -6.318549009044499 
-18.13265045801007 -3.4353889344380266 
-18.39417942110522 -2.2044233087183636 
-18.87736841856435 -0.38373685036825556 
-15.524282928400401 -8.075216308467564 
-14.550057023339278 -11.518848366768687 
-14.710720115114768 -11.178848362672628 
-15.601765428064382 -7.859782211621389 
-14.591821105582916 -11.45199325309921 
-15.19680197559374 -9.317718617988216 
-16.629283685806357 -5.179255023589574 
-16.659205198592474 -5.0506413884543715 
-16.81829268166563 -4.3860235750591885 
-15.039007430749432 -10.02932949401629 
-16.160517009613045 -7.147774112333299 
-15.886767573777817 -7.751088015575911 
-16.13054103349276 -7.326580019268055 
-14.722857921906176 -11.140649884693195 
-16.105291473413747 -7.417172950576084 
-18.145885776615494 -3.380681377199625 
-15.030044511587807 -10.03481735171183 
-18.168452423786377 -3.2828860905759125 
-16.88223979074765 -4.119656113641407 
-18.46904557125329 -1.845711541028794 
-16.00551250913112 -7.592353726497497 
