2.739535836077467E-4 -1.0140440451122576E-4 -9.130985136297509E-4 
-1.15275278110299 -1.1544888484765128 -1.1532363954283382 
2.739535836077467E-4 -1.0140440451122576E-4 -9.130985136297509E-4 
1.8989201440476397E-4 -1.7421077773798477E-5 -1.1531382697783317 
-1.1106718626605325 -1.273591251536016E-4 -0.5050353704736488 
9.291659729115474E-4 -1.413058921922554E-4 -0.4837693228934633 
-1.1010923009023206 -0.5396155319390217 -1.1063383695822882 
-1.062547684619353 -0.9176902015752665 -1.0845026273064773 
-1.042044775415395 -0.8137824885060017 -1.0401916776483617 
2.739535836077467E-4 -1.4574302549929716E-4 -0.9036138792552293 
-1.0635077150125043 -0.8866005790141698 -1.0845026273064773 
-0.6251948275127176 -1.4568811921863634E-4 -9.303033956794549E-4 
-5.27701987938276E-4 -1.9295005891499634E-5 -0.7509340507057206 
-6.21952402261697E-4 0.006397182771274754 -0.9286690911582623 
2.739535836077467E-4 -8.922934776542515E-6 -0.8562023127063998 
-1.1524289510702705 -1.8431251832055165E-5 -1.1523423088842635 
-1.0820894798141207 -0.7916877233992263 -1.06564709241869 
2.383262099810064E-4 -1.5931492803463093E-5 -0.7141684398659043 
-1.0620906091593603 -0.955567605170657 -1.1200843844073212 
-0.01532445599168536 -1.413058921922554E-4 -0.6558004365372546 
-0.9002158519478964 -0.0039328570324568875 -0.9744855952100401 
-5.214061058160008E-4 -1.9295005891499634E-5 -0.7982746523376542 
-0.962588431072779 -1.3786669536514607E-5 -0.9398317867986709 
-1.0624950644787257 -1.0016232222135668 -1.0748264489418784 
-1.08036936118114 -1.0620458951432048 -1.0912426876057795 
-1.0554609526388459 -2.8830105876251165E-4 -0.5968323218406786 
-1.155125721143928 -0.6843604331632587 -1.0838881805362635 
-1.0228311580374734 -0.8335780347203926 -1.117653319940095 
-1.0991586201352717 -0.8335780347203926 -1.117653319940095 
9.900842635729434E-4 -8.806972424796691E-5 -0.9481958473565539 
0.007185757055263928 -1.7042597748914843E-5 -0.553217340515445 
-1.0993520220334911 -1.477593388764341E-4 -9.303033956794549E-4 
-0.9534281663102935 -2.583610499231379E-5 -0.9905559093704093 
-1.0796349312851583 -1.0068762246898542 -1.0749165598457848 
2.550245594548084E-4 -2.1123161455830565E-5 -1.0545316985850965 
-1.0620977241534943 -0.9550793857909655 -1.0845026273064773 
1.888856525496537E-4 -1.576913691615814E-5 -1.003243098184975 
-1.0554609526388459 -2.8830105876251165E-4 -0.9837580369877555 
2.1585985083213982E-4 -1.923583435485849E-5 -0.9735610075900419 
-0.003726079970052529 -1.4303343122402278E-4 -0.679219680573533 
-1.062559871695193 -1.0508822414775487 -1.0845026273064773 
-1.0334513436183645 -2.6823425330476796E-5 -0.9806295195151357 
-1.0381433387223002 -3.236509857670322E-4 -0.7328006137417685 
-0.003491697228011764 -1.7770009253797382E-5 -0.7657591495205627 
-1.030362949008912 -0.029985550342734535 -0.7960203857951185 
-6.49408949370202E-4 -1.8687524358166532E-5 -0.828801176952897 
2.739535836077467E-4 -1.0140440451122576E-4 -1.0797879609185188 
-1.1516712827733617 -1.1374394463690742 -1.1313547827232004 
-1.0609928642188264 -0.8335780347203926 -1.1201093236800066 
2.739535836077467E-4 -1.5549128297317823E-4 -0.7860758958993144 
-1.0755765978958702 -1.6839768516380755E-5 -0.6002989733368362 
-0.8874657133678101 -2.583610499231379E-5 -0.9745181557279278 
-1.0994760226467757 -0.6745519069987613 -1.086273930655374 
-4.78479447163847E-4 -1.3670255460074121E-5 -0.8804756829320726 
-0.7017652011115298 -0.0011610398503362207 -9.130985136297509E-4 
-1.0546148417547743 -2.583610499231379E-5 -1.0313239647852912 
-1.1001558767058286 -0.8197897790801538 -1.0401916776483617 
-0.9992804557204402 -0.026764528034505353 -1.0756129539997565 
-1.069750460915309 -0.6971420380708675 -1.1200843844073212 
-1.149294030581992 -1.8431251832055165E-5 -1.1060099720119805 
-1.0978226319113809 -1.1068431889684516 -1.0980138493055063 
-1.098941289167485 -0.6683337177471087 -1.0763311450561366 
-1.1020059591400324 0.00539459106194467 -0.7096971449651448 
-1.0253320558080672 0.010336641429937895 -1.0798816583536852 
2.171028698274562E-4 -1.3608738925895795E-5 -0.5909003191627227 
-1.063645434260891 -1.0150366581014727 -1.117455127929287 
-0.9762082816525858 -1.366336616451892E-4 -0.9481958473565539 
-1.0809708225580168 -1.1068431889684516 -1.098008635534368 
-4.578278313135198E-4 -1.7042597748914843E-5 -0.5336761324342977 
-1.017855520621214 0.015470602058425875 -1.0373792703354532 
-1.0366229096457436 -0.0014671536505214394 -0.9300203947756633 
-0.9667007498634723 -2.712134979977346E-5 -9.130985136297509E-4 
-1.0334513436183645 -1.4967507644486123E-4 -0.9398323253238052 
-1.1010923009023206 -5.185746586371387E-4 -1.100762098367982 
-1.0334513436183645 -2.5938858696173298E-5 -0.7586540279729718 
-1.0152938049010047 -0.004024017733401664 -0.9744265709807365 
1.897224303893508E-4 -1.576913691615814E-5 -1.033256985360972 
2.171028698274562E-4 -1.3718952833544797E-5 -0.8749736283083753 
2.171028698274562E-4 -1.5070838279715223E-4 -0.5951019367949337 
-1.1134357187261386 -0.6135012884652751 -1.1028468996231577 
-1.1524295397602657 -1.0971520255811846 -1.1510823887878154 
-1.0809708225580168 -1.0824066798555716 -1.098008635534368 
-1.1010923009023206 -0.5697794083400021 -1.1055087341141723 
-1.138010491271062 -1.0827109731883229 -1.1533782497322937 
-1.0620823742322165 -0.8337570501989556 -1.1200842894069039 
-1.0097909012963475 -1.4581784595640176E-4 -0.8373660668703524 
-0.953024415169295 -2.8691248964393325E-5 -0.8749736283083753 
-1.0628344315055027 0.007999688970622466 -0.677173713184742 
-1.0684334772464403 -0.9217702244736654 -1.1060422423855294 
-1.0161057042248687 -1.6019257786682465E-4 -1.1160055402381592 
-1.1501153276541536 -1.8431251832055165E-5 -1.1523423088842635 
-1.0958821170025987 -1.4581784595640176E-4 -1.0543823735533224 
-1.08036936118114 -1.0802696764684907 -1.0912426876057795 
-1.076553092532596 -1.683718947907097E-5 -1.0892989562200197 
2.171028698274562E-4 -1.5070838279715223E-4 -1.0250360973429218 
-1.0620906091593603 -0.9217702244736654 -1.1200843844073212 
-5.342768804421801E-4 -1.7042597748914843E-5 -1.010873790797588 
-1.1524289510702705 -1.703140092443617E-5 -0.5598210296830648 
2.66379269530512E-4 -1.4296962498620985E-4 -0.8304794096094182 
-1.095045973393283 0.011539477813610977 -1.1328968744185386 
