0.8520960703858831 -0.7723463678142175 
2.123456302460802E-6 1.0002766714576505 
0.6185371504960934 -0.12560602548427027 
0.6524470255372635 -0.4573328973228463 
0.8233807439308521 -0.45834442134936676 
0.45317035921444426 -0.12294648303590391 
0.40942123899016025 0.24197079586907846 
0.2594355604184885 0.2437488139965762 
0.08404518231902822 0.6710138347865837 
0.18266672460330802 0.6681378263196825 
0.8276460271873931 -0.5402037217663739 
0.6201949510845894 -0.15367403439875443 
0.07251028939871898 0.6775081707667319 
0.05656339573697685 0.7082146816509923 
0.8311260858174209 -0.5998320071843458 
0.04631036923902712 0.7403753526512944 
0.44050482373742694 -0.08311830650987768 
0.2243415934132978 0.3744577848101613 
0.06104794474987846 0.6976425036738023 
0.6275553323153242 -0.2682645194983756 
0.634232474634637 -0.3528055795268296 
0.4214198560187606 0.08930110357424347 
0.43297411365176197 -0.029418059284598997 
0.6318820166070895 -0.3261619531784513 
0.6246447497418421 -0.22605403052641368 
0.23002990716062108 0.33564989590594896 
0.636585949709581 -0.37726625202566105 
0.42956091657278317 0.0018135298937864328 
0.1983538925653413 0.5666503010567151 
0.1914833605072452 0.6146236018792434 
0.447701148837632 -0.11435696713536644 
0.4105718013524779 0.22658196780387999 
0.4185146424507397 0.12467563613488088 
0.039931217658033924 0.7738167515469105 
0.2345930205044704 0.30961746495718523 
0.843053767499695 -0.7402372839812782 
0.8370724617111129 -0.6823972954026442 
0.8470426296796965 -0.7628750679785216 
0.013361802046510551 0.8815277476985148 
0.4129185590251099 0.195742231158622 
0.625983450579062 -0.24627613857063912 
0.0013681687034414192 0.9855462815657972 
0.21811187213437438 0.4167397725678244 
0.8389306006047768 -0.7032745032616803 
0.643103837772397 -0.4277781862993535 
0.016688812767208183 0.8643865987047472 
0.02344193916588576 0.8328720693920986 
0.019893275243848707 0.8487877465331461 
0.21592002556152098 0.43310075117230157 
0.00989618284790772 0.9003450078484139 
0.20430260521623897 0.5219174871353455 
0.005692347853259255 0.9252796116196115 
0.6390224136880577 -0.39941559785318886 
0.4280523425979216 0.016631010590118324 
0.24045141895378033 0.2812068433550561 
0.41608358656594896 0.15443057367550206 
0.22193443109272268 0.39885840979175313 
0.03341562815560474 0.790194564543164 
0.4349713469400739 -0.045642624256517265 
0.002118666498783256 0.9564178465042755 
0.23785492142074943 0.29385668303279466 
0.6300000054359418 -0.2989996649336586 
0.6225680938550564 -0.1933130550781753 
0.8344232908158884 -0.6319003534813112 
0.42522406399166746 0.04654333757083396 
0.21348355258209778 0.45201028137976124 
0.6227015173105062 -0.19539889546799089 
0.19487624241494278 0.5909997336931622 
0.6407863532823203 -0.4112291708329224 
0.4260982462378234 0.036729553995376224 
0.23082632002167353 0.33041267560598353 
0.833078141293413 -0.6219773179295945 
0.026925661892263753 0.8176567598911979 
0.417875146073616 0.1352116663937523 
0.04220835200526202 0.7553821721015649 
0.8247844762086538 -0.486231330124032 
0.20771292628268948 0.49580786797069215 
0.41568231616311646 0.17202168864693598 
0.007467416120572362 0.9140414687585549 
0.2055799081777377 0.5128338015264085 
0.20907137352063648 0.486144295432194 
0.42328467252979185 0.06857919698737786 
0.6301205958927776 -0.30352109650958653 
0.20090164288388218 0.5475261338043103 
0.19429174538972027 0.5952543809165007 
0.8352544416232616 -0.6599845492494991 
0.8258107800500181 -0.4980506372703398 
0.02914106341758882 0.8099104221040485 
0.8349776528267503 -0.6564700245405432 
0.43715290194884937 -0.06165609593250051 
0.21117449745537203 0.47026109390046406 
0.41383219895747597 0.1836316464421151 
0.2225540041429021 0.3847675777758739 
0.6465187308660898 -0.44563489871919193 
0.002911071813699706 0.9474722129581759 
0.03163890336020796 0.7975247476150505 
0.4381857809912059 -0.0687660707305447 
0.2444453504225345 0.26610873456594436 
0.18444168657703847 0.6585789353821015 
0.8239334261069349 -0.46795207558977153 
