0.8517918053127236 0.7564531305227307 0.4058043906524128 0.9306132978944931 0.12150971580872905 0.9826079583449748 0.171445847171245 0.4091976729816259 0.6625966503402325 0.3182353310510001 0.3830294234774334 0.22774603893914214 0.20789180823859987 0.8941644872874672 0.0832611280423109 0.0430958022863116 0.21702391046526792 0.04503383979135833 0.1232765004994062 0.5926628706513388 0.40304327169896725 0.012163257766789282 0.45658574328935386 0.5813211503372542 0.38883273433684495 0.4270192686006973 0.1977416655741221 0.7340836024454697 0.9885542795737695 0.7611656707681528 
0.6137670289905864 0.583113191189911 0.09229441732145105 0.6428049299329808 0.4584572812748968 0.44382104975574355 0.04930668264526117 0.41397223955884277 0.7314369392612116 0.2809731202420571 0.7072556310755856 0.8614845491860144 0.4708698450953501 0.13730645362483684 0.6420564246813211 0.10588295861866959 0.1631669144235266 0.12779678111717785 0.7748202694444974 0.7399143749667414 0.20557488170785154 0.23137756032573686 0.23827860982347093 0.049858059585858094 0.23802477632213714 0.17333993933281966 0.31350997333096176 0.2878083679615123 0.6630524345338322 0.5387869085892313 
0.6210555364497363 0.5016693208664996 0.9863607450850158 0.6851685393314532 0.21618070628629127 0.44566404584209607 0.7888480701306718 0.2299287572988744 0.6338016431703162 0.15123051325792547 0.6255089074423654 0.011712402688608625 0.023399482411460726 0.006368594596490973 0.01359164691457282 0.2395013128996889 0.3318940231123163 0.24408934909674074 0.3542618365896315 0.6296243371477984 0.3923485384067372 0.005183134777922205 0.03598488317074788 0.16752014436920548 0.49784507728276073 0.3153506491624096 0.5935732310357054 0.3644684791834022 0.20597246608331954 0.4945841897296144 
0.06292379468121478 0.6177664787887406 0.747804952016427 0.7284793343423677 0.47920731633692215 0.2617466686012919 0.05694012121638603 0.8836992683777896 0.7738886617886142 0.19421027853974637 0.2604515475817749 0.15403595349950472 0.1941838067983196 0.830364008106372 0.01222994051142523 0.40619264903053676 0.6807987360706675 0.5202743378640059 0.6439265964951664 0.6180484278928153 0.3308919548480169 0.2561983182309171 0.3936024744942589 0.5568454387364316 0.9755434260664023 0.14937057687340138 0.056562147580478284 0.9952001345549597 0.09769106204204592 0.1420640460959387 
0.018192956868574583 0.380771247782549 0.004239462168339259 0.024484958032486515 0.1858393696399614 0.1204330345745952 0.7207924000052129 0.8420797036839734 0.7478839807954509 0.672761513308676 0.141411033990276 0.29066777925297427 0.37583174248283524 0.6738302536502152 0.10974623138869921 0.9052434483252146 0.4356142545967401 0.2907879767170488 0.32494809704810157 0.1545378363643719 0.6776863971842048 0.5711064614727412 0.7003431805609543 0.06383904490882208 0.30437275885798243 0.4637808359148349 0.96707675323793 0.01841343569785303 0.27897865230100005 0.6263242572020696 
0.16898458140000794 0.10134233527252767 0.7550058943822637 0.35735470334732633 0.19310488870932574 0.6363860604495457 0.5067953793051665 0.2268386851970392 0.14302675790727037 0.1303522080048154 0.20010717945729417 0.24194066316739604 0.19070678642803585 0.4438865680209253 0.8642130449149369 0.11033527363435791 0.1112022627873156 0.3443189180394186 0.21769515764354685 0.18331581534947883 0.07095127993508599 0.6924451297560894 0.0034530786532397384 0.8267221782040666 0.1180143951560435 0.5221973007797865 0.9287597457166875 0.0967540733024137 0.006648884887820672 0.4687854803799819 
0.47266472929822867 0.41564105360764114 0.36548172547174373 0.5224228342739068 0.605562783536386 0.9479291502318143 0.08147455191660313 0.2531955848299571 0.2455399338062707 0.8660549831329856 0.21138696309355343 0.6762557193580448 0.809534501732549 0.8278644094944844 0.057514273344689726 0.7502873152370153 0.5989419114265836 0.18649006682021385 0.793183759310463 0.5363566092191444 0.5120184629747686 0.642879595514358 0.5586505048372269 0.3393538023272953 0.2229813519286069 0.06764187675756372 0.24481568898633232 0.13758664350412098 0.5971068266769626 0.03015353798373388 
0.012301249055670427 0.5634843857439323 0.3745650483031451 0.5914476008005947 0.6912977825326163 0.03201901086867842 0.9711451541175743 0.20995130672919182 0.23580877511347387 0.6541714053464829 0.05338468185468781 0.43553017728203214 0.6703901347658403 0.8158430653194085 0.019086472679131883 0.6494127304700037 0.03803942222052148 0.6756146179506363 0.6453859411929684 0.779577150472988 0.36630622907280874 0.4016440734792295 0.6993893368594983 0.15802865046295989 0.32399802889349594 0.2498248875615443 0.682053100159933 0.08434905030056328 0.5826002868206998 0.8879815071421755 
0.0728477895007571 0.18628023601971122 0.9194326706885986 0.499864577802978 0.022005449319782322 0.30704507808936765 0.4520793659357255 0.5596071490456935 0.6240409101803726 0.41583016082654944 0.37329658448987435 0.0036600683760150687 0.2729644448803179 0.651098310578805 0.3035337580817523 0.28488843865081537 0.01307863703266221 0.21506402752989728 0.626056229085087 0.690536971793618 0.5834250878086479 0.7526438175664931 0.5738914773395768 0.545064529095464 0.2603758771607756 0.7445551646688654 0.11115750154511528 0.5908242876548192 0.276085647872636 0.9161050600488879 
0.0023883641615574103 0.26928581584651623 0.9830173473901485 0.999503703915228 0.1974973836886713 0.6350411856393998 0.0442699963978197 0.03749784129046074 0.23224379855177257 0.831730433376475 0.10055451159892781 0.9674106232928009 0.8500970955244767 0.04315797944622213 0.1428931780632433 0.6700306244540101 0.48143751103089705 0.3638399880538462 0.7046014262620938 0.6044476038903841 0.7450958057136003 0.5422367679785768 0.14294440803731168 0.854648883671212 0.7307572378352779 0.713278499708729 0.6256648191811965 0.2642189452873491 0.27879097858079716 0.3214152891243558 
0.14169405514185207 0.4599462077155505 0.47656388620437296 0.9785372039361302 0.6058402887609592 0.04573617562196264 0.052752124991595206 0.30730696380137845 0.6655880076286288 0.2227032618182032 0.44524196307879815 0.28670017139060233 0.17049372365763993 0.720894040149272 0.5489086575328398 0.1573535729998291 0.31828465183063503 0.8422284563529036 0.9864998459124561 0.15934161869607955 0.38005858233632517 0.20866414323329752 0.4520576690451288 0.7871953860218218 0.6201048980519415 0.3462894932727133 0.18741722391250526 0.4076704728409619 0.23156983557796718 0.3200617222836152 
