0.9233999621786673 1.0832543233092233 
0.6276512950055353 2.2385116161071563 
0.999999999974958 1.0000000001226952 
0.8906429000954463 1.1238507168935048 
0.6938641228493041 1.4420463632223026 
0.6471513546625098 1.8604650273456491 
0.4205007831170316 7.668864467122841 
0.3961923468396787 8.692688185437873 
0.6017772591608053 2.682545800023591 
0.7268671501663315 1.3759743985396098 
0.7657448187060539 1.306288768940008 
0.5089681738490844 4.759406364480781 
0.6336299199850866 2.0516233567314854 
0.5030156453405642 4.991813059048887 
0.4176208887180206 7.774575007743128 
0.4922987380686659 5.220383406165857 
0.8655952782372462 1.1586405419300034 
0.4079183298566488 8.161529220507889 
0.5561038319215681 3.6190849537054923 
0.8323501719443186 1.20210312253218 
0.47643212922639383 5.71666422557156 
0.9598457782080405 1.0421162899556067 
0.411501233982382 8.049027846893477 
0.4308576094805965 7.248289201556918 
0.6576583105506085 1.6493941632223192 
0.43655082195357725 7.045029034613415 
0.40059357366526405 8.56895881440508 
0.6518293613793044 1.7537691014498107 
0.4852080822647772 5.467945286928477 
0.4154943818957655 7.867635561871522 
0.5200019091303859 4.471294772250369 
0.7961189701718966 1.256142842235492 
0.6380324488034881 1.9937560824496101 
0.5973390244810989 2.7413285527516247 
0.5258060630219351 4.315968929875598 
0.47051544864445055 5.877562766494026 
0.47350729470365766 5.78741259859962 
0.5482023389544645 3.8352086725267434 
0.43457594750610673 7.1968767652016306 
0.582435107408946 3.0605120394921586 
0.5298336709228335 4.234410211593672 
0.6215918958878778 2.345787353136975 
0.5663791140306591 3.3611515011834947 
0.6156277054241828 2.413323202326165 
0.441342650875926 6.860791714921337 
0.466237831091425 6.015678530861898 
0.4396418773691953 6.971346314476 
0.4251906822171115 7.502795806048584 
0.42306721912685386 7.548325338784341 
0.5032004558055558 4.928955143087498 
0.39698772540850713 8.637054504849836 
0.5907039621435206 2.8597181409426313 
0.5064740372669342 4.823920371500961 
0.48980257668137567 5.294734182794116 
0.4494798580294296 6.590174901781015 
0.4780014891069394 5.646959903311829 
0.4650803276121557 6.085116252665786 
0.41305126560422206 7.954296727080305 
0.6037293046409333 2.5947174262486103 
0.45197300034610793 6.525415537783956 
0.48079777657934325 5.562650104159772 
0.4467296767387307 6.675391271096354 
0.49736393604053325 5.074795631532797 
0.5773212568562031 3.136924291643522 
0.4622637340935537 6.162456625491705 
0.6279451304959623 2.148682922319112 
0.5331393468627079 4.147908310102757 
0.44003205650557686 6.915621096191945 
0.52211035794724 4.409765519154541 
0.44502859942657647 6.7499980741154895 
0.5387238776996229 4.002818385204676 
0.40070509246948177 8.485120724854289 
0.48647375834988776 5.392708177777415 
0.5740863131953 3.216507489315266 
0.5866575496150033 3.019528835982617 
0.49587553931708306 5.139274910317573 
0.45357199786939656 6.44532226757097 
0.45752183474756264 6.300006803277001 
0.40580056267744746 8.250214075472497 
0.513529656370412 4.661348955207851 
0.510684250857413 4.7077065242278415 
0.6409746499003023 1.9314784392922681 
0.5709609812431482 3.26447822782559 
0.4047920217694729 8.305268193336001 
0.5361599831956343 4.062420727221606 
0.5164881298969084 4.557123479653858 
0.4293931120300632 7.308681649687972 
0.5613386537326868 3.473539550026257 
0.6098956184096103 2.4777399907446864 
0.45591577065322936 6.380102514611204 
0.586900526032254 2.9274492620675976 
0.4254846104193364 7.4563129697982315 
0.45981707870496064 6.226620549101885 
0.43460297106981327 7.108310345779533 
0.5147898982956095 4.606492038647716 
0.6653999637445632 1.5218757463877133 
0.6612418144195695 1.5864534107454196 
0.40287064200941186 8.376171744380509 
0.5411054254804165 3.942910325461464 
0.44297064718004864 6.806796634656426 
