0.9233999621786673 2.770011736145751E-4 
0.6276512950055353 0.4050047147345904 
0.999999999974958 9.765311191260408E-11 
0.8906429000954463 9.496617683775188E-4 
0.6938641228493041 5.842349252720355E-4 
0.6471513546625098 0.20400246274896033 
0.4205007831170316 2.224763514043532 
0.3961923468396787 2.443976532534179 
0.6017772591608053 0.6142950591115264 
0.7268671501663315 1.5058976831819337E-4 
0.7657448187060539 2.8385654972070545E-4 
0.5089681738490844 1.422386365935493 
0.6336299199850866 0.2999699433653057 
0.5030156453405642 1.5109600673169319 
0.4176208887180206 2.2468249241385974 
0.4922987380686659 1.5699881630900558 
0.8655952782372462 0.0029137822688551987 
0.4079183298566488 2.3292373687058148 
0.5561038319215681 1.0125870108053152 
0.8323501719443186 5.707407344622828E-4 
0.47643212922639383 1.723602509061412 
0.9598457782080405 2.7092131571515576E-4 
0.411501233982382 2.3121848913552205 
0.4308576094805965 2.122980558206835 
0.6576583105506085 0.08473777881682515 
0.43655082195357725 2.075513215747303 
0.40059357366526405 2.4326698340529953 
0.6518293613793044 0.14315819340478642 
0.4852080822647772 1.6530912465992929 
0.4154943818957655 2.2689583747609516 
0.5200019091303859 1.325081817854906 
0.7961189701718966 3.9145949319252527E-5 
0.6380324488034881 0.272081075602174 
0.5973390244810989 0.637502523482838 
0.5258060630219351 1.2693626311428825 
0.47051544864445055 1.7654840820128546 
0.47350729470365766 1.7403820828967715 
0.5482023389544645 1.1024703646576077 
0.43457594750610673 2.127589539322183 
0.582435107408946 0.7825496584479877 
0.5298336709228335 1.2435331066018072 
0.6215918958878778 0.45812240818621874 
0.5663791140306591 0.9036860093631277 
0.6156277054241828 0.4857086254949976 
0.441342650875926 2.0279600025709734 
0.466237831091425 1.804736910772301 
0.4396418773691953 2.064895781487049 
0.4251906822171115 2.1901188673094802 
0.42306721912685386 2.193449010144258 
0.5032004558055558 1.4802524746467673 
0.39698772540850713 2.4288046221096358 
0.5907039621435206 0.6892468364685153 
0.5064740372669342 1.4431904260083006 
0.48980257668137567 1.5933744455755159 
0.4494798580294296 1.9621508792416407 
0.4780014891069394 1.6992552427102328 
0.4650803276121557 1.830067860347857 
0.41305126560422206 2.285532330112041 
0.6037293046409333 0.5665069474887858 
0.45197300034610793 1.949311639117326 
0.48079777657934325 1.6745098019688707 
0.4467296767387307 1.9820953846414189 
0.49736393604053325 1.5240203299004556 
0.5773212568562031 0.8110130747143923 
0.4622637340935537 1.848680210889356 
0.6279451304959623 0.3492549780501206 
0.5331393468627079 1.2114131272945823 
0.44003205650557686 2.0430949729706933 
0.52211035794724 1.302384253669174 
0.44502859942657647 2.0039421890557048 
0.5387238776996229 1.156413842204806 
0.40070509246948177 2.400031084667454 
0.48647375834988776 1.6234110149275538 
0.5740863131953 0.846552925906072 
0.5866575496150033 0.7714293879094054 
0.49587553931708306 1.54844071785248 
0.45357199786939656 1.923417697814274 
0.45752183474756264 1.8823906715574206 
0.40580056267744746 2.3479415140361364 
0.513529656370412 1.3937409271904666 
0.510684250857413 1.4041515795818504 
0.6409746499003023 0.23802871641534384 
0.5709609812431482 0.8638896922061924 
0.4047920217694729 2.361906303318177 
0.5361599831956343 1.1781074288407327 
0.5164881298969084 1.3537001837157125 
0.4293931120300632 2.1382975583965345 
0.5613386537326868 0.9498320146989817 
0.6098956184096103 0.5111627639134526 
0.45591577065322936 1.9087893547955739 
0.586900526032254 0.7181215118402066 
0.4254846104193364 2.1725464191192456 
0.45981707870496064 1.8631064710923069 
0.43460297106981327 2.089292795562077 
0.5147898982956095 1.3713755680749928 
0.6653999637445632 0.012656066470114538 
0.6612418144195695 0.04902933181341573 
0.40287064200941186 2.3745136882396705 
0.5411054254804165 1.133530169289953 
0.44297064718004864 2.0152111104767343 
