0.026646260924277798 0.8206575351696733 
0.4375430381266953 -0.06355980573457536 
0.4451771947427353 -0.10464502694494111 
0.6458692538794945 -0.4414860683837059 
0.824468438745932 -0.4793463196806503 
0.19164793058888346 0.614402298792213 
0.6343116966149742 -0.3532999845759926 
0.6331445232902028 -0.34050946288830686 
0.6203472754409278 -0.15584042074840734 
0.0490095324725722 0.732413542099659 
0.2326236311999172 0.32138292965904497 
0.8343578198379278 -0.647264175685866 
0.6233520213951267 -0.20483267352424933 
0.42452332764729217 0.05669934474821503 
0.8233886158313268 -0.4576521280534772 
0.20145212786580188 0.5569842882792589 
0.43216855676742155 -0.021266547109890375 
0.03600505231561611 0.7804815296810748 
0.8451298457415005 -0.7530219907141398 
0.8278194559398439 -0.5426326838036708 
0.2063761643262513 0.5076497384390052 
0.22066820997499625 0.3998682964856121 
0.1859428535590359 0.6506212624495316 
0.4411727891909498 -0.08614329434972855 
0.20856100079845172 0.49076933592423344 
0.8261691315413582 -0.5123819052557473 
0.2270447152386716 0.35647513752199644 
0.8295750270088282 -0.5731614274158945 
6.348523196469946E-4 0.9787227966057628 
0.8255134669776054 -0.49837333851091326 
0.011926358253478375 0.8894713648368765 
0.8507266802834768 -0.7710527848751214 
0.6286474123017699 -0.282361246169784 
1.384094881716071E-8 1.004218203511492 
0.04036262301366083 0.7635136639157168 
0.6212242770611683 -0.17018611167043926 
0.21524152492573168 0.43981600860304254 
0.18875297350973305 0.634751406487785 
0.4147629921281058 0.1866932961928917 
0.053703698584561865 0.7177650068226689 
0.6362303033499187 -0.36949454373461915 
0.8356348509382729 -0.6640153644231843 
0.6295378910027511 -0.2948614092207439 
0.4346967859312594 -0.04190386924404525 
0.6223661394667199 -0.18892970908154166 
0.20388263675575194 0.5251837368072714 
0.030844102109937044 0.8018082029049979 
0.42617180681574945 0.03701472654744707 
0.001674106276534304 0.9625402951697996 
0.06746242338038316 0.6890553151040097 
0.018069712942699198 0.8597710856453896 
0.40988660377200514 0.23657259711241105 
0.827036259771315 -0.529264642258336 
0.08331718429365684 0.6727757390637777 
0.2106154789195644 0.4747218679299303 
0.6278040022524656 -0.2712507240734559 
0.2181927848073581 0.4173047650610426 
0.619453295807701 -0.14104960169991185 
0.23970877431409088 0.2859154259727464 
0.0032609392123882086 0.9463409755438119 
0.6256342077321516 -0.2393980773530275 
0.23512360841641547 0.30805922690727094 
0.42783136812477257 0.023189128408911852 
0.008395780705171094 0.9096771881783202 
0.2571577051249687 0.24490197338353067 
0.4150681700897186 0.16909318508222002 
0.059611604561706166 0.7019509259711688 
0.005634098492756756 0.9272683560951976 
0.41821755827119544 0.1287511623866535 
0.6527425930758212 -0.45684761168876314 
0.022271221054656877 0.8404745580711741 
0.8328048529647616 -0.6250523424609145 
0.2015106252370403 0.5461224172728488 
0.419774359724555 0.11008025036279546 
0.2451453127541106 0.2653273252839213 
0.6184405838444403 -0.12287362375673187 
0.4286203701293682 0.011997663687241839 
0.8310708726050406 -0.5981690120215365 
0.19798756233025916 0.5707579181732494 
0.41664668382699266 0.14882283215241293 
0.6244380560130026 -0.22168368468509836 
0.18319608780094487 0.6672433621642709 
0.4118610174751407 0.21055332185050737 
0.22538364503422087 0.37931570190132397 
0.22906024700386832 0.34334968915676817 
0.8395284749766289 -0.70838436588133 
0.42183120997616463 0.08708879169692028 
0.8374316205073467 -0.6856252880836297 
0.044510084656707194 0.7481381444047719 
0.6400457303737149 -0.40705830578757474 
0.6309078309896156 -0.31295620310123146 
0.8421207236702354 -0.7320718886024523 
0.014718424729326274 0.8762665896841595 
0.430138848077384 -0.002560037217183214 
0.6268312154543277 -0.25745514316391394 
0.6377675138565413 -0.38774036717693544 
0.1955061595885843 0.5929175827053524 
0.42339044544582055 0.06855309877632047 
0.6429061020783724 -0.4267741837487849 
0.45312894465023684 -0.12113272230895973 
