0.5443884967411831 3.862686127993171 
0.5835397096546888 2.998699927143718 
0.8687138299580915 1.1512697170172823 
0.5003610482943465 4.9923722781172115 
0.5625933337930067 3.4456535609769054 
0.6408935407147998 1.9297268825963592 
0.5835397096546888 2.998699927143718 
0.451930404380258 6.491261688316476 
0.6563301319246863 1.665742252163911 
0.6122282459610414 2.43452869273141 
0.5384322052893458 4.001597013325511 
0.3957539043448878 8.689339917382403 
0.5352355826171761 4.079231513549959 
0.48139749082646505 5.541225766301058 
0.6351677320231846 2.0214976501040165 
0.5798472298923403 3.072242724779321 
0.5224984275845418 4.397947398921508 
0.7611646807028002 1.3139389550516387 
0.4733823729390581 5.795303909340604 
0.4733823729390581 5.795303909340604 
0.5678432534400072 3.3277807318791495 
0.44930281589128357 6.5809950084120485 
0.520112767663529 4.459877089059755 
0.46351190491092276 6.1038035201022005 
0.6666537278193083 1.5002063762552849 
0.6517276573630094 1.741115284788915 
0.4137040085642268 7.92317802829957 
0.46840474835888585 5.945673300659075 
0.4258902603928927 7.437402735796921 
0.48139749082646505 5.541225766301058 
0.4634841863621699 6.104168556451721 
0.5224984275845418 4.397947398921508 
0.5507236228079541 3.7118610607825566 
0.5972411689748942 2.7206590488537357 
0.5003610482943465 4.9923722781172115 
0.4976720518223843 5.066383258242336 
0.4897608076982737 5.294455511106879 
0.6351677320231846 2.0214976501040165 
0.4024915484064108 8.395502900121656 
0.41884217465453155 7.71383318508719 
0.4410043007925206 6.872864646161029 
0.5090172501875532 4.752655276394555 
0.42941606072985766 7.3040668801176665 
0.46987163489920225 5.897974345416009 
0.43797234995127265 6.984902455509283 
0.4410043007925206 6.872864646161029 
0.38937755882778863 8.978658066934788 
0.48139749082646505 5.541225766301058 
0.4976720518223843 5.066383258242336 
0.45618664691416017 6.34476095060413 
0.4062430069890086 8.233053494934577 
0.5443884967411831 3.862686127993171 
0.4897608076982737 5.294455511106879 
0.4343870180999849 7.114708622751066 
0.5579471050308077 3.5472582102694243 
0.6408935407147998 1.9297268825963592 
0.5023996796802394 4.934397287447361 
0.6199582424685025 2.2917346262416665 
0.43246576909700685 7.187292697333588 
0.5926087111654188 2.8127067424602576 
0.5352355826171761 4.079231513549959 
0.5352355826171761 4.079231513549959 
0.45618664691416017 6.34476095060413 
0.581274856983425 3.0426899642081535 
0.5140581283139892 4.621218668852107 
0.5384322052893458 4.001597013325511 
0.5972411689748942 2.7206590488537357 
0.6563301319246863 1.665742252163911 
0.6064059807436917 2.545337075900281 
0.3925303734772315 8.833963552111873 
0.6168739766563978 2.3481067555470037 
0.48623808140776487 5.3962841505601675 
0.6517484032674893 1.7406943307495606 
0.5481660962708592 3.772056738568346 
0.6199582424685025 2.2917346262416665 
0.4098085667989448 8.086787714798893 
0.5579471050308077 3.5472582102694243 
0.5090172501875532 4.752655276394555 
0.5783342017883142 3.1048559583691473 
0.6372051115494366 1.9854837070682172 
0.38937755882778863 8.978658066934788 
0.5140581283139892 4.621218668852107 
0.4024915484064108 8.395502900121656 
0.41884217465453155 7.71383318508719 
0.5714069175241987 3.253572545988395 
0.4258902603928927 7.437402735796921 
0.44930281589128357 6.5809950084120485 
0.6064059807436917 2.545337075900281 
0.6351677320231846 2.0214976501040165 
0.5926087111654188 2.8127067424602576 
0.5625933337930067 3.4456535609769054 
0.6122282459610414 2.43452869273141 
0.5835397096546888 2.998699927143718 
0.5224984275845418 4.397947398921508 
