0.5443884967411831 1.1028018946012232 
0.5835397096546888 0.7498604848269818 
0.8687138299580915 1.239251848514228E-4 
0.5003610482943465 1.4979886265543625 
0.5625933337930067 0.9385017239657423 
0.6408935407147998 0.23674949439971316 
0.5835397096546888 0.7498604848269818 
0.451930404380258 1.9335985197389416 
0.6563301319246863 0.09327683211526383 
0.6122282459610414 0.49048723129277805 
0.5384322052893458 1.1545887045641143 
0.3957539043448878 2.438840198483971 
0.5352355826171761 1.1833498557852578 
0.48139749082646505 1.6675321800002851 
0.6351677320231846 0.2839900777067651 
0.5798472298923403 0.7814314335201848 
0.5224984275845418 1.2979206005360133 
0.7611646807028002 1.239251848514228E-4 
0.4733823729390581 1.7433947165066552 
0.4733823729390581 1.7433947165066552 
0.5678432534400072 0.8896578375252244 
0.44930281589128357 1.9568595886460147 
0.520112767663529 1.319639016230032 
0.46351190491092276 1.829185596804567 
0.6666537278193083 1.1817322888156567E-4 
0.6517276573630094 0.13473298575440856 
0.4137040085642268 2.2778505108755387 
0.46840474835888585 1.7849816062193602 
0.4258902603928927 2.167517387795363 
0.48139749082646505 1.6675321800002851 
0.4634841863621699 1.829185596804567 
0.5224984275845418 1.2979206005360133 
0.5507236228079541 1.0442095707539447 
0.5972411689748942 0.6248895907195288 
0.5003610482943465 1.4979886265543625 
0.4976720518223843 1.5213973514480401 
0.4897608076982737 1.5930168074422812 
0.6351677320231846 0.2839900777067651 
0.4024915484064108 2.379118961920478 
0.41884217465453155 2.23087866616421 
0.4410043007925206 2.0309628677218794 
0.5090172501875532 1.4191835198797218 
0.42941606072985766 2.13648362696755 
0.46987163489920225 1.7712908482741725 
0.43797234995127265 2.0591941426198153 
0.4410043007925206 2.0309628677218794 
0.38937755882778863 2.496087959652499 
0.48139749082646505 1.6675321800002851 
0.4976720518223843 1.5213973514480401 
0.45618664691416017 1.894395223527997 
0.4062430069890086 2.344620408483589 
0.5443884967411831 1.1028018946012232 
0.4897608076982737 1.5930168074422812 
0.4343870180999849 2.090537063287086 
0.5579471050308077 0.9791824492165896 
0.6408935407147998 0.23674949439971316 
0.5023996796802394 1.479039616628596 
0.6199582424685025 0.42077977108899406 
0.43246576909700685 2.1082580640776714 
0.5926087111654188 0.6668345175356567 
0.5352355826171761 1.1833498557852578 
0.5352355826171761 1.1833498557852578 
0.45618664691416017 1.894395223527997 
0.581274856983425 0.768639173789997 
0.5140581283139892 1.3755750194397787 
0.5384322052893458 1.1545887045641143 
0.5972411689748942 0.6248895907195288 
0.6563301319246863 0.09327683211526383 
0.6064059807436917 0.5435076258345903 
0.3925303734772315 2.4675990123947242 
0.6168739766563978 0.44848595190803225 
0.48623808140776487 1.623878852099506 
0.6517484032674893 0.13449475064279687 
0.5481660962708592 1.0677136172931991 
0.6199582424685025 0.42077977108899406 
0.4098085667989448 2.314034883409048 
0.5579471050308077 0.9791824492165896 
0.5090172501875532 1.4191835198797218 
0.5783342017883142 0.7956443923511121 
0.6372051115494366 0.2651603670419922 
0.38937755882778863 2.496087959652499 
0.5140581283139892 1.3755750194397787 
0.4024915484064108 2.379118961920478 
0.41884217465453155 2.23087866616421 
0.5714069175241987 0.859113859444588 
0.4258902603928927 2.167517387795363 
0.44930281589128357 1.9568595886460147 
0.6064059807436917 0.5435076258345903 
0.6351677320231846 0.2839900777067651 
0.5926087111654188 0.6668345175356567 
0.5625933337930067 0.9385017239657423 
0.6122282459610414 0.49048723129277805 
0.5835397096546888 0.7498604848269818 
0.5224984275845418 1.2979206005360133 
