0.399669312402773 8.526977219977466 
0.4074845302547873 8.211396729717036 
0.975911014913139 1.0246835876620792 
0.6312641483339708 2.134258810280188 
0.5233675109590299 4.423589829564973 
0.5576104904670207 3.5682775207105712 
0.40520468067319315 8.307250817185132 
0.7636789130799453 1.3094508475759192 
0.4416860401350234 6.856515601556559 
0.39020500598788876 8.969811627101146 
0.6397663809916742 1.945370215977688 
0.5318866356987546 4.2776814710611735 
0.5851870284875079 3.096626535014789 
0.7069891040904038 1.414448955873593 
0.46627293230297007 6.029672053165757 
0.5495941211376549 3.759948638738857 
0.4506178637109437 6.5757940578743845 
0.5648976263979185 3.3928563579320974 
0.592894299317927 2.8784915057317804 
0.5192149073335038 4.521527653452987 
0.48000064677562704 5.585538297324071 
0.8513271868613111 1.1751609529255986 
0.6239444572115357 2.300042244385452 
0.4016486498007666 8.433900541215 
0.8867008584674546 1.1277760641401513 
0.4715805377869665 5.847139833329456 
0.8110190511271532 1.2333944291912713 
0.4387721090065017 6.989170659546552 
0.39284218537081916 8.829968519137857 
0.5469924595345147 3.821048495299715 
0.41775710417807926 7.787228395647175 
0.7340738760277891 1.362260710627429 
0.570935152289249 3.276794453934258 
0.6592894951749917 1.6538171347613289 
0.6452201242527104 1.8758943002890875 
0.4102289437850712 8.123611202852995 
0.9999999999983092 1.000000000001827 
0.5445483999487822 3.866110364989641 
0.9216563251618196 1.0850775731078068 
0.535360679554041 4.100518374524315 
0.4468921772786555 6.6971039188416635 
0.5880028456452588 2.9838688870864045 
0.6028041373243186 2.625731967913293 
0.5513262344850296 3.7073903839241478 
0.4347994089380626 7.116691476822761 
0.42333684890279083 7.541298836681027 
0.5091686942259952 4.76883014129674 
0.5056025536882663 4.895597388286558 
0.4428694332996381 6.810998206099813 
0.6153343844133943 2.3781342774261334 
0.4919429425882094 5.255540815746214 
0.5007936897497267 4.98076778263091 
0.6490470232356299 1.7912058007337712 
0.4119843087748961 7.997460922645462 
0.4824113530769887 5.513853546824755 
0.4848770539443111 5.441869793360039 
0.6842267994561579 1.461503701485528 
0.6239616908680561 2.2198599982734835 
0.49518376362139055 5.148503501783045 
0.49808616138655826 5.059242796492659 
0.5399414207036083 3.978159609908148 
0.6357940375488492 2.034182662570129 
0.6625313455076981 1.5678003756302414 
0.5413978318859778 3.9325152047326917 
0.45699572824680834 6.327029498336226 
0.462760266355696 6.149843908999506 
0.5562888118970823 3.6453137257185944 
0.42660910957154125 7.470647403723051 
0.458959858640177 6.252973851637681 
0.3974217577521842 8.613821389234642 
0.5595127479932126 3.511899935621245 
0.6660401223492205 1.5141473769050036 
0.42728571415715966 7.397640058818337 
0.45579594699400994 6.451680823487276 
0.5972433288800246 2.727344943051397 
0.6101543914691162 2.494395545536759 
0.5257572265737678 4.349647015323506 
0.45285979173266777 6.5335153430069495 
0.51473996991353 4.603016894438374 
0.4779834757538961 5.645659614894183 
0.4755031741050051 5.798904186721968 
0.5762219571169134 3.161484669031892 
0.4043770938857626 8.376994681825192 
0.41487781321229933 7.8764425691129825 
0.47654204569637737 5.701418094085519 
0.512167494333302 4.6842328780782365 
0.42137510402884526 7.63558523500149 
0.4689954496730471 5.930730884834064 
0.48893976845833287 5.320242007837116 
0.5731998982001127 3.2192887076040764 
0.39586082009637047 8.720283487868164 
0.41936275154406777 7.718268408084366 
0.4316140717035984 7.222906928705804 
0.4304242112993926 7.267553952582493 
0.653371402962545 1.7225287242192946 
0.42869737192781737 7.332616342410308 
0.6068701309520826 2.557788850534716 
0.4868821023540799 5.382939803124881 
0.49326150251942213 5.195129548936506 
0.43670279865528416 7.033540433870219 
