0.399669312402773 2.4079711223825027 
0.4074845302547873 2.3460171391444433 
0.975911014913139 1.3610683760600928E-13 
0.6312641483339708 0.34728107019579646 
0.5233675109590299 1.315163198603099 
0.5576104904670207 0.9897089784458665 
0.40520468067319315 2.366136914649624 
0.7636789130799453 8.39117013720636E-12 
0.4416860401350234 2.028427225175524 
0.39020500598788876 2.500065399663237 
0.6397663809916742 0.24458246276503703 
0.5318866356987546 1.2752416062336271 
0.5851870284875079 0.8121056803608723 
0.7069891040904038 9.467881383409815E-11 
0.46627293230297007 1.8114728690548672 
0.5495941211376549 1.0664456676304044 
0.4506178637109437 1.9631702705624727 
0.5648976263979185 0.9166165033049285 
0.592894299317927 0.7066412043834486 
0.5192149073335038 1.3476445615934676 
0.48000064677562704 1.6810619953055888 
0.8513271868613111 4.464681634074961E-4 
0.6239444572115357 0.4350986097366832 
0.4016486498007666 2.3874647649329592 
0.8867008584674546 4.232119300839887E-9 
0.4715805377869665 1.7573973471170987 
0.8110190511271532 3.0637962822176873E-4 
0.4387721090065017 2.066653150495603 
0.39284218537081916 2.4687841298136517 
0.5469924595345147 1.0900847144446475 
0.41775710417807926 2.253169984138874 
0.7340738760277891 1.0647143323244679E-11 
0.570935152289249 0.8708371405775218 
0.6592894951749917 0.09034426388854769 
0.6452201242527104 0.2103647535174763 
0.4102289437850712 2.332540443466956 
0.9999999999983092 1.3610683760600928E-13 
0.5445483999487822 1.1052842132805114 
0.9216563251618196 6.860854604684441E-5 
0.535360679554041 1.1952563035091683 
0.4468921772786555 1.992883351752567 
0.5880028456452588 0.7545233966391572 
0.6028041373243186 0.5828020937628579 
0.5513262344850296 1.0439815801349086 
0.4347994089380626 2.0943332477170844 
0.42333684890279083 2.1925096861548283 
0.5091686942259952 1.4281390160296294 
0.5056025536882663 1.4752265413472911 
0.4428694332996381 2.016382915740276 
0.6153343844133943 0.46334779165240203 
0.4919429425882094 1.585426213790631 
0.5007936897497267 1.4943370756502978 
0.6490470232356299 0.1625767929686471 
0.4119843087748961 2.2948284101703336 
0.4824113530769887 1.6599455501920832 
0.4848770539443111 1.6386377933529523 
0.6842267994561579 6.077093732750893E-11 
0.6239616908680561 0.3851075980130829 
0.49518376362139055 1.549455341030837 
0.49808616138655826 1.5199388240276246 
0.5399414207036083 1.1479731515595177 
0.6357940375488492 0.2933212081473306 
0.6625313455076981 0.0387168923537784 
0.5413978318859778 1.129055205700921 
0.45699572824680834 1.8914254532312023 
0.462760266355696 1.8459034053745658 
0.5562888118970823 1.0278472414721234 
0.42660910957154125 2.1870462368252372 
0.458959858640177 1.8698639950283538 
0.3974217577521842 2.4233200374729926 
0.5595127479932126 0.9649527836566293 
0.6660401223492205 0.00848290416855996 
0.42728571415715966 2.160905915609806 
0.45579594699400994 1.9406499706444769 
0.5972433288800246 0.6288885727921177 
0.6101543914691162 0.5219663961702551 
0.5257572265737678 1.2868583513513534 
0.45285979173266777 1.9587663975163165 
0.51473996991353 1.369356777754679 
0.4779834757538961 1.6985320056505242 
0.4755031741050051 1.7573973471170987 
0.5762219571169134 0.821716883384674 
0.4043770938857626 2.3874647649329592 
0.41487781321229933 2.267761268965859 
0.47654204569637737 1.716965441925854 
0.512167494333302 1.399111816039002 
0.42137510402884526 2.217445522719868 
0.4689954496730471 1.7814857982225807 
0.48893976845833287 1.6012778954541758 
0.5731998982001127 0.8452959594754291 
0.39586082009637047 2.452018572980329 
0.41936275154406777 2.236754276769912 
0.4316140717035984 2.1175082690348446 
0.4304242112993926 2.128131178116103 
0.653371402962545 0.12545100918644336 
0.42869737192781737 2.1434733553462637 
0.6068701309520826 0.5522456546717801 
0.4868821023540799 1.6208570481908988 
0.49326150251942213 1.5625574070914685 
0.43670279865528416 2.071566791926226 
