1.5150781084418792 0.4707735815966213 
1.4991104574994514 0.5694550436407787 
1.4990911829675133 0.6634232944036327 
1.5150686244626097 0.4900879944236199 
0.662759154185569 0.916748160652672 
1.5150763812978372 0.47973385628690124 
0.6643724000919957 0.8894892170386143 
1.5150781084418792 0.4707735815966213 
1.515092091266995 0.4692336286045976 
1.5150758878802166 0.4879767321776921 
1.5150668568158123 0.49574857523979693 
1.514468780926136 0.5332116819299023 
1.5144726292926542 0.5242491452905822 
1.5150763921037307 0.4797111331925443 
1.5150763812978372 0.47973385628690124 
1.497764259677486 0.779055124065705 
0.6626520142647513 0.9917362319565488 
1.4990911829675133 0.6634232944036327 
1.5150763812978372 0.47973385628690124 
1.515092091266995 0.4692336286045976 
0.6646946261388612 0.8302518814989891 
0.6646946261388612 0.8302518814989891 
1.5150670402227138 0.4940987238514414 
0.662880786289761 0.9029188767586066 
0.6643587983428529 0.8903170715666405 
1.5150763812978372 0.47973385628690124 
0.6643724000919957 0.8894892170386143 
1.5144774798977227 0.5183861019631628 
1.5150668568158123 0.49574857523979693 
0.662883108674243 0.9027887602800511 
0.6626902846489846 0.9782136628653479 
0.6626902846489846 0.9782136628653479 
1.5150763812978372 0.47973385628690124 
0.6643724000919957 0.8894892170386143 
1.515075890978531 0.4805088541121782 
0.6626918139140413 0.9252894937494662 
1.4990911829675133 0.6634232944036327 
1.5144774798977227 0.5183861019631628 
0.662880786289761 0.9029188767586066 
-3.141592653478002 1.0602929151325868 
1.5144718827835213 0.5294712369396505 
0.6643724000919957 0.8894892170386143 
0.662759154185569 0.916748160652672 
0.664378150659953 0.889378358227956 
1.5150763812978372 0.47973385628690124 
1.497764259677486 0.779055124065705 
1.5144824646189805 0.5096554142656917 
0.6628717512374315 0.9044410030233226 
1.5144845610053639 0.4984531508244379 
1.5144558197214673 0.5378000143415621 
0.6646653566029367 0.8388108698499174 
1.4990911829675133 0.6634232944036327 
1.4990911829675133 0.6634232944036327 
0.6646946261388612 0.8302518814989891 
0.6628846781252223 0.9024179282477136 
0.662883108674243 0.9027887602800511 
1.4991104574994514 0.5694550436407787 
0.6627278430729131 0.9237653033813464 
1.5150668568158123 0.49574857523979693 
1.5144845610053639 0.4984531508244379 
0.662759154185569 0.916748160652672 
1.498233370985962 0.7103946890405005 
0.662880786289761 0.9029188767586066 
1.5150668568158123 0.49574857523979693 
1.5150763812978372 0.47973385628690124 
0.6643587983428529 0.8903170715666405 
-3.141592653478002 1.0602929151325868 
1.5150764047303729 0.47807688308233626 
1.5144558197214673 0.5378000143415621 
1.5150686244626097 0.4900879944236199 
1.498233370985962 0.7103946890405005 
1.5144558197214673 0.5378000143415621 
1.5150781084418792 0.4707735815966213 
1.5144558197214673 0.5378000143415621 
1.514485384194573 0.49579374185194375 
1.5150696350718151 0.48849965795027794 
1.4990911829675133 0.6634232944036327 
0.6646946261388612 0.8302518814989891 
1.5144718827835213 0.5294712369396505 
0.6643587983428529 0.8903170715666405 
0.6643724000919957 0.8894892170386143 
0.6647875211381385 0.8143605580030409 
1.514485384194573 0.49579374185194375 
1.5150762130761046 0.4800467815297723 
-3.141592653589793 1.0796819811635934 
1.5150758878802166 0.4879767321776921 
1.514485384194573 0.49579374185194375 
1.4990911829675133 0.6634232944036327 
1.5150918293915527 0.4694329405717102 
1.498233370985962 0.7103946890405005 
0.6646946261388612 0.8302518814989891 
1.4990911829675133 0.6634232944036327 
1.497764259677486 0.779055124065705 
1.5150758878802166 0.4879767321776921 
0.6643724000919957 0.8894892170386143 
0.6646946261388612 0.8302518814989891 
1.515092091266995 0.4692336286045976 
1.515092091266995 0.4692336286045976 
