2.9996593580212205 0.09475150190028472 
-3.141592653589793 1.019208003917004 
2.9996593580212205 0.09475150190028472 
1.3540341290410507 0.9110855312982313 
2.868641813354772 0.28555252080011273 
2.868634164798922 0.47642431970437993 
1.3607234283519025 0.8717322358149494 
1.365863599250835 0.6678144495877482 
1.3649796942623935 0.7860801061173353 
2.8691082988411094 0.22331652777255334 
1.3649369195068901 0.7895497205934987 
2.8772740217800243 0.17687894327589188 
2.8690958597024805 0.28012464027593814 
1.389725067399231 0.6301838845640583 
2.8773681896447973 0.14769919736129555 
2.8773681896447973 0.14769919736129555 
2.8651985711939054 0.5266367288133891 
2.8652368128532326 0.4927111233538518 
2.8652032586030085 0.5222337705823005 
1.3679799691324936 0.643305935874331 
2.8652368128532326 0.4927111233538518 
2.868634164798922 0.47642431970437993 
1.3679394846421258 0.6616077107235352 
1.3679514759800093 0.651098077979531 
1.3679514759800093 0.651098077979531 
1.3658727489064788 0.6642129540541317 
2.8652032586030085 0.5222337705823005 
1.3649705446067497 0.7867908625211864 
1.3649796942623935 0.7860801061173353 
2.9996593580212205 0.09475150190028472 
2.8773681896447973 0.14769919736129555 
2.8652368128532326 0.4927111233538518 
1.3679514759800093 0.651098077979531 
2.8652032586030085 0.5222337705823005 
1.3649796942623935 0.7860801061173353 
2.8773681896447973 0.14769919736129555 
2.8652368128532326 0.4927111233538518 
2.8652032586030085 0.5222337705823005 
1.3649796942623935 0.7860801061173353 
2.8773681896447973 0.14769919736129555 
2.8773681896447973 0.14769919736129555 
2.8773681896447973 0.14769919736129555 
2.8652032586030085 0.5222337705823005 
2.8773681896447973 0.14769919736129555 
1.5159468590202372 0.5886912779739558 
2.8640910749515314 0.5600974116975794 
1.3649369195068901 0.7895497205934987 
2.8652032586030085 0.5222337705823005 
1.3540341290410507 0.9110855312982313 
