2.9996593580212205 -4.949720477907245 0.7073454888501644 
-3.141592653589793 -4.999999999999308 6.989297466268411E-6 
2.9996593580212205 -4.949720477907245 0.7073454888501644 
1.3540341290410507 1.0546942482639359 4.886281219557381 
2.868641813354772 -4.814998142881029 1.3442092238635543 
2.868634164798922 -4.814801809378782 1.3060212102191795 
1.3607234283519025 1.0546942482639359 4.886281219557381 
1.365863599250835 1.0171874918565682 4.896859902181046 
1.3649796942623935 1.0171874918565682 4.896859902181046 
2.8691082988411094 -4.81550839195044 1.3442092238635543 
1.3649369195068901 1.017163863463239 4.896854757869732 
2.8772740217800243 -4.826389446328381 1.3060248094306501 
2.8690958597024805 -4.814969788540432 1.3442092238635543 
1.389725067399231 0.900560759560101 4.917317969122959 
2.8773681896447973 -4.826614867566551 1.3058010787199403 
2.8773681896447973 -4.826614867566551 1.3058010787199403 
2.8651985711939054 -4.81497884833646 1.3442092238635543 
2.8652368128532326 -4.814840159567128 1.3502850392198666 
2.8652032586030085 -4.814629932533566 1.3442092238635543 
1.3679799691324936 1.0081144929727357 4.897725584374207 
2.8652368128532326 -4.814840159567128 1.3502850392198666 
2.868634164798922 -4.814801809378782 1.3060212102191795 
1.3679394846421258 1.0081144929727357 4.896861618244447 
1.3679514759800093 1.0078788669539456 4.896934134178771 
1.3679514759800093 1.0078788669539456 4.896934134178771 
1.3658727489064788 1.0171874918565682 4.896859902181046 
2.8652032586030085 -4.814629932533566 1.3442092238635543 
1.3649705446067497 1.0171874918565682 4.896859902181046 
1.3649796942623935 1.0171874918565682 4.896859902181046 
2.9996593580212205 -4.949720477907245 0.7073454888501644 
2.8773681896447973 -4.826614867566551 1.3058010787199403 
2.8652368128532326 -4.814840159567128 1.3502850392198666 
1.3679514759800093 1.0078788669539456 4.896934134178771 
2.8652032586030085 -4.814629932533566 1.3442092238635543 
1.3649796942623935 1.0171874918565682 4.896859902181046 
2.8773681896447973 -4.826614867566551 1.3058010787199403 
2.8652368128532326 -4.814840159567128 1.3502850392198666 
2.8652032586030085 -4.814629932533566 1.3442092238635543 
1.3649796942623935 1.0171874918565682 4.896859902181046 
2.8773681896447973 -4.826614867566551 1.3058010787199403 
2.8773681896447973 -4.826614867566551 1.3058010787199403 
2.8773681896447973 -4.826614867566551 1.3058010787199403 
2.8652032586030085 -4.814629932533566 1.3442092238635543 
2.8773681896447973 -4.826614867566551 1.3058010787199403 
1.5159468590202372 0.2743143457584427 4.992978605568575 
2.8640910749515314 -4.814464320840145 1.3442092238635543 
1.3649369195068901 1.017163863463239 4.896854757869732 
2.8652032586030085 -4.814629932533566 1.3442092238635543 
1.3540341290410507 1.0546942482639359 4.886281219557381 
