0.6004649821189181 0.5978963037998903 
0.5922434978313476 0.6759664137358868 
0.5098681698590556 1.4588220029599706 
0.8204868716904875 3.7018466765340735E-4 
0.45090380741246217 1.9461049562988326 
0.4913123181359143 1.6678767442442046 
0.5881987894242007 0.7150749448777947 
0.6228505474046158 0.3943620145490735 
0.4145276566661491 2.2754756276331576 
0.6145739682846469 0.47095061415330153 
0.6568387744487114 0.16691965621358062 
0.8781369128011604 2.1791343728615187E-8 
0.6055675322904662 0.5779884147398059 
0.9999999949146021 2.5619087407058316E-10 
0.5745972844693754 0.8497344370396915 
0.8664136702038108 0.02204489330052084 
0.6592057001879813 0.06820927314780922 
0.4918261054189711 1.6455160521528305 
0.5374172868918353 1.1763460074532888 
0.497068245237054 1.5773583997363563 
0.932625997063792 9.423619185817689E-4 
0.9691400841676274 7.069998758476859E-4 
0.4184849105737061 2.2406514296440037 
0.4258871866127584 2.2070485654340897 
0.3976233484063195 2.4499625239619913 
0.6902102295507393 6.627786096856381E-9 
0.4574662456661351 1.9110015692147442 
0.3954313609259999 2.4626094275647445 
0.5101127800141811 1.437522369623502 
0.6103406136680174 0.5545277905882157 
0.6195904990206516 0.4512154660365719 
0.4628166663578376 1.8402095965365002 
0.5614343904295885 0.9598262477141662 
0.48548336843807666 1.686491342310354 
0.5798599040172032 0.80173219575231 
0.4710760543580242 1.764927245541917 
0.3938006683824202 2.4812901540175605 
0.4267475786267267 2.17429005958023 
0.6435435863492674 0.20834182134542148 
0.47588630818969263 1.7512212791422137 
0.5719572000566586 0.8951904790814865 
0.4992589237195866 1.5131288230630782 
0.5465566561956762 1.0932539387145561 
0.4796948978648001 1.686491342310354 
0.7137023611232683 2.393312973238265E-7 
0.5175852877229896 1.3549504929535743 
0.4918465927053083 1.5796593629340623 
0.44145572507547404 2.0375015647413077 
0.6685508119606091 2.340152075332297E-7 
0.40450713539707644 2.3659863587129926 
0.7429905765757792 5.15014151204879E-8 
0.5109885971379393 1.404720463805354 
0.4094007333803398 2.336265576079152 
0.39147755798093387 2.4812901540175605 
0.5333117724151307 1.2116111554386932 
0.4448657261659304 1.9989893205723588 
0.504622750977052 1.4588220029599706 
0.5273110210113948 1.2653673872165583 
0.46008594171712164 1.8612081063479764 
0.4554125898225419 1.9363780420968442 
0.3987073718742455 2.4269457534300978 
0.41716159920939094 2.2754756276331576 
0.6114803730670677 0.49779061333623364 
0.4336548519013525 2.130108644334072 
0.4780680069278969 1.725953284400802 
0.6332873013089739 0.30318738025770103 
0.4380465231752605 2.060062954931045 
0.56306650885559 0.9343316644403268 
0.5410953426837554 1.1343188504957307 
0.7698409821513066 5.1881299502474E-6 
0.5568370251823158 0.9961497767658082 
0.42976227521583565 2.1369611587029107 
0.44907607859039145 1.9642276317355536 
0.5147627862966423 1.3853801830451473 
0.4584377189222162 1.876536344556592 
0.41021418997301384 2.317540642337836 
0.4055747138588371 2.3522844353553536 
0.5220820428681912 1.3060044182565556 
0.4431253400960079 2.0152085740640824 
0.5293516917770421 1.238621159490585 
0.3994943803066092 2.4057221784991287 
0.5668140707468076 0.9024250136287854 
0.5812723086060425 0.7700060863009087 
0.4466785751326554 1.9811674911513861 
0.5243110294833889 1.2820931685989048 
0.41190174650050276 2.296337401552558 
0.6633189762237006 0.032421420083686536 
0.5195338508229418 1.3247734322492413 
0.42791360776741966 2.1540791501875773 
0.40159460197766883 2.3858334982039744 
0.4682544022486657 1.805651465209413 
0.6285930831848793 0.3503346190304 
0.6373290767780498 0.26466348033866194 
0.4649001938916282 1.8162798523362524 
0.5959309092471623 0.641265512394398 
0.5506022105678868 1.0484523816271563 
0.43431177507435426 2.098848066536595 
0.4354317600355103 2.083956725070625 
0.42024170731497446 2.219647534081069 
0.4070941001043765 2.336265576079152 
