0.4172718013715858 0.14090857660041053 
0.6457425455246132 -0.44180127490666354 
0.0027291553764235837 0.9523947956131861 
0.8290807765899062 -0.5646517279056157 
0.42907380118129607 0.008467581518412372 
0.4271508540836727 0.029442657265920078 
0.8280905087667567 -0.5472038949749913 
0.6215156126052783 -0.173039915197934 
2.4735040838469446E-11 1.0046824356091255 
0.6251990097153997 -0.23364887557994074 
0.010993364337543998 0.8947639801129302 
0.4308552089702228 -0.009176666253061221 
0.20010145058779283 0.56054825144112 
0.41332738639276 0.19180631508256843 
0.4429069765248025 -0.09451017341715319 
0.8318294243027422 -0.6097255160571191 
0.22456751249818996 0.3729566267120755 
0.6223088378952941 -0.1872672248033666 
0.22223578781426423 0.3889710391609889 
0.6276693760832938 -0.2688697619846762 
0.21311409420369148 0.4569764316529072 
0.43470445739340313 -0.04099530801644883 
0.08516496133412685 0.6733232414364373 
0.44625263660607345 -0.10758316933935662 
0.43280465810783114 -0.02593206589097426 
0.06668737957389359 0.6899722848532928 
0.6288138373006135 -0.28397870949499904 
0.6352672114023766 -0.3589572050847258 
0.8247189575476547 -0.4823218519350566 
0.4107585811915006 0.22581057224164813 
0.22036222468424144 0.4030996152179858 
0.18294534052894307 0.6704985805564211 
0.6405110651889839 -0.4083475387624795 
0.05882102080292434 0.7052581486422367 
0.1890694635732837 0.6326783601723661 
0.013543419037401583 0.8820972137855148 
0.22721852071290533 0.3546892951120393 
0.21828249971749397 0.4203107365881436 
0.6264187934818821 -0.2503801852688922 
0.017504173304859316 0.863190742197663 
0.8234164710830939 -0.45763416196506107 
0.03615302097340928 0.7811247603086998 
0.007997596570097729 0.9131734014568507 
0.04582953820353464 0.7538422230245636 
0.23970221793084423 0.28831582362991776 
0.4144080368960528 0.1784261419104094 
0.0052454574576791604 0.9312248222452614 
0.6204365962975729 -0.15536925867054177 
0.4368736031798136 -0.057797310891586885 
0.6541134321994373 -0.4555951873005411 
0.4187363826587691 0.12338052389111259 
0.022598102557322308 0.8397739043945962 
0.4155204904241928 0.1635553658972252 
0.20882239837492733 0.4893061526629417 
0.8420099209206587 -0.7305215367065186 
0.8317670770593819 -0.5883126261671556 
0.8374751581762329 -0.686765850172012 
0.8270337124158758 -0.5252513461836033 
3.294105058666008E-4 0.986876513236506 
0.4119854085273139 0.20964116755173703 
0.2463719060224508 0.2626230072668761 
0.6329877695940225 -0.33817125260560793 
0.852636049735036 -0.7714083400988472 
0.20648718106925032 0.5070067906189761 
0.25679319408186896 0.24533255918097263 
0.6311186617129365 -0.31498878865282587 
0.23181894025573796 0.32868264199246283 
0.039956648721842514 0.7662173428668941 
0.8356785556826961 -0.6571591165193699 
0.22949946451558248 0.34087961315845394 
0.8453481287235125 -0.7512461777215597 
0.20207931168742102 0.539318013391997 
0.6184818853707201 -0.12242617775833232 
0.4233452738127612 0.06879900935056427 
0.1970434870540964 0.5797687810493319 
0.42242251871283665 0.08494982226713144 
0.054581724787706856 0.7177071872426082 
0.45531260197887924 -0.12168697823308748 
0.6302026041518874 -0.30187348762649746 
0.02940063683571975 0.8092916310630431 
0.6427212949963348 -0.42248238243661945 
0.21487818303958023 0.4434933233849371 
0.8257319546420245 -0.503677640333717 
0.42049794021737036 0.10433714476387873 
0.191228090242406 0.617276309528403 
0.21061146107158896 0.4745449219157897 
0.001067361664711497 0.970790953387579 
0.6237876387332948 -0.2081043433756918 
0.23437410582946105 0.31428451215384023 
0.19346897509414468 0.6032347578114575 
0.2041813408653846 0.5240700168194025 
0.6370244827390573 -0.3799407753334437 
0.18629427625885953 0.6495926676035835 
0.8396901591391125 -0.7065130950249714 
0.43942819934245597 -0.07544282896111261 
0.42504045122174083 0.04999150558269599 
0.049976776699387854 0.7334098575017384 
0.6193752129123195 -0.1376934597060253 
0.8335227384135608 -0.6339386925771575 
0.40943200453644407 0.2438289132922703 
