0.41546128428086637 7.89801784026948 
0.5470796664327052 3.809241474489747 
0.9999999999942191 1.0000000006843466 
0.6492558587987357 1.8923932875000922 
0.4007940666426989 8.47049296248791 
0.5842691766226349 2.98528150200266 
0.4508767961867455 6.534532224812693 
0.7629910336742903 1.3106359816912987 
0.4031085119943709 8.369235056121594 
0.8567056701079359 1.1729298227086107 
0.4535238279242818 6.453682548118933 
0.691165927581153 1.4468544239656078 
0.7900749627575931 1.2657063619460163 
0.7360323278108286 1.3586391306982923 
0.49014832575583356 5.3186492058292325 
0.43349197545465595 7.212311951596336 
0.39538493902602045 8.750998828702615 
0.47231417247148005 5.82417421195412 
0.5085787667894147 4.831307418307081 
0.5438643377918967 3.89120104150185 
0.49574181728264055 5.151611182180319 
0.4395646582761395 6.929093039346383 
0.5555593093467289 3.6080436129485065 
0.5762194558091438 3.2390984527045736 
0.6501897326895462 1.7910624531057826 
0.6627949240864803 1.6255992027300465 
0.6271280605524743 2.181170722601348 
0.42450066109273354 7.490116256971599 
0.7130210591932447 1.4024863769861273 
0.5194674434486453 4.502629696363579 
0.8190017228650524 1.2210174978036394 
0.6324795047158411 2.0711748552431506 
0.43011803250711245 7.300760198504503 
0.43066160443615636 7.2597123200385205 
0.602467921164316 2.6247634084711065 
0.4620763314588377 6.198479881292946 
0.4056593425128229 8.286688582107434 
0.9361615432918385 1.0681917103656975 
0.5100998403898032 4.723373862146042 
0.39281344211816505 8.821031504748033 
0.43452939614418556 7.111046330993696 
0.6019080885518527 2.7167007491836226 
0.40834259616092133 8.174593137349211 
0.594022614792346 2.8109079001264328 
0.4111618065778204 8.056906210778395 
0.9658701496806228 1.03533585803259 
0.6552225898174668 1.6960892952540236 
0.5504048189455263 3.753821021965068 
0.5260126073711512 4.313090097773501 
0.5521309515929823 3.69291438948301 
0.4777056851475005 5.662314797274695 
0.45569226884216335 6.361926957345434 
0.5376542972473469 4.032232025139202 
0.42191537811337027 7.594379527381352 
0.46061863100245726 6.293885514555741 
0.8875577165192442 1.1266873189039814 
0.42763948381838884 7.384753036904801 
0.47698264494976567 5.7503928898040275 
0.49137020311164437 5.248430338379033 
0.6128160427683623 2.5041448485925426 
0.4866112306924238 5.414582005151525 
0.5632141810662041 3.431717689788828 
0.5693012098889282 3.2970089999928684 
0.6666995435417666 1.4999262154220203 
0.6628245516759799 1.560943220820417 
0.5596582439106568 3.5533200405471512 
0.4371207943065794 7.015226810188976 
0.39107694887438677 8.904162814912821 
0.41218971727574105 7.996312262671635 
0.6365970774617667 1.9966911617879024 
0.4091170603103457 8.128006658600604 
0.5788219769580611 3.094395669083259 
0.6162423541836238 2.395057059449259 
0.44579829414023586 6.786706940903166 
0.46783384882741996 5.972842194612436 
0.47013013717157065 5.89748096669191 
0.5158425212683357 4.587542419042616 
0.4626555843856246 6.130284958930638 
0.6204437883496299 2.28749140635401 
0.4977265405382676 5.08097108499913 
0.44201513439720075 6.844793631807124 
0.4160392736775034 7.852101500042794 
0.5885311449703939 2.8958311759352466 
0.4466022244141463 6.7151315334768 
0.4180970458336889 7.742630500896514 
0.48265257388489696 5.508951654656839 
0.5129301589737242 4.651009352842079 
0.39546495248057756 8.711768151790146 
0.5602254316137868 3.496281610265475 
0.479491758690459 5.599158029493003 
0.39908307838917856 8.544223783178364 
0.4653858721551583 6.043948386219938 
0.5329693399122931 4.134541629215946 
0.5010926994309003 4.984812654178185 
0.5303575820986819 4.235610821390112 
0.5218729946499152 4.415100735420121 
0.44845699704661546 6.62519355013207 
0.50336892783986 4.908042852719848 
0.39750891397336097 8.618458867629888 
0.5663119027478115 3.363862717323131 
