0.41546128428086637 2.2813206351915527 
0.5470796664327052 1.083958555225477 
0.9999999999942191 6.785656086562163E-10 
0.6492558587987357 0.22864742906083507 
0.4007940666426989 2.3949233209038914 
0.5842691766226349 0.744207965161877 
0.4508767961867455 1.9462689541025933 
0.7629910336742903 3.502441362234854E-6 
0.4031085119943709 2.373709890004301 
0.8567056701079359 0.004855629753162782 
0.4535238279242818 1.9268988134310312 
0.691165927581153 1.648001508414154E-5 
0.7900749627575931 2.9067765474492167E-6 
0.7360323278108286 2.3220227448605968E-6 
0.49014832575583356 1.6069270035197925 
0.43349197545465595 2.1264793554927204 
0.39538493902602045 2.46001313830336 
0.47231417247148005 1.7508400232488448 
0.5085787667894147 1.457100368783166 
0.5438643377918967 1.1162854776515423 
0.49574181728264055 1.5538690893876435 
0.4395646582761395 2.0457844140038697 
0.5555593093467289 1.0044822177025485 
0.5762194558091438 0.866431547729669 
0.6501897326895462 0.16453041761513165 
0.6627949240864803 0.07743890016850408 
0.6271280605524743 0.36787336499882206 
0.42450066109273354 2.179559302745875 
0.7130210591932447 2.3220227448605968E-6 
0.5194674434486453 1.3389695371659385 
0.8190017228650524 1.543434955593271E-5 
0.6324795047158411 0.30997564662409194 
0.43011803250711245 2.1401886123869924 
0.43066160443615636 2.1264793554927204 
0.602467921164316 0.5813357542497519 
0.4620763314588377 1.8641708441692564 
0.4056593425128229 2.361572641826218 
0.9361615432918385 1.07500030724323E-10 
0.5100998403898032 1.4093922531820642 
0.39281344211816505 2.465019748412852 
0.43452939614418556 2.0899586681600173 
0.6019080885518527 0.6352041551085007 
0.40834259616092133 2.3380345842644275 
0.594022614792346 0.669742860773566 
0.4111618065778204 2.3126921130517064 
0.9658701496806228 1.6765357953305092E-10 
0.6552225898174668 0.11131602059802348 
0.5504048189455263 1.0661211799485937 
0.5260126073711512 1.2687397681565327 
0.5521309515929823 1.0389723360166716 
0.4777056851475005 1.7049199697529385 
0.45569226884216335 1.8990809294008617 
0.5376542972473469 1.167946875814464 
0.42191537811337027 2.2041855098315413 
0.46061863100245726 1.8990809294008617 
0.8875577165192442 2.3997607128177126E-8 
0.42763948381838884 2.1580119768282486 
0.47698264494976567 1.7428376100790515 
0.49137020311164437 1.5789222813866217 
0.6128160427683623 0.5345801366332619 
0.4866112306924238 1.6347964132118349 
0.5632141810662041 0.9327920683048208 
0.5693012098889282 0.8769912127106252 
0.6666995435417666 1.231681906131959E-7 
0.6628245516759799 0.03463149053195288 
0.5596582439106568 0.9886448539451625 
0.4371207943065794 2.0665015155106166 
0.39107694887438677 2.4822128259368768 
0.41218971727574105 2.2959976907991626 
0.6365970774617667 0.2710877581879182 
0.4091170603103457 2.325306190349595 
0.5788219769580611 0.7911042186692343 
0.6162423541836238 0.4759356007191189 
0.44579829414023586 2.02550237708433 
0.46783384882741996 1.7942977523443497 
0.47013013717157065 1.7725835358375948 
0.5158425212683357 1.3664494478643827 
0.4626555843856246 1.8362105701244587 
0.6204437883496299 0.41925983397550465 
0.4977265405382676 1.528934160711585 
0.44201513439720075 2.02550237708433 
0.4160392736775034 2.2667826049198387 
0.5885311449703939 0.704286837614133 
0.4466022244141463 1.9989926800843163 
0.4180970458336889 2.2371709394066475 
0.48265257388489696 1.658909695527585 
0.5129301589737242 1.3856429667415655 
0.39546495248057756 2.4451989781694987 
0.5602254316137868 0.9587058741543212 
0.479491758690459 1.684750130747405 
0.39908307838917856 2.4098551298368545 
0.4653858721551583 1.8127681909817277 
0.5329693399122931 1.2035839229631193 
0.5010926994309003 1.4978532290394575 
0.5303575820986819 1.2463883139434717 
0.5218729946499152 1.3041218424747414 
0.44845699704661546 1.9711144043448336 
0.50336892783986 1.4705562685656774 
0.39750891397336097 2.425914224595639 
0.5663119027478115 0.9049954960296859 
