-1.1513804299615318 -1.1510107330312498 -1.1541019187151693 
-5.270524574257918E-4 1.60612572864601E-4 -1.4251076520767667E-4 
-1.1513804299615318 -1.1510107330312498 -1.1541019187151693 
-1.1530200214688504 9.973485197905037E-5 -2.0099451812279274E-4 
-0.5116308420978137 1.3214748758008155E-4 -1.1063338178581201 
-0.48093418209003347 9.836056268624244E-5 -1.9467563272521324E-4 
-0.8143786670210673 1.584570071649046E-4 0.002738270820002553 
-1.1537044861677126 1.0089070658878866E-4 -1.1539531968383243 
-1.1203861307955658 -0.5253603274917682 -1.1106969112794032 
-0.7895421896313995 1.557876616176397E-4 -1.938676492535305E-4 
-1.0762350030650452 -0.7251309069384052 -1.0537672012343937 
-0.8461694817113288 1.558056777575968E-4 -1.9376526015772169E-4 
-1.0466501403969917 -0.9970253948643276 -1.0431650188449346 
-0.9887025958690121 9.404242590892132E-5 -0.8644944064455689 
-0.9792741455282847 -0.009524646247033308 -0.9812911217389396 
-1.0856267476369594 0.0028678763471128533 -0.6067816641654051 
-1.1021571284698573 -0.0031834509022691023 -1.1076234519881867 
-0.5580380561970089 -1.7588580928807658E-4 -2.0122814812431047E-4 
-0.9792741455282847 0.0021329431171027147 -0.9587132167114003 
-1.0138275858044776 1.3843646449740053E-4 -0.873009708916956 
-0.6081898565561674 1.5580508138872485E-4 -1.9376526015772169E-4 
-1.1007454375469004 -0.8975831450459748 -1.1011925704783123 
-1.0077570326073648 9.198711503479782E-5 0.006293362678634673 
-0.7266898519891938 9.402141627344235E-5 -1.899689677126244E-4 
-1.0440429628246746 -1.0097618390424228 -1.0458599244073976 
-1.0075828429051799 -0.8070696406452152 -1.079190345552281 
-0.9418630872946474 1.6207658176406708E-4 -1.4191268754331317E-4 
-1.0459831760846983 -1.0349386138181684 -1.0458599244073976 
-1.1419526205874635 -1.1095994971600631 -1.1458860625819367 
-0.954479575175418 1.0981544297965524E-4 9.717001205721527E-5 
-1.1022048048337116 -1.0396352421747208 -1.079190345552281 
-1.0866575766634587 -1.0570473668066178 -1.110975344595773 
-1.1121728471009735 1.6437128775737556E-4 -1.060668569816164 
-1.1383581728752454 -1.0669665014015481 -1.1576989442616956 
-0.7612819746646133 1.5556946615656483E-4 -1.4317592446688515E-4 
-1.075143597057757 -0.9100992955891368 -1.0919851833206815 
-0.005179503272935149 -4.890216502434486E-7 -0.9880148837947735 
-0.7073798348977439 1.6207658176406708E-4 -1.4251076520767667E-4 
-0.862698851650368 9.44288367930628E-5 -1.9376526015772169E-4 
-0.6722687480982015 1.0319091480616525E-4 -1.3146608993356906E-4 
-1.0609747346510723 1.6086984713074653E-4 -5.630340572147577E-4 
-1.0479032794330487 -0.9067567495136857 -1.0806409988658296 
-1.0865970925273065 1.5517788055911837E-4 -5.63807742371044E-4 
-0.8783603815264966 9.459120739114575E-5 0.010349561017783837 
-1.1513804299615318 -1.0435441587776895 -1.1541216645929444 
-0.9685464704323825 1.6437128775737556E-4 -1.0643785735733093 
-0.9687805262116645 9.191012484580373E-5 -0.9421124523869838 
-1.1123295783063631 9.769464046835674E-5 -2.0099451812279274E-4 
-1.0466501403969917 -0.003650169521065394 -1.03574192438494 
-1.1214569936798948 -0.0031834509022691023 -0.6274824448263305 
-0.9985695105506052 9.198711503479782E-5 -0.9846926694529301 
-0.9139905008664657 1.3219241593758678E-4 0.0016061880535969248 
-0.9687805262116645 9.191012484580373E-5 -0.9013215236779705 
-1.1531791167756082 -4.890216502434486E-7 -0.5054665071744968 
-0.5461896991370716 1.0089070658878866E-4 -1.1268250260791093 
-0.7520236046415988 1.008838568597657E-4 -1.9376526015772169E-4 
-1.0817068964268357 1.6437128775737556E-4 -0.6451714504663768 
-0.5278005639287868 5.227085265718367E-5 1.081955624673836E-4 
-0.8194502801414667 1.534087111412426E-4 -1.0069434321636197 
-1.0813954568996609 -0.807970927125478 -1.0985611394088788 
-1.094985166844501 -1.1523407523317364 -1.1037528590569996 
-0.6849476729887383 -4.890216502434486E-7 -0.0078003011554388935 
-0.7696181908262575 1.6207658176406708E-4 -1.0165705570539296 
-1.0344112460947685 9.836056268624244E-5 -2.9327339099778724E-4 
-1.1018180465356722 -4.890216502434486E-7 -1.1465316082736354 
-1.1022048048337116 -1.0098197979381147 -1.079190345552281 
-1.11103590447012 -1.0570473668066178 -1.1097781765507557 
-0.6434284342296193 9.141542223024758E-5 -2.0096445916163675E-4 
-1.1007454375469004 -0.8975831450459748 -1.0140527785332474 
-0.49507586280072824 9.829604062482376E-5 -1.9467563272521324E-4 
-1.0458321721948687 -0.8259309857118406 -1.0806409988658296 
-0.9887025958690121 9.404242590892132E-5 -1.0635854820994888 
-0.9792741455282847 -0.009524646247033308 -0.9391892644381505 
-1.0077570326073648 9.198711503479782E-5 -0.9846926694529301 
-1.0459831760846983 -0.8203394004689711 -1.043172623781494 
-1.0742672292830289 -0.6949127835745141 -1.042503292636604 
-1.0813954568996609 -0.8711581991940469 -1.0985611394088788 
-1.1007454375469004 -0.8975831450459748 -1.0140527785332474 
-1.0459831760846983 -0.8203394004689711 -1.043172623781494 
-1.062280438887466 -0.8332561356011582 -1.0985611394088788 
-0.7727190899283131 0.0017694661506038154 -0.9946997084478886 
-1.0587925713990403 -0.6804535141981756 -1.042503292636604 
-1.0870156936339699 -0.7233447202749924 -1.0675006493101973 
-1.0855488274479168 1.0089070658878866E-4 -1.0683834084574035 
-1.08577799174431 -0.6595242197993982 -1.0635854820994888 
-1.1119656898353483 1.642809693827285E-4 -1.0228441293469217 
-0.7817472445844574 1.6207188373632721E-4 -1.0240558074241042 
-1.0413040812838186 1.594802031348696E-4 -1.939019475689269E-4 
-1.062280438887466 -0.8332561356011582 -1.0985611394088788 
-1.0587925713990403 -0.6720997209698565 -1.042503292636604 
-0.6179526001325328 1.6207658176406708E-4 -1.4191268754331317E-4 
-1.0742672292830289 0.06444636483224592 -1.0445200514789459 
-1.0817444556999416 1.6437128775737556E-4 -1.0550991603350899 
-1.0776362475115857 -0.9891562222262664 -1.1241128099114852 
-1.1121728471009735 1.642809693827285E-4 -0.9992609581446369 
-0.7727190899283131 0.0017694661506038154 -0.9946997084478886 
-1.0458321721948687 -0.8259309857118406 -1.0806409988658296 
-1.12111791174571 -4.890216502434486E-7 -1.1465316082736354 
-0.9985177228747265 9.199755221158597E-5 -1.0635854820994888 
-1.0776362475115857 -0.9801490407046597 -1.1241128099114852 
