0.390354084686194 8.93245632554302 
1.0 1.0 
0.390354084686194 8.93245632554302 
1.0 1.0 
0.9326899944493008 1.0721676076201951 
0.4607981568447652 6.191854282831366 
0.46843016755362527 5.989195870878195 
0.9575404336849572 1.04434232207996 
0.8842498627050428 1.1309020698530685 
0.48518556792058815 5.581951488909113 
0.44083482957764336 6.942000907473581 
0.8261761404195653 1.2103956421363813 
0.6229834186462508 2.245533354523949 
0.5325803421620906 4.143920573292051 
0.5653593358421455 3.425109708551313 
0.41611297232292177 7.906440168747596 
0.501101732648792 4.972195965481929 
0.45611804806935113 6.374318538129665 
0.907324294420324 1.1021417657937673 
0.4532014372910797 6.455173253794822 
0.6159927242747842 2.3768762929256564 
0.5809801203548292 3.0515736299917298 
0.7376223794470126 1.3557080553323735 
0.4061042857963184 8.262756371386132 
0.4486408229280324 6.634729690967894 
0.5170454754279383 4.540232530115915 
0.5076299642926548 4.885677295864675 
0.5809801203548292 3.0515736299917298 
0.40583334327774667 8.370591629982398 
0.6629170731262448 1.565479902156591 
0.6134159071537799 2.501665004521948 
0.9183969342616154 1.0889363326698707 
0.5399026496277752 3.9654802871248913 
0.49044768561030705 5.330034555609023 
0.39827504266259733 8.722925778500278 
0.4865156801008482 5.413748540606235 
0.5471454546298409 3.912987480657895 
0.9884813924044935 1.011652831994629 
0.7612764939352313 1.313613633348865 
0.39387626376349105 8.820342722304684 
0.5256070108913872 4.330875698146025 
0.4230564579654976 7.5652998657000605 
0.5004712315844394 5.156880746207347 
0.49734753896984735 5.228401861615855 
0.6345457344055144 2.0372496097712167 
0.44471634620716316 6.828905871782808 
0.6858982672754628 1.4625047916686975 
0.5719772110165317 3.2636445199215043 
0.8416282525015472 1.1882104411454055 
0.6417086617181231 1.971286840087872 
0.701350591310189 1.4313665609219166 
0.8644221392906524 1.1585663943912268 
0.5500207206833352 3.779940963761506 
0.5248925882392049 4.41633143629036 
0.654402807035875 1.740195340290103 
0.8729432892405875 1.1456234387319009 
0.6575880826053915 1.645715486898925 
0.8136362977664169 1.2291250790779338 
0.40038492170852186 8.523862059490025 
0.9688980982725851 1.0321004970216865 
0.5719772110165317 3.2636445199215043 
0.5520349089897286 3.6868220285049387 
0.7203580234538272 1.391820773727256 
0.5616725246786606 3.4966642741764065 
0.9773562119501982 1.0231684085832387 
0.59190275036058 2.8330398754400576 
0.5385317804175321 4.130500429231669 
0.6011835463787247 2.729701467689024 
0.4761514625351568 5.703351598980258 
0.713231953942969 1.4057267849840511 
0.4099902171185626 8.07472568135073 
0.6491528581640824 1.824265145533918 
0.7448603311567428 1.3425335713852624 
0.8527203149725031 1.172717457812936 
0.4169537088470835 7.798955563823027 
0.6448665435287719 1.8768149272952719 
0.47252597698494075 5.830415437084158 
0.4230564579654976 7.5652998657000605 
0.43104073170638585 7.24726075696925 
0.5103590011100849 4.753019196516237 
0.6935691440633779 1.4431924175917703 
0.5168927598014705 4.651973936151153 
0.4286213105263941 7.403981841379953 
0.39868008419350304 8.560311835608791 
0.5962105859242223 2.7524697609261723 
0.59190275036058 2.8330398754400576 
0.6228924073864084 2.2696431488829005 
0.6712396305376448 1.489780929579374 
0.4099902171185626 8.07472568135073 
0.6736787327525352 1.4843870708382128 
0.6345457344055144 2.0372496097712167 
0.7664197868926493 1.3076528143360178 
0.6068505981834315 2.617562881280736 
0.775867282405318 1.2889453654688383 
0.6072706353594305 2.5966291944116455 
0.4347892472361577 7.1111870361096665 
0.806695334385233 1.2417555627622867 
0.4286213105263941 7.403981841379953 
0.4347892472361577 7.1111870361096665 
0.4169537088470835 7.798955563823027 
