0.390354084686194 2.4868208129567493 
1.0 0.0 
0.390354084686194 2.4868208129567493 
1.0 0.0 
0.9326899944493008 0.0 
0.4607981568447652 1.8531950409800586 
0.46843016755362527 1.8055200253069534 
0.9575404336849572 0.0 
0.8842498627050428 4.2449197429465674E-13 
0.48518556792058815 1.7082823032515408 
0.44083482957764336 2.0602757869739614 
0.8261761404195653 8.968513425294426E-13 
0.6229834186462508 0.3989300458855133 
0.5325803421620906 1.2069706368164066 
0.5653593358421455 0.9364177500130549 
0.41611297232292177 2.2899723191109054 
0.501101732648792 1.491576013372328 
0.45611804806935113 1.9074417293839825 
0.907324294420324 0.0 
0.4532014372910797 1.925493796582749 
0.6159927242747842 0.4641385029434253 
0.5809801203548292 0.7729036148242182 
0.7376223794470126 6.016097476640656E-7 
0.4061042857963184 2.355540774910745 
0.4486408229280324 1.9766105884608862 
0.5170454754279383 1.3475066870871748 
0.5076299642926548 1.4801161912452194 
0.5809801203548292 0.7729036148242182 
0.40583334327774667 2.3970651864084793 
0.6629170731262448 0.03778335477560746 
0.6134159071537799 0.5345611081436958 
0.9183969342616154 7.578953009572951E-5 
0.5399026496277752 1.1409733140654397 
0.49044768561030705 1.6141031120214069 
0.39827504266259733 2.474123636574868 
0.4865156801008482 1.633873553128017 
0.5471454546298409 1.1409733140654397 
0.9884813924044935 0.0 
0.7612764939352313 2.318118134442596E-5 
0.39387626376349105 2.474123636574868 
0.5256070108913872 1.2763386302446817 
0.4230564579654976 2.2005489646299226 
0.5004712315844394 1.5808704581884736 
0.49734753896984735 1.600332798620014 
0.6345457344055144 0.29272804979962425 
0.44471634620716316 2.036926067891893 
0.6858982672754628 0.0031295024876212343 
0.5719772110165317 0.8667302902540894 
0.8416282525015472 3.147718529994403E-5 
0.6417086617181231 0.2649918400153361 
0.701350591310189 0.0038897838842178456 
0.8644221392906524 0.0014904411499219172 
0.5500207206833352 1.0790458530285643 
0.5248925882392049 1.3180996381166121 
0.654402807035875 0.1387887154765931 
0.8729432892405875 6.429283773812244E-5 
0.6575880826053915 0.08220289154386251 
0.8136362977664169 6.0778832824404105E-5 
0.40038492170852186 2.4128258433431533 
0.9688980982725851 2.0879050192543916E-7 
0.5719772110165317 0.8667302902540894 
0.5520349089897286 1.0352544629670504 
0.7203580234538272 0.0026092615641426092 
0.5616725246786606 0.9639802508303383 
0.9773562119501982 2.6955322629468375E-14 
0.59190275036058 0.6768840941541652 
0.5385317804175321 1.2244057501695118 
0.6011835463787247 0.6410516089004972 
0.4761514625351568 1.7156592052066748 
0.713231953942969 0.0026092615641426092 
0.4099902171185626 2.3105585352698186 
0.6491528581640824 0.18422693327245865 
0.7448603311567428 5.710711942962606E-10 
0.8527203149725031 0.0 
0.4169537088470835 2.2518034474696083 
0.6448665435287719 0.2102951550081053 
0.47252597698494075 1.755022750636272 
0.4230564579654976 2.2005489646299226 
0.43104073170638585 2.123864579551001 
0.5103590011100849 1.4257461293910851 
0.6935691440633779 9.537297878811149E-4 
0.5168927598014705 1.4045716463816795 
0.4286213105263941 2.1735043999659 
0.39868008419350304 2.4128258433431533 
0.5962105859242223 0.6410516089004972 
0.59190275036058 0.6768840941541652 
0.6228924073864084 0.4137434849157384 
0.6712396305376448 7.52887978147024E-10 
0.4099902171185626 2.3105585352698186 
0.6736787327525352 7.965347310256251E-10 
0.6345457344055144 0.29272804979962425 
0.7664197868926493 0.002210991292983907 
0.6068505981834315 0.5884696002879611 
0.775867282405318 5.053787523684786E-5 
0.6072706353594305 0.5768566606832062 
0.4347892472361577 2.0918676583856453 
0.806695334385233 0.0017184189272462236 
0.4286213105263941 2.1735043999659 
0.4347892472361577 2.0918676583856453 
0.4169537088470835 2.2518034474696083 
