0.19385988924990374 0.6121746799952298 
0.41923923136046026 0.11728641462057757 
0.4253002023357254 0.046499388584668074 
0.8336147117268191 -0.6287227778812284 
0.625151969877287 -0.23227333242296214 
0.4385969553530418 -0.07047909082859072 
0.08429256391083238 0.6727132081087881 
0.19848240114352161 0.5662877890563124 
0.846451245086321 -0.7594242998631424 
0.4138148096308478 0.18821199437551667 
0.051018446873818096 0.7256523524795992 
0.6296342829080679 -0.29613892966715105 
0.41052615546647303 0.22824672252230235 
0.4270527069840041 0.028018243237860653 
0.4366504539800514 -0.056120805404970636 
0.20347875704042484 0.5284860584782899 
0.44180936430268386 -0.08914525579201271 
0.04255736253804272 0.763527782563001 
0.2057820642219946 0.5115674571620665 
0.21908552707856838 0.41109869087670364 
0.8430773794051636 -0.7395301935411277 
0.0012217469118161461 0.9695703481780981 
0.06794834990303177 0.6840199738976438 
0.04459174314796023 0.7486447787160566 
0.6207635532103822 -0.15798843789351258 
0.010473126587875636 0.8981401018915495 
0.45455295396008744 -0.12279515164945093 
0.43465220673259963 -0.041043138502650116 
0.41216876825873305 0.20657937634711498 
0.431088787601969 -0.011813995750274859 
0.015359081649025432 0.8722617796998858 
0.03168247869895453 0.7979582069068747 
0.6186458298039056 -0.12663788138991872 
0.2570669347947268 0.24497184934109253 
0.19658852919157893 0.5832733479330534 
1.857732779607263E-8 1.003657093524121 
0.06149877264711012 0.6975912362774673 
0.4332923302423902 -0.029632869582285407 
0.24688893462553052 0.26037777774574256 
0.8351604121837961 -0.6579909915362014 
0.4146677721091022 0.17368486644098619 
0.42883133204363943 0.01072497691379601 
0.8368342632521834 -0.6732711224320862 
0.4237451621576262 0.06373114418401259 
0.8342668448223362 -0.6457381234833895 
0.02720716697043757 0.8167494321356423 
0.8378285993844399 -0.690639838413733 
0.8392326259021282 -0.7063937331167162 
0.02356658099770363 0.8357846022619175 
0.006176073348372377 0.9227206368652283 
0.8283437128088588 -0.5519315234556998 
0.422148578847447 0.08185922623952561 
0.4093016031533314 0.24428010674330428 
0.22428210712605745 0.37561362537663007 
0.8260177877745517 -0.5089892281935233 
0.6424811971074083 -0.42327699316870226 
0.21136184479976833 0.4692256934834802 
0.8296160730894667 -0.5735497387989404 
0.6223091667175527 -0.18782192584039234 
0.6402169194252907 -0.40173610504134505 
0.8314507822344493 -0.6038181373179476 
0.6312246962386046 -0.31737322986749467 
0.20818912997737393 0.4934429466749927 
0.6242661430642424 -0.21939224564202797 
0.0036813737779125555 0.9437630005996949 
0.056400722471227155 0.7114776898063815 
0.22703195567611448 0.3555607311584586 
0.6522249444989171 -0.4562817889599822 
0.41799622327772373 0.1342394533855197 
0.22112270170658332 0.39592354755786136 
0.8247468818058158 -0.48458165465184394 
0.020461212797130965 0.8479014989193867 
0.6271822735012247 -0.2623326517604033 
0.6363387306868903 -0.37357135000453306 
0.8407340609619747 -0.7204066217769323 
0.6454069293746592 -0.4399692584110915 
0.2334977128791999 0.31772172753162004 
0.21676255590775362 0.42905501241065686 
0.4207023950490555 0.09895511755042259 
0.18627778141924003 0.6480835761544347 
0.18891681727263457 0.6316568726642421 
0.8511412846649297 -0.7715508746590501 
0.83048171803187 -0.5881376735681383 
0.19449038877060892 0.5974171291665035 
0.4164535913695141 0.15108848557008075 
0.22995445604884712 0.33726848333564385 
0.2374621355903509 0.2969885691772533 
0.4458659981724664 -0.10619981996329993 
0.03630880565717454 0.7794889851575043 
0.20129467696530334 0.5462238929299378 
0.18304596335251527 0.6716758687898308 
0.632878684838094 -0.3362379986143583 
0.6260869107396718 -0.24689423896693835 
0.8235698012096608 -0.46155395147686934 
0.6233969071348405 -0.20492051381411205 
0.21364395175429984 0.4528638340613784 
0.827122931648282 -0.5292878760546725 
0.6346983357228893 -0.3561045469471793 
0.6284166499253268 -0.2790945883962165 
0.2419316580192963 0.2782711284066991 
