-3.1390790201331513 1.0223447331909532 
-3.1390790201331513 1.0223447331909532 
-3.1390790201331513 1.0223447331909532 
1.5468170871031555 0.5522353706872438 
-3.1390790201331513 1.0223447331909532 
-3.1390790201331513 1.0223447331909532 
-3.1390790201331513 1.0223447331909532 
-3.1390790201331513 1.0223447331909532 
-3.1390790201331513 1.0223447331909532 
-3.1390790201331513 1.0223447331909532 
-3.1390790201331513 1.0223447331909532 
-3.1390790201331513 1.0223447331909532 
-3.1390790201331513 1.0223447331909532 
-3.1390790201331513 1.0223447331909532 
-3.1390790201331513 1.0223447331909532 
-3.1390790201331513 1.0223447331909532 
-3.1390790201331513 1.0223447331909532 
-3.1390790201331513 1.0223447331909532 
-3.1390790201331513 1.0223447331909532 
-3.1390790201331513 1.0223447331909532 
-3.1390790201331513 1.0223447331909532 
-3.1390790201331513 1.0223447331909532 
-3.1390790201331513 1.0223447331909532 
-3.1390790201331513 1.0223447331909532 
-3.1390790201331513 1.0223447331909532 
-3.1390790201331513 1.0223447331909532 
-3.1390790201331513 1.0223447331909532 
-3.1390790201331513 1.0223447331909532 
-3.1390790201331513 1.0223447331909532 
-3.1390790201331513 1.0223447331909532 
-3.1390790201331513 1.0223447331909532 
-3.1390790201331513 1.0223447331909532 
-3.1390790201331513 1.0223447331909532 
-3.1390790201331513 1.0223447331909532 
-3.1390790201331513 1.0223447331909532 
-3.1390790201331513 1.0223447331909532 
-3.1390790201331513 1.0223447331909532 
-3.1390790201331513 1.0223447331909532 
-3.1390790201331513 1.0223447331909532 
-3.1390790201331513 1.0223447331909532 
-3.1390790201331513 1.0223447331909532 
-3.1390790201331513 1.0223447331909532 
-3.1390790201331513 1.0223447331909532 
-3.1390790201331513 1.0223447331909532 
-3.1390790201331513 1.0223447331909532 
-3.1390790201331513 1.0223447331909532 
-3.1390790201331513 1.0223447331909532 
-3.1390790201331513 1.0223447331909532 
-3.1390790201331513 1.0223447331909532 
-3.1390790201331513 1.0223447331909532 
-3.1390790201331513 1.0223447331909532 
-3.1390790201331513 1.0223447331909532 
-3.1390790201331513 1.0223447331909532 
-3.1390790201331513 1.0223447331909532 
-3.1390790201331513 1.0223447331909532 
-3.1390790201331513 1.0223447331909532 
-3.1390790201331513 1.0223447331909532 
-3.1390790201331513 1.0223447331909532 
-3.1390790201331513 1.0223447331909532 
-3.1390790201331513 1.0223447331909532 
-3.1390790201331513 1.0223447331909532 
-3.1390790201331513 1.0223447331909532 
-3.1390790201331513 1.0223447331909532 
