-3.1390790201331513 -4.999990532547512 -0.012568211026518 
-3.1390790201331513 -4.999990532547512 -0.012568211026518 
-3.1390790201331513 -4.999990532547512 -0.012568211026518 
1.5468170871031555 0.12011218846779895 4.998673017431719 
-3.1390790201331513 -4.999990532547512 -0.012568211026518 
-3.1390790201331513 -4.999990532547512 -0.012568211026518 
-3.1390790201331513 -4.999990532547512 -0.012568211026518 
-3.1390790201331513 -4.999990532547512 -0.012568211026518 
-3.1390790201331513 -4.999990532547512 -0.012568211026518 
-3.1390790201331513 -4.999990532547512 -0.012568211026518 
-3.1390790201331513 -4.999990532547512 -0.012568211026518 
-3.1390790201331513 -4.999990532547512 -0.012568211026518 
-3.1390790201331513 -4.999990532547512 -0.012568211026518 
-3.1390790201331513 -4.999990532547512 -0.012568211026518 
-3.1390790201331513 -4.999990532547512 -0.012568211026518 
-3.1390790201331513 -4.999990532547512 -0.012568211026518 
-3.1390790201331513 -4.999990532547512 -0.012568211026518 
-3.1390790201331513 -4.999990532547512 -0.012568211026518 
-3.1390790201331513 -4.999990532547512 -0.012568211026518 
-3.1390790201331513 -4.999990532547512 -0.012568211026518 
-3.1390790201331513 -4.999990532547512 -0.012568211026518 
-3.1390790201331513 -4.999990532547512 -0.012568211026518 
-3.1390790201331513 -4.999990532547512 -0.012568211026518 
-3.1390790201331513 -4.999990532547512 -0.012568211026518 
-3.1390790201331513 -4.999990532547512 -0.012568211026518 
-3.1390790201331513 -4.999990532547512 -0.012568211026518 
-3.1390790201331513 -4.999990532547512 -0.012568211026518 
-3.1390790201331513 -4.999990532547512 -0.012568211026518 
-3.1390790201331513 -4.999990532547512 -0.012568211026518 
-3.1390790201331513 -4.999990532547512 -0.012568211026518 
-3.1390790201331513 -4.999990532547512 -0.012568211026518 
-3.1390790201331513 -4.999990532547512 -0.012568211026518 
-3.1390790201331513 -4.999990532547512 -0.012568211026518 
-3.1390790201331513 -4.999990532547512 -0.012568211026518 
-3.1390790201331513 -4.999990532547512 -0.012568211026518 
-3.1390790201331513 -4.999990532547512 -0.012568211026518 
-3.1390790201331513 -4.999990532547512 -0.012568211026518 
-3.1390790201331513 -4.999990532547512 -0.012568211026518 
-3.1390790201331513 -4.999990532547512 -0.012568211026518 
-3.1390790201331513 -4.999990532547512 -0.012568211026518 
-3.1390790201331513 -4.999990532547512 -0.012568211026518 
-3.1390790201331513 -4.999990532547512 -0.012568211026518 
-3.1390790201331513 -4.999990532547512 -0.012568211026518 
-3.1390790201331513 -4.999990532547512 -0.012568211026518 
-3.1390790201331513 -4.999990532547512 -0.012568211026518 
-3.1390790201331513 -4.999990532547512 -0.012568211026518 
-3.1390790201331513 -4.999990532547512 -0.012568211026518 
-3.1390790201331513 -4.999990532547512 -0.012568211026518 
-3.1390790201331513 -4.999990532547512 -0.012568211026518 
-3.1390790201331513 -4.999990532547512 -0.012568211026518 
-3.1390790201331513 -4.999990532547512 -0.012568211026518 
-3.1390790201331513 -4.999990532547512 -0.012568211026518 
-3.1390790201331513 -4.999990532547512 -0.012568211026518 
-3.1390790201331513 -4.999990532547512 -0.012568211026518 
-3.1390790201331513 -4.999990532547512 -0.012568211026518 
-3.1390790201331513 -4.999990532547512 -0.012568211026518 
-3.1390790201331513 -4.999990532547512 -0.012568211026518 
-3.1390790201331513 -4.999990532547512 -0.012568211026518 
-3.1390790201331513 -4.999990532547512 -0.012568211026518 
-3.1390790201331513 -4.999990532547512 -0.012568211026518 
-3.1390790201331513 -4.999990532547512 -0.012568211026518 
-3.1390790201331513 -4.999990532547512 -0.012568211026518 
-3.1390790201331513 -4.999990532547512 -0.012568211026518 
