-15.98374278893506 -7.676387106809123 
-16.143402671487316 -7.30783725350079 
-15.072263430278822 -9.915214520236633 
-16.51843127704987 -5.740109074420571 
-15.187363253173928 -9.426622713287255 
-16.65648794737396 -5.052952330318615 
-15.952913658241567 -7.714302369648058 
-18.723143966735734 -0.8281121231980899 
-14.658383075653287 -11.354057218060007 
-14.588126196303634 -11.493718025844439 
-16.374069067382926 -6.415746020793848 
-17.997181581079907 -3.8296896569976027 
-15.187363253173928 -9.426622713287255 
-18.20475234731653 -3.1272861764873308 
-15.384358118089992 -8.61245289124653 
-18.511759425757 -1.6549421794714039 
-14.864573249559069 -10.734505593302128 
-14.944656028956292 -10.434518137422163 
-16.1629733292226 -7.245937292565809 
-14.463300655994008 -11.622126763560177 
-18.06960577457195 -3.6595080511261937 
-18.39591819470348 -2.198193019885834 
-18.64065955627024 -1.1213778475741054 
-16.518941713028177 -5.7393531664022 
-18.09656219932955 -3.5713469525619934 
-17.98082323489392 -3.8518187885501325 
-15.035800405686324 -10.066658400102561 
-15.279316851095047 -9.03847094645648 
-16.31095707659216 -6.689760406171956 
-15.323944459391576 -8.854505819279613 
-16.030400370071234 -7.597022300201628 
-16.57377720329255 -5.472403334236571 
-17.95397912734363 -3.872631600481017 
-16.213822968825568 -7.0700639949211395 
-14.504873774173035 -11.598304951771057 
-18.23274929430572 -2.996750073979949 
-16.28251782422516 -6.807331132472142 
-15.93500672413175 -7.730346997228368 
-18.144412376848866 -3.389781415847575 
-18.04658217188186 -3.7250008498091387 
-18.341170091198485 -2.4671931627918315 
-14.870950503301675 -10.712665456109818 
-18.5599051492949 -1.4455375954374035 
-16.484037916318293 -5.9076919758164 
-17.962588575251665 -3.868147549217667 
-16.622500576251138 -5.231359488077081 
-16.5805898836377 -5.438230951529258 
-16.062127570313244 -7.528633186167276 
-18.30699402180558 -2.6361467898525865 
-16.417523727115544 -6.21858510413618 
-15.143769377250926 -9.612254428607391 
-16.247630148042752 -6.944929625566875 
-19.999171798439278 0.0022087720216665023 
-14.730642107512288 -11.168542593154285 
-16.005002314219016 -7.642953123880108 
-18.613502196000027 -1.2263521484362045 
-15.37701642742434 -8.641644522253575 
-16.454315732077617 -6.048583558199448 
-18.272168287704922 -2.807099239992868 
-17.94845084418283 -3.874366946984274 
-16.345888389157714 -6.540561064483904 
-18.118880519249853 -3.4902143972801443 
-18.473616846036315 -1.828285566270618 
-14.757656841076216 -11.08981762371276 
-15.010806546139438 -10.170139734992517 
-18.005408479818193 -3.816043327678872 
-17.970504956005314 -3.8621733528018756 
-17.992805784536905 -3.836215088145096 
-16.198977598675704 -7.122325217435023 
-18.42641543121792 -2.0507253067930167 
-14.904569434252373 -10.587408745445018 
-14.623909705922129 -11.427675556051216 
-18.16918436950855 -3.2857420109850253 
-14.553780821941217 -11.545487307387877 
-14.58596969858311 -11.49729051555988 
-15.09872177550302 -9.803734781682016 
-16.109412186356337 -7.407759090401241 
-14.512432717282207 -11.591565743477773 
-14.469590937237491 -11.619502634466166 
-18.02360875491133 -3.7803139429361776 
-14.963575888593677 -10.359555009613091 
-14.689736493893125 -11.278350277125275 
-16.072042731978193 -7.505139184776514 
-14.787714542538357 -10.996801987080314 
-14.819252733118692 -10.893290982794095 
-15.24197170621169 -9.195080611400652 
-15.952913658241567 -7.714302369648058 
