-1.1225528182338114 -4.385152711576766E-6 -1.1190492311112497 
-1.069693281600945 9.60995168381722E-6 -1.0725152230706412 
-1.074319282839674 -0.9213456035798886 -1.0719274772900276 
-0.9427746786780269 1.1102858559662511E-4 -0.9698165614187566 
-1.0666872173545325 -0.8666120270702345 -1.0718183655990932 
-1.0121714183960262 -8.121161016959717E-6 -0.8190185326048793 
-1.1302982602898979 8.043777828084606E-6 -1.1306096095816651 
8.067838410328942E-5 -9.926269430681443E-6 -0.6829336834764564 
-1.1161299975438368 -1.0793641630794109 -1.1187243858456946 
-1.1304864877610157 -1.1021007248090218 -1.1271791073905348 
-1.008270781439454 -7.729830561532705E-6 -0.992075777358829 
6.850817916123105E-5 -3.7795128771999023E-6 -1.1173937844093234 
-1.0666872173545325 -0.8666120270702345 -1.0718183655990932 
7.039829422619886E-5 -4.052241434343313E-6 -0.9892718177065621 
-1.0677451869495853 -0.7589039414852454 -1.072496352620451 
6.974278799873458E-5 -4.362510355036307E-6 -0.8056000228418226 
-1.0910773796406716 -1.0013748279397894 -1.098699676245235 
-1.0878751377635598 -0.9724747495126698 -1.0817569704089147 
-1.063746256581937 -3.0481893155753507E-6 -1.0663465238862535 
-1.1466593570913572 -1.1430165930041056 -1.1510095001905287 
6.850475139952486E-5 -3.912879601834324E-6 -1.07231728381633 
6.850475139952486E-5 -3.917271706838903E-6 -0.8741154472501584 
6.851018578911167E-5 -7.598456979909659E-6 -0.7304511046333888 
-0.9638795823530544 -3.872773048904873E-6 -0.948378117076337 
6.824250262774089E-5 -3.3526002829657915E-6 -1.0556433200710107 
6.693525856776127E-5 -3.7795128771999023E-6 -1.1276336204775408 
-1.0805833256221151 -0.9307838751214268 -1.0813771076231269 
-1.07104531353153 -0.8149181435164246 -1.0719038829100016 
-1.0239744913495763 -7.682396278070749E-6 -1.0149813353104002 
-1.070864399498151 -0.7906259683585899 -1.0720415089926771 
-1.1064851649269445 -7.659194472151723E-6 -1.1059681578402438 
-0.9355151579926068 -7.900953490500258E-6 -0.9435932423176959 
6.899876210655995E-5 -3.310382335066792E-6 -1.1444770060058098 
-1.0439647083407968 7.873129889606531E-6 -1.0547223325498303 
-1.1408102197839058 -1.1297126788601424 -1.1428261501893464 
6.816029821911701E-5 -7.66311188635443E-6 -0.9722420702674537 
-1.027823520056001 -7.659194472151723E-6 -1.0285791827397313 
-1.1349029405601438 -7.754944751833935E-6 -1.1372363687541014 
7.264387414777407E-5 -3.888927078520051E-6 -1.0261756729986278 
7.285066850135134E-5 -7.90162557478464E-6 -1.0865972675264863 
6.812316001751717E-5 -7.742596567097078E-6 -0.906825743209543 
-1.0910773796406716 -1.0013748279397894 -1.0928870966551525 
6.802614340020873E-5 -8.120468028139763E-6 -0.7773998842104726 
-0.9659559846814497 -2.966571059459366E-6 -0.9674417245895452 
6.847849093786132E-5 -3.90567642737417E-6 -1.1390686018083196 
-0.9484093772245473 -8.121161016959717E-6 -0.9014512714098177 
-0.9308600820794032 1.1102858559662511E-4 -0.9441441927052151 
-1.0981428869728238 -3.7658046942737343E-6 -1.0945387370226574 
6.812253596894064E-5 -3.3708295873933272E-6 -0.9273542936275092 
-0.9776451523663463 7.766415761981566E-6 -0.996201957702626 
-1.0744965933332717 -0.8865676555045519 -1.0684780196899022 
-1.038593610534626 -3.6493945886329843E-6 -1.0392585361290894 
6.812253596894064E-5 -3.3708295873933272E-6 3.458909034628199E-4 
-1.106129557132231 -1.0547689490731391 -1.1077726498259997 
-1.1110000743279211 -4.3133366010667826E-6 -1.117311472729458 
7.039829422619886E-5 1.0799031203219498E-5 -0.7461878057210066 
-1.074319282839674 -0.7589039414852454 -1.0717719955897702 
-0.977711575193581 -3.902960593921805E-6 -0.973733978034233 
6.899876210655995E-5 -3.7795128771999023E-6 -0.9483586213754391 
6.899876210655995E-5 -3.310382335066792E-6 -1.1479533221028557 
-1.0087499951807068 1.1102858559662511E-4 -1.0088088178226193 
6.899007715433444E-5 -7.722903035195925E-6 -1.0418785727387816 
7.039829422619886E-5 1.3097695073004392E-5 -0.8280537814262517 
-1.1039346914095296 -1.0428084690771535 -1.1073969414669111 
-1.0805833256221151 -0.9436182067494636 -1.0811408886878764 
6.999922006688512E-5 -4.387452846479498E-6 -1.1122509886854604 
6.821629678629401E-5 -3.7795128771999023E-6 -1.1341005096830372 
6.907990592336296E-5 -8.989428225278816E-6 -1.120129009209469 
-1.046973186282906 -4.09185532144763E-6 -1.060877925788182 
7.288544023921897E-5 -8.052224937239293E-6 -0.8559811145289472 
-1.0905612586314077 -0.9842116856117885 -1.094088603649503 
-1.1252203495096917 -1.0909486204237788 -1.119969074865242 
6.837632188012565E-5 -1.0140148458181064E-5 -1.0109954929523157 
-1.1325185572239331 -1.1141295948000989 -1.1345769554536844 
-1.1304864877610157 -1.1031585801026345 -1.1271791073905348 
-1.0711615612882373 -0.9097305417652489 -1.0718572142874891 
-1.0806953875837482 -8.70623728356698E-6 -1.0825904372263455 
-1.1399673302197026 -1.128961200238858 -1.137824957342189 
-1.1466593570913572 -1.139932033626371 -1.1510095001905287 
7.00364263780604E-5 -4.369720687604336E-6 -1.1008965581066907 
-1.0796536208009537 -0.969498895266732 -1.0783222179400225 
-1.1140134684231964 -1.0659380535674026 -1.1170091392610435 
-1.0919714650248906 1.0691637802328467E-5 -1.0945387370226574 
-1.1011620777752023 -1.0319849576165763 -1.1025925253876596 
-1.0976125116344924 -1.01981441239706 -1.0997089030994993 
-1.070864399498151 -0.8350031662304864 -1.0720415089926771 
-1.1302982602898979 8.043777828084606E-6 -1.1306096095816651 
