-18.631331277766023 -1.1157888142165704 
-18.72310444020779 -0.8046066388905091 
-18.70107430190123 -0.8957330467610934 
-18.80063954767232 -0.5745009218939883 
-16.296067377672678 -6.721893205987026 
-16.11247487749963 -7.390713231974947 
-16.736020023992495 -4.667941151681846 
-16.330550630855043 -6.59866637213212 
-18.60109775435012 -1.269133382629911 
-15.99235959025199 -7.504456685752507 
-15.309108796698041 -8.851148487380534 
-16.816667598349085 -4.406298658598313 
-16.681367181414867 -4.940690210777056 
-15.20665990749844 -9.24182646590139 
-18.25158596198865 -2.8721346403935164 
-15.344868090098743 -8.753465096580872 
-14.949184861208554 -10.38636318555433 
-18.42989626866376 -2.0138480286829927 
-16.72148029167796 -4.753148101271089 
-16.704798157531464 -4.829694081817006 
-16.069189362629654 -7.47228139850902 
-18.09596820563062 -3.5417527254787413 
-18.9894397986093 -0.1262151104254579 
-15.079244623190283 -9.867167880313383 
-16.207166780551695 -7.091149256493251 
-16.525511668004807 -5.676919179055105 
-18.478939794605168 -1.7924173436321365 
-16.628636819775686 -5.1948922347358515 
-14.635308061066809 -11.379682388081891 
-16.265371636108245 -6.8205315192758285 
-18.304191279638733 -2.628004858630582 
-15.550561284965944 -8.006023568437106 
-16.239126740679872 -6.960693544326265 
-16.84735651206102 -4.294399832357353 
-14.7962965642554 -10.963470212474526 
-18.762215844210264 -0.6966081162606967 
-18.405358694662453 -2.134660585214508 
-18.54097795040659 -1.5184459579648064 
-14.863978340647858 -10.728989324073456 
-16.591759774414403 -5.311767498515701 
-16.578788353677368 -5.435685716163419 
-18.227750920194215 -3.00302254181553 
-17.93477632569894 -3.872587598318526 
-16.1651739537457 -7.217059975484883 
-18.28179842650562 -2.7249723688998353 
-18.92906721440857 -0.23652051511726063 
-18.509287647433965 -1.6470194205976232 
-15.195837409111084 -9.362575831833162 
-14.532919511334962 -11.527335058647143 
-18.014172528209066 -3.7952318288617874 
-18.45561747678471 -1.9004019316226415 
-15.026341956261813 -10.01190520827678 
-16.504918321933758 -5.802285198481544 
-15.234215080872698 -9.117927891865465 
-15.374516602738574 -8.624973367282998 
-16.555271306609097 -5.548621306854301 
-15.969811586756471 -7.6205221329024955 
-18.90124829743246 -0.3213058686081072 
-15.598951921506703 -7.871659317824657 
-16.88298030581367 -4.20196269039378 
-15.41320202134401 -8.4816583046324 
-16.45359347889293 -6.047622924080013 
-16.777673525202303 -4.528102722422521 
-16.64564547839917 -5.092195140225222 
-18.127416214740496 -3.428085581451486 
-18.85053608104093 -0.4423637848879604 
-16.379594700054177 -6.313340254561586 
-18.359194231317126 -2.3693262958395724 
-15.883549873926217 -7.751237488009852 
-16.416602001519994 -6.208434865809547 
-18.19478118166198 -3.161148436881262 
-16.475465402445163 -5.902750765370721 
-14.70455805899341 -11.203762121735977 
-15.015965652595785 -10.128816224462518 
-16.931305231293464 -4.0842085318821555 
-14.821706572502993 -10.850121781580278 
-14.98192889488579 -10.269084709720797 
-16.358814555477316 -6.425744936280287 
-15.448496884223745 -8.339240865661509 
-15.2863424913455 -9.00409173692008 
-15.143776112703499 -9.597114744069561 
-18.380480256437203 -2.251473910065847 
-18.160980338576685 -3.288776089741135 
-14.457751689735765 -11.60691076253673 
-19.988297001663383 0.021077288836095998 
-15.488189637561872 -8.212080882671248 
-15.17457151132231 -9.46800351233286 
-15.518179410872024 -8.106648413446454 
-18.05178842883702 -3.674835540456797 
-19.083144306821055 0.013222429067203268 
-15.116138422183603 -9.726391989726082 
-18.67073127277134 -0.9890284644445598 
-14.926280033667187 -10.503290207247353 
-16.14005227417725 -7.310550877162949 
-18.330003424685216 -2.4791125499958317 
-16.991614976756168 -3.9650178559279485 
-18.570229439109983 -1.3852568964205578 
-14.754836246281736 -11.077728865108552 
-14.898807961050327 -10.608965538799813 
-15.64022735083423 -7.7602641293030885 
