-0.7318015185870508 -0.0011530757639026347 -0.0033753258316076068 
-0.6804873134368579 0.002145704686900903 -6.188382656111845E-4 
-0.6949260084445763 -1.092133133386128E-4 -6.584222015035804E-4 
-0.6372147498790773 -0.001252970820993976 -6.189880240286519E-4 
-1.0562076899491837 -4.23461899921429E-4 -0.9920823366278844 
-1.0921586447754013 -5.197911715866734E-4 -1.0692519857438383 
-0.9102518631622989 0.001486554148866242 -0.8715105911626221 
-1.0181528902960448 0.00245591355750179 -1.0087920211755854 
-0.7527642454965325 1.1437635895265473E-5 -6.12384989082726E-4 
-1.0954685519376488 -0.07346893870933319 -1.1359909467297356 
-1.109148384879028 -0.7509991853856803 -1.1017523477969091 
-0.6830759813323113 0.0015929036456613904 -1.0575483780444102 
-0.8130304695811378 4.2376459337409246E-4 -1.0031761365880163 
-1.0830877155032144 -0.8083971421291266 -1.1289594944818746 
-0.9578241080039341 0.0024004431271389677 -8.170664454854037E-4 
-1.0450923754325288 -0.8036891625149596 -1.0611355695004212 
-1.1001900865842613 -0.9473513958224851 -1.1094646276981595 
-0.8522988215323907 -0.001252970820993976 -7.023376060842181E-4 
-1.0562076899491837 -3.443156382372005E-4 -0.7391974620689696 
-0.8032866457140051 0.0024480568826615785 -0.9989841697671955 
-1.0954685519376488 0.017189519347383275 -1.0925471939787577 
-1.0527084886129001 0.002178468820572964 0.001663847395040552 
-0.5293129404849548 -3.837761927959827E-4 -0.002997663137736306 
-1.0954685519376488 -0.8953018448369794 -1.0884356016142795 
-1.0416241307265863 -7.246602163069049E-5 -1.061182343267502 
-1.0016165340235073 0.004001832083664925 -0.9070827120009748 
-0.8240423669397393 -5.480608916841063E-4 -5.972220605041664E-4 
-0.9172078576034971 0.0021458803529807243 -0.9288534829996814 
-1.0978235932990812 -1.10084052432848 -1.1169702167955384 
-0.993189953237784 -0.001396881118652095 -1.0740739133325958 
-0.9272772187059287 -0.0013838846154717347 -6.594656249730585E-4 
-1.105885376922385 -0.6050296376439281 -1.1004237415222557 
-1.0419240185390626 -0.005916879453484514 -1.041129523607626 
-0.6830759813323113 0.0015929036456613904 -1.0386254846727623 
-1.105061503209627 -1.0337681425334828 -1.0873575349455855 
-0.6599197482051445 -1.092133133386128E-4 -6.584222015035804E-4 
-0.8671177647379094 -0.001035196811667789 -6.594597471801125E-4 
-0.7878175321366758 -2.3129550215558758E-4 -5.793897575973133E-4 
-1.1060049550738489 -0.992495077778929 -1.1004237415222557 
-0.8219411511569649 5.16986037342254E-4 -1.0488947392484156 
-0.8963217930607175 -8.913153122101815E-4 -0.9801104339439408 
-0.9738700396614348 -0.001035196811667789 -6.594597471801125E-4 
-1.156042058354804 -8.509499865054536E-5 -4.74582809610816E-4 
-1.0740736857961934 0.006460480839164771 -1.0546369986527606 
-0.93956379073362 0.002398544585918567 -8.170664454854037E-4 
-0.56228973826467 0.002176763825407613 0.0029156412091393413 
-0.8054376336528243 -0.0013728324291122326 -4.4516955408264384E-4 
-1.0966480617278958 -0.8325625097654699 -1.0882876548953746 
-1.1598317863542422 -1.100057557541192 -1.154417120163616 
-1.106068581627213 2.4272050894528488E-6 -6.405656011062096E-4 
-0.8377829314626646 -5.533398186943204E-4 -6.252961302373628E-4 
-1.057346214544147 -0.9193433443634484 -1.132017021959925 
-0.9538143459277911 -0.0012944286778093501 -0.9669310812012158 
-1.057346214544147 -0.8083971421291266 -1.1320918855593451 
-1.057346214544147 -0.7509991853856803 -1.1017523477969091 
-0.9588331753248432 -0.004490580372217556 -0.9314600929819921 
-1.0921586447754013 -5.179559019457918E-4 -1.1583814816178342 
-0.5807644297434843 -2.654115433893176E-5 0.0010710995189583314 
-1.0954631312154406 -0.5842163826515727 -1.0980291787069705 
-1.056161862645981 -4.23461899921429E-4 -0.646489551174328 
-1.0450923754325288 -0.7650049756819739 -1.0633302432436005 
-0.9588331753248432 -7.246602163069049E-5 -0.9931092780795792 
-0.6830759813323113 0.0015484374579178774 -1.0816962089481237 
-0.9642396777595855 -0.009034388502569688 -0.8719334132404924 
-1.0337337269490556 0.0021793019708504884 0.0010486937524742574 
-0.6091529843445443 -1.6417475875444947E-4 -0.0012126673901279579 
-1.056545748258492 0.004032741428308991 -0.9410640800236402 
-0.8953169577958465 -1.092133133386128E-4 -6.584222015035804E-4 
-1.1518442599605063 -3.228670952872296E-5 -1.1526387608868434 
-0.9656861076275038 0.00245591355750179 -1.0087920211755854 
-0.9942804583218026 -3.465247293370262E-5 -9.480750081009015E-4 
-0.9124150918318751 0.0015869968752189499 -1.0268363422662328 
-1.0954685519376488 -1.0829790128475314 -1.0882968519733491 
-1.1026029837920446 -0.9383146745877167 -1.063698920863816 
-0.6053125770249881 -1.7635792589349927E-4 -1.0712166336881428 
-1.105061503209627 -1.0337681425334828 -1.063608265351671 
-1.0977678847022079 -0.9386261585707294 -1.0980291787069705 
-1.0562076899491837 -4.23461899921429E-4 -0.9539688107875961 
-1.057346214544147 -0.7509991853856803 -1.0430710601264745 
-1.0836825142898445 -0.8077093962198785 -1.0643902914805012 
-1.0536348731694272 -0.8859800383438904 -1.0902326948661887 
-0.8815398287217995 -0.0014210681543573942 -6.385511227560567E-4 
-1.012976632474495 0.0024169257338899288 -8.170664454854037E-4 
-1.1527627040068613 -1.1534463633779963 -1.1293817332294485 
-0.0034814055405693045 0.0016644047626545341 -0.0010991277683656264 
-1.1034406603352984 -0.6573667743544522 -1.0891337018905876 
-1.0536348731694272 -0.8714151581066557 -1.0878618624045657 
-1.1034406603352984 -0.6573667743544522 -1.066524798784064 
-1.0789368220755853 0.002176763825407613 0.0029156412091393413 
-0.47929508834028733 -0.001252970820993976 -5.949862777882302E-4 
-1.0629409297473729 -0.9002920552910907 -1.0809104927391537 
-0.7111440646493508 -0.0013804982261103342 0.0010710925163899382 
-1.0954685519376488 -0.973800335627984 -1.0882968519733491 
-1.0831053027043405 5.44655985097689E-4 -1.061202127218301 
-0.909933098148463 0.0015067870415388285 0.002664058740546345 
-0.5327237665168554 0.001665221955138881 -1.1142970348499734 
-0.7699411412663673 0.0011148698654582052 -6.594830706238008E-4 
-1.1033948513453125 -1.0579917028677728 -1.081524207816671 
-1.0954685519376488 -0.9875850467865782 -1.0882968519733491 
-1.0975410686047629 -0.5511537785201971 -1.1003921908926242 
