-18.59395773666686 -1.3051496300196967 
-16.31464943698799 -6.674491101617175 
-14.501620943789177 -11.599476727803209 
-16.613468848073992 -5.2767472624736875 
-14.694587902204194 -11.26576870835726 
-17.998678669359236 -3.8277051461933564 
-18.486402416957706 -1.7702528288048043 
-16.4478143843934 -6.078592813148703 
-18.559002067199998 -1.450017987733576 
-14.501620943789177 -11.599476727803209 
-15.481331342667447 -8.250542374521306 
-15.978068923832915 -7.684400253268944 
-16.644019369019873 -5.101616438127991 
-14.824824794847064 -10.874074404099991 
-17.958502329492383 -3.870864553070265 
-15.041484484117273 -10.043964793292556 
-18.652776690556497 -1.0764100180884852 
-15.258943155130776 -9.12381806799571 
-18.155965951843946 -3.342621228087532 
-18.35344872346907 -2.407321083848167 
-17.968261162423417 -3.864378411727766 
-18.27955039893184 -2.7717545132586343 
-18.25498320613159 -2.8910680902747172 
-14.930343683656591 -10.489546657610985 
-18.3931753838493 -2.2122158887234065 
-14.608244381336167 -11.457482789145269 
-18.059351526852375 -3.690369941579143 
-18.094143645572327 -3.5802544630955837 
-14.78209624885054 -11.012918534319597 
-15.361175404744648 -8.704136680938968 
-16.10093278705751 -7.430934964059114 
-18.44831209452532 -1.947347273410295 
-15.953786906460369 -7.713347037364167 
-15.957217323185699 -7.709861785126503 
-16.537174861793538 -5.65055516518281 
-14.993159910662872 -10.241934557834156 
-18.017648534973368 -3.7929927134213144 
-14.896509452519958 -10.618738259652908 
-14.636384382922259 -11.402350979155855 
-17.949274738724434 -3.874431325804622 
-17.949274738724434 -3.874431325804622 
-18.129736760976957 -3.449059983845071 
-19.999830020398967 6.336352093416648E-4 
-16.38447923964037 -6.369943616263214 
-16.502869419000064 -5.817330341981394 
-15.178511660302568 -9.463814412405542 
-15.04120728816164 -10.045114465958163 
-14.459432602265007 -11.621832944277216 
-17.988349975708132 -3.842829482269983 
-16.13465539335349 -7.334679236529027 
-15.258943155130776 -9.12381806799571 
-15.093055202688799 -9.827718931212914 
-15.31615580824959 -8.886302181610137 
-16.569633457979766 -5.490982824860007 
-16.422736061251417 -6.195372724291814 
-14.532445918881866 -11.570186888046518 
-16.453374388265694 -6.052143337875529 
-17.97349516241567 -3.8598192267235993 
-18.078541006145066 -3.632059393088531 
-16.00729461221122 -7.639537370359717 
-15.93953378093256 -7.726840013921122 
-14.654955332353806 -11.36171175198925 
-14.73128525391839 -11.16688481586058 
-16.21322820755247 -7.072925809908907 
-16.26631398449313 -6.871609716563858 
-16.073809506184496 -7.500497844973848 
-18.035262027069354 -3.7540915258962593 
-18.21500917271311 -3.08065432933183 
-14.960801036023863 -10.371434847765192 
-14.558382078292436 -11.53921881180155 
-14.495667842672852 -11.603525402917597 
-18.18311213226306 -3.225065179368727 
-16.05418764075288 -7.545895952441727 
-15.22119731603765 -9.282999554538844 
-16.158470529094856 -7.260566085668275 
-16.182591815602187 -7.180776923934907 
-16.329479512601907 -6.611426049194487 
-16.243515347188648 -6.959409341852346 
-14.852577664762837 -10.777741189919656 
-14.608244381336167 -11.457482789145269 
-17.998678669359236 -3.8277051461933564 
-15.136935961251407 -9.641605723213958 
-14.759811612417744 -11.083151226667816 
-16.03059911957811 -7.596578453528086 
