-0.7575942784249924 -1.953105963753882E-7 -2.95186717222197E-5 
-1.0221398393328345 6.413839789791417E-7 -1.014551348919338 
-1.141344716923803 -1.1341921757718905 -1.1365576487662767 
-0.914363878541359 1.690714543433815E-7 -0.9408565223200144 
-1.1167080033991152 -1.063300484196669 -1.1147846442725902 
-1.1165042388043693 2.865804877373156E-7 3.1527812404531924E-5 
-0.8205683336462779 -2.1202649721304048E-7 -2.655891193261319E-5 
-0.9709170617582775 -1.3687302189421335E-8 -0.9844888413033945 
-0.7779746465630745 -1.7671310990739683E-7 -2.8078527170395466E-5 
-1.141344716923803 -1.1341921757718905 -1.1365576487662767 
-1.0803771997701328 -0.6853794212384131 -1.08286287973842 
-1.1214107568316403 -8.249250420291696E-7 -1.1237413530775948 
-0.8723554781211652 -0.008321168506973564 -0.9648094860818388 
-1.0938139609754218 -1.0214339044601295 -1.0953575244689664 
-1.1416860203572217 -1.7730030848228175E-7 -2.8078527170395466E-5 
-1.0762512374245947 -0.933033260760951 -1.0768281763715455 
-0.7234859705102132 2.1532143813196397E-7 3.2987250408740375E-5 
-1.0702798274701868 -0.8291512513773345 -1.0676291446416568 
-1.0191384231566611 -1.944755188241877E-7 3.1523546049544044E-5 
-0.899523950011937 -2.2212012830001364E-7 2.4343671704659302E-5 
-1.1355574052312274 -1.9569178335975865E-7 -2.9146613530748567E-5 
-0.943950049959599 -2.1909086061936757E-7 -2.655891193261319E-5 
-0.9588012091567663 3.264647596916925E-7 3.222677398907876E-5 
-1.091543241689902 -0.9751845545517717 -1.0860984212296654 
-0.8757961927040571 -2.221185093133289E-7 2.9094815137558444E-5 
-1.1214103482605697 -1.0981337489377452 -1.124739742285179 
-1.078720729240701 1.6475356310910785E-7 3.16310961559143E-5 
-1.0571856604768022 1.6675551029583643E-7 -2.900683366523999E-5 
-1.1064868664717862 -1.0295007303370292 -1.1071032765897464 
-1.0705193673995503 -0.7733145011230697 -1.0676291446416568 
-1.082861362635866 1.6121383019879292E-5 -1.0856896986741098 
-0.8430588822557572 -1.9593354697208228E-7 -2.8078527170395466E-5 
-1.1315981956819743 3.0560024983275476E-7 -1.1287626953323442 
-1.1289980201683891 -3.058187506466988E-8 -1.1292124813059392 
-0.9396597626924649 -2.0332424079249723E-7 -0.9615783081070365 
-1.0804766611664813 -0.9516198935946215 -1.08286287973842 
5.845390884193701E-5 -2.2207582724056076E-7 -1.1046266650581655 
-1.0901767312060149 -0.9919712364362526 -1.0877125884427397 
-1.1227553921003177 -1.0840474343682613 -1.1239326550771198 
-1.1474808273897965 2.542070312224997E-7 3.2713877153632216E-5 
-1.1474808273897965 2.542070312224997E-7 3.2713877153632216E-5 
-1.0352462854121423 2.33761671612339E-7 -2.963866720870566E-5 
5.845390884193701E-5 -2.1909086061936757E-7 -2.6534988728652486E-5 
-0.991492445626438 1.856379497466181E-7 -1.0024913497503927 
-0.9573321610867126 -4.4179104702331837E-7 -0.964650552707777 
-1.070403560342202 -0.8663013560291527 -1.0761025205191022 
-1.0762501697214188 -0.9330867563533205 -1.0769803755823375 
-1.148359037523097 -1.1419262483294552 -1.1552433817746963 
-1.1229648473888987 2.449282862621591E-7 3.1538236842892624E-5 
-1.0735587682587646 3.8901847917634656E-7 -1.0740693046522238 
-1.0702798274701868 -0.8291512513773345 -1.0676291446416568 
-1.0750205430561142 -0.9079893839561486 -1.075864933118719 
-1.0702798274701868 -0.798256254687967 -1.0676291446416568 
-0.9597057386889929 5.74931372107688E-7 -0.9219710881559409 
-0.991463661365852 -4.834364150954539E-6 -0.9791993953680115 
-1.1432310260384877 -1.1181339159302213 -1.1365576487662767 
-0.9675423917287154 -1.3687302189421335E-8 -0.9844888413033945 
-1.1322755671719638 -1.7730030848228175E-7 -2.8078527170395466E-5 
-1.066829976841161 1.6263206655824476E-7 3.1546278605228635E-5 
-1.1127564519646505 1.8031098972692374E-5 -1.1141210603299814 
-1.1341714597184267 1.6883426562686798E-7 -1.1351270758694414 
-1.116043790302702 -1.080206693119039 -1.1204335954391702 
-1.1067409996863826 -1.053905282194245 -1.1082032172094067 
-1.046158661224637 -2.189542956039688E-7 -1.052891690403154 
-1.0288846017964053 -4.4179104702331837E-7 -1.0374783996630534 
-1.090548627231323 3.828293004505407E-5 -1.0948629509572654 
-1.0936882393026843 3.212203462253688E-7 3.147979182561716E-5 
-0.9830769446134482 -1.7671310990739683E-7 -2.8078527170395466E-5 
-1.0810381243901157 -0.9675120968678237 -1.082989864776746 
-1.1341500411813839 -1.111068931104073 -1.1345233449808163 
-1.1432310260384877 -1.1361534887447566 -1.1365576487662767 
5.846047226817912E-5 5.468705146653236E-7 -1.0024913497503927 
-1.0950883925311912 3.866303213080814E-5 -1.1025398404438596 
-1.071593770257237 -0.8483825133333437 -1.0676226781472782 
-1.066494562550271 -9.86898108460543E-7 -1.0663841422285563 
-1.0575813498222557 -2.119255591722449E-7 -1.0603809257963113 
-1.0090427184630466 6.838369425021191E-7 -1.0185642160784316 
-1.0465346218444525 2.3434929255020158E-7 -1.0338584122650498 
-1.0932363898093551 -1.011150580301398 -1.0895188334703203 
-1.1214103482605697 -1.0981337489377452 -1.124739742285179 
-1.1165042388043693 2.865804877373156E-7 3.1527812404531924E-5 
-1.0738713001973033 -0.8879612143087376 -1.0726572027715098 
-1.1065925701695056 -1.04030260109631 -1.1074528900932716 
-1.1046708132825873 3.0889928434258085E-7 -1.1076589605210256 
