0.4748404160403821 5.881645220724267 
0.6391924880954356 2.0200064149015255 
0.4084951601673339 8.187382127311135 
0.678120759425183 1.4810957339209498 
0.616595721992372 2.385085203384549 
0.42894906312981784 7.319435938802681 
0.7141868381674391 1.4006237011913631 
0.4375465417476692 7.037367388925919 
0.9999999821566024 1.0000000178440092 
0.6062826681593593 2.6023287323390027 
0.48103151560835417 5.552588687196257 
0.49030640137085546 5.308887813552328 
0.883673938004748 1.1317478992772665 
0.6608434821249103 1.5951023713258887 
0.5252411415917299 4.338930380802796 
0.6606089153235902 1.6694012865329206 
0.8176733813038373 1.2232327440941548 
0.7876109168514894 1.2699225373657892 
0.39397642355784757 8.798424634513893 
0.9219648629650328 1.084717767279098 
0.5312307117166538 4.18398914649813 
0.4338209206875289 7.2028690927967025 
0.849804273827675 1.177289102493491 
0.5656007622764648 3.3941883402953903 
0.4756180551069908 5.8351700340497965 
0.43956932148151245 6.930153138720951 
0.9673614784362734 1.0343203004013932 
0.743481085916703 1.345026666181543 
0.44253041546193633 6.819616601860095 
0.5913458532916327 2.9028345497121713 
0.39761101232829466 8.605217131044908 
0.3962240810612148 8.672724057951106 
0.6217307826241841 2.265824652559097 
0.4499564729293357 6.591826071279704 
0.4935233672968369 5.227063528054195 
0.4387913196392648 6.9760744769395995 
0.5200082353450337 4.470356457569535 
0.6460292634527097 1.8416730629366147 
0.512453600961932 4.667680382164813 
0.40128672297091755 8.450127690440551 
0.5536167492799708 3.688746111059149 
0.4832935033084677 5.487783318842867 
0.6121647311389227 2.443671312394634 
0.5460504113144202 3.8261728734453393 
0.4523741112476653 6.480676972370861 
0.45436180323864717 6.42818285058159 
0.4511605557285377 6.531753169168444 
0.48700039918036364 5.439197663184354 
0.5058722173647717 4.8703612020210585 
0.5921937970156128 2.836138872252096 
0.5432006207238331 3.8983768557112293 
0.6308470084122773 2.143851780027555 
0.4789125909617178 5.6238510735284395 
0.6016422156706668 2.662688071122707 
0.46247280153757014 6.1379691857388075 
0.5223828637539726 4.414092273811137 
0.5121200023443417 4.752297574758128 
0.41988253372772383 7.677552588434369 
0.4684235712458408 5.954049979729075 
0.40962918789614927 8.088652457439236 
0.4341073858531532 7.135012262904566 
0.4580604652583687 6.283679235303819 
0.4059139632583097 8.280456288699032 
0.5730459609084562 3.222276337454162 
0.5829376143962761 3.0093777860455746 
0.5082870040458837 4.818081824450673 
0.5388159243132338 4.002381506273465 
0.49592866623090825 5.126903956679609 
0.41485766398218155 7.875838823760876 
0.5783648519090425 3.1408567719705163 
0.5515614974227101 3.7471609506426398 
0.4996067046595545 5.01302735646517 
0.6530029786012709 1.7451786822912707 
0.4763656110502999 5.694799100671827 
0.5967738705821968 2.752645112232833 
0.4220141696960348 7.594840011602769 
0.5607176547051105 3.491507937696472 
0.4119848185470775 7.99613216497217 
0.6414687774261781 1.9201247897352753 
0.42667756022824616 7.407312466354894 
0.395394467340166 8.72813253779096 
0.4247836299791492 7.491275518337974 
0.5373236638393336 4.064438231253589 
0.6244492608266037 2.212968082060765 
0.608950265338964 2.5178886762000032 
0.5166741397445298 4.61104702797963 
0.6191262617547724 2.3192775145261066 
0.4183763451764042 7.759091289957147 
0.5692293510855391 3.3001675375300104 
0.5570806211921747 3.5834060879717766 
0.3910578118761887 8.907193617929988 
0.44718415390407507 6.676287395300474 
0.4658662077280875 6.059316139834895 
0.44497852721698733 6.732934269466355 
0.4034499033771005 8.35212945254544 
0.517292574013241 4.541422731121111 
0.3990950595350238 8.5484762446339 
0.5020745863609798 4.942238003352114 
0.5540549426770398 3.636715626746839 
0.4303508361301581 7.268081295551778 
