0.4748404160403821 1.7928428636106357 
0.6391924880954356 0.291172926309647 
0.4084951601673339 2.344505973447129 
0.678120759425183 0.004361763867873264 
0.616595721992372 0.4706333329942194 
0.42894906312981784 2.139665188588129 
0.7141868381674391 3.07012616235669E-4 
0.4375465417476692 2.0791757640323603 
0.9999999821566024 6.113340085892038E-13 
0.6062826681593593 0.5777468072702535 
0.48103151560835417 1.6709701517518174 
0.49030640137085546 1.6029816791444311 
0.883673938004748 9.612298294314224E-5 
0.6608434821249103 0.05411300541270192 
0.5252411415917299 1.2789847464998996 
0.6606089153235902 0.10282137313631884 
0.8176733813038373 2.0485398503899965E-4 
0.7876109168514894 2.0485398503899965E-4 
0.39397642355784757 2.466371870449046 
0.9219648629650328 7.166766520982915E-5 
0.5312307117166538 1.2226635321089563 
0.4338209206875289 2.1247553014288116 
0.849804273827675 4.6531082971645876E-4 
0.5656007622764648 0.9197555125809618 
0.4756180551069908 1.7753122228133573 
0.43956932148151245 2.0462827129505423 
0.9673614784362734 5.616149729420483E-4 
0.743481085916703 1.8863595766527297E-6 
0.44253041546193633 2.0178877681122662 
0.5913458532916327 0.7165791737639763 
0.39761101232829466 2.4215290947795496 
0.3962240810612148 2.436342120159167 
0.6217307826241841 0.40873293452473713 
0.4499564729293357 1.9660348091966555 
0.4935233672968369 1.5796779934397907 
0.4387913196392648 2.061040925638121 
0.5200082353450337 1.32462217286401 
0.6460292634527097 0.18977469236963695 
0.512453600961932 1.3919696199797258 
0.40128672297091755 2.390924049582697 
0.5536167492799708 1.0421516309237004 
0.4832935033084677 1.652210025561339 
0.6121647311389227 0.49592939194395935 
0.5460504113144202 1.0892832713049048 
0.4523741112476653 1.9316904856594785 
0.45436180323864717 1.920720751537998 
0.4511605557285377 1.9468693896836724 
0.48700039918036364 1.6488914331916813 
0.5058722173647717 1.4637804206337477 
0.5921937970156128 0.6795438476225465 
0.5432006207238331 1.1176007278377647 
0.6308470084122773 0.3524424819097188 
0.4789125909617178 1.6933330888063431 
0.6016422156706668 0.6019855507501192 
0.46247280153757014 1.8386438050799043 
0.5223828637539726 1.3058461628677458 
0.5121200023443417 1.4337466451261422 
0.41988253372772383 2.2236702336596674 
0.4684235712458408 1.7890173548809192 
0.40962918789614927 2.313348137315027 
0.4341073858531532 2.0973615214796926 
0.4580604652583687 1.8783050340576177 
0.4059139632583097 2.3611528297330184 
0.5730459609084562 0.846512440109001 
0.5829376143962761 0.7542795074145543 
0.5082870040458837 1.4489683757979581 
0.5388159243132338 1.1565468907569296 
0.49592866623090825 1.542578641130085 
0.41485766398218155 2.2673520963256095 
0.5783648519090425 0.8165611617882409 
0.5515614974227101 1.06678970502036 
0.4996067046595545 1.5045420779317613 
0.6530029786012709 0.13960687772764063 
0.4763656110502999 1.7128064534002334 
0.5967738705821968 0.6427066779663532 
0.4220141696960348 2.2051301014707656 
0.5607176547051105 0.9577501422094427 
0.4119848185470775 2.2942850590645096 
0.6414687774261781 0.23170010137718444 
0.42667756022824616 2.160534010992579 
0.395394467340166 2.451055315654228 
0.4247836299791492 2.1821712078535374 
0.5373236638393336 1.183918841865839 
0.6244492608266037 0.3818862830757115 
0.608950265338964 0.5332689774659647 
0.5166741397445298 1.3824087565029464 
0.6191262617547724 0.4359256175404481 
0.4183763451764042 2.2462202557823425 
0.5692293510855391 0.8785522258617693 
0.5570806211921747 0.996246089471138 
0.3910578118761887 2.4832276461852536 
0.44718415390407507 1.9855299300878837 
0.4658662077280875 1.8228306314904767 
0.44497852721698733 1.996011175075921 
0.4034499033771005 2.369665820622494 
0.517292574013241 1.3492442542638823 
0.3990950595350238 2.4116546357859026 
0.5020745863609798 1.4813721012305272 
0.5540549426770398 1.014940268109915 
0.4303508361301581 2.1278248626026706 
