0.6442521199967775 -0.43636186704514174 
0.07607747264621717 0.6723347306066599 
0.6508654603252838 -0.457329181285022 
0.6346576933381065 -0.3589110783856624 
0.44874830406064625 -0.11821930522889973 
0.6511693499576173 -0.4576165075262856 
0.23988832201083624 0.28241445091980705 
0.25060920609399523 0.24889864403706247 
0.835608309379211 -0.6649639445170459 
0.2212808342868291 0.39251044986133976 
0.038288801821883184 0.7686717416626593 
0.2104630242936719 0.47340463940541744 
0.422738508701523 0.07293501385372707 
0.848707886536275 -0.7691814442744032 
0.24559046974976578 0.26126834466624127 
0.4255677608352467 0.0414655973675373 
0.21769142364660737 0.41865626632218333 
0.2529574477653867 0.2452322847039888 
0.6486875679149501 -0.45348301389128487 
0.20078633047706043 0.5469962769575437 
0.6498573162128028 -0.4559301542493564 
0.24170929902710797 0.27486854900109786 
0.4505082032931083 -0.1215843932907934 
0.23495850242901922 0.3061652724418692 
0.45328988791855895 -0.12405761800350748 
0.43933532731979075 -0.07764537274386285 
0.25626509328708824 0.2425244044909547 
0.45275283472629346 -0.12384922793746779 
0.645689076534526 -0.4432502715547111 
0.44107702884994837 -0.08793417711104022 
0.21501199123506626 0.4386824605731164 
0.23097090774095655 0.32857410498728257 
0.22950320795052948 0.33744461530833103 
0.6466089175566396 -0.44697799495260415 
0.25692509354809684 0.24231278815408397 
0.03040304468745117 0.8008938206638357 
0.20677310245945274 0.5016880225387101 
0.08034386186741375 0.6701137188950587 
0.0025835407471740957 0.9490731175239281 
0.04218922647037074 0.7537966843802278 
0.22611743980030863 0.3591573362628519 
0.0055952891939413385 0.9243306563938177 
0.251087464304462 0.24805786372376834 
0.027301051607284334 0.8142047880323912 
0.01594067728487214 0.8661853796254553 
0.6365168518639499 -0.3780182819342624 
0.6330197334441647 -0.3405911224924801 
0.44580045198350887 -0.1095152599701035 
0.43502844205085645 -0.04725334997249894 
0.43144312434688925 -0.016943765619550948 
0.43722140319563163 -0.06359142337100052 
0.6411899376403792 -0.41748539350901176 
0.02038405778756623 0.8451557962260233 
0.05729973444643473 0.704913196068447 
0.07869281576384879 0.6707223766158416 
0.6392198637817723 -0.40236693204627055 
0.44672314107070743 -0.11263257903409292 
0.4483146120268872 -0.1171383500712849 
0.07103217615147628 0.6774728830820257 
0.631082399907323 -0.3172153470282853 
0.0016313974570870415 0.9596234074578684 
0.4292001753437132 0.004159187161183013 
0.22316884192906716 0.379206103656548 
0.6477608194088184 -0.4509379982859673 
0.23775851621331734 0.29210253716245943 
0.25482735220863084 0.2433749610649396 
0.06552511814722795 0.6862186463114259 
0.6431972973444516 -0.43049603869764924 
0.42021236829641806 0.10257410901609988 
0.033976788462262986 0.7860502400650261 
0.20301912498168606 0.5302604221594751 
0.6518871752495191 -0.4580488198201088 
0.07296816923888692 0.6751694377975083 
0.013047377525046089 0.8806693959860123 
0.4437585007292046 -0.10130955476294988 
0.45115949287187396 -0.12246022866695586 
0.24865842121241102 0.25298278184196593 
0.4335289380723122 -0.03511480672078452 
0.0780555166070607 0.6710623641193368 
0.06062672502473192 0.6965751897318926 
0.04953568835447485 0.7279931716450548 
0.6295506460184898 -0.29739628124407674 
0.6503804135166591 -0.4567532682943102 
0.06288679336720378 0.6915114383059418 
0.05374204716639786 0.714892828903489 
0.04544269987747125 0.7419454605485711 
0.24352454096182147 0.26808674237496033 
0.010397626698318396 0.8947754690669387 
0.06882466303162393 0.6806001919291201 
0.0813289640798697 0.6698794961248745 
0.2542743499630287 0.24385212710328638 
