0.8190324229023624 1.2210554988882414 
0.510421481760823 4.7461068404418265 
0.4773549415080176 5.675456232321333 
0.5171892991805144 4.559148140966188 
0.44892132333810525 6.61137981153005 
0.6880810333807296 1.4649463969314185 
0.7434854357686569 1.3486086665583885 
0.6655167163682874 1.5223033619281896 
0.7938297677850255 1.2597229146177704 
0.5042089709049191 4.888139069222653 
0.7083454987441233 1.411740481118497 
0.8939350725187589 1.118930520131246 
0.6130661170311139 2.463898329211225 
0.4284492740496557 7.36330991493199 
0.9572820482507259 1.0446263620305214 
0.6322196118260662 2.1289664202987164 
0.9253197586443678 1.080710076549529 
0.4433452820969344 6.838391717185531 
0.5342012076980276 4.125526463807912 
0.4612799320024081 6.180416014192831 
0.5493064535534501 3.7546980187000325 
0.8593048346293363 1.163739485778595 
0.7637740128484033 1.3092895831952565 
0.553447016788054 3.6653223246437068 
0.5848974199444797 2.994805664301974 
0.41591054171423725 7.852549403446671 
0.6412508187678919 1.9487034238488392 
0.5320312779681986 4.219744578963505 
0.4326849153874013 7.27509438868366 
0.9999998961940096 1.0000014627437965 
0.5661993326981576 3.451396246712978 
0.5767125215722229 3.2317678633452656 
0.43688691826559356 7.039302136071086 
0.46511974155927105 6.062752567520396 
0.4863550521422421 5.4075723053326765 
0.48884333539800584 5.334698525134816 
0.4913174488881648 5.252228354277129 
0.4008130123901976 8.567490757552084 
0.3949305226250751 8.73980995571289 
0.6085771881066777 2.5129072212321413 
0.4586750980402034 6.26549424272038 
0.5195219522169752 4.4962112713610995 
0.4444420033515749 6.7667653567186985 
0.6487593359356031 1.8245255353640273 
0.4506227888327268 6.563125811672497 
0.40774544272564844 8.183390970907318 
0.4092697434406735 8.10608727126997 
0.6135458946492526 2.4208845760191804 
0.42645438404240876 7.493308458276463 
0.6014618278685302 2.6401821401675014 
0.44046644625414183 6.909935317701001 
0.6508422454883677 1.7560036310219904 
0.6210749769517626 2.278126741701728 
0.4469387526260099 6.662132320370776 
0.4212572845285118 7.672228686642177 
0.41789868885692616 7.752853938568718 
0.4816119914168612 5.5532023155512285 
0.40565895567283566 8.26717119227433 
0.5262909435994547 4.305781221195453 
0.6186725018898501 2.33522222123236 
0.40374919665022313 8.37389873615405 
0.6432446172796645 1.8967052299892018 
0.5796869591411592 3.101952242584265 
0.4965633807858843 5.170797368606811 
0.6626785191227742 1.5970556620065968 
0.5141660428525505 4.6243827147702 
0.46272022751027575 6.128805150673073 
0.5014384133773444 4.978833246366253 
0.5069248899969868 4.815145059242245 
0.49672693114511557 5.0935397125134845 
0.5244715153088133 4.349233044425759 
0.42322475931283154 7.5750513838336095 
0.4550890209197581 6.392927895422602 
0.4012799997481023 8.44546017315825 
0.5667084384229678 3.3638126644697626 
0.5564544492660433 3.6006666714977515 
0.5421108388905604 3.916310880752794 
0.6349891992236012 2.023960197392427 
0.41146246255521807 8.012876948722294 
0.4332912492930859 7.158345911012546 
0.5459561416773182 3.828611163735431 
0.39130104495610596 8.981947484083578 
0.5913322292215658 2.846053811084543 
0.512503691217378 4.678428031495415 
0.43773482438338407 6.996385975431482 
0.41361167588428005 7.937273014017459 
0.6575456597599523 1.6640429472693903 
0.39725541490675426 8.649006293403756 
0.4761735862929179 5.7413352335882735 
0.4678564381453709 5.991099042914401 
0.5960401944510898 2.7467872574327266 
0.49892653535028925 5.040258045653959 
0.3923268574846776 8.853487654634533 
0.46974222368028956 5.909692336562653 
0.48348550232111787 5.4800565982922205 
0.4728252606514965 5.821257934920504 
0.5590852728886018 3.5232597124039082 
0.4793338726739173 5.6061717920648 
0.452499333531529 6.475740425519742 
0.5377747631184795 4.01665614370212 
