0.223383318744304 0.37773920194231475 
0.006021221298015411 0.9213843640549261 
0.04566345274433379 0.741219921077451 
0.419384780160552 0.11264747554239186 
0.4257344775109592 0.03971441466497686 
0.44919766258001687 -0.11920470241270482 
0.20600744671150645 0.5076026565627648 
0.032085491902669655 0.7939315772242453 
0.19784823813170868 0.5686652797524454 
0.20760624547565054 0.49533339200364374 
0.42255751785988005 0.07504560787242477 
0.01608897681249405 0.8655721955762149 
0.05796694613571903 0.7032028035430805 
0.43142898811540376 -0.01677854225756425 
0.4518716205831875 -0.12322258664441327 
0.45111596628817646 -0.12241833965638038 
0.009882433429423087 0.8977161886704755 
0.20246420481572053 0.5344817050461698 
0.07833603793535367 0.6709450055099587 
0.01208284287351825 0.8857925562091374 
0.20039248904344728 0.5499833383056533 
0.4288342194183374 0.0078058527027885126 
0.42730282565499644 0.023205486895708453 
0.4428598567164681 -0.09715780074414376 
0.001447201460705455 0.9620709409696951 
0.05236715708031532 0.7191273329046234 
0.07665554880061669 0.6719157520116702 
0.4238391854814358 0.060516405875569466 
0.006803425655397127 0.9162168723260403 
0.25705109120129227 0.2423233497458109 
0.06705667807281189 0.683504075000706 
0.04998580529503517 0.726544085935779 
0.07526516221892382 0.6729811386010437 
0.037049613533104375 0.7736343877065431 
0.05829399195541608 0.7023647019109985 
0.4485338252595226 -0.11767383505837148 
0.2337969090297038 0.31245410646676197 
0.44717373561391005 -0.11403635703597005 
0.2144795189706074 0.44273990936800145 
0.21888880220156195 0.4098604258714169 
0.07952879941234425 0.6704172151755127 
0.19361188080749814 0.5987127354777242 
0.4355357856759719 -0.0511869523781729 
0.22895860665844137 0.34089251958557903 
0.4527685190693578 -0.1238535317670189 
0.025293318866610154 0.8230814114109639 
0.06037128643145646 0.6971982581717573 
0.02081444032398877 0.8431438790307011 
0.2419356941755755 0.2740317931638902 
0.0030702665309025982 0.9444108115891686 
0.06253114176050088 0.6923060346041514 
0.4303235286206597 -0.006533635774639009 
0.047859712930001824 0.7336591374496514 
0.22163352277304835 0.3900576592487886 
0.23699460894578395 0.2957911752149347 
0.4340668604854037 -0.03954960255597882 
0.2351632611165696 0.30514126694549254 
0.08218550042812967 0.6697936642780009 
0.20944488291971483 0.48122387575503844 
0.44146726740556647 -0.08999720680977859 
0.06527697116125805 0.6867616508705737 
0.22996701487326182 0.33465948739972506 
0.4381705496140028 -0.07011099911569658 
0.19547945730810987 0.5856240515094709 
0.253900742846498 0.24423838026211825 
0.24770987766583585 0.25531274998985887 
0.41784527893236995 0.1315168714818107 
0.07090363121147009 0.6776858228113576 
0.04296527730703155 0.7510302195779079 
0.44419608609424543 -0.10318526067785318 
0.21657022424518046 0.4270005034098866 
0.2112130352598322 0.4676593551870541 
0.42140073263023764 0.08850485945953032 
0.028476037590820083 0.8092140484285935 
0.2556799790135393 0.24289526775668965 
0.44000253446148957 -0.08167911608021189 
0.03448867111212457 0.7839805631094516 
0.4371785165552972 -0.06325641937288919 
0.017979955985121795 0.8564498707580971 
0.06922988869998997 0.6800396795735753 
0.022636663935220194 0.8348893694035393 
0.2461787129924325 0.2595868717935379 
0.232564164707837 0.31935459338230593 
0.05503286412229802 0.7112262098689882 
0.03904308682928753 0.7658188982457182 
0.43306525950088104 -0.031205539274808854 
0.24029669750272797 0.2806910038020527 
0.07322369940308607 0.6749569173931819 
0.23933817089024506 0.28487738066916846 
0.2256953097906319 0.36200173515606093 
0.25231599098447877 0.24617947739194734 
0.2273123766274039 0.35137642812621717 
0.44567051284421355 -0.10902401059835684 
0.25518671902087553 0.24316651455841495 
0.243645966001296 0.26771461829261967 
0.24951661470451397 0.25111750752848716 
0.24445055019392878 0.2649965976898134 
0.25036290722852145 0.24943638935015697 
