0.9248765404624456 1.0812504344971643 
0.5155869388052033 4.601603273275263 
0.6923548702563912 1.4443472274688267 
0.4218496123924994 7.666013734661862 
0.4055264165879436 8.291972416511651 
0.46008131970936955 6.293063591299081 
0.4906937945981049 5.265914563512272 
0.7521949616396281 1.3299509527695204 
0.6637241239653088 1.667177657435416 
0.47960192053803435 5.639565906273915 
0.5639860867941616 3.4119274959164003 
0.4340372974683421 7.141155678003003 
0.5942385639077152 2.828307148755369 
0.4286608482480158 7.391844157452782 
0.8817271565176614 1.1341376894356914 
0.6280507233420152 2.1565140144184065 
0.4396618572144271 7.02943034244183 
0.4127994910973453 7.965285347581841 
0.6679063449617939 1.510128576769369 
0.42560464007395665 7.470916463416091 
0.5328178005551161 4.13838090040471 
0.4603808074099823 6.218760880553385 
0.7238658986530058 1.381600812389764 
0.5413093523011826 4.032313699116394 
0.39647828126037327 8.698501358477646 
0.49893512379876964 5.031045474288314 
0.6659375361520425 1.5890952499569857 
0.39373224201167584 8.809388497482392 
0.6144130760506038 2.4069469065847144 
0.41882469613486495 7.7335764156457145 
0.8119490582177926 1.2323816823261602 
0.6359303136541364 2.0076459408329095 
0.5036753000574266 4.908084637948558 
0.5502596694375673 3.7459731432411774 
0.8417498181188524 1.1888491911287962 
0.5595938326455234 3.543964928447133 
0.4891109017308646 5.324472750932972 
0.5790795012611285 3.106665426589681 
0.6120916332648656 2.543988932593892 
0.39040665073354563 8.931363573750458 
0.44174556037398904 6.852268331358566 
0.40838870840619423 8.175571063197445 
0.9999999692433156 1.000000075948758 
0.4668162235517707 6.003009085496667 
0.9625158581254016 1.0389439213716312 
0.5890213407039188 2.9575702398739674 
0.42343002257497686 7.604132684197869 
0.5696664135341823 3.3351342280469023 
0.5954410316505495 2.772153145928039 
0.7813641268255783 1.279980219852598 
0.649124441164328 1.7938241940250148 
0.40495416529344336 8.376933845102473 
0.44759248478733615 6.678700084329984 
0.41532526046472074 7.8969536721985705 
0.43109354228893787 7.287901130612951 
0.451853765607292 6.514074291373289 
0.572203750427239 3.2484172720926963 
0.5919416307942078 2.8779136174741677 
0.5257879931409524 4.337178285819833 
0.4959906347081718 5.121057071874649 
0.643329425018944 1.9069338963927536 
0.4000364174285976 8.516414231373695 
0.5460126840433245 3.8212421296687893 
0.48085381134576377 5.590435239322004 
0.6522593011560024 1.7348417175678628 
0.4839261089767906 5.492240450079341 
0.5117889137630949 4.6824191699893 
0.40872049094734536 8.129648345247775 
0.5416743229718833 3.9458472287801403 
0.47277447375256765 5.8238803535501695 
0.5552536408578355 3.6077959308702128 
0.6177419230429274 2.3474088008994944 
0.600981837468356 2.6477411582263026 
0.44911082434361704 6.60795425270778 
0.49383334826294956 5.198698635066032 
0.5291579792244474 4.234491949871287 
0.5611786429678502 3.4742607045248355 
0.5431272581677449 3.89478040611779 
0.50659577163377 4.833322524575367 
0.5816453331489395 3.0378242942498277 
0.4872267230155253 5.371508713518364 
0.41715968093155964 7.794985349544236 
0.45450092547487636 6.453124763433003 
0.4547994092360631 6.401333898961989 
0.40613015802302993 8.240221276147597 
0.4698510749335963 5.914136586355742 
0.39777121875856786 8.60457695556002 
0.5750855590349676 3.1727753749665886 
0.41018156415640583 8.06636621329671 
0.4020059927299719 8.434006114732792 
0.6211249495981647 2.2715149769125165 
0.5190102927473448 4.5079718633834185 
0.5093105475700098 4.7545088929030594 
0.4468117237506875 6.7293350936800875 
0.47541592917298114 5.7321327831475335 
0.39207446581996813 8.854780299229231 
0.5218096564319855 4.427011609159531 
0.46403613154266804 6.090775012995305 
0.48590798345054365 5.419530542077814 
0.4434639697005067 6.7853784180855445 
