0.9248765404624456 2.3161231253475845E-5 
0.5155869388052033 1.3725265452639963 
0.6923548702563912 8.372793578459437E-7 
0.4218496123924994 2.2339049225626835 
0.4055264165879436 2.362613860514041 
0.46008131970936955 1.8953210020998656 
0.4906937945981049 1.58395159919926 
0.7521949616396281 3.8240590105623196E-4 
0.6637241239653088 0.10654603017585718 
0.47960192053803435 1.7047466396497897 
0.5639860867941616 0.9242796368472933 
0.4340372974683421 2.09952791128113 
0.5942385639077152 0.680689178366315 
0.4286608482480158 2.1685941866508496 
0.8817271565176614 5.642732785439676E-12 
0.6280507233420152 0.3544001866526732 
0.4396618572144271 2.0905723995174212 
0.4127994910973453 2.2880657379269254 
0.6679063449617939 0.008624458132385104 
0.42560464007395665 2.1796567124348027 
0.5328178005551161 1.2050030092129387 
0.4603808074099823 1.8629981552787798 
0.7238658986530058 9.37136402393568E-5 
0.5413093523011826 1.1827291167438814 
0.39647828126037327 2.448766868150239 
0.49893512379876964 1.5101652965512797 
0.6659375361520425 0.05823817546726917 
0.39373224201167584 2.46854028386561 
0.6144130760506038 0.47885965276519976 
0.41882469613486495 2.2390127923185745 
0.8119490582177926 6.311463295847345E-4 
0.6359303136541364 0.276722912860326 
0.5036753000574266 1.4720810027259854 
0.5502596694375673 1.0612579435218952 
0.8417498181188524 7.135904034089248E-4 
0.5595938326455234 0.9831809170710494 
0.4891109017308646 1.6042576684502434 
0.5790795012611285 0.7990062658147433 
0.6120916332648656 0.5571543407591375 
0.39040665073354563 2.4868637393115067 
0.44174556037398904 2.0269591138689287 
0.40838870840619423 2.3388109069822605 
0.9999999692433156 4.5192071220616605E-8 
0.4668162235517707 1.8023020312385232 
0.9625158581254016 2.3185366797541775E-11 
0.5890213407039188 0.7420719879165749 
0.42343002257497686 2.219818074133023 
0.5696664135341823 0.8999139543465726 
0.5954410316505495 0.650653729104708 
0.7813641268255783 1.3062683913689366E-4 
0.649124441164328 0.16441512749353887 
0.40495416529344336 2.392274252961867 
0.44759248478733615 1.989335965894649 
0.41532526046472074 2.2798043407837043 
0.43109354228893787 2.1417671142474926 
0.451853765607292 1.9434089980026727 
0.572203750427239 0.8587565460440618 
0.5919416307942078 0.7035568800125169 
0.5257879931409524 1.2804362667957256 
0.4959906347081718 1.5399963474558789 
0.643329425018944 0.22678668711548478 
0.4000364174285976 2.4068758384566564 
0.5460126840433245 1.086446671599885 
0.48085381134576377 1.6881820919096526 
0.6522593011560024 0.13156664631709306 
0.4839261089767906 1.6578385505718325 
0.5117889137630949 1.3964102207923164 
0.40872049094734536 2.3227538628989444 
0.5416743229718833 1.1373641261999645 
0.47277447375256765 1.7533819693475992 
0.5552536408578355 1.0032418260877694 
0.6177419230429274 0.450092826835546 
0.600981837468356 0.5912443464114365 
0.44911082434361704 1.9677037816585012 
0.49383334826294956 1.5672907535646843 
0.5291579792244474 1.24071520323608 
0.5611786429678502 0.9496809074817744 
0.5431272581677449 1.115361403140211 
0.50659577163377 1.448540753892139 
0.5816453331489395 0.7669363236768831 
0.4872267230155253 1.6171425881368924 
0.41715968093155964 2.251753601282055 
0.45450092547487636 1.932951177185142 
0.4547994092360631 1.911322875570697 
0.40613015802302993 2.3466023690265567 
0.4698510749335963 1.778763432403355 
0.39777121875856786 2.4226530625149967 
0.5750855590349676 0.8246173002050396 
0.41018156415640583 2.308674710428429 
0.4020059927299719 2.3905210008438096 
0.6211249495981647 0.41089462554626294 
0.5190102927473448 1.3396837965114212 
0.5093105475700098 1.4215215276709383 
0.4468117237506875 2.006745812903194 
0.47541592917298114 1.7251472332429911 
0.39207446581996813 2.471733255773479 
0.5218096564319855 1.3100574067959463 
0.46403613154266804 1.8263396751270846 
0.48590798345054365 1.6333931569496618 
0.4434639697005067 2.00907084920436 
