0.851995440674001 -0.7729135176703342 
1.4849053446563953E-7 1.0005747895093198 
0.652761978986528 -0.4574481253502215 
0.8234799939703047 -0.4609191191341452 
0.6185067895255435 -0.125549527578838 
0.45340982924822676 -0.1235882068053872 
0.4094955186095617 0.2408410489982827 
0.2572562734546436 0.24278016323524265 
0.08262886319252699 0.6704419483698101 
0.18240934303296596 0.6694385447229863 
0.06397725324301345 0.6941984453303419 
0.4139786340718234 0.18141421003071825 
0.23538961940794623 0.3092200738475875 
0.4320831468147076 -0.020437331627865537 
0.07387476168199997 0.675971908822172 
0.2168430558673354 0.4371336877976166 
0.41765583071248913 0.1384247083757364 
0.2195472618550081 0.4082759022700592 
0.013953532805668231 0.8770698486661463 
0.05295058223844623 0.7186648205257095 
0.6345949493366443 -0.3566916410242808 
0.002235508962211783 0.9546162652357044 
0.8243854560633869 -0.47863924947341824 
0.833968728474049 -0.6430806114877939 
0.19520440546456835 0.5883487788690525 
0.018325062359684896 0.8560449054299102 
0.6199519825164228 -0.15032092332572744 
0.04528991904773516 0.7433588550634629 
0.010077162238068788 0.8973039599873492 
0.6401434012633033 -0.40580884697406144 
0.20744552815711248 0.4972676040630082 
0.20410303409497052 0.5231237678677303 
0.2415084097234896 0.2767840161049893 
0.005058283741914967 0.9289638360717374 
0.8354153670115986 -0.6625000103128881 
0.6236693547473923 -0.21046145740105648 
0.4278613686602104 0.018550552705443504 
0.03031031024749825 0.8022585840761666 
0.6262170862822506 -0.24950753936366546 
0.6468108807797598 -0.4462874996604331 
0.42869271300599204 0.012261344901192697 
0.43858247483467816 -0.07163007340759768 
0.2093970402679571 0.48228157163865215 
0.18952607777756522 0.626572928877834 
0.8259829418169687 -0.5100380489259189 
0.8290905052624561 -0.5663357948365669 
0.021792434417089234 0.8397065202727487 
0.4119708778441826 0.20771760993371916 
0.007545910999310734 0.9161506799933391 
0.6327432448147247 -0.3366352106763122 
0.6314792028863048 -0.3217065490062349 
0.42470359724665846 0.057528239442005 
0.05106827554521248 0.7251239518982574 
0.6213593624436136 -0.17276846217537462 
0.8393018668777626 -0.7081188216348137 
0.8421951744271927 -0.7295053250179317 
0.18515627299701445 0.6537980022490265 
0.19920713946626775 0.5667211743438656 
0.44738888351958017 -0.11374880604477176 
0.22517420502849306 0.36714814556246333 
0.8451375524252381 -0.7538643545366164 
0.22199663295208039 0.3884804599603231 
0.18891710540733594 0.6436091962060962 
0.42059299179502374 0.11720342399228685 
0.0373733555930951 0.7741532518892849 
0.026899399120028034 0.8233818871743901 
0.2276428077815657 0.3511309691531964 
0.4344640031879003 -0.04185166221001361 
0.041474443749425716 0.7576633439279541 
0.22905898351631623 0.3410697027957326 
0.6372565649100094 -0.3840563496501259 
0.8264083092780355 -0.5179629045004968 
0.21236082159597783 0.46280383034974104 
0.8323636533581668 -0.6147393622812625 
0.24817943082275856 0.25622158489787267 
0.64248705171267 -0.42568294345984514 
0.4383551846459425 -0.06165988477699491 
0.6264258023955612 -0.2520273668675149 
0.2423357691197906 0.27311431570566386 
0.8276484578454216 -0.5396428971933216 
0.8306060415900216 -0.5917746627090378 
0.8446566330465732 -0.7511064426909528 
0.4122945201286999 0.20347368815998498 
0.6434047993412388 -0.43094222284934874 
0.0018720251644227526 0.9770264391152004 
0.24712722270117554 0.2577103718581481 
0.8371847414289155 -0.684477046200921 
0.628060205646371 -0.27662173801063317 
0.6300654118744577 -0.29642761777464477 
0.6304112997537206 -0.30025571790614136 
0.8374291285386017 -0.6871370126667844 
0.22371925223970357 0.3802572930672255 
0.4351784417020972 -0.047739090639562505 
0.6372596909199231 -0.38449266889077177 
4.320298380804388E-4 0.9802666251532995 
0.8405526269330587 -0.7201517498212737 
0.4238832137262576 0.06405746498671543 
0.0247845855951066 0.8260405410300647 
0.19248615068016056 0.607046131092265 
0.4437174620993312 -0.095549686633806 
