0.8520479763526364 -0.7727776420708942 
4.762038143077841E-8 1.0113431088183138 
0.6522984518048482 -0.45743197432757543 
0.823364670515363 -0.45813664418567285 
0.6185640573176091 -0.12640096133228962 
0.4534973555948033 -0.12326964616235968 
0.257960754852247 0.24300067413025184 
0.4095060361996625 0.24046358968507145 
0.18282718055347924 0.667378492690361 
0.08368226466070039 0.6706432021585238 
0.24216366579388648 0.27435413066855313 
0.4405923110417876 -0.08440554898302882 
0.4510973773137233 -0.11303741591004658 
0.04230116283098537 0.7546406416142654 
0.21784764003922039 0.41844116263887815 
0.010169279769232042 0.9124480928277554 
0.20813769667390314 0.4922530220767213 
0.18912009749142497 0.6295392736124942 
0.4241582273658092 0.05755001421075073 
0.6258790062023144 -0.24502287147770535 
0.22097555074067432 0.39578814063475637 
0.028604273107535216 0.8108597729893401 
0.8329270451345004 -0.6276926579958151 
0.014052158470528764 0.8769275734634445 
0.21434173308917653 0.44467027989531166 
0.627773437842308 -0.27220518463281307 
0.4348526672079692 -0.0451518536046151 
0.4266226925783906 0.031067481238727254 
0.831130795520673 -0.6001743896050129 
0.6243109611045842 -0.22113585413398512 
0.2348507385767244 0.3098261958384048 
0.4375714707539409 -0.06488536832583895 
0.18703314728148074 0.6425270544545495 
0.2357572053040864 0.3033493015611214 
0.8465982268988314 -0.7611903031017206 
0.8369747712196384 -0.6818145371713624 
0.41914562189739 0.1164799091350337 
0.8299466599252991 -0.5809672015505241 
0.22413682618034458 0.37364210236695694 
0.19396038762783013 0.5970158365184407 
0.6396731344861002 -0.40388741905848774 
0.1971210669010446 0.574845742817599 
0.6291965556974626 -0.2919800192927595 
0.22913781480475473 0.3408219718077811 
0.1996943303434836 0.5561927565061714 
0.07260085959802326 0.6768098077876669 
0.8285328593262258 -0.5564671907799182 
0.6192489288065952 -0.13816521437298387 
0.6339884328291975 -0.3508391834699286 
0.0027355833410313835 0.9492946134371771 
0.025354059843001986 0.8241204369341998 
0.0343872880251615 0.7853882245037819 
0.05352470704899798 0.7168349534583186 
0.04769968219065168 0.736027080608259 
0.4165769618655395 0.1483913789162106 
0.20204126633555203 0.5393617833859506 
0.22638073193547623 0.35853426842839003 
0.41188686606949515 0.23029605473668135 
0.6228883659615785 -0.19869087045359488 
0.6307948472547003 -0.31267571698982694 
0.4224841296590931 0.08240759079923994 
0.8269710071292955 -0.5281664666920188 
1.3635475827482356E-6 1.000196518199092 
0.8348321096882949 -0.6547658132195957 
0.018874542192363897 0.8540783764541892 
0.06786506820328694 0.6836289381804446 
0.6446541472253126 -0.43772347642681736 
0.620820457681042 -0.16488586162208188 
0.0556203501771767 0.7110738459930158 
0.6372797908699619 -0.38469531530980833 
0.21209693618041253 0.4616195267348533 
0.8431456984754735 -0.7410516656716855 
0.42840051654948835 0.013334834437286093 
0.8386025032217569 -0.6969811102200546 
0.061233242862248294 0.6967806541701356 
7.0919963439392E-4 0.975042130727659 
0.015674697520726255 0.8684416316557859 
0.2519895148976432 0.2552654319752227 
0.2039280948370406 0.5244499519462484 
0.4322084447169632 -0.02287819215511951 
0.6420585643208006 -0.42259437613689177 
0.413585251461731 0.19005822541572154 
0.6221693802233359 -0.18661364462756777 
0.8258523722529776 -0.5073534420540876 
0.2519895148976432 0.2552654319752227 
0.8276962038242148 -0.5415112334049497 
0.006118936668505437 0.9223116190316479 
0.834809281508788 -0.6490808176621905 
0.840849828214568 -0.7227763521074656 
0.4200081609344334 0.10595147926759702 
0.8401532974044681 -0.7090336276762985 
0.03523230321455584 0.7830742462767547 
0.0010716178961268181 0.9690585312665151 
0.045827728228375136 0.7419980340317268 
0.4120487097382316 0.20673983147621366 
0.0835886655223595 0.6710958811456842 
0.19557750430694548 0.5950746371558774 
0.4213634836689741 0.09046832872098745 
0.41654557320047286 0.15230403547643226 
0.8246721283334423 -0.48441990005334823 
