-3.141592653589793 1.021574620827729 
2.9304570334569933 0.19524738804865577 
2.9304512954675754 0.2042138939712418 
2.3366375180357886 0.5204489193278206 
2.9304425208044376 0.21153339296858387 
2.326359875033545 0.6172466970316052 
3.1327143312064045 0.04473867676072461 
3.1327143312064045 0.04473867676072461 
2.3241203769300878 0.772360263521491 
2.9304583268700526 0.19225779737535678 
3.0924764391929735 0.0903004884011464 
3.1327143312064045 0.04473867676072461 
2.3619957821981314 0.4623446746940506 
2.936248784264926 0.14791468988906809 
2.9297561493325355 0.25507456109030663 
2.3366375180357886 0.5204489193278206 
3.0924361624824988 0.11038327900708605 
3.1327143312064045 0.04473867676072461 
3.1327143312064045 0.04473867676072461 
3.092338580155178 0.14749495629884724 
3.1327143312064045 0.04473867676072461 
3.0924764391929735 0.0903004884011464 
3.1327143312064045 0.04473867676072461 
3.1327143312064045 0.04473867676072461 
2.326359875033545 0.6172466970316052 
3.1327143312064045 0.04473867676072461 
3.092433714916621 0.13842624300206507 
2.930367583588822 0.2474447219374019 
3.1327143312064045 0.04473867676072461 
2.9304084338777994 0.23274628333879346 
2.3366375180357886 0.5204489193278206 
2.9304579269606608 0.193262267373313 
3.1327143312064045 0.04473867676072461 
3.1327143312064045 0.04473867676072461 
2.4332193910418454 0.3490499689339517 
2.9304425311019706 0.20776428260292962 
2.9304048680180936 0.23426061106853302 
3.1327143312064045 0.04473867676072461 
3.1327143312064045 0.04473867676072461 
2.929752473424188 0.3292689972034825 
2.9304512345491553 0.2042887579185162 
3.1327143312064045 0.04473867676072461 
3.1327143312064045 0.04473867676072461 
2.930457950320031 0.19320597598272135 
2.930367583588822 0.2474447219374019 
3.1327143312064045 0.04473867676072461 
3.1327143312064045 0.04473867676072461 
2.929502482271007 0.3439474511932698 
2.9304570334569933 0.19524738804865577 
3.0924361624824988 0.11038327900708605 
3.1327143312064045 0.04473867676072461 
3.1327143312064045 0.04473867676072461 
3.1327143312064045 0.04473867676072461 
3.0924764391929735 0.0903004884011464 
3.092465626736233 0.09882309330825327 
3.09246529275335 0.09974645884606129 
3.092433714916621 0.13842624300206507 
3.09246529275335 0.09974645884606129 
2.9304512954675754 0.2042138939712418 
2.936248784264926 0.14791468988906809 
3.092338580155178 0.14749495629884724 
3.0924654703700174 0.09960407559396195 
2.929502482271007 0.3439474511932698 
2.3564894661895543 0.5126236794001258 
3.0924775655599253 0.08376261243911709 
2.930457002711722 0.19531753514570466 
3.092338580155178 0.14749495629884724 
2.9304572223429584 0.19485493025995507 
3.09246529275335 0.09974645884606129 
3.1327143312064045 0.04473867676072461 
3.1327143312064045 0.04473867676072461 
3.092338580155178 0.14749495629884724 
3.092465626736233 0.09882309330825327 
3.1327143312064045 0.04473867676072461 
2.3366375180357886 0.5204489193278206 
2.3366375180357886 0.5204489193278206 
3.092465626736233 0.09882309330825327 
3.1327143312064045 0.04473867676072461 
2.4332193910418454 0.3490499689339517 
2.3619957821981314 0.4623446746940506 
3.1327143312064045 0.04473867676072461 
3.092465626736233 0.09882309330825327 
2.9361513823737524 0.1882786152530542 
2.3619957821981314 0.4623446746940506 
2.3564894661895543 0.5126236794001258 
3.092433714916621 0.13842624300206507 
3.092465626736233 0.09882309330825327 
3.0931427441085164 0.05021515143474145 
2.3621017585550907 0.4111059436106264 
3.1327143312064045 0.04473867676072461 
3.1327143312064045 0.04473867676072461 
3.1327143312064045 0.04473867676072461 
3.1327143312064045 0.04473867676072461 
3.1327143312064045 0.04473867676072461 
3.1327143312064045 0.04473867676072461 
3.1327143312064045 0.04473867676072461 
3.1327143312064045 0.04473867676072461 
3.1327143312064045 0.04473867676072461 
3.1327143312064045 0.04473867676072461 
