-3.141592653589793 -4.999999999997361 -9.850484786302528E-6 
2.9304570334569933 -4.889997516282193 1.047829786881822 
2.9304512954675754 -4.889997702431992 1.047829786881822 
2.3366375180357886 -3.4577390308630402 3.6034699608959198 
2.9304425208044376 -4.889955211924315 1.047829786881822 
2.326359875033545 -3.4577390308630402 3.6397201611466756 
3.1327143312064045 -4.999806075654166 0.04437073240057189 
3.1327143312064045 -4.999806075654166 0.04437073240057189 
2.3241203769300878 -3.4577390308630402 3.6397201611466756 
2.9304583268700526 -4.889997702431992 1.047829786881822 
3.0924764391929735 -4.994004922014833 0.24540769622386713 
3.1327143312064045 -4.999806075654166 0.04437073240057189 
2.3619957821981314 -3.5560182516395535 3.5226579145029193 
2.936248784264926 -4.894915926087561 1.0193956267643538 
2.9297561493325355 -4.886655141386126 1.0516577788402828 
2.3366375180357886 -3.4577390308630402 3.6034699608959198 
3.0924361624824988 -4.993994663316357 0.24544178418823417 
3.1327143312064045 -4.999806075654166 0.04437073240057189 
3.1327143312064045 -4.999806075654166 0.04437073240057189 
3.092338580155178 -4.994002727161684 0.24540769622386713 
3.1327143312064045 -4.999806075654166 0.04437073240057189 
3.0924764391929735 -4.994004922014833 0.24540769622386713 
3.1327143312064045 -4.999806075654166 0.04437073240057189 
3.1327143312064045 -4.999806075654166 0.04437073240057189 
2.326359875033545 -3.4577390308630402 3.6397201611466756 
3.1327143312064045 -4.999806075654166 0.04437073240057189 
3.092433714916621 -4.9941701279965995 0.2454413327705356 
2.930367583588822 -4.89000413057448 1.047829786881822 
3.1327143312064045 -4.999806075654166 0.04437073240057189 
2.9304084338777994 -4.89000413057448 1.047829786881822 
2.3366375180357886 -3.4577390308630402 3.6034699608959198 
2.9304579269606608 -4.889997894561787 1.047829786881822 
3.1327143312064045 -4.999806075654166 0.04437073240057189 
3.1327143312064045 -4.999806075654166 0.04437073240057189 
2.4332193910418454 -3.79701474928148 3.2522369861564795 
2.9304425311019706 -4.889846388536877 1.047829786881822 
2.9304048680180936 -4.890004123570568 1.047829786881822 
3.1327143312064045 -4.999806075654166 0.04437073240057189 
3.1327143312064045 -4.999806075654166 0.04437073240057189 
2.929752473424188 -4.88683728626721 1.047829786881822 
2.9304512345491553 -4.889997708510828 1.047829786881822 
3.1327143312064045 -4.999806075654166 0.04437073240057189 
3.1327143312064045 -4.999806075654166 0.04437073240057189 
2.930457950320031 -4.889997894561787 1.047829786881822 
2.930367583588822 -4.89000413057448 1.047829786881822 
3.1327143312064045 -4.999806075654166 0.04437073240057189 
3.1327143312064045 -4.999806075654166 0.04437073240057189 
2.929502482271007 -4.886626886723883 1.047829786881822 
2.9304570334569933 -4.889997516282193 1.047829786881822 
3.0924361624824988 -4.993994663316357 0.24544178418823417 
3.1327143312064045 -4.999806075654166 0.04437073240057189 
3.1327143312064045 -4.999806075654166 0.04437073240057189 
3.1327143312064045 -4.999806075654166 0.04437073240057189 
3.0924764391929735 -4.994004922014833 0.24540769622386713 
3.092465626736233 -4.994002727161684 0.24540769622386713 
3.09246529275335 -4.994004968413784 0.24540769622386713 
3.092433714916621 -4.9941701279965995 0.2454413327705356 
3.09246529275335 -4.994004968413784 0.24540769622386713 
2.9304512954675754 -4.889997702431992 1.047829786881822 
2.936248784264926 -4.894915926087561 1.0193956267643538 
3.092338580155178 -4.994002727161684 0.24540769622386713 
3.0924654703700174 -4.994004921239285 0.24540769622386713 
2.929502482271007 -4.886626886723883 1.047829786881822 
2.3564894661895543 -3.536132136408785 3.5262469024009695 
3.0924775655599253 -4.994014658907395 0.24544130420690627 
2.930457002711722 -4.8899977049318615 1.047829786881822 
3.092338580155178 -4.994002727161684 0.24540769622386713 
2.9304572223429584 -4.889997728218285 1.047829786881822 
3.09246529275335 -4.994004968413784 0.24540769622386713 
3.1327143312064045 -4.999806075654166 0.04437073240057189 
3.1327143312064045 -4.999806075654166 0.04437073240057189 
3.092338580155178 -4.994002727161684 0.24540769622386713 
3.092465626736233 -4.994002727161684 0.24540769622386713 
3.1327143312064045 -4.999806075654166 0.04437073240057189 
2.3366375180357886 -3.4577390308630402 3.6034699608959198 
2.3366375180357886 -3.4577390308630402 3.6034699608959198 
3.092465626736233 -4.994002727161684 0.24540769622386713 
3.1327143312064045 -4.999806075654166 0.04437073240057189 
2.4332193910418454 -3.79701474928148 3.2522369861564795 
2.3619957821981314 -3.5560182516395535 3.5226579145029193 
3.1327143312064045 -4.999806075654166 0.04437073240057189 
3.092465626736233 -4.994002727161684 0.24540769622386713 
2.9361513823737524 -4.894915926087561 1.0193888513233929 
2.3619957821981314 -3.5560182516395535 3.5226579145029193 
2.3564894661895543 -3.536132136408785 3.5262469024009695 
3.092433714916621 -4.9941701279965995 0.2454413327705356 
3.092465626736233 -4.994002727161684 0.24540769622386713 
3.0931427441085164 -4.994124700602198 0.24215807961922017 
2.3621017585550907 -3.556431137974678 3.5120463822804897 
3.1327143312064045 -4.999806075654166 0.04437073240057189 
3.1327143312064045 -4.999806075654166 0.04437073240057189 
3.1327143312064045 -4.999806075654166 0.04437073240057189 
3.1327143312064045 -4.999806075654166 0.04437073240057189 
3.1327143312064045 -4.999806075654166 0.04437073240057189 
3.1327143312064045 -4.999806075654166 0.04437073240057189 
3.1327143312064045 -4.999806075654166 0.04437073240057189 
3.1327143312064045 -4.999806075654166 0.04437073240057189 
3.1327143312064045 -4.999806075654166 0.04437073240057189 
3.1327143312064045 -4.999806075654166 0.04437073240057189 
