0.9158077730444903 1.0919350327337862 
0.6295281618826893 2.1230595941683803 
0.8396877462382334 1.190920400478489 
0.6459525788972751 1.8486558786925034 
0.5173197543592662 4.5626489042462035 
0.4430290309133306 6.827441860864878 
0.5058416286456774 4.915527161767333 
0.595333693903742 2.784182715399828 
0.9999998605435579 1.0000001406181322 
0.615817467958932 2.4552288083958427 
0.3922511874076866 8.90670465243733 
0.9583426758385388 1.0512172125155395 
0.5587011706649542 3.6191382868811086 
0.411268662682461 8.071405192632108 
0.42636972313518945 7.42629926375604 
0.742706095097517 1.34642959077631 
0.6009931006948012 2.6617969531143633 
0.5067049762610873 4.8305025131440305 
0.6908948465059878 1.447406867646266 
0.46842483038868016 5.9576636962613865 
0.508453699530635 4.780390746460705 
0.4938299741499006 5.176105925719048 
0.5753175069730092 3.1825307532582676 
0.6566932867551751 1.6926956610641528 
0.5734153623764763 3.283652773716948 
0.40609078130655457 8.276439375237604 
0.6426153983258249 1.9237817844343017 
0.712447964433156 1.4036112842779853 
0.4465696421129078 6.710014285133466 
0.40233767655041597 8.417974688975555 
0.5257322701006553 4.385021877529078 
0.5122137451167355 4.686085711452464 
0.417379696828862 7.775275081175556 
0.7704998182126233 1.29786047710799 
0.47260610344807436 5.835407557795236 
0.5460980781855062 3.8263431308665203 
0.6644567190647984 1.592680521951275 
0.56782329891602 3.3487778731185065 
0.4329677277193628 7.215534322209528 
0.46374376996904054 6.125323716493451 
0.4839080957372771 5.479972345394857 
0.4496373840409247 6.571668818573614 
0.4252143100197707 7.491498352553492 
0.6663968144454642 1.5043895718344056 
0.6204793200290116 2.298315185107 
0.43418811368637 7.131093955163487 
0.6343967916529747 2.0577016175183087 
0.6063840643322804 2.5460997281512157 
0.5304829351695879 4.200798804690773 
0.5831527870992691 3.0085628868340897 
0.659393038994275 1.6476437227179108 
0.4390605372403463 6.951930768726085 
0.45691301428536374 6.3265690524115525 
0.625610729384312 2.1996083198548013 
0.802084277876161 1.2467518325531133 
0.6391854862389383 1.985068798041076 
0.42232759785539187 7.619524266972021 
0.4281957391593454 7.356035681030243 
0.563702312457501 3.420281248124722 
0.5358300589021424 4.11482050142372 
0.39573695562948713 8.689997529754748 
0.39272090406815297 8.846556641525616 
0.4003872173396408 8.487053089722975 
0.520391151952587 4.4697779839716825 
0.48308330105522246 5.555677356748214 
0.5273300413318913 4.31208564132172 
0.4793450328431138 5.625023231471934 
0.41327779709640555 7.942858481661192 
0.4879279067244712 5.354466714611362 
0.45441895515562114 6.404580435187747 
0.879545693192345 1.1369505996735756 
0.452979443008406 6.456902436237256 
0.4772152019743108 5.6808975352876905 
0.4192831449212698 7.712821748629809 
0.6517463147876086 1.7623696356756118 
0.4601094043096022 6.221884579110358 
0.5489773603537403 3.772879620232231 
0.3976551386579977 8.626975388855044 
0.5593320184161724 3.5168373562565693 
0.5003654451979104 5.015230093346741 
0.48517374438609 5.431414908016725 
0.46978722250206695 5.900695453688686 
0.5788324115912912 3.095471819338004 
0.5383191946995293 4.018760859895973 
0.39874374630264087 8.557798627549795 
0.6169339457297955 2.3500113913754164 
0.43686825718540306 7.048039312575358 
0.4159592977506459 7.885405031807791 
0.42291871172184575 7.556091017399271 
0.40360992620867486 8.343813418623617 
0.3896738663640945 8.99872125459714 
0.5872252770647723 2.920993103214798 
0.6225484020211989 2.248979311144765 
0.4657479809640224 6.03118637096889 
0.47397693294153975 5.768780220845852 
0.5428523050766092 3.896856207814719 
0.4075289690318402 8.181567562725057 
0.49071604736628843 5.271988150555342 
0.4965198982421451 5.099597576337614 
0.5504143956760565 3.7228595170797503 
