0.9158077730444903 2.590637191324241E-6 
0.6295281618826893 0.33652580388422904 
0.8396877462382334 1.2670269166070725E-6 
0.6459525788972751 0.1941440323350307 
0.5173197543592662 1.3603484103722212 
0.4430290309133306 2.0247549512360736 
0.5058416286456774 1.4864782651604518 
0.595333693903742 0.6575177804619305 
0.9999998605435579 1.1616705103282068E-9 
0.615817467958932 0.5119727880461538 
0.3922511874076866 2.49366547580811 
0.9583426758385388 0.007426316329671834 
0.5587011706649542 1.022016797678832 
0.411268662682461 2.3195160195420783 
0.42636972313518945 2.1663491610067243 
0.742706095097517 1.463689220826403E-6 
0.6009931006948012 0.5997216042721756 
0.5067049762610873 1.4476396612517684 
0.6908948465059878 5.945654179440041E-6 
0.46842483038868016 1.790717606434037 
0.508453699530635 1.4306073602399594 
0.4938299741499006 1.5561162554949846 
0.5753175069730092 0.8309656588294796 
0.6566932867551751 0.11158187714044243 
0.5734153623764763 0.882896945159425 
0.40609078130655457 2.360985732326571 
0.6426153983258249 0.23625179769621504 
0.712447964433156 2.3392583703429892E-9 
0.4465696421129078 1.996488677884551 
0.40233767655041597 2.3868683776226356 
0.5257322701006553 1.3053475061143995 
0.5122137451167355 1.4002775122010884 
0.417379696828862 2.245241956142059 
0.7704998182126233 1.2616770549422895E-6 
0.47260610344807436 1.75784922792105 
0.5460980781855062 1.0895586302445195 
0.6644567190647984 0.05826727413415489 
0.56782329891602 0.9015140992511235 
0.4329677277193628 2.124093499768132 
0.46374376996904054 1.8405807125674474 
0.4839080957372771 1.651802982352965 
0.4496373840409247 1.954867976366754 
0.4252143100197707 2.185492302995282 
0.6663968144454642 0.0025204183554238258 
0.6204793200290116 0.42605704326754334 
0.43418811368637 2.0962362329127098 
0.6343967916529747 0.3053993043327514 
0.6063840643322804 0.5439143013516486 
0.5304829351695879 1.228452079969258 
0.5831527870992691 0.7544518326207224 
0.659393038994275 0.08644480150280387 
0.4390605372403463 2.052318458174569 
0.45691301428536374 1.8906917358218598 
0.625610729384312 0.3760985653441633 
0.802084277876161 4.330414429820628E-8 
0.6391854862389383 0.26882716489363 
0.42232759785539187 2.2179353804711592 
0.4281957391593454 2.1498231357212636 
0.563702312457501 0.9280204488229336 
0.5358300589021424 1.2048445116496151 
0.39573695562948713 2.4389531668529076 
0.39272090406815297 2.4742277221500633 
0.4003872173396408 2.3981075700079826 
0.520391151952587 1.3260329140513356 
0.48308330105522246 1.6838549570956802 
0.5273300413318913 1.2738922994648376 
0.4793450328431138 1.6963269456331922 
0.41327779709640555 2.282607055949438 
0.4879279067244712 1.6125937356861781 
0.45441895515562114 1.9103627495681494 
0.879545693192345 3.3153473137252426E-9 
0.452979443008406 1.9248440691263715 
0.4772152019743108 1.7110106646976795 
0.4192831449212698 2.2338561589826735 
0.6517463147876086 0.14861791534516033 
0.4601094043096022 1.8627476073775664 
0.5489773603537403 1.0712254948475124 
0.3976551386579977 2.430561094454286 
0.5593320184161724 0.9670797369163827 
0.5003654451979104 1.5094478384273997 
0.48517374438609 1.635179908236905 
0.46978722250206695 1.7720713280189817 
0.5788324115912912 0.7917594182002985 
0.5383191946995293 1.1633761097891884 
0.39874374630264087 2.412368684852804 
0.6169339457297955 0.4498018001912023 
0.43686825718540306 2.079064651059003 
0.4159592977506459 2.280007539510178 
0.42291871172184575 2.1956122787315104 
0.40360992620867486 2.367645918189629 
0.3896738663640945 2.506566503611623 
0.5872252770647723 0.7152809843395991 
0.6225484020211989 0.40009847633191 
0.4657479809640224 1.80901287509649 
0.47397693294153975 1.7342687558903354 
0.5428523050766092 1.1154173749643141 
0.4075289690318402 2.3342257939016884 
0.49071604736628843 1.5870491870024264 
0.4965198982421451 1.5320516696790418 
0.5504143956760565 1.0491154712803064 
