2.6632865224328657 0.214884483779564 
-3.141592653589793 1.083026683429882 
2.6632865224328657 0.214884483779564 
-3.141592653589793 1.083026683429882 
2.26094609511163 0.9841645094147055 
-3.1413513765902916 1.00634999666077 
2.2624006768333715 0.6475007251803737 
2.308049114024936 0.5667503667423395 
2.308759937212361 0.46423700864525874 
2.649056326439028 0.34105452051306356 
2.307629067734264 0.5980030865842967 
2.3438647807036275 0.40225654483727014 
2.3438647807036275 0.40225654483727014 
2.651390677760092 0.23826093085049033 
2.6491497863176816 0.28624284489105994 
2.273434449039091 0.6407475304110525 
2.309242538908212 0.42087939667475693 
2.6490831735680636 0.3302332483836038 
2.64914485302595 0.29709513247456687 
-3.1415869304142503 1.051230942129898 
2.309184551862202 0.437066094040645 
2.651390677760092 0.23826093085049033 
-3.1415775798088763 1.0436637295328421 
-3.141378770824401 1.0251366969155975 
2.309184551862202 0.437066094040645 
2.273434449039091 0.6407475304110525 
2.6491497863176816 0.28624284489105994 
2.64914485302595 0.29709513247456687 
2.6490646150854293 0.3395862052708415 
2.6490831735680636 0.3302332483836038 
-3.1415869304142503 1.051230942129898 
-3.1415778336226134 1.043897769640589 
2.2624006768333715 0.6475007251803737 
-3.141378770824401 1.0251366969155975 
-3.1413610592381294 1.018663097491523 
-3.141352122314988 1.0162035413925685 
-3.1413520750596726 1.0116468582942497 
-3.1413514856198503 1.010369692418697 
-3.1413610119828146 1.017290554745891 
2.64905707101843 0.34063218832871334 
-3.1413610592381294 1.018663097491523 
-3.1413514856198503 1.010369692418697 
-3.1413520750596726 1.0116468582942497 
-3.1415778336226134 1.043897769640589 
2.6632865224328657 0.214884483779564 
2.3438647807036275 0.40225654483727014 
2.651390677760092 0.23826093085049033 
2.6632865224328657 0.214884483779564 
2.3438647807036275 0.40225654483727014 
2.651390677760092 0.23826093085049033 
2.6632865224328657 0.214884483779564 
2.3438647807036275 0.40225654483727014 
2.6632865224328657 0.214884483779564 
2.6632865224328657 0.214884483779564 
2.2624006768333715 0.6475007251803737 
2.6632865224328657 0.214884483779564 
2.6490831735680636 0.3302332483836038 
2.6632865224328657 0.214884483779564 
2.651390677760092 0.23826093085049033 
-3.1413520750596726 1.0116468582942497 
2.3438647807036275 0.40225654483727014 
2.6632865224328657 0.214884483779564 
2.651390677760092 0.23826093085049033 
2.6632865224328657 0.214884483779564 
2.2624006768333715 0.6475007251803737 
-3.1415778336226134 1.043897769640589 
-3.1413610592381294 1.018663097491523 
-3.1413520750596726 1.0116468582942497 
2.3438647807036275 0.40225654483727014 
2.6632865224328657 0.214884483779564 
2.2624006768333715 0.6475007251803737 
2.273434449039091 0.6407475304110525 
2.6632865224328657 0.214884483779564 
2.6490831735680636 0.3302332483836038 
-3.1415778336226134 1.043897769640589 
-3.141378770824401 1.0251366969155975 
-3.141592653589793 1.083026683429882 
-3.141592653589793 1.083026683429882 
2.6632865224328657 0.214884483779564 
2.3438647807036275 0.40225654483727014 
-3.141592653589793 1.083026683429882 
2.651390677760092 0.23826093085049033 
2.651390677760092 0.23826093085049033 
2.2624006768333715 0.6475007251803737 
2.6490831735680636 0.3302332483836038 
2.6632865224328657 0.214884483779564 
-3.141592653589793 1.083026683429882 
2.64914485302595 0.29709513247456687 
-3.1413520750596726 1.0116468582942497 
2.3438647807036275 0.40225654483727014 
-3.1413520750596726 1.0116468582942497 
2.2624006768333715 0.6475007251803737 
2.273434449039091 0.6407475304110525 
2.6632865224328657 0.214884483779564 
2.6632865224328657 0.214884483779564 
2.2624006768333715 0.6475007251803737 
-3.141592653589793 1.083026683429882 
2.309184551862202 0.437066094040645 
-3.1415778336226134 1.043897769640589 
2.3438647807036275 0.40225654483727014 
