2.6632865224328657 -4.438828185496987 2.301411080076508 
-3.141592653589793 -4.999999999975816 5.66378998756889E-4 
2.6632865224328657 -4.438828185496987 2.301411080076508 
-3.141592653589793 -4.999999999975816 5.66378998756889E-4 
2.26094609511163 -3.3684546367975385 3.8593696376389977 
-3.1413513765902916 -4.9999998701382316 -0.0012063280369400504 
2.2624006768333715 -3.233124441458123 3.8510813527050978 
2.308049114024936 -3.3644188610730383 3.6964438776876407 
2.308759937212361 -3.36440865357299 3.6965956392495736 
2.649056326439028 -4.407278127099204 2.363913420657018 
2.307629067734264 -3.364056944284967 3.6964438776876407 
2.3438647807036275 -3.491776051286722 3.58048861588565 
2.3438647807036275 -3.491776051286722 3.58048861588565 
2.651390677760092 -4.4112358533537055 2.354163026079926 
2.6491497863176816 -4.407275702772183 2.3639142114207035 
2.273434449039091 -3.232810229121369 3.8344079415653396 
2.309242538908212 -3.3659910024682986 3.6963486091372895 
2.6490831735680636 -4.407409889378563 2.363964988254003 
2.64914485302595 -4.407275702772183 2.3639642376196295 
-3.1415869304142503 -4.999999991377449 -1.4761600805064678E-4 
2.309184551862202 -3.3659910024682986 3.696444165642549 
2.651390677760092 -4.4112358533537055 2.354163026079926 
-3.1415775798088763 -4.999999991256503 -1.4761600805064678E-4 
-3.141378770824401 -4.999999902390662 -0.001057904602157054 
2.309184551862202 -3.3659910024682986 3.696444165642549 
2.273434449039091 -3.232810229121369 3.8344079415653396 
2.6491497863176816 -4.407275702772183 2.3639142114207035 
2.64914485302595 -4.407275702772183 2.3639642376196295 
2.6490646150854293 -4.407485795963965 2.363964988254003 
2.6490831735680636 -4.407409889378563 2.363964988254003 
-3.1415869304142503 -4.999999991377449 -1.4761600805064678E-4 
-3.1415778336226134 -4.999999991377449 -1.4761600805064678E-4 
2.2624006768333715 -3.233124441458123 3.8510813527050978 
-3.141378770824401 -4.999999902390662 -0.001057904602157054 
-3.1413610592381294 -4.999999999390446 -0.001160460935206214 
-3.141352122314988 -4.999999998581137 -0.0012013356635803614 
-3.1413520750596726 -4.99999988398856 -0.0012022597382239293 
-3.1413514856198503 -4.9999998701382316 -0.0012063280369400504 
-3.1413610119828146 -4.999999883226234 -0.0011613850098497818 
2.64905707101843 -4.407410116289342 2.363964537887071 
-3.1413610592381294 -4.999999999390446 -0.001160460935206214 
-3.1413514856198503 -4.9999998701382316 -0.0012063280369400504 
-3.1413520750596726 -4.99999988398856 -0.0012022597382239293 
-3.1415778336226134 -4.999999991377449 -1.4761600805064678E-4 
2.6632865224328657 -4.438828185496987 2.301411080076508 
2.3438647807036275 -3.491776051286722 3.58048861588565 
2.651390677760092 -4.4112358533537055 2.354163026079926 
2.6632865224328657 -4.438828185496987 2.301411080076508 
2.3438647807036275 -3.491776051286722 3.58048861588565 
2.651390677760092 -4.4112358533537055 2.354163026079926 
2.6632865224328657 -4.438828185496987 2.301411080076508 
2.3438647807036275 -3.491776051286722 3.58048861588565 
2.6632865224328657 -4.438828185496987 2.301411080076508 
2.6632865224328657 -4.438828185496987 2.301411080076508 
2.2624006768333715 -3.233124441458123 3.8510813527050978 
2.6632865224328657 -4.438828185496987 2.301411080076508 
2.6490831735680636 -4.407409889378563 2.363964988254003 
2.6632865224328657 -4.438828185496987 2.301411080076508 
2.651390677760092 -4.4112358533537055 2.354163026079926 
-3.1413520750596726 -4.99999988398856 -0.0012022597382239293 
2.3438647807036275 -3.491776051286722 3.58048861588565 
2.6632865224328657 -4.438828185496987 2.301411080076508 
2.651390677760092 -4.4112358533537055 2.354163026079926 
2.6632865224328657 -4.438828185496987 2.301411080076508 
2.2624006768333715 -3.233124441458123 3.8510813527050978 
-3.1415778336226134 -4.999999991377449 -1.4761600805064678E-4 
-3.1413610592381294 -4.999999999390446 -0.001160460935206214 
-3.1413520750596726 -4.99999988398856 -0.0012022597382239293 
2.3438647807036275 -3.491776051286722 3.58048861588565 
2.6632865224328657 -4.438828185496987 2.301411080076508 
2.2624006768333715 -3.233124441458123 3.8510813527050978 
2.273434449039091 -3.232810229121369 3.8344079415653396 
2.6632865224328657 -4.438828185496987 2.301411080076508 
2.6490831735680636 -4.407409889378563 2.363964988254003 
-3.1415778336226134 -4.999999991377449 -1.4761600805064678E-4 
-3.141378770824401 -4.999999902390662 -0.001057904602157054 
-3.141592653589793 -4.999999999975816 5.66378998756889E-4 
-3.141592653589793 -4.999999999975816 5.66378998756889E-4 
2.6632865224328657 -4.438828185496987 2.301411080076508 
2.3438647807036275 -3.491776051286722 3.58048861588565 
-3.141592653589793 -4.999999999975816 5.66378998756889E-4 
2.651390677760092 -4.4112358533537055 2.354163026079926 
2.651390677760092 -4.4112358533537055 2.354163026079926 
2.2624006768333715 -3.233124441458123 3.8510813527050978 
2.6490831735680636 -4.407409889378563 2.363964988254003 
2.6632865224328657 -4.438828185496987 2.301411080076508 
-3.141592653589793 -4.999999999975816 5.66378998756889E-4 
2.64914485302595 -4.407275702772183 2.3639642376196295 
-3.1413520750596726 -4.99999988398856 -0.0012022597382239293 
2.3438647807036275 -3.491776051286722 3.58048861588565 
-3.1413520750596726 -4.99999988398856 -0.0012022597382239293 
2.2624006768333715 -3.233124441458123 3.8510813527050978 
2.273434449039091 -3.232810229121369 3.8344079415653396 
2.6632865224328657 -4.438828185496987 2.301411080076508 
2.6632865224328657 -4.438828185496987 2.301411080076508 
2.2624006768333715 -3.233124441458123 3.8510813527050978 
-3.141592653589793 -4.999999999975816 5.66378998756889E-4 
2.309184551862202 -3.3659910024682986 3.696444165642549 
-3.1415778336226134 -4.999999991377449 -1.4761600805064678E-4 
2.3438647807036275 -3.491776051286722 3.58048861588565 
