3.362140073308637E-8 1.0015538870852922 
0.8517006886012446 -0.7726081231737242 
0.8235591865126057 -0.46216570888485886 
0.618657096041059 -0.1277913452301179 
0.6529394657443537 -0.45735936854154496 
0.4536443514932325 -0.12326212498001728 
0.4094863133481542 0.2409874364316623 
0.2570323784066697 0.24371441572732533 
0.08415655155044774 0.6709490475540245 
0.18237131315299157 0.6702985457317604 
0.41578482804928085 0.1586924797392225 
0.029678697944412524 0.8054367950899356 
0.41991860351605015 0.12473470264182375 
0.20107249485316311 0.5464214756259311 
0.6292577804660185 -0.29229536720855515 
0.20426529845072014 0.5219740201112726 
0.22166759599717306 0.3910176577082702 
0.21741253735395288 0.4222141745577833 
0.6253313117765176 -0.2366128511562018 
0.8290474987608301 -0.5653206160271229 
0.22456330693730808 0.371652366462037 
0.8334859842509983 -0.6353479584522931 
0.8354231630814322 -0.6619893363046191 
0.013886499165618238 0.8863453408348851 
0.6401561752609651 -0.40872177815334065 
0.6356492253735844 -0.36299671214934986 
0.6215789797528473 -0.17697879541783693 
0.24567761084572282 0.2623430596401854 
0.6437361507857875 -0.43228053790845405 
0.8276356888769517 -0.5403194001406504 
0.2366105314333432 0.2989574956098823 
0.8307143104574 -0.5932353304800433 
0.8372590013666055 -0.6853453387518317 
0.42636382322522476 0.03387278715052242 
0.22886040728412121 0.3471167392431181 
0.23281982850215233 0.3191581615206014 
0.040591814489694455 0.761188128701391 
0.8413645745621053 -0.724996845467515 
0.41096645400967563 0.22120620853802916 
0.2139677822393461 0.44815934796888407 
0.41258988850282363 0.2009784602312371 
0.05429119107671568 0.7149895638955456 
0.6323066114654655 -0.3307263967691601 
0.19395476752562874 0.5976316243956279 
0.6232774153321261 -0.2049636449803311 
0.6473309668064835 -0.4484498792435479 
0.2082960014079284 0.49429936994927076 
0.19854809796437625 0.5798230864048641 
0.8469116896285716 -0.7620550489898896 
0.42441701623162265 0.055595094984125626 
0.04422440768566603 0.7476337313804344 
0.4208501696533581 0.09631780988533434 
0.8263767768188587 -0.5172925294851476 
0.44109213053713314 -0.08702838739760936 
0.005114047066445165 0.9294578678503723 
0.18802165571603446 0.6368294300947598 
0.25128611006520263 0.24876265681735593 
0.21064608306442867 0.47766644671336034 
0.8255390133723856 -0.5011481109715741 
0.03600838455179983 0.7791142621023156 
0.06981866096184973 0.6806267597792601 
0.0238374504111208 0.8311761144895521 
0.007856078604110805 0.9114201651893921 
0.6276471701157447 -0.26949159951019225 
0.45209460991872635 -0.11196593558469396 
0.18406507127413047 0.6604121689959693 
0.6323066114654655 -0.3307263967691601 
0.6377090985506091 -0.38806982105920085 
0.06528386281515525 0.6879331267558473 
0.01563514089527554 0.8700990038188046 
6.618909737281589E-4 0.9763740214834346 
0.23088084168849077 0.3352311717958849 
0.6240909861174506 -0.2170342008419483 
0.019624225345849813 0.8503980279361228 
0.04836739823629264 0.7337997848285145 
0.21497705786220686 0.44033193939294085 
0.24099983068438774 0.2831805874591818 
0.43843894614614803 -0.07075182824250523 
0.05036741355882922 0.7271436115572978 
0.4285369222803113 0.014422313083459941 
0.0013084051085057585 0.9657470131912635 
0.8319575654068323 -0.6105318613417993 
0.6368271402526297 -0.3776225680428777 
0.06038402832434281 0.7026032078035843 
0.6202761760030562 -0.15522480828038562 
0.4303453401757254 0.01121342536797348 
0.018071299340641667 0.8575851575043117 
0.023407330637376017 0.833080670741199 
0.03638569659629631 0.7780141569535841 
0.19642035749956344 0.5804716951692133 
0.6199159819681149 -0.14312434254555276 
0.44454069081886527 -0.1035617378216947 
0.41258988850282363 0.2009784602312371 
9.410263536702157E-5 1.0001474079598136 
0.18929837965920582 0.6289535943459339 
0.43071226596199347 -0.009365218431010533 
0.628123723092381 -0.27035383491904824 
0.8389995937192426 -0.7043159287867884 
0.43361661992553663 -0.029229982800972575 
0.8392680642432729 -0.7072843088856272 
