0.8522272144235763 -0.7726095183980393 
1.1771622692431024E-8 1.0017757353447407 
0.6527157562572142 -0.4572099931352492 
0.6185660388255534 -0.12635097186155592 
0.8237129650578517 -0.46532130929819354 
0.45468102414335176 -0.12319613948992365 
0.4093190551505142 0.24286085239250213 
0.25795847822614454 0.24322776701251497 
0.08328423507066124 0.6705365084571826 
0.18266649574797506 0.6689768813663208 
0.8320713123170693 -0.6147442753241045 
0.8248886165338956 -0.4863252247553051 
0.8291773054950669 -0.5675128791803332 
0.0033137392899802304 0.9496172779144341 
0.19665907193056248 0.5780369543497232 
0.827505691253418 -0.5373311843875266 
0.22804511283844958 0.3480067408176897 
0.03474613412356625 0.7838386283884077 
0.43569198975164375 -0.05153787668500822 
0.41751567385524924 0.14176953224784342 
0.43252623707014853 -0.02598462279236454 
0.8342082237293094 -0.6460413752916602 
0.19098007567093273 0.6209682432703796 
0.2236078834787122 0.3771030962592401 
0.8462069721796142 -0.7590641455953635 
0.6325912449275298 -0.3348157809711085 
0.23169964301569135 0.3270558955688641 
0.07689181065343675 0.6731951370408316 
0.2008061343033145 0.5482390770212511 
0.42671011809242565 0.03019023364756465 
0.6211331458624212 -0.16991847724752307 
0.19377713286800316 0.6065657848126432 
0.414751316473826 0.17174821688239747 
0.06577491911966556 0.6902397018053708 
0.20256889976477296 0.534904393889095 
0.03888201896458201 0.7681778121664201 
0.20639713082020014 0.5082385691734826 
0.8357715261933025 -0.6671360117676447 
0.6194978582372673 -0.14225596760551154 
0.18633157698796696 0.6497651086673024 
0.6310179878804528 -0.31547239859004717 
0.646777346313813 -0.4467272730740944 
0.2194523767749903 0.4094314686747057 
0.6250140955129906 -0.2319595144397991 
0.4466675011550182 -0.11042189486775586 
0.6240067475924584 -0.21610442515897896 
0.643236113276194 -0.42983081146049423 
0.23748687899428378 0.2943173467175012 
0.028216228214853534 0.8117271965309315 
0.8382005670318027 -0.6875023241610806 
0.6353115721419625 -0.3645166154444397 
0.8421535233054236 -0.7333569715415268 
0.23521000240995615 0.30579911888336786 
0.42010181658656615 0.11770871310487875 
0.43945125058008416 -0.07731469011954262 
0.41268543217251574 0.19849215525221442 
0.2229924341130668 0.39590444924176116 
0.061935253696965925 0.6951180057973739 
0.4435596679319206 -0.09947668364760724 
0.42976258092874026 -3.243562779572992E-4 
0.62940002901958 -0.29335368277234064 
0.6285317556486897 -0.2821889688088851 
0.2438734624716034 0.26852962380294887 
0.4233620667092429 0.06692819636924142 
0.21561272046863683 0.4352968832695574 
0.21063754652499 0.48827944139833873 
0.2125180504938215 0.45863292964039987 
0.6407050691332554 -0.41312637906696165 
0.023467441925555665 0.8329981333929425 
0.007192942274398539 0.9148915248228435 
0.24220703834615603 0.2741254013077535 
0.42024091194569907 0.10352209862021751 
0.2508485059485449 0.24948521798685547 
0.21641903063075216 0.42909871587387344 
0.05600536643273077 0.7102024425690426 
0.8280698172030648 -0.5482946990917406 
0.21192700472242942 0.464478553107623 
0.6267287148227508 -0.25724252789584606 
0.01012804365998133 0.9051196099559642 
0.4299016762878732 -0.0016258525693729708 
0.027751053859949734 0.8154896600448146 
0.41467442894654355 0.1904195161224633 
0.043350153836947514 0.7504575405245414 
0.4405336076592753 -0.0836163661870242 
0.04850969446342303 0.732995573514794 
0.4545543335252257 -0.1231284841880349 
0.41076765715593405 0.22424929221889936 
0.6269469527321067 -0.26019866196217906 
0.004937008062898901 0.9301656857907827 
0.04968306524090477 0.7295071045613687 
0.015129467070477427 0.8711063311856979 
0.8393649104527464 -0.7050792624299758 
0.04413871679050076 0.7481915490136355 
0.015539517599241714 0.8692594392791523 
0.6224108315568231 -0.19105734511826972 
0.6372731005983115 -0.38380991365572165 
0.42531550278357594 0.045499620699005136 
0.021987475037041376 0.8396687821899278 
0.1848338072529804 0.6567191063295682 
0.01928600554063231 0.8518566016137165 
