-3.13714087053427 1.030538111282088 
-3.1371408705356183 1.0305381187378222 
-3.1409224282111055 1.1000057086148793 
-3.1371408705361827 1.0305381333931967 
1.3109807244806522 0.5748597996310982 
1.3109807244806502 0.5748597996335594 
1.3109807244806497 0.5748597996412993 
-3.1371408705361286 1.0305381302424674 
-3.1371408705342394 1.0305381108850966 
-3.1371408705361286 1.0305381302424674 
1.3109807244806502 0.5748597996335594 
1.3109807244806508 0.5748597996323624 
-3.1371408705361286 1.0305381302424674 
-3.1371408705376043 1.0305382258337714 
-3.1409224282111055 1.1000057086148793 
-3.137140870537081 1.0305382256129043 
2.061216862458943 0.5410185462750046 
