-3.13714087053427 -4.99995045022175 -0.022283131587842033 
-3.1371408705356183 -4.999950450221741 -0.02228313158669718 
-3.1409224282111055 -4.999950450221523 -0.0036078515350095857 
-3.1371408705361827 -4.999950450221656 -0.022283131587842033 
1.3109807244806522 1.2843737991718787 4.83220317163928 
1.3109807244806502 1.2843737991718798 4.83220317163928 
1.3109807244806497 1.2843737991718274 4.832203171639282 
-3.1371408705361286 -4.999950450221711 -0.022283131599331724 
-3.1371408705342394 -4.999950450221748 -0.02228313158669718 
-3.1371408705361286 -4.999950450221711 -0.022283131599331724 
1.3109807244806502 1.2843737991718798 4.83220317163928 
1.3109807244806508 1.2843737991718787 4.83220317163928 
-3.1371408705361286 -4.999950450221711 -0.022283131599331724 
-3.1371408705376043 -4.999950450221677 -0.022283131810039374 
-3.1409224282111055 -4.999950450221523 -0.0036078515350095857 
-3.137140870537081 -4.999950450221649 -0.02228313180671434 
2.061216862458943 -2.352173107296296 4.411300523715564 
