0.3903090987933731 2.488577255059832 
1.0 9.962965951409171E-15 
0.3903090987933731 2.488577255059832 
1.0 9.962965951409171E-15 
0.9156452877003025 6.467290366414177E-4 
0.5562816121213064 0.9960659813817783 
0.5160182384978642 1.3695130328307876 
0.3999378016785663 2.402145475802562 
0.8321851866342773 1.320091812527642E-4 
0.48834969188934907 1.6677188539146837 
0.6177835958608016 0.5912381531885993 
0.5255666990476051 1.2706096624204561 
0.5325905964304273 1.2104941917688206 
0.6304886937098323 0.333669643642619 
0.4818362864855783 1.683722803433847 
0.871102746634815 1.3964575215036357E-4 
0.4397489922156471 2.0531559829848156 
0.5225573385782954 1.3300596287991464 
0.5063658847305255 1.4483060542283783 
0.4576617345993928 1.8895119156524396 
0.45491864446817526 1.9461705797174589 
0.4738931822525813 1.762573444873176 
0.6188179521913812 0.44589639563550426 
0.5875042775830848 0.7471548122627517 
0.6551816941198522 0.12798302132406003 
0.8500283155606135 8.147116527984499E-5 
0.5110789866598872 1.4490563849047433 
0.549050784947687 1.0691303896332238 
0.4757989519520061 1.7183303075865959 
0.9390628147949063 1.320091812527642E-4 
0.9005084759016014 1.4679031272445738E-4 
0.7981821115847146 1.4820465501014235E-4 
0.4160409840504007 2.2578425446304653 
0.4494514800073508 1.9602668778762806 
0.6825569621370267 1.5243985467350285E-4 
0.746818326636164 1.9982548902564012E-5 
0.4943516498775924 1.5821486172983974 
0.4135222867672327 2.3034182795179063 
0.7120005541575434 8.147116527984499E-5 
0.543040950397694 1.1941849746870512 
0.8141147240118516 1.6373912942224678E-4 
0.5811219143144227 0.8148431519937144 
0.8908590421510615 3.219560605206338E-7 
0.4633369484478818 1.8755496318955855 
0.4376092947991051 2.0640133328481034 
0.4916600017460981 1.5821486172983974 
0.410200410901841 2.341574361131971 
0.7798871527371498 1.8458917666531682E-4 
0.4062846455263924 2.3891162695525323 
0.42910624413181986 2.1615249884250543 
0.9540670687748738 7.18740838984628E-15 
0.5720539803915986 0.8706159225454893 
0.974660166333922 0.011111132737734175 
0.392533267449959 2.488577255059832 
0.4995097846654805 1.5098724357969129 
0.6453987810419101 0.19404073256521637 
0.7001266802219462 0.0038404209835849468 
0.8780382119520829 1.4679031272445738E-4 
0.4665436939775119 1.8500444837809775 
0.7648407953058498 3.3832760980850036E-14 
0.5720539803915986 0.8706159225454893 
0.7856485804459883 1.9982548902564012E-5 
0.562393404743718 0.9395189353090568 
0.549050784947687 1.0691303896332238 
0.42488628858582134 2.1974346365857795 
0.562393404743718 0.9395189353090568 
0.8453724837552751 8.147116527984499E-5 
0.4995097846654805 1.5098724357969129 
0.6453987810419101 0.19404073256521637 
0.41980508070447986 2.2446080702506044 
0.39562992150002985 2.448291915153711 
0.40453095958314794 2.3891162695525323 
0.6050424473566564 0.5912381531885993 
0.5843412020175317 0.8148431519937144 
0.8096942219140831 1.6373912942224678E-4 
0.6357974799764193 0.27794534329617926 
0.6357974799764193 0.27794534329617926 
0.39562992150002985 2.448291915153711 
0.4471261092510411 2.006429622567291 
0.5996340067774183 0.6583233271820527 
0.6635303286547721 0.07465890635721044 
0.42488628858582134 2.1974346365857795 
0.6658638143173119 0.009703153530945474 
0.7217620826069426 8.512068148518459E-4 
0.7346471183398805 3.3832760980850036E-14 
0.6066515153539525 0.5912381531885993 
0.6233544419289049 0.4169270305702932 
0.9833257115923659 0.0052445606430286396 
0.6592350810371589 0.0915116468724485 
0.7570554935451648 1.4946770936576597E-5 
0.41089200879580123 2.3252777730288083 
0.43284091041249156 2.1048348179298357 
0.46814062920629884 1.8035611041511848 
0.43284091041249156 2.1048348179298357 
0.940653727555081 1.2292197008190566E-4 
0.5934504265225714 0.6909821250288827 
0.952747093291626 0.0032424076299549243 
0.6946014488367167 0.01493559000316147 
0.46814062920629884 1.8035611041511848 
0.9907038523592756 0.0052445606430286396 
