0.3892986432142376 8.982637957196603 
1.0 1.0 
0.3892986432142376 8.982637957196603 
1.0 1.0 
0.4187017850073993 7.734418767591299 
0.46109323783050493 6.193059539535555 
0.41221074891073106 8.007136069315932 
0.9111872830940799 1.097492319940043 
0.7681505436969729 1.3018648506868684 
0.49409922595935074 5.168190711301451 
0.8896005859864131 1.1249374290607006 
0.6506832115051271 1.7769130943709501 
0.5021070826911954 4.992499647865412 
0.39380514082750295 8.776256783035443 
0.6418934444802546 1.9526407224689757 
0.569662562051849 3.2894426756549455 
0.4789655949598297 5.7441945907672975 
0.4699702734233412 5.918599901379068 
0.7860511196787473 1.2721825649871514 
0.40432872512478907 8.325272844176764 
0.6699950561115918 1.4925483268544015 
0.7507543057379041 1.3319936926863394 
0.48145274961135 5.588727113874208 
0.5518618241442986 3.68656813681009 
0.5771146793078075 3.141768799605507 
0.5455746214864716 3.84591400453813 
0.9650525661231935 1.0376525570481978 
0.509878606250695 4.739683074583612 
0.7279824269469058 1.3736597078851047 
0.4887787528544909 5.329687961018348 
0.6138954204974634 2.6100881509707428 
0.4861586166830548 5.423506628237716 
0.6180288990487608 2.366966854019951 
0.40020637635476825 8.58541920537612 
0.5857495424347587 2.9507257333004855 
0.7398961140776896 1.3534663163281886 
0.448536527565072 6.640859769041637 
0.9462053443473735 1.0568530456670908 
0.5447710393855357 3.9879428513599624 
0.4559246067529183 6.430150881495783 
0.40380002062185344 8.55968636187303 
0.9771338529819679 1.0234012432874477 
0.6936365628859162 1.4416771743396 
0.585519458047307 3.100614400555372 
0.6067931852522093 2.6211601031503897 
0.6154902097933777 2.3767297929335784 
0.4602816960096039 6.369282197019467 
0.8584099693502315 1.1653902242213894 
0.4715650627192556 5.898583745569963 
0.8756172470368885 1.142356672504217 
0.5390753920188456 4.078186847688419 
0.4476705612485736 6.65370573518366 
0.6568017422393595 1.6626824316485003 
0.4429149739856071 6.8546527286018675 
0.926071821980184 1.0802429821435042 
0.4419908136624978 6.8617578785206605 
0.5304342460479128 4.210904486007807 
0.7975621087373069 1.2557960208359136 
0.5983719400899107 2.705149288482505 
0.3911877094803621 8.938213179291262 
0.6347451945328708 2.0306304900925247 
0.5278596474614151 4.322728551606911 
0.7062429262365526 1.4159433855554893 
0.5096372050543002 4.898382639559861 
0.426657378089802 7.408573706077547 
0.6752411124585607 1.4810027455260846 
0.8042840772031417 1.2443279353661638 
0.6568017422393595 1.6626824316485003 
0.43286347593032876 7.206279339408456 
0.6316692512628247 2.0832976486048977 
0.6270305110699596 2.1789602499453813 
0.5338302064750959 4.1338877599555754 
0.9870565794635014 1.0131131495456256 
0.43286347593032876 7.206279339408456 
0.5646757701218666 3.4190743648618365 
0.40944410590717717 8.180578870867079 
0.4364929544892911 7.044653206529035 
0.7137125823687942 1.401132848849791 
0.8342424092399026 1.1996003415970906 
0.4364929544892911 7.044653206529035 
0.426657378089802 7.408573706077547 
0.5646757701218666 3.4190743648618365 
0.9493204766949626 1.0533850523076012 
0.4228466786246784 7.55676548639137 
0.556689802865862 3.5824856724192515 
0.5202755430293835 4.4570739777833985 
0.5949616386916633 2.8828246979989403 
0.8146643317025949 1.2277257164752646 
0.5960291707943703 2.86108349030591 
0.926071821980184 1.0802429821435042 
0.5157305239747811 4.585229991487257 
0.6270305110699596 2.1789602499453813 
0.4077655376794545 8.182976463679198 
0.556689802865862 3.5824856724192515 
0.5157305239747811 4.585229991487257 
0.4228466786246784 7.55676548639137 
0.5249158912361532 4.40186863795957 
0.6953534864646596 1.4381263102290547 
0.9944538708359825 1.0056146928489942 
0.8457224671587972 1.1833018927029915 
