0.3892986432142376 2.496928769221349 
1.0 0.0 
0.3892986432142376 2.496928769221349 
1.0 0.0 
0.4187017850073993 2.238414943985206 
0.46109323783050493 1.8555778751615448 
0.41221074891073106 2.3006275557628477 
0.9111872830940799 2.10452227864344E-5 
0.7681505436969729 2.8192875096464385E-5 
0.49409922595935074 1.5535990300643527 
0.8896005859864131 7.449960904481977E-4 
0.6506832115051271 0.1562075188108028 
0.5021070826911954 1.506769433526522 
0.39380514082750295 2.4561350383816007 
0.6418934444802546 0.25338727917802395 
0.569662562051849 0.8738723423362854 
0.4789655949598297 1.751271579731894 
0.4699702734233412 1.781566013934481 
0.7860511196787473 5.296439311184772E-7 
0.40432872512478907 2.366146955402018 
0.6699950561115918 7.730163526030653E-14 
0.7507543057379041 0.0 
0.48145274961135 1.6907080358022422 
0.5518618241442986 1.034476216812265 
0.5771146793078075 0.8131608932436075 
0.5455746214864716 1.0982330772954108 
0.9650525661231935 0.0013892629236565979 
0.509878606250695 1.4166630001387008 
0.7279824269469058 1.279453762752869E-7 
0.4887787528544909 1.6050382346901428 
0.6138954204974634 0.6023211629756309 
0.4861586166830548 1.6366844799554268 
0.6180288990487608 0.46285391887485927 
0.40020637635476825 2.4359395096702103 
0.5857495424347587 0.7283862481312273 
0.7398961140776896 0.001424467986271851 
0.448536527565072 1.978668180852522 
0.9462053443473735 0.0 
0.5447710393855357 1.1725157721454837 
0.4559246067529183 1.931664012007896 
0.40380002062185344 2.4564015294409276 
0.9771338529819679 0.0 
0.6936365628859162 0.0 
0.585519458047307 0.8154700634268572 
0.6067931852522093 0.5905020880466342 
0.6154902097933777 0.46285391887485927 
0.4602816960096039 1.931664012007896 
0.8584099693502315 3.825866549422806E-4 
0.4715650627192556 1.781566013934481 
0.8756172470368885 2.67204712362961E-4 
0.5390753920188456 1.198450173643734 
0.4476705612485736 1.978668180852522 
0.6568017422393595 0.09205271789750975 
0.4429149739856071 2.0360283349690667 
0.926071821980184 3.825866549422806E-4 
0.4419908136624978 2.0328339478824016 
0.5304342460479128 1.2336079462153244 
0.7975621087373069 0.001575322521810264 
0.5983719400899107 0.6186854279821181 
0.3911877094803621 2.496519140454134 
0.6347451945328708 0.2889329454581583 
0.5278596474614151 1.2817939693226177 
0.7062429262365526 0.0 
0.5096372050543002 1.4963980377117934 
0.426657378089802 2.1609226328200934 
0.6752411124585607 3.3941443216072214E-5 
0.8042840772031417 7.931452340653976E-4 
0.6568017422393595 0.09205271789750975 
0.43286347593032876 2.1193351233812576 
0.6316692512628247 0.315955065851859 
0.6270305110699596 0.36627455912437923 
0.5338302064750959 1.2067941564419564 
0.9870565794635014 0.0 
0.43286347593032876 2.1193351233812576 
0.5646757701218666 0.9306684500822897 
0.40944410590717717 2.349489801585316 
0.4364929544892911 2.074941491470317 
0.7137125823687942 6.143794329668568E-6 
0.8342424092399026 7.574790989670942E-4 
0.4364929544892911 2.074941491470317 
0.426657378089802 2.1609226328200934 
0.5646757701218666 0.9306684500822897 
0.9493204766949626 0.0 
0.4228466786246784 2.195353187066193 
0.556689802865862 0.9943332427488484 
0.5202755430293835 1.318906584113392 
0.5949616386916633 0.715170106382249 
0.8146643317025949 1.8435032641094906E-4 
0.5960291707943703 0.7052892203004945 
0.926071821980184 3.825866549422806E-4 
0.5157305239747811 1.3647430660546043 
0.6270305110699596 0.36627455912437923 
0.4077655376794545 2.3367357975304692 
0.556689802865862 0.9943332427488484 
0.5157305239747811 1.3647430660546043 
0.4228466786246784 2.195353187066193 
0.5249158912361532 1.3106107991990195 
0.6953534864646596 6.143794329668568E-6 
0.9944538708359825 3.742387321999173E-5 
0.8457224671587972 7.449960904481977E-4 
