0.840295124103922 -0.7181081364647056 
0.43986049067397015 -0.08088781524597223 
0.6402483681369137 -0.4104983392494777 
0.4533857303482225 -0.12409301638405235 
0.8449266286827366 -0.7533350288989843 
0.4495252045961065 -0.11986079269831705 
0.45248988704881876 -0.12371550419667338 
0.21316684581773265 0.45276792603540955 
0.2042897127906646 0.5206457396819483 
0.6297640762143889 -0.30023778025325787 
0.44233999622961917 -0.09460684567149356 
0.6519792853237112 -0.4580804327664623 
0.06003884895755712 0.698025734984052 
0.649442255703806 -0.45515779583648996 
0.20919247741683944 0.4831284429939478 
0.026325530341072823 0.8184960492543476 
0.44707422591107526 -0.11375244591152506 
0.634209873301306 -0.354001639984237 
0.6482267086193836 -0.4522866814082716 
0.2228063043634804 0.3817262306588155 
0.6501435472768236 -0.456362682028789 
0.851520909978745 -0.7732319991694234 
0.6441274701405579 -0.4356823941246284 
0.836964829458148 -0.6825434401442217 
0.43243715686523687 -0.025789464362670027 
0.21645798379331194 0.4278513511786415 
0.8414519368968193 -0.7285279923975013 
0.8501738728866085 -0.7721685509490497 
0.08163105135738305 0.6698414526940447 
0.25702254243214906 0.24232844198126474 
0.43076407927692817 -0.010704353477470613 
0.43522699584129226 -0.04882103606441358 
0.2307664794753259 0.32979343988221177 
0.6424957932442941 -0.42620967117777103 
0.4240415033196283 0.058204229516247166 
0.8492250008834934 -0.7704635026399939 
0.6316328062831473 -0.3240416931383104 
0.023542236352457918 0.8307923702292653 
0.25423828696003575 0.2438850444079209 
0.6509010941643502 -0.45732622942315615 
0.42758233257340705 0.020342275470160324 
0.43737348336269477 -0.0646793235127728 
0.448341908340675 -0.11724738658202176 
0.6384398892091847 -0.39572753434610536 
0.4439302317327699 -0.10209712348948773 
0.24678335474748983 0.2578300424058815 
0.45327082300285926 -0.12405780453934996 
0.25093789394090477 0.24832047429578777 
0.45150123677090054 -0.12286874962496513 
0.07951793185717385 0.6704117241027487 
0.42329127802287003 0.06665783023294004 
0.6362389628576656 -0.37525911533901773 
0.03186467321058986 0.7947695620276884 
0.06289079899278205 0.6915112465133054 
0.22687250052772362 0.3542199685271079 
0.007570035576973222 0.9113190879849528 
0.2334635085136906 0.3142793904406091 
0.01473373905974762 0.8721634700257158 
0.24089130028293562 0.27819905733203204 
0.05440488876017813 0.7129353340945656 
0.05128722485787601 0.7223806572345209 
0.6468963670375504 -0.448066893787048 
0.036145812512541425 0.7772319245364728 
0.25178020613805985 0.24694232953238016 
0.2388589124294224 0.2869733462942802 
0.07672408466938868 0.6718896732854294 
0.6515347004172497 -0.4578634323252548 
0.06867454906664325 0.6808712231962 
0.4506908199984794 -0.12184968830535407 
0.04043209085561855 0.760418631995151 
0.25531667976720873 0.24302532631391158 
0.25356257423862233 0.24457717331752554 
0.23551295618687668 0.3032692183060699 
0.8435209367389129 -0.744458715391648 
0.8462516098509657 -0.76021659960476 
0.003945460019134095 0.9368166274018854 
0.0011600709448005286 0.9660202560021339 
0.22023871428651054 0.3999988947656553 
0.8483837095121731 -0.7682885644343995 
0.850626141736835 -0.7726843696289057 
0.07344396947606141 0.6746853783717816 
0.0789156405390791 0.6706381173584754 
0.2562315316776127 0.2425591600392953 
0.04608739402486245 0.7396876011784749 
0.01782644557422064 0.8571848742557409 
0.24368030731749002 0.2675644302140756 
0.07175844929898625 0.6766080923229495 
0.07545000275358019 0.6728217910155752 
0.44595565926321223 -0.11008807396344505 
0.8472473845038627 -0.764462239147821 
0.24921807155990877 0.2517532454561788 
0.06543532103159896 0.6864269207919677 
0.645343735501103 -0.4416734567170176 
0.8384308369085803 -0.699220143345726 
