0.2191748142023443 0.4077899868871736 
0.6379891418279041 -0.39169189329120974 
0.6426569396320198 -0.42713880212240046 
0.24246916739511953 0.27202730829474053 
0.07375636975712609 0.6743871488464025 
0.20706455069961152 0.49955342308765666 
0.07632184968472744 0.6722059013544626 
0.07127940155110815 0.6772649864927023 
0.4530051111467368 -0.12391840856819845 
0.0036908104707800843 0.9390245417059143 
0.6503457029230644 -0.4565910191957936 
0.05215203912318048 0.7198097014244564 
0.6412359609071484 -0.417737271080225 
0.007432248122150731 0.9122111712187674 
0.027826968844383276 0.8120368495037324 
0.2547284297438589 0.24352190769029872 
0.010302093990247202 0.8956339367873052 
0.0019838313270430486 0.9555160265661837 
0.4436190712646306 -0.10064756836906713 
0.016461281456917887 0.8637485362951541 
0.2149930614849176 0.43898461714495357 
0.6499882943013666 -0.45604319403722227 
0.08165316677962278 0.669893079454356 
0.011718193568667767 0.8876792856104491 
0.42270510762158986 0.07340311853094929 
0.08049630746252832 0.6701064710019146 
0.0680900727118413 0.6818403985763508 
0.019973574687401324 0.8471402500861487 
0.05421218384905435 0.7135768247584087 
0.2565279396251859 0.2425172887994735 
0.6303724283519287 -0.3080883127536379 
0.061566741113294104 0.6945003903689309 
0.0455624680222903 0.7415933561269299 
0.43320858433038495 -0.03238695619092821 
0.41968029243831084 0.1090839037623909 
0.6279499850620623 -0.27552046296767335 
0.4403908250963583 -0.08397370483894707 
0.03131311539639137 0.7971554357033239 
0.4512009174575994 -0.12244531216856841 
0.45337434472014215 -0.12403684886598841 
0.45013649128221145 -0.12090187352965892 
0.06250057235918526 0.6924671136416404 
0.03766149504550206 0.771269993021421 
0.24701178753331224 0.25724349696344195 
0.06557091600682878 0.686213825559642 
0.6478217434631981 -0.4510509025927581 
0.057092568832145835 0.7055129887894735 
0.6516645709062623 -0.45791209444556796 
0.43495596125601144 -0.04661905380214461 
0.20943488184178063 0.4813529122720114 
0.20114272808672962 0.5444579960614848 
0.022584436040844008 0.8351596767323887 
0.44752495208217513 -0.11498636369606657 
0.6443149955853382 -0.43664288922365435 
0.2507018036124191 0.24879874593201365 
0.04909495270536708 0.7295252004590115 
0.19878013852961146 0.5619616102586805 
0.44171233514997704 -0.09128774758163138 
0.07721093742788124 0.6716169223812715 
0.22830440733707108 0.34504623947215624 
0.20517253424611193 0.513979812863863 
0.22161284752839985 0.39023445735178275 
0.6374380453595392 -0.38671486483691436 
0.6454738023428155 -0.4422207475722788 
0.6337720942909917 -0.3491294172705081 
0.03945286546755776 0.7643119980715347 
0.4491596930959564 -0.11906152216530137 
0.2487691974306689 0.2527969228433173 
0.23594195769544832 0.30111255395297937 
0.6401873286128065 -0.4100022987412178 
0.23034812877697 0.3323947195179809 
0.6490654994778869 -0.4542611015580408 
0.0434304810881358 0.7492817506853351 
0.2550420778117406 0.24329253752537786 
0.43841288899837905 -0.07164332362983852 
0.4275472328803326 0.02078498951197467 
0.24167716338530634 0.27505985429802615 
0.45209164648740485 -0.12336297965260531 
0.2394280857869043 0.2845149668744904 
0.4456126478922524 -0.10875787034242486 
0.4295307884409703 0.0010695442626400282 
0.43049667835376565 -0.008157874232801326 
0.22559260389513355 0.3627617488979768 
0.44644394753361355 -0.1117188190980612 
0.24535262423651594 0.2621101275937063 
0.6354336359637269 -0.3670702301277378 
0.2131005426227645 0.453296867520102 
0.22247203690254522 0.38416408275916586 
0.25270965611438606 0.24564695912750117 
0.0342570062846347 0.7849689627657699 
0.42519585665343784 0.04554466214847588 
0.6318807109926843 -0.32698428027351695 
0.4365268073899171 -0.05855969488632439 
0.232800812024946 0.31800942087136524 
0.25326689789149315 0.24496526210198138 
0.07952978533886776 0.6704935360406891 
0.6464087089637809 -0.4461660978555319 
0.2373358574067377 0.2943434473191464 
