-3.140945743599067 1.0087927579125362 
2.974408083199613 0.13379836858583913 
2.597671968560709 0.2457309889922168 
2.974408083199613 0.13379836858583913 
2.597671968560714 0.24573098897793938 
2.974408083199613 0.13379836858583913 
2.974408083199613 0.13379836858583913 
2.974408083199613 0.13379836858583913 
2.974408083199613 0.13379836858583913 
2.974408083199613 0.13379836858583913 
2.974408083199613 0.13379836858583913 
2.974408083199613 0.13379836858583913 
2.974408083199613 0.13379836858583913 
2.974408083199613 0.13379836858583913 
2.974408083199613 0.13379836858583913 
2.974408083199613 0.13379836858583913 
2.974408083199613 0.13379836858583913 
2.974408083199613 0.13379836858583913 
