-3.140945743599067 -4.999998952714651 -0.003234079711957563 
2.974408083199613 -4.930293566639605 0.8322676633745333 
2.597671968560709 -4.278277174820673 2.5874557141856482 
2.974408083199613 -4.930293566639605 0.8322676633745333 
2.597671968560714 -4.2782771748207225 2.5874557141856482 
2.974408083199613 -4.930293566639605 0.8322676633745333 
2.974408083199613 -4.930293566639605 0.8322676633745333 
2.974408083199613 -4.930293566639605 0.8322676633745333 
2.974408083199613 -4.930293566639605 0.8322676633745333 
2.974408083199613 -4.930293566639605 0.8322676633745333 
2.974408083199613 -4.930293566639605 0.8322676633745333 
2.974408083199613 -4.930293566639605 0.8322676633745333 
2.974408083199613 -4.930293566639605 0.8322676633745333 
2.974408083199613 -4.930293566639605 0.8322676633745333 
2.974408083199613 -4.930293566639605 0.8322676633745333 
2.974408083199613 -4.930293566639605 0.8322676633745333 
2.974408083199613 -4.930293566639605 0.8322676633745333 
2.974408083199613 -4.930293566639605 0.8322676633745333 
