0.7347320924151621 1.3632439469902609 
0.7715390866071138 1.2961106913222833 
0.8015933085582326 1.2476219749474406 
0.8426777369590008 1.1866955290674541 
0.8805699373453741 1.1360770930062234 
0.6461466504029374 1.8380245841164122 
0.4891407223944416 5.430232992885989 
0.6674172510583263 1.4983131835791446 
0.947410712817234 1.0555117017700153 
0.910482323564684 1.098753164906373 
0.4117238519505004 8.013472420127483 
0.4145954981169404 7.891175396028261 
0.5472035016367875 3.7951934495599917 
0.6115721901933048 2.477611057547515 
0.40080465233122586 8.52578379133662 
0.5716192154971795 3.2519850177537704 
0.510478650765609 4.727446851455663 
0.4253807639226155 7.499254159643373 
0.619754858841346 2.3009114283495022 
0.39821383304685903 8.58125339893897 
0.41589391351865157 7.845116527349326 
0.4191586208680955 7.735407981997311 
0.4513300592396496 6.510567509562228 
0.5073363535132389 4.8051355697186136 
0.5550017877562466 3.6159601200722866 
0.4083849146390264 8.147170183366322 
0.5781692904745196 3.1128429118182868 
0.5870199939012473 2.927948453829544 
0.9999999989631858 1.0000000029443057 
0.48981880424306246 5.363914886663152 
0.4947061495611442 5.171826924753041 
0.6582503427742287 1.7653835740385553 
0.6597561188015758 1.6916125548291063 
0.5433979823878717 3.8904711380740915 
0.5141543577966697 4.652230801778147 
0.47678998861604255 5.724552799391605 
0.5369940755882515 4.160080083379947 
0.45648842781296295 6.339975791897904 
0.5411859632989845 3.9538651045107875 
0.46133068429970925 6.293468932807268 
0.40708666462496573 8.223287436272546 
0.5390753701223368 4.061824658293424 
0.46273658941204737 6.14693485950285 
0.4905603736229019 5.271128386520722 
0.6622812672833633 1.6397610663011615 
0.6631496559856397 1.5581232094823054 
0.46136326001283645 6.201961598409223 
0.5034314045460216 4.949052439718016 
0.5968979671577513 2.7943656585616754 
0.39181396053067413 8.931741689418143 
0.4054847290170793 8.290279150775792 
0.4638532309835578 6.092642091619533 
0.6976480849715709 1.4333876248849329 
0.4050177420529099 8.362630467863822 
0.4687751662694042 5.944866427972743 
0.6001982388713697 2.6633247537226876 
0.4206362259515347 7.681785273972637 
0.531582343268951 4.226502510374123 
0.4216405267242745 7.602088470672355 
0.5918248406363072 2.8596662879764683 
0.5975307663314473 2.72898691442769 
0.5525500385317886 3.6797841737619312 
0.4353090852384931 7.107249247135596 
0.4320986088055295 7.204275451994789 
0.40188201402882445 8.429786657430306 
0.5831017717421187 3.0138787701044323 
0.6254524219988552 2.21120552948399 
0.39655948885102793 8.656318423180384 
0.39421342675915394 8.797572762681419 
0.5048775761491804 4.8735199972502565 
0.4183778519436183 7.790175718933489 
0.5599599549234151 3.5103443685933553 
0.5660435184183085 3.398983151696759 
0.4289097794084593 7.321704079230016 
0.6065343891599626 2.544119190894362 
0.6034597515703491 2.6041195750014006 
0.49961388039078564 5.011528708068519 
0.520770083427569 4.467224497681987 
0.631322015178308 2.0944853455803822 
0.43681787143292244 7.05756573136986 
0.4381521318315745 6.984157448126467 
0.4537437510727444 6.4277797578759595 
0.42731145030781126 7.389454084794739 
0.44142331964291265 6.8697718961239485 
0.4787092134534579 5.623483029475106 
0.40959210788395467 8.09167458861482 
0.4135314781558105 7.936526649414777 
0.5145407374147533 4.605134721851636 
0.4821638742077431 5.5242142411169235 
0.5272554402647658 4.302054127685565 
0.4717547084887049 5.839665130246569 
0.44526794077930115 6.806891086657332 
0.394802814283465 8.735606317103274 
0.46650056490796843 6.01121915854277 
0.4456927284039392 6.71127395753309 
0.5239259720607574 4.366427821619676 
0.4483098755978819 6.6180464995872565 
0.43931994900158705 6.934249507419213 
0.39215710521763464 8.852643653204572 
0.6347326113539355 2.029199868863967 
