0.7347320924151621 0.0016190776444587884 
0.7715390866071138 5.89245093160452E-8 
0.8015933085582326 8.54267280753925E-5 
0.8426777369590008 1.9028939264309486E-6 
0.8805699373453741 3.9533460800506015E-4 
0.6461466504029374 0.1876334283850718 
0.4891407223944416 1.6561480889103835 
0.6674172510583263 6.620884189761488E-8 
0.947410712817234 3.093760861994088E-6 
0.910482323564684 3.9533460800506015E-4 
0.4117238519505004 2.299337732313986 
0.4145954981169404 2.2716457940444816 
0.5472035016367875 1.0767431449882265 
0.6115721901933048 0.515238020911484 
0.40080465233122586 2.4171738083378744 
0.5716192154971795 0.8588971246569915 
0.510478650765609 1.4132606902972136 
0.4253807639226155 2.19003846327895 
0.619754858841346 0.4260010374831856 
0.39821383304685903 2.4171738083378744 
0.41589391351865157 2.2627362145691645 
0.4191586208680955 2.242362941586051 
0.4513300592396496 1.9384148197744584 
0.5073363535132389 1.437819958077801 
0.5550017877562466 1.0068643310954113 
0.4083849146390264 2.3271813998836763 
0.5781692904745196 0.7997501776846163 
0.5870199939012473 0.7187642835101852 
0.9999999989631858 1.907491484724874E-9 
0.48981880424306246 1.6273463758469071 
0.4947061495611442 1.5585345841412304 
0.6582503427742287 0.16206434273887182 
0.6597561188015758 0.11605173369006905 
0.5433979823878717 1.1140741669677083 
0.5141543577966697 1.3919647402101294 
0.47678998861604255 1.7294094640538578 
0.5369940755882515 1.2339383587477109 
0.45648842781296295 1.8941255816157188 
0.5411859632989845 1.1397762953389106 
0.46133068429970925 1.9033703293909379 
0.40708666462496573 2.347590654684576 
0.5390753701223368 1.1896296310415615 
0.46273658941204737 1.844411672224371 
0.4905603736229019 1.5858067107058895 
0.6622812672833633 0.08598303703185244 
0.6631496559856397 0.03326887035143159 
0.46136326001283645 1.861357221516501 
0.5034314045460216 1.4915084208991556 
0.5968979671577513 0.6679511810908952 
0.39181396053067413 2.499581085767857 
0.4054847290170793 2.361581594928264 
0.4638532309835578 1.826091719424142 
0.6976480849715709 1.3152292196441304E-7 
0.4050177420529099 2.3870137097170745 
0.4687751662694042 1.7868057482223219 
0.6001982388713697 0.5985228267268817 
0.4206362259515347 2.2312371662139263 
0.531582343268951 1.2467341082967804 
0.4216405267242745 2.205348586978826 
0.5918248406363072 0.6924215451546936 
0.5975307663314473 0.6306536422864696 
0.5525500385317886 1.0332648870008214 
0.4353090852384931 2.093850168332565 
0.4320986088055295 2.1129574002587757 
0.40188201402882445 2.387779639721403 
0.5831017717421187 0.7573980506638522 
0.6254524219988552 0.3830038539530227 
0.39655948885102793 2.432745209228149 
0.39421342675915394 2.468121305939639 
0.5048775761491804 1.4605309635262698 
0.4183778519436183 2.2592369835507258 
0.5599599549234151 0.9656522744031993 
0.5660435184183085 0.9239723822309847 
0.4289097794084593 2.140350481516563 
0.6065343891599626 0.54309577939925 
0.6034597515703491 0.5714813517898283 
0.49961388039078564 1.5038293045279334 
0.520770083427569 1.3263968743475283 
0.631322015178308 0.32229470913324165 
0.43681787143292244 2.0828708402749188 
0.4381521318315745 2.0601234749439805 
0.4537437510727444 1.916564898408095 
0.42731145030781126 2.15759834195662 
0.44142331964291265 2.0324775155766197 
0.4787092134534579 1.6920131379088965 
0.40959210788395467 2.3142860510617758 
0.4135314781558105 2.2820035967554744 
0.5145407374147533 1.3695294156758253 
0.4821638742077431 1.6635765404505236 
0.5272554402647658 1.2682814431357055 
0.4717547084887049 1.7548895211911248 
0.44526794077930115 2.03089037726489 
0.394802814283465 2.4488419584647874 
0.46650056490796843 1.8042371332458047 
0.4456927284039392 1.9911660011992258 
0.5239259720607574 1.2876849408752244 
0.4483098755978819 1.9669356029309606 
0.43931994900158705 2.0463541399636886 
0.39215710521763464 2.471627108563971 
0.6347326113539355 0.28799933172308934 
