2.330046815703581 0.30420185578639425 
0.8060376091562924 0.9172686853325839 
2.1712180982011033 0.3996750907835673 
2.330046815703581 0.30420185578639425 
2.168999750992926 0.5171193753720748 
0.8060376091562924 0.9172686853325839 
2.168999750992926 0.5171193753720748 
0.8059883078157027 0.9248886035348624 
2.330046815703581 0.30420185578639425 
2.1692517888113687 0.49609868521998357 
0.8060376091562924 0.9172686853325839 
2.1692517888113687 0.49609868521998357 
0.8060376091562924 0.9172686853325839 
2.1712180982011033 0.3996750907835673 
2.1674765840594774 0.573560620384562 
2.1712180982011033 0.3996750907835673 
2.330046815703581 0.30420185578639425 
2.168999750992926 0.5171193753720748 
0.8062665288357204 0.8657819992349143 
-3.1407764061366406 1.0484057149884056 
0.8060376091562924 0.9172686853325839 
2.330046815703581 0.30420185578639425 
2.1711382469456093 0.4759278724167467 
2.1692517888113687 0.49609868521998357 
0.8059883078157027 0.9248886035348624 
2.168937576580119 0.5725951453679501 
0.8059888887971313 0.9241267076819614 
0.8060376091562924 0.9172686853325839 
2.168999750992926 0.5171193753720748 
2.1711382469456093 0.4759278724167467 
-3.1407764061366406 1.0484057149884056 
2.330046815703581 0.30420185578639425 
0.8059598377662018 0.9494750441093367 
0.8059598377662018 0.9494750441093367 
0.8059883078157027 0.9248886035348624 
2.330046815703581 0.30420185578639425 
0.8059598377662018 0.9494750441093367 
2.171152827131621 0.4632227538283133 
2.168999750992926 0.5171193753720748 
0.8059610086546025 0.9293997582682956 
2.2543896049831407 0.3633135479064006 
2.1711382469456093 0.4759278724167467 
0.8062665288357204 0.8657819992349143 
2.1711382469456093 0.4759278724167467 
0.8059610086546025 0.9293997582682956 
2.168999750992926 0.5171193753720748 
2.1667874792408246 0.6746581198816841 
-3.1407764061366406 1.0484057149884056 
2.330046815703581 0.30420185578639425 
0.8062665288357204 0.8657819992349143 
2.168999750992926 0.5171193753720748 
0.8059883078157027 0.9248886035348624 
2.330046815703581 0.30420185578639425 
2.1669380909314917 0.5916502239048733 
0.8062665288357204 0.8657819992349143 
0.8060371302046098 0.9173607128384178 
0.8059887867673855 0.9248050264577315 
2.2543896049831407 0.3633135479064006 
0.8062665288357204 0.8657819992349143 
-3.1407764061366406 1.0484057149884056 
0.8059598377662018 0.9494750441093367 
2.1712180982011033 0.3996750907835673 
2.2543896049831407 0.3633135479064006 
2.2543896049831407 0.3633135479064006 
0.8060376091562924 0.9172686853325839 
2.330046815703581 0.30420185578639425 
2.1689869918108533 0.5496783224288876 
0.8062568211301119 0.8698196939734335 
0.806047316861901 0.9158287088001161 
-3.1407764061366406 1.0484057149884056 
2.166741922077417 0.6882671308586124 
2.330046815703581 0.30420185578639425 
0.8059610086546025 0.9293997582682956 
0.8060376091562924 0.9172686853325839 
0.8059883078157027 0.9248886035348624 
0.8059883078157027 0.9248886035348624 
0.8062665288357204 0.8657819992349143 
0.8100109937283343 0.7073695043825172 
0.8062665288357204 0.8657819992349143 
0.8062660597611582 0.8659914547925578 
-3.141592653589793 1.0993032972425212 
0.806047316861901 0.9158287088001161 
