2.330046815703581 -3.441827388460392 3.626772776601382 
0.8060376091562924 3.451998700822633 3.6086854043971184 
2.1712180982011033 -2.826010818202514 4.125489026945638 
2.330046815703581 -3.441827388460392 3.626772776601382 
2.168999750992926 -2.8147137048720365 4.129602385566141 
0.8060376091562924 3.451998700822633 3.6086854043971184 
2.168999750992926 -2.8147137048720365 4.129602385566141 
0.8059883078157027 3.4520664644947625 3.6087245454024472 
2.330046815703581 -3.441827388460392 3.626772776601382 
2.1692517888113687 -2.818803572377707 4.1304148732336525 
0.8060376091562924 3.451998700822633 3.6086854043971184 
2.1692517888113687 -2.818803572377707 4.1304148732336525 
0.8060376091562924 3.451998700822633 3.6086854043971184 
2.1712180982011033 -2.826010818202514 4.125489026945638 
2.1674765840594774 -2.8129437431325615 4.13348574293084 
2.1712180982011033 -2.826010818202514 4.125489026945638 
2.330046815703581 -3.441827388460392 3.626772776601382 
2.168999750992926 -2.8147137048720365 4.129602385566141 
0.8062665288357204 3.451998700822633 3.6086854043971184 
-3.1407764061366406 -4.999999999999994 -0.004032402230011556 
0.8060376091562924 3.451998700822633 3.6086854043971184 
2.330046815703581 -3.441827388460392 3.626772776601382 
2.1711382469456093 -2.826203471500231 4.1261243536051495 
2.1692517888113687 -2.818803572377707 4.1304148732336525 
0.8059883078157027 3.4520664644947625 3.6087245454024472 
2.168937576580119 -2.819223980874833 4.1295941050738305 
0.8059888887971313 3.451998700822633 3.6086864224458446 
0.8060376091562924 3.451998700822633 3.6086854043971184 
2.168999750992926 -2.8147137048720365 4.129602385566141 
2.1711382469456093 -2.826203471500231 4.1261243536051495 
-3.1407764061366406 -4.999999999999994 -0.004032402230011556 
2.330046815703581 -3.441827388460392 3.626772776601382 
0.8059598377662018 3.447326985006694 3.6084440316647535 
0.8059598377662018 3.447326985006694 3.6084440316647535 
0.8059883078157027 3.4520664644947625 3.6087245454024472 
2.330046815703581 -3.441827388460392 3.626772776601382 
0.8059598377662018 3.447326985006694 3.6084440316647535 
2.171152827131621 -2.8264758325600563 4.125489026945638 
2.168999750992926 -2.8147137048720365 4.129602385566141 
0.8059610086546025 3.4488296094661024 3.608150240768245 
2.2543896049831407 -3.157501089986168 3.876523137915198 
2.1711382469456093 -2.826203471500231 4.1261243536051495 
0.8062665288357204 3.451998700822633 3.6086854043971184 
2.1711382469456093 -2.826203471500231 4.1261243536051495 
0.8059610086546025 3.4488296094661024 3.608150240768245 
2.168999750992926 -2.8147137048720365 4.129602385566141 
2.1667874792408246 -2.8130410712681213 4.129618659159 
-3.1407764061366406 -4.999999999999994 -0.004032402230011556 
2.330046815703581 -3.441827388460392 3.626772776601382 
0.8062665288357204 3.451998700822633 3.6086854043971184 
2.168999750992926 -2.8147137048720365 4.129602385566141 
0.8059883078157027 3.4520664644947625 3.6087245454024472 
2.330046815703581 -3.441827388460392 3.626772776601382 
2.1669380909314917 -2.814848641941787 4.138836507103508 
0.8062665288357204 3.451998700822633 3.6086854043971184 
0.8060371302046098 3.4519968955386364 3.6086856522953736 
0.8059887867673855 3.452068269778759 3.6087242975041915 
2.2543896049831407 -3.157501089986168 3.876523137915198 
0.8062665288357204 3.451998700822633 3.6086854043971184 
-3.1407764061366406 -4.999999999999994 -0.004032402230011556 
0.8059598377662018 3.447326985006694 3.6084440316647535 
2.1712180982011033 -2.826010818202514 4.125489026945638 
2.2543896049831407 -3.157501089986168 3.876523137915198 
2.2543896049831407 -3.157501089986168 3.876523137915198 
0.8060376091562924 3.451998700822633 3.6086854043971184 
2.330046815703581 -3.441827388460392 3.626772776601382 
2.1689869918108533 -2.8133110985345975 4.129602385566141 
0.8062568211301119 3.451998700822633 3.6086854043971184 
0.806047316861901 3.451998700822633 3.6086854043971184 
-3.1407764061366406 -4.999999999999994 -0.004032402230011556 
2.166741922077417 -2.8140367003274775 4.129398444572427 
2.330046815703581 -3.441827388460392 3.626772776601382 
0.8059610086546025 3.4488296094661024 3.608150240768245 
0.8060376091562924 3.451998700822633 3.6086854043971184 
0.8059883078157027 3.4520664644947625 3.6087245454024472 
0.8059883078157027 3.4520664644947625 3.6087245454024472 
0.8062665288357204 3.451998700822633 3.6086854043971184 
0.8100109937283343 3.4470390336104986 3.621496719824078 
0.8062665288357204 3.451998700822633 3.6086854043971184 
0.8062660597611582 3.451998700822633 3.608685418885851 
-3.141592653589793 -4.999999999999997 9.788341239441716E-4 
0.806047316861901 3.451998700822633 3.6086854043971184 
