2.972286070917614 -4.929154520615406 0.8419646400589127 
1.4628036092222831 0.5130744616116032 4.9783575229217245 
1.5145736344026515 0.2816765108742299 4.991570848866676 
2.9731916438780197 -4.929154520615406 0.8387556997237856 
2.9723277578388614 -4.9291404492012445 0.8418608997367245 
1.477401295193211 0.4850445577137079 4.97877656377884 
2.965768505545274 -4.926584146025796 0.858924383312533 
2.9693368567554814 -4.926584146025796 0.858924383312533 
-3.141592653589793 -4.999999999661446 1.0067861612315931E-4 
2.9693368567554814 -4.926584146025796 0.858924383312533 
3.020535822972345 -4.963407627897775 0.603814753942778 
1.4500710110558694 0.6075076648298201 4.998308251155802 
1.5203986157360798 0.2519678468079745 4.992858570864691 
2.9731916438780197 -4.929154520615406 0.8387556997237856 
1.5145736344026515 0.2816765108742299 4.991570848866676 
2.9693368567554814 -4.926584146025796 0.858924383312533 
3.020535822972345 -4.963407627897775 0.603814753942778 
1.5203986157360798 0.2519678468079745 4.992858570864691 
1.4782561350686083 0.4805472367133652 4.97877656377884 
2.9731916438780197 -4.929154520615406 0.8387556997237856 
1.5145736344026515 0.2816765108742299 4.991570848866676 
3.0205020778385503 -4.963407633766957 0.6038314551429317 
2.9731916438780197 -4.929154520615406 0.8387556997237856 
2.9731916438780197 -4.929154520615406 0.8387556997237856 
3.0205020778385503 -4.963407633766957 0.6038314551429317 
1.477564322045542 0.4805472367133652 4.97877656377884 
1.5074206977119984 0.31276850226403397 4.989896722944727 
1.4628036092222831 0.5130744616116032 4.9783575229217245 
3.020535822972345 -4.963407627897775 0.603814753942778 
1.5145736344026515 0.2816765108742299 4.991570848866676 
1.5145736344026515 0.2816765108742299 4.991570848866676 
3.020535822972345 -4.963407627897775 0.603814753942778 
1.477564322045542 0.4805472367133652 4.97877656377884 
2.9738512307425933 -4.929273989139089 0.8347610628723252 
3.020535822972345 -4.963407627897775 0.603814753942778 
3.0205020778385503 -4.963407633766957 0.6038314551429317 
1.5145736344026515 0.2816765108742299 4.991570848866676 
1.477564322045542 0.4805472367133652 4.97877656377884 
2.9731916438780197 -4.929154520615406 0.8387556997237856 
1.5145736344026515 0.2816765108742299 4.991570848866676 
1.5203986157360798 0.2519678468079745 4.992858570864691 
2.9731916438780197 -4.929154520615406 0.8387556997237856 
1.4628036092222831 0.5130744616116032 4.9783575229217245 
2.9663769510542304 -4.925703740727409 0.8704493182648845 
3.0205020778385503 -4.963407633766957 0.6038314551429317 
-3.141592653589793 -4.999999999661446 1.0067861612315931E-4 
2.9693368567554814 -4.926584146025796 0.858924383312533 
1.5145736344026515 0.2816765108742299 4.991570848866676 
2.9731916438780197 -4.929154520615406 0.8387556997237856 
2.9723277578388614 -4.9291404492012445 0.8418608997367245 
1.467395319213404 0.5301677041655375 4.978348901690583 
2.9731916438780197 -4.929154520615406 0.8387556997237856 
3.020535822972345 -4.963407627897775 0.603814753942778 
1.5581477385580853 0.06405747756658853 4.999601225200687 
1.5581477385580853 0.06405747756658853 4.999601225200687 
2.9693368567554814 -4.926584146025796 0.858924383312533 
3.020535822972345 -4.963407627897775 0.603814753942778 
2.9693368567554814 -4.926584146025796 0.858924383312533 
1.5581477385580853 0.06405747756658853 4.999601225200687 
2.9731916438780197 -4.929154520615406 0.8387556997237856 
1.5581477385580853 0.06405747756658853 4.999601225200687 
1.5581477385580853 0.06405747756658853 4.999601225200687 
1.5581477385580853 0.06405747756658853 4.999601225200687 
1.5581477385580853 0.06405747756658853 4.999601225200687 
1.5581477385580853 0.06405747756658853 4.999601225200687 
3.020535822972345 -4.963407627897775 0.603814753942778 
1.5581477385580853 0.06405747756658853 4.999601225200687 
2.9731916438780197 -4.929154520615406 0.8387556997237856 
3.0205020778385503 -4.963407633766957 0.6038314551429317 
1.5145736344026515 0.2816765108742299 4.991570848866676 
3.020501046982784 -4.963407248106598 0.6033911591480039 
1.5581477385580853 0.06405747756658853 4.999601225200687 
1.506013900881159 0.30933325930527433 4.9895814393840645 
1.5581477385580853 0.06405747756658853 4.999601225200687 
3.1069637364138822 -4.997014525905229 0.17309274543281256 
3.1069637364138822 -4.997014525905229 0.17309274543281256 
1.5581477385580853 0.06405747756658853 4.999601225200687 
3.020535822972345 -4.963407627897775 0.603814753942778 
2.973201867351492 -4.929132649240481 0.8385529347791291 
1.5581477385580853 0.06405747756658853 4.999601225200687 
3.1069637364138822 -4.997014525905229 0.17309274543281256 
3.1069637364138822 -4.997014525905229 0.17309274543281256 
3.1069637364138822 -4.997014525905229 0.17309274543281256 
3.1069637364138822 -4.997014525905229 0.17309274543281256 
2.9731916438780197 -4.929154520615406 0.8387556997237856 
3.1069637364138822 -4.997014525905229 0.17309274543281256 
3.1069637364138822 -4.997014525905229 0.17309274543281256 
1.5203986157360798 0.2519678468079745 4.992858570864691 
1.5581477385580853 0.06405747756658853 4.999601225200687 
3.1069637364138822 -4.997014525905229 0.17309274543281256 
3.1069637364138822 -4.997014525905229 0.17309274543281256 
3.1069637364138822 -4.997014525905229 0.17309274543281256 
1.5145736344026515 0.2816765108742299 4.991570848866676 
3.1069637364138822 -4.997014525905229 0.17309274543281256 
3.1069637364138822 -4.997014525905229 0.17309274543281256 
3.1069637364138822 -4.997014525905229 0.17309274543281256 
1.5581477385580853 0.06405747756658853 4.999601225200687 
3.1069637364138822 -4.997014525905229 0.17309274543281256 
1.5581477385580853 0.06405747756658853 4.999601225200687 
3.1069637364138822 -4.997014525905229 0.17309274543281256 
