0.41366170101556277 0.18914796313110782 
0.0013748949062524288 0.9662756983781802 
0.4251345814289522 0.04886627507809174 
0.18292400435524936 0.6690108385403206 
0.6300985196961771 -0.3019505320999388 
0.2272345775625276 0.35465467996499894 
0.41504395857869275 0.16957949328273983 
0.0289864318004876 0.8230181493041994 
0.20419307331322384 0.5244190629742344 
9.126392495071092E-7 1.0034872673093986 
0.8308026863203161 -0.593851831136495 
0.6238717653902146 -0.2121278077769789 
0.6386575694386769 -0.39501635416714065 
0.4347229153905159 -0.042664691351725875 
0.25752636081837554 0.2452047657215024 
0.42644533114070404 0.03393334982675101 
0.19975845567670936 0.5579091431010965 
0.6209459309344922 -0.16538946438641358 
0.6222375253071829 -0.1858624024582357 
0.20718868317859768 0.5025811802110168 
0.8457987155145178 -0.7561640233080908 
0.221976625215687 0.3920447258415144 
0.011966842436452824 0.8906549400117135 
0.21878427386904176 0.4135198140715439 
0.021610982376940063 0.8436392938792434 
0.052696824370319625 0.7216570783320772 
0.829692208074452 -0.5742066935910285 
0.4192767683376216 0.11678961708941478 
0.641943751688605 -0.4199019833705756 
0.832004132573959 -0.6121866842783985 
0.23211376642133136 0.324945725867219 
0.190404449425926 0.6244159258729753 
2.8258092194288764E-4 0.9871516242657012 
0.41077587444546626 0.2255278351085653 
0.8233715091754095 -0.45683817011324845 
0.6268281435743551 -0.2566074591503412 
0.8368112932548831 -0.6788028672065635 
0.23663447057714582 0.30590391378482457 
0.24084446150031336 0.2807595627371587 
0.43257755729016345 -0.023492149805043265 
0.6447726339155191 -0.43740929364701586 
0.04691251777305211 0.7401649558213639 
0.8246193802925068 -0.4777404019181377 
0.2025336656689494 0.5376517269430428 
0.8278309486872151 -0.5417670172603338 
0.06823466436497183 0.6852482561683922 
0.6251914723350668 -0.23305193291866663 
0.6327225829618924 -0.3347206658234278 
0.4467692371994031 -0.10992757633168827 
0.05818458629211165 0.70639763111575 
0.034992805332599075 0.7861362968952585 
0.6259661028506901 -0.24426403613952413 
0.4093315954714021 0.24435823663827555 
0.006087742937448383 0.9255857598166526 
0.019235424658377548 0.8550719969308684 
0.6312188713198105 -0.3165925791605065 
0.0851760324321588 0.6741175276723407 
0.22418952697353906 0.37466229207766316 
0.2469485107577702 0.26027682962226556 
0.41633933109535615 0.15235762330456074 
0.016262690142134315 0.8694609754919185 
0.6284014163708544 -0.27995607914324266 
0.22925180751433455 0.3420587442582315 
0.8388880170522479 -0.6992737305042138 
0.2129982024034359 0.45759465853202214 
0.42072308541184955 0.10033760989462588 
0.6340835958874971 -0.34956183972899046 
0.18522916317530813 0.6558362575371968 
0.44302922960963953 -0.09450644028468053 
0.009374058640356606 0.9049165617571222 
0.8285139306291108 -0.5538865903042269 
0.42380853487364867 0.06400985834657734 
0.6360689761775561 -0.37081011044182705 
0.03015788996414856 0.8057055885449455 
0.8257925923744912 -0.5017361110938233 
0.8430650437259626 -0.7394099382668804 
0.8335057317435575 -0.6344806303806843 
0.21120055226238205 0.4790587231548275 
0.41196580527238913 0.21012585698335665 
0.1947107709036797 0.5934993160147258 
0.8267321404646375 -0.522144467763805 
0.43038478115824075 -0.004740755065388915 
0.19735329605451668 0.5750857700744213 
0.840935952453345 -0.7216587427767538 
0.04105987378566206 0.7627156673321867 
0.4179131301588299 0.13356315729549037 
0.18864956659355786 0.635231970237171 
0.21568390446157565 0.43767558341661833 
0.4534438333047829 -0.12146108192156295 
0.42839570794094683 0.014453667987329248 
0.003270366559138871 0.9470882075533904 
0.4218205969675809 0.08576644265253835 
0.4389869966202637 -0.07233325035286366 
0.6199810224799027 -0.14832518187735003 
0.8521507519203683 -0.7713007786293506 
0.436944133440043 -0.05703399245796768 
0.19198045316318227 0.6128444848975938 
0.8354161105474985 -0.6560632428005049 
0.6537007898209041 -0.4550175430269071 
0.6186459728223028 -0.1256850326771519 
