0.7167375353967604 6.329964600870763E-5 
0.8089029789330626 3.739253316886182E-4 
0.45188158437112286 1.936518343576613 
0.8470131465266397 0.012884932710828023 
0.5986520400485773 0.6196788201769027 
0.7901427054816512 0.006374166640021026 
0.5712692407412485 0.8912529720186433 
0.5637276656821661 0.9439774646437512 
0.5267461708647037 1.2633693168863556 
0.45755868640985464 1.892808655597747 
0.7432363894832232 1.6137056382986657E-4 
0.9999999999104738 4.446568845164242E-8 
0.9592947462379892 0.003904269534618976 
0.4051196247748025 2.3717062364195214 
0.6878045094704233 1.6326294977886402E-4 
0.554536851572634 1.014874804865291 
0.4902441019147578 1.6280578229690605 
0.9202462033676803 3.124747241970566E-5 
0.4136172647328456 2.3185560477077996 
0.5767232539436564 0.8249744963776386 
0.4558206085425343 1.925527373724607 
0.40105218258502673 2.391838482786374 
0.5484440974071296 1.0666023083812424 
0.4453671477254928 2.011506241160893 
0.4674132516227113 1.8056558531131348 
0.4138007026319627 2.299307165304374 
0.8803749579810279 3.124747241970566E-5 
0.4653458890204205 1.8267462595261512 
0.4763429041451412 1.7251512851027644 
0.6560026193759045 0.10673037286135775 
0.40974381915921004 2.3185560477077996 
0.5044189244971454 1.4656317317324197 
0.39786755821875674 2.452919676350587 
0.3937802494682153 2.4655591834146096 
0.443146556057402 2.01849778871685 
0.5118424599254667 1.4001616385172135 
0.6029176243502046 0.5795277568400563 
0.6660116477176924 0.006374166640021026 
0.559329090179179 0.9736777376720096 
0.6649876229639202 0.0758588291368898 
0.3980819983282964 2.4268239885289327 
0.6241518486257372 0.394195886245685 
0.4174577777793802 2.2742558981348764 
0.42061589879161626 2.2522509006167026 
0.6297057484920847 0.36721458858449907 
0.41791793449547876 2.2522509006167026 
0.5791373324619803 0.7907439426749656 
0.4248779472947372 2.176583710237045 
0.48551216816628073 1.6515968662766451 
0.4481890591191042 2.0072862356445302 
0.6057563862177173 0.5531076063245435 
0.5296133390800062 1.2463236708001657 
0.5320202842414415 1.2221945521789113 
0.5364922037415601 1.1718355642653846 
0.5439422565579745 1.1346625800836878 
0.5885278021579284 0.7283322832281478 
0.6431838638923265 0.21637330898846613 
0.5830233022430652 0.7557492783622564 
0.6377321805138189 0.28178444713641626 
0.49295268409659854 1.5642480498096623 
0.5024150310884951 1.492167574518811 
0.42076055283315905 2.2207470911601783 
0.609202319762722 0.5236774874916099 
0.524528900372586 1.2826435577670368 
0.5925875068185039 0.6767816317681904 
0.47922170412318627 1.6887730730287593 
0.39577097664009375 2.457510038483361 
0.471624707951973 1.76254436367599 
0.6165164651472276 0.487441015127662 
0.47386630866182705 1.745464960674463 
0.5729173254893819 0.8570349275576661 
0.4907454617511939 1.5881748939163827 
0.4231077564982739 2.198442278752811 
0.4032673580353094 2.3737528465821613 
0.46099480843436863 1.8674412720812321 
0.4342287220894325 2.10971797782121 
0.4624489600592836 1.8471759563801395 
0.49921733896534715 1.5127318671816803 
0.5224704220040114 1.3013706092492998 
0.4964831816786932 1.5320127621613402 
0.4820257222141522 1.662084616188235 
0.6315962291585582 0.32524178359490885 
0.44017409882023034 2.0412844534764885 
0.4492664034569968 1.9638275993758634 
0.515048942319851 1.36581465949828 
0.4303618117467554 2.130981355983331 
0.6490743870201688 0.1599741911186486 
0.46947707785830145 1.7847544224661858 
0.4061977510518778 2.3465373385275425 
0.4360165758492555 2.0765327906923043 
0.5395473166692192 1.1549830999929598 
0.4141263260058535 2.2767455467417363 
0.5657266999332055 0.910156168810917 
0.3993574073365843 2.410007625349941 
0.5339994947356542 1.1954272617291577 
0.4271674603685501 2.1568025400446453 
0.6183970304437799 0.43445980450415234 
0.40840313285129 2.32832062186435 
0.5082155599666088 1.435432413245855 
0.518823674044936 1.332686591588283 
