0.7353992923629161 1.3598918817926116 
0.6247806659707016 2.2283677182788155 
0.486338316890039 5.426975666631797 
0.5057369098875061 4.921226132737094 
0.4191907308090985 7.728501639902482 
0.47080944892328375 5.877555040134015 
0.6606729921005675 1.6499636617557092 
0.429411078910744 7.304488604661231 
0.39998341521937164 8.6495830911559 
0.4526427734691202 6.475593355183986 
0.5728582582607171 3.2214044740329233 
0.458266376222189 6.303944905971075 
0.8367437916611334 1.1951641821733412 
0.42502478129027643 7.474081351982628 
0.4516552376077038 6.555489799543944 
0.6784860649366237 1.473969536616692 
0.46950081649833625 5.915544264008185 
0.6089251081748243 2.5520721238475548 
0.610426631657511 2.471747032907465 
0.6680130725791764 1.5280087741189674 
0.872912283105207 1.1456686747066727 
0.48340754887721443 5.483569614520523 
0.8085149991252687 1.2530686196029026 
0.5236213389454919 4.427490093166273 
0.5687729524956119 3.3854089752209515 
0.5257585825791129 4.318001460488467 
0.5619505723195333 3.4846960376802376 
0.39144010689830055 8.911327369957293 
0.43187326019523686 7.262348444337151 
0.9028172321443182 1.1122841401270196 
0.5037410482480645 5.002955555422577 
0.9661573581060772 1.0350281173172626 
0.4217293111672996 7.602797618115764 
0.5181137110454879 4.528202325849265 
0.4271009601465233 7.401142753889228 
0.44830569397904013 6.632138916274326 
0.506200386039492 4.831036751110024 
0.46849120249325565 5.95206593249213 
0.5880967255996689 2.9037658189240227 
0.7141811386025685 1.4003612163158792 
0.516090582160708 4.56898666524415 
0.6328174235855952 2.0872945345413036 
0.9327738793746422 1.0720737388070998 
0.5288855954310403 4.2429525014594445 
0.41387687665921885 7.955063225821038 
0.6525086428319958 1.7298193318260866 
0.44647696148490384 6.693245323544377 
0.4353339770568529 7.0915352149762905 
0.40536737989114285 8.31380016892796 
0.5360880125847522 4.06468930342173 
0.40468379433819895 8.356644695036657 
0.6021361244207032 2.6325813216047136 
0.41743376887273603 7.795314380730418 
0.43462067813121147 7.197307547440889 
0.5476801421122464 3.860564589523643 
0.9999999990372785 1.000000000964023 
0.6389731058304866 1.9878802327001583 
0.55029368346661 3.725593342999623 
0.6450464545978633 1.8685064959132272 
0.4776131663912932 5.676014062149591 
0.4392196888372671 6.961524941130821 
0.49696112966477735 5.091037436715712 
0.4449230773100787 6.746473165970031 
0.6275744233707756 2.162575982063999 
0.7627165387244235 1.311298047983373 
0.45462313983923874 6.412478585814642 
0.5815335528413799 3.054696586137551 
0.558410748708269 3.53787809244002 
0.4895657084922505 5.313329153233837 
0.46519154792698114 6.076088765213068 
0.6193056861284952 2.3031447157652813 
0.5854173064083401 2.9573192485411317 
0.5121412364038855 4.685881958894285 
0.4008270899099906 8.46673036762066 
0.4088004006468126 8.131544404000776 
0.40007724860165594 8.601130808901718 
0.4063243943903648 8.244913083357519 
0.3954193209306024 8.749420177248888 
0.5551433606611039 3.624283159941442 
0.41091567363720377 8.044098217753321 
0.3961569540464175 8.686245978368314 
0.4201514049941188 7.66831181877841 
0.6621356560219139 1.5852409662536517 
0.6413812912166746 1.91677312343491 
0.5398506344321456 3.9708400169699973 
0.42907663507231647 7.362585154751515 
0.39046636850598504 8.958319639164676 
0.47374895032003855 5.776269910038341 
0.5092770357838817 4.754673964036434 
0.5971804463685249 2.7592118239248395 
0.4803390796080627 5.5737587194122575 
0.592034478369354 2.8596705925177215 
0.39259825853138924 8.835090060506488 
0.49388044152155086 5.180616967720001 
0.442142248680366 6.8343053987983 
0.5774056354749741 3.1265018253994783 
0.41449254694414817 7.888149108610297 
0.461161060377131 6.188223950083118 
0.5319198650547518 4.168218586335459 
0.6154754250405933 2.3906920509959444 
