0.7353992923629161 6.352756036078204E-5 
0.6247806659707016 0.39224106705385103 
0.486338316890039 1.6393462115129056 
0.5057369098875061 1.4888456972280997 
0.4191907308090985 2.2397162504900376 
0.47080944892328375 1.7672084494617648 
0.6606729921005675 0.09008642926935298 
0.429411078910744 2.1366283326188142 
0.39998341521937164 2.4596897850242665 
0.4526427734691202 1.931130536148685 
0.5728582582607171 0.845408156147782 
0.458266376222189 1.8888859879636923 
0.8367437916611334 4.6209449299223875E-5 
0.42502478129027643 2.17666979197215 
0.4516552376077038 1.9608213030478985 
0.6784860649366237 6.779073551790156E-5 
0.46950081649833625 1.7773528619838923 
0.6089251081748243 0.5540207940838258 
0.610426631657511 0.508820215607151 
0.6680130725791764 0.020729836127152068 
0.872912283105207 6.825852031821632E-5 
0.48340754887721443 1.6507989464529376 
0.8085149991252687 0.013124773882142504 
0.5236213389454919 1.3183282907516243 
0.5687729524956119 0.9255290582415643 
0.5257585825791129 1.2702263274409558 
0.5619505723195333 0.9582269327340194 
0.39144010689830055 2.4882509383018343 
0.43187326019523686 2.1364140993296923 
0.9028172321443182 0.004189288747498798 
0.5037410482480645 1.520194075827047 
0.9661573581060772 3.139275325336841E-8 
0.4217293111672996 2.2063226024323472 
0.5181137110454879 1.3461237114105722 
0.4271009601465233 2.161035176367573 
0.44830569397904013 1.973225639425761 
0.506200386039492 1.4454726683828674 
0.46849120249325565 1.7884905260323791 
0.5880967255996689 0.7076951700174587 
0.7141811386025685 1.1156792335233472E-4 
0.516090582160708 1.3580109879503655 
0.6328174235855952 0.32087634961272193 
0.9327738793746422 2.3803227753305123E-6 
0.5288855954310403 1.2440364601200002 
0.41387687665921885 2.2924167215294213 
0.6525086428319958 0.12872206455438973 
0.44647696148490384 1.9883798345291357 
0.4353339770568529 2.0871862285743528 
0.40536737989114285 2.370143391416868 
0.5360880125847522 1.1790312104458562 
0.40468379433819895 2.3817986831236158 
0.6021361244207032 0.5851723142133951 
0.41743376887273603 2.2540274614961366 
0.43462067813121147 2.128098686987646 
0.5476801421122464 1.1143545630238145 
0.9999999990372785 1.3017234520656083E-12 
0.6389731058304866 0.2702020063074506 
0.55029368346661 1.050170483817944 
0.6450464545978633 0.20527349058190403 
0.4776131663912932 1.7109390487047724 
0.4392196888372671 2.057638818476353 
0.49696112966477735 1.5300477157159125 
0.4449230773100787 2.0016616019932556 
0.6275744233707756 0.35717737493930296 
0.7627165387244235 1.4870839397107538E-4 
0.45462313983923874 1.9152611488349338 
0.5815335528413799 0.7764085585890041 
0.558410748708269 0.9755891544380142 
0.4895657084922505 1.6012237513554524 
0.46519154792698114 1.8265451380312068 
0.6193056861284952 0.4263506184502356 
0.5854173064083401 0.7312658686704859 
0.5121412364038855 1.39983338007078 
0.4008270899099906 2.3936948943059337 
0.4088004006468126 2.324178610232864 
0.40007724860165594 2.441116748888335 
0.4063243943903648 2.3501093153964385 
0.3954193209306024 2.4596897850242665 
0.5551433606611039 1.0119967333973376 
0.41091567363720377 2.305446037951936 
0.3961569540464175 2.441116748888335 
0.4201514049941188 2.2218519845927553 
0.6621356560219139 0.04964456714317453 
0.6413812912166746 0.22938242087810112 
0.5398506344321456 1.143660502389805 
0.42907663507231647 2.1591132636341706 
0.39046636850598504 2.4979225374204774 
0.47374895032003855 1.7365018066458875 
0.5092770357838817 1.4214462625232738 
0.5971804463685249 0.6477473486367473 
0.4803390796080627 1.677294133239898 
0.592034478369354 0.6930235875494105 
0.39259825853138924 2.4686409717228335 
0.49388044152155086 1.558605395371592 
0.442142248680366 2.0217351571930458 
0.5774056354749741 0.8052597733084522 
0.41449254694414817 2.269579014703094 
0.461161060377131 1.8537679186714886 
0.5319198650547518 1.217158267962265 
0.6154754250405933 0.4714122062278966 
