0.18971083604975963 0.6325669638019455 
0.008636288676500903 0.9078007855323256 
0.00374999447971415 0.9416015224048948 
0.4333604203753974 -0.031920173713758646 
0.03827146661088415 0.7713330685117642 
0.6251312890993902 -0.22775797335391335 
0.426180031864154 0.036678851954324916 
0.027180491921982353 0.8173326509581983 
0.4419529874427549 -0.09043040799885158 
2.5746077872185365E-9 1.0034693584824352 
0.626667680609366 -0.2544839231318803 
0.4364607155988023 -0.048515355240038124 
0.8455557016735448 -0.7556785129076273 
0.6315979612661933 -0.32182939455643667 
0.0022588457768645542 0.9554187239321381 
0.8305648207483978 -0.5909999223658199 
0.006334660615012255 0.9219875577277566 
0.40946267757807 0.2424020534527123 
0.012180361788135766 0.8917206196552895 
0.6364279115250041 -0.3751872784296261 
0.6286094263809094 -0.28296879729149377 
0.1833960437878318 0.664957580846629 
0.6382018608403224 -0.391815334096477 
0.21959794370392616 0.40911295855244656 
0.019089000071420892 0.8548312525053888 
0.826483403253483 -0.5179609331862395 
0.4458560318323939 -0.10821313276610942 
0.05931658570402161 0.7041130444745389 
0.42030037111685414 0.10365450062348512 
0.6274915613926721 -0.26716447178236297 
0.4275506340254943 0.022699761186507284 
0.022996261442808915 0.8389117061201212 
0.22570851901677694 0.3651255446068149 
0.04315936882505375 0.7529457936934877 
0.22113436524476118 0.39606219789556646 
0.4248790697638742 0.05105094711272552 
0.8319896185037072 -0.6120648722068025 
0.22805923150984073 0.34854032196052726 
0.6349409212953264 -0.3591518856655766 
0.41612401021665846 0.15603177206703972 
0.43136001819201797 -0.014672291145495397 
0.6399058002327279 -0.40564231247413673 
0.45300245605405726 -0.12248862322669223 
0.8248724146235449 -0.4873744160876358 
0.833164575416999 -0.6302618403904947 
0.6194032652734128 -0.1396457107443992 
0.8521000637770731 -0.771867912018044 
0.82561361621731 -0.502055899872024 
0.015827985953573348 0.8689980315926569 
0.2101009313210513 0.4787830772992017 
0.4187762206980151 0.1216777025624094 
0.07107999467908799 0.6792287929612034 
0.1933660459299528 0.6025025133578152 
4.925043142087692E-4 0.9811529603084259 
0.21251433769302552 0.46004186778178896 
0.2054384789589328 0.5141772048846671 
0.41451714109677484 0.1800982418319463 
0.65242215598529 -0.4563728043297088 
0.6326593233506711 -0.33447539673735716 
0.643194408384218 -0.4288386907000521 
0.8242183629240429 -0.4741313702105728 
0.19860681692526855 0.5651794516559169 
0.842121018344594 -0.7328051383921965 
0.21756512918744272 0.4224420071204759 
0.2230421519777513 0.382432035619121 
0.2032533183897508 0.5315356219237637 
0.2332476511007504 0.32113847144088953 
0.23994302783044485 0.28621653252012164 
0.20079564253125923 0.5490924017288675 
0.05084096580342279 0.7261962775452999 
0.4248116237619576 0.07734919802098962 
0.23611160257765934 0.30310194865091045 
0.6299317493212805 -0.3005532690133815 
0.4179346554003866 0.13672230147027872 
0.4295762566344516 0.0023895595823233136 
0.6456116783088205 -0.44105843841792153 
0.08394600276117771 0.6721489908526657 
0.2459641881700429 0.2620664343320789 
0.21530579920376944 0.4409817567694057 
0.1864320651786905 0.6478518508887565 
0.41236807441932555 0.2035451591350204 
0.6228276944955431 -0.19584131752965395 
0.033653611476723855 0.7932615566108002 
0.8295159773106822 -0.572382885917092 
0.6238376692482677 -0.21084704440617702 
0.8346882070832904 -0.6522538036539793 
0.8379608562664453 -0.6917771933152256 
0.8361423373271109 -0.6702432068505357 
0.8395306504776104 -0.7094257554578539 
0.8287355539091689 -0.5584647491005453 
0.4377934530418708 -0.06595400348266467 
0.23063642364618636 0.33300704754656685 
0.622031009546505 -0.17756210491478094 
0.8275041719298963 -0.5361782427634121 
0.4108064532719265 0.22457935924165684 
0.19611185828136368 0.5838058202662021 
0.19082385749310907 0.6207382817233676 
0.25761223790999205 0.24460512037916143 
0.20767657693990144 0.496702145666643 
0.6204691841750603 -0.15749842956206048 
