0.008576256039786428 0.9082173358988765 
0.4350065104177999 -0.03672810115799061 
0.4113060584359072 0.21821882602775486 
0.19777586019362697 0.5718134161195166 
2.6836220329182897E-4 0.9861649304367609 
0.20628173769455016 0.5124532683003422 
0.444657642783315 -0.10143422733385207 
0.44139415014915717 -0.08738703731169367 
0.026865624165637342 0.8186169872932456 
0.4536816861230076 -0.12247060584632878 
0.4259061908912033 0.039691811433081696 
0.2249090987286413 0.36946929335825995 
0.8366779609310228 -0.6775314194122843 
0.023472508423897406 0.8340956247181316 
0.014211999435494282 0.8782417422738613 
0.20344602855545116 0.5295074504076731 
0.21697688198344478 0.4274526908214467 
0.4185565461872542 0.12480322494742004 
0.4388403052839541 -0.07262115107873084 
0.842375613936987 -0.734243972599016 
0.6344642310145907 -0.34983208679383376 
0.8392741157069635 -0.706417073933294 
0.4199655215255641 0.10757616238267648 
0.6256120512309354 -0.23999376396419433 
0.020225111169351617 0.8481827765176468 
0.004003024496605759 0.9396078498740282 
0.23158769925824155 0.327380803781407 
0.8458795885097865 -0.7568485824686287 
0.6271270178052863 -0.25741455744660136 
0.621843980953726 -0.18084177889492628 
0.409566397494902 0.24113145438476463 
0.05173308071049214 0.7238459705052349 
0.18305577341118684 0.6672236010281759 
0.41520524323885843 0.17825972261337286 
0.23886581075360175 0.28931627560113604 
0.43735479933925514 -0.058405803519272693 
0.6369744974784276 -0.3773536675997025 
0.4230379733929775 0.07155776479934056 
0.047556497301728395 0.7368424829830801 
0.21079660739900202 0.47309668083973183 
0.8312266296466733 -0.6008892483862289 
0.21907872313787627 0.41015322594056 
0.20828218910386626 0.491909489089922 
0.6287009810656771 -0.28473003476889913 
0.417645016638312 0.14324521527606057 
0.6205611982886926 -0.15974193843775542 
0.6430716905880541 -0.42647086973390186 
0.08350475415363272 0.6716270713829535 
0.011169571152691488 0.8935431841916868 
0.8508383436194743 -0.7716083417349742 
0.06927729210210376 0.6828193134279792 
0.18931934220992502 0.6301869183089589 
0.8340344862003162 -0.6427586289307536 
0.23405726378067576 0.3133825176335891 
0.20099494416818423 0.5481092880899779 
0.6317331804059071 -0.32400629512125745 
0.6244795172251891 -0.2222294595929806 
0.22753862970471447 0.3520502471976575 
0.42432751619142706 0.0565516940971882 
0.8327195880804596 -0.623099070893415 
0.4319948215999446 -0.020329742097096037 
0.824474991987728 -0.4793343681419701 
0.8273372665446702 -0.5338270604397983 
0.0011178784509686037 0.9685088589743595 
0.6196659572994775 -0.14374945551085042 
0.2475448077198828 0.2582693136244532 
0.823445468864154 -0.4589005651213764 
0.030452267256403542 0.8032158739047226 
0.21407469147960312 0.4478494158974762 
0.6184179162205871 -0.12255578138962982 
0.6228530289961138 -0.19631248473845492 
0.8255151949114312 -0.4987093553048148 
0.18532280081895405 0.6541797891178814 
0.19216328115554862 0.6113778250458946 
0.017829663373176485 0.8606429041026071 
0.8353538292680298 -0.66025119218145 
0.41555679632052295 0.16192736363031365 
0.837817304874634 -0.6905532777305269 
0.8262904642149997 -0.5151301318550171 
0.6304103779743033 -0.30650752656949604 
0.6394862986522684 -0.4025505328414821 
0.6465809614027194 -0.4422595331798793 
0.19459466241310805 0.5944327459712666 
0.4295358921247232 0.0027761369074443525 
0.4126289894966849 0.20032424324034198 
0.04059374913486338 0.7628197581141848 
0.42148912707886155 0.09006746695583623 
0.03515187092155857 0.7835909385381933 
0.0023547326162287347 0.9541926928268573 
0.8283480127906842 -0.5524895357948418 
0.0579209208713853 0.7059653109796503 
0.427740230328684 0.020511659737551695 
0.005956057265698728 0.92529598941055 
0.8297978630609307 -0.5773984494321067 
0.24218233388223123 0.2755259287493425 
0.8407118708930831 -0.7200006143553125 
0.221929430210953 0.3913353899821575 
0.25844964411110166 0.2447468183708597 
0.6525762969858774 -0.45636737974732455 
1.5318317962828218E-9 1.0036685120209745 
