0.5691289025458435 3.3015184005187383 
0.44258850724875953 6.820246721598315 
0.5070430970898689 4.818474970834232 
0.5904894336841834 2.854861377665164 
0.4191346274439633 7.701324995455545 
0.413548195343572 7.928359900088831 
0.40172260861339204 8.427082654763005 
0.40308484243622483 8.366094072489702 
0.44258850724875953 6.820246721598315 
0.4980971501216009 5.05361477463201 
0.5757885281066725 3.157494660818191 
0.47588615847486593 5.709485070559546 
0.5905650085148735 2.853488327762069 
0.6451375051807842 1.850756552812524 
0.5559206773624136 3.5925921865881376 
0.5635047624098174 3.424808655302504 
0.4944910324925787 5.1563941239255024 
0.42787054346845743 7.361580126546536 
0.42787054346845743 7.361580126546536 
0.43396319046876886 7.130875729905093 
0.5145886803089327 4.603645346455363 
0.44498509317132495 6.741270219523544 
0.6034424569353213 2.600174141586135 
0.615813074063218 2.367264021096412 
0.550577692335899 3.7143575653398715 
0.3957079273130533 8.698991159965558 
0.6451375051807842 1.850756552812524 
0.5193803831350692 4.477862009562338 
0.47847038610740367 5.632391040239251 
0.4079494256795802 8.160722796690001 
0.6349142136990736 2.0258761878644593 
0.615813074063218 2.367264021096412 
0.395678257683776 8.699643447115006 
0.48621696137554266 5.399114153344276 
0.5193803831350692 4.477862009562338 
0.47847038610740367 5.632391040239251 
0.6560068380855238 1.67070458509954 
0.4515723615421699 6.501696686429976 
0.38970664840623626 8.977385950683814 
0.6034358062198341 2.6002840077877822 
0.5972115584112067 2.721801108278184 
0.4701002094060487 5.89092863872809 
0.39007791544398823 8.948692737597062 
0.5193803831350692 4.477862009562338 
0.5418202914580823 3.9198907255456765 
0.5635688733632218 3.4244190529690592 
0.6664586312174593 1.5037704464645818 
0.6587214673835612 1.6301187109976443 
0.6130445554104167 2.4223551080762284 
0.5980450908598506 2.705628254965492 
0.6224988194738115 2.2454350424797727 
0.4980971501216009 5.05361477463201 
0.4236090326184458 7.530499457576071 
0.5799161753797618 3.0714970650481397 
0.5847546959950101 2.9729233737830625 
0.5024282063372689 4.933283747838284 
0.537101435106016 4.034224863471863 
0.4944910324925787 5.1563941239255024 
0.47588615847486593 5.709485070559546 
0.45867204215926416 6.262331913167404 
0.48372436046561235 5.47506202090357 
0.40308484243622483 8.366094072489702 
0.6668964452386382 1.4994831996393354 
0.4082868709944023 8.153978034933155 
0.40172260861339204 8.427082654763005 
0.5313556050165449 4.173920079988482 
0.470012382875269 5.894477453632416 
0.4701002094060487 5.89092863872809 
0.414987620720242 7.8680697699617195 
0.5070430970898689 4.818474970834232 
0.4342098838942572 7.126824370814036 
0.5418202914580823 3.9198907255456765 
0.43798167058304976 6.982495867534501 
0.6664586312174593 1.5037704464645818 
0.43798167058304976 6.982495867534501 
0.4515723615421699 6.501696686429976 
0.5145886803089327 4.603645346455363 
0.6300232465222071 2.1117219273629044 
0.5559206773624136 3.5925921865881376 
0.6224988194738115 2.2454350424797727 
0.665257827894467 1.5230306436970311 
0.48621696137554266 5.399114153344276 
0.45867204215926416 6.262331913167404 
0.39115744764618754 8.898001407070065 
0.6560068380855238 1.67070458509954 
0.5044392575306792 4.8778601366263725 
0.447947506382126 6.627925245549571 
0.45867204215926416 6.262331913167404 
0.5313556050165449 4.173920079988482 
0.6349142136990736 2.0258761878644593 
0.5757885281066725 3.157494660818191 
0.45725650982213 6.312960616922542 
0.5284061965627393 4.263653597996158 
0.5487445106558128 3.7570532064801965 
0.550577692335899 3.7143575653398715 
0.5691289025458435 3.3015184005187383 
