0.5691289025458435 0.878989544022138 
0.44258850724875953 2.0185628155804443 
0.5070430970898689 1.4431744724618047 
0.5904894336841834 0.6857654781443503 
0.4191346274439633 2.2278919827951422 
0.413548195343572 2.278758928716079 
0.40172260861339204 2.3853496270720638 
0.40308484243622483 2.372245711016146 
0.44258850724875953 2.0185628155804443 
0.4980971501216009 1.5171911170566204 
0.5757885281066725 0.8180492032571832 
0.47588615847486593 1.717064917098181 
0.5905650085148735 0.6851703585818985 
0.6451375051807842 0.19399246517845992 
0.5559206773624136 0.9971962818549919 
0.5635047624098174 0.9298959876053237 
0.4944910324925787 1.5497906542785875 
0.42787054346845743 2.149803289532062 
0.42787054346845743 2.149803289532062 
0.43396319046876886 2.094537582585925 
0.5145886803089327 1.3689837834428242 
0.44498509317132495 1.9997647567277625 
0.6034424569353213 0.5690554724584272 
0.615813074063218 0.4577921339506358 
0.550577692335899 1.0450424168352148 
0.3957079273130533 2.4422597616245447 
0.6451375051807842 0.19399246517845992 
0.5193803831350692 1.325713686152458 
0.47847038610740367 1.6949323157311555 
0.4079494256795802 2.3291621780399434 
0.6349142136990736 0.28625758686964 
0.615813074063218 0.4577921339506358 
0.395678257683776 2.4422597616245447 
0.48621696137554266 1.6251408777587393 
0.5193803831350692 1.325713686152458 
0.47847038610740367 1.6949323157311555 
0.6560068380855238 0.0959936322461362 
0.4515723615421699 1.9359865267220853 
0.38970664840623626 2.4985469902902224 
0.6034358062198341 0.5691044766399617 
0.5972115584112067 0.6254910815601639 
0.4701002094060487 1.769326786662164 
0.39007791544398823 2.4906874090306186 
0.5193803831350692 1.325713686152458 
0.5418202914580823 1.1238763353989925 
0.5635688733632218 0.9298959876053237 
0.6664586312174593 0.002200793416052893 
0.6587214673835612 0.07379418931776768 
0.6130445554104167 0.4850116102767433 
0.5980450908598506 0.6180876955738167 
0.6224988194738115 0.39778066314878624 
0.4980971501216009 1.5171911170566204 
0.4236090326184458 2.1899875903575303 
0.5799161753797618 0.7812108306528807 
0.5847546959950101 0.7384309036529745 
0.5024282063372689 1.4786209047791887 
0.537101435106016 1.1667879637111094 
0.4944910324925787 1.5497906542785875 
0.47588615847486593 1.717064917098181 
0.45867204215926416 1.8723565672916247 
0.48372436046561235 1.6484208745711426 
0.40308484243622483 2.372245711016146 
0.6668964452386382 1.5534532186345458E-8 
0.4082868709944023 2.3291621780399434 
0.40172260861339204 2.3853496270720638 
0.5313556050165449 1.2178358293929856 
0.470012382875269 1.7704773937863194 
0.4701002094060487 1.769326786662164 
0.414987620720242 2.2651515534972755 
0.5070430970898689 1.4431744724618047 
0.4342098838942572 2.094537582585925 
0.5418202914580823 1.1238763353989925 
0.43798167058304976 2.058205204902002 
0.6664586312174593 0.002200793416052893 
0.43798167058304976 2.058205204902002 
0.4515723615421699 1.9359865267220853 
0.5145886803089327 1.3689837834428242 
0.6300232465222071 0.33043390442930937 
0.5559206773624136 0.9971962818549919 
0.6224988194738115 0.39778066314878624 
0.665257827894467 0.013208057842598708 
0.48621696137554266 1.6251408777587393 
0.45867204215926416 1.8723565672916247 
0.39115744764618754 2.4805195195417125 
0.6560068380855238 0.0959936322461362 
0.5044392575306792 1.4605841456583049 
0.447947506382126 1.9689625862310707 
0.45867204215926416 1.8723565672916247 
0.5313556050165449 1.2178358293929856 
0.6349142136990736 0.28625758686964 
0.5757885281066725 0.8180492032571832 
0.45725650982213 1.8866423383385622 
0.5284061965627393 1.2529409811781886 
0.5487445106558128 1.061662323297828 
0.550577692335899 1.0450424168352148 
0.5691289025458435 0.878989544022138 
