0.7747886188170832 1.3363937306160643 
0.6627967552387641 1.5622023562363876 
0.4514351982480547 6.506323002677338 
0.6841363422051928 1.4616969430050692 
0.4728855330134166 5.803031773975024 
0.6667705193315923 1.4997663678988922 
0.5275450806245033 4.270672040518283 
0.44416903875801667 6.759842460240648 
0.40496086629665756 8.295620379372465 
0.6667705193315923 1.4997663678988922 
0.39146481620261253 8.885993631578103 
0.44612724052275055 6.6956734087174 
0.6667705193315923 1.4997663678988922 
0.41756927672334554 7.763995381656829 
0.5363581938601869 4.06220227636085 
0.5033332195176513 4.907304522768418 
0.6627967552387641 1.5622023562363876 
0.5749157504157736 3.1762414637669987 
0.553193312139837 3.6548558484778337 
0.5033332195176513 4.907304522768418 
0.40496086629665756 8.295620379372465 
0.4193463867289782 7.695378567627586 
0.4407785320447383 6.88141751219433 
0.4512108141454314 6.513995004327044 
0.6044957424296706 2.580129280421786 
0.3893529965891126 8.980743342131806 
0.5749157504157736 3.1762414637669987 
0.43238131833551297 7.195864256762495 
0.4280062933911092 7.355544088818597 
0.5688720474992658 3.305474514759998 
0.48148328853780326 5.539025621447978 
0.5120779327818585 4.677291522997711 
0.5137509476935878 4.625682411311962 
0.3893529965891126 8.980743342131806 
0.4193463867289782 7.695378567627586 
0.46543610981497774 6.040231894269728 
0.6154313414786741 2.3744736092469054 
0.6242799988785878 2.2129541808371163 
0.41268616484262005 7.963690300364079 
0.39146481620261253 8.885993631578103 
0.6107357005871328 2.462536834218586 
0.6514959856898375 1.744699528362301 
0.5824212862837232 3.020208702653125 
0.6667705193315923 1.4997663678988922 
0.4774026482336687 5.662873800946339 
0.5646274022263269 3.39874268339826 
0.6514959856898375 1.744699528362301 
0.6044957424296706 2.580129280421786 
0.4728855330134166 5.803031773975024 
0.6242799988785878 2.2129541808371163 
0.5417942148817712 3.9220845525245225 
0.5364823841427896 4.061261917341427 
0.49503279132968725 5.144232377872255 
0.39321842094611015 8.811054733744951 
0.6044957424296706 2.580129280421786 
0.548881137904362 3.7541122792955024 
0.5646274022263269 3.39874268339826 
0.43292421917758417 7.176767363157494 
0.45380449920759575 6.428099028152184 
0.4256766784012903 7.449809411058064 
0.554027491728171 3.635615885700524 
0.40453737352184516 8.308119162750717 
0.6335731041446424 2.049623866081743 
0.4625030692379307 6.135956240100605 
0.3992293503191599 8.53419397582414 
0.5201630912809315 4.458079155047896 
0.48148328853780326 5.539025621447978 
0.4881705299414771 5.340616799879073 
0.5965670582547489 2.7360701824611326 
0.4573914294887539 6.3052371851293705 
0.46543610981497774 6.040231894269728 
0.48699883666678695 5.374863798387326 
0.548881137904362 3.7541122792955024 
0.4774026482336687 5.662873800946339 
0.5965670582547489 2.7360701824611326 
0.4280062933911092 7.355544088818597 
0.41268616484262005 7.963690300364079 
0.6154313414786741 2.3744736092469054 
0.3992293503191599 8.53419397582414 
0.6335731041446424 2.049623866081743 
0.621750237810143 2.259448164584955 
0.5824212862837232 3.020208702653125 
0.5003969240690797 4.99000091267827 
0.44101803099710635 6.872450111014699 
0.5157914907790079 4.573445236061478 
0.5402064035172358 3.9624946532343706 
0.6595336973540581 1.6145410197458645 
0.4983994493902525 5.047252336032308 
0.5885779220409384 2.895307673091492 
0.6419621761634777 1.9045423627251608 
0.6419621761634777 1.9045423627251608 
0.49503279132968725 5.144232377872255 
0.5287389220345261 4.239182863768882 
0.5688720474992658 3.305474514759998 
0.5885779220409384 2.895307673091492 
0.4573914294887539 6.3052371851293705 
0.5201722056844958 4.458001041046231 
0.5587561890780394 3.528990627962886 
0.5137509476935878 4.625682411311962 
0.5287389220345261 4.239182863768882 
