0.7747886188170832 0.03542265273982958 
0.6627967552387641 0.03542265273982958 
0.4514351982480547 1.937183214579523 
0.6841363422051928 2.7636279775515263E-16 
0.4728855330134166 1.744169773529972 
0.6667705193315923 2.7636279775515263E-16 
0.5275450806245033 1.2529720259360297 
0.44416903875801667 2.002512727720715 
0.40496086629665756 2.359401615298881 
0.6667705193315923 2.7636279775515263E-16 
0.39146481620261253 2.4785538637633073 
0.44612724052275055 1.9871223012726524 
0.6667705193315923 2.7636279775515263E-16 
0.41756927672334554 2.242005936001837 
0.5363581938601869 1.1787954760436457 
0.5033332195176513 1.470009384598559 
0.6627967552387641 0.03542265273982958 
0.5749157504157736 0.8260712446432991 
0.553193312139837 1.0218418122131072 
0.5033332195176513 1.470009384598559 
0.40496086629665756 2.359401615298881 
0.4193463867289782 2.227029196846248 
0.4407785320447383 2.0331811094119723 
0.4512108141454314 1.9391849892416784 
0.6044957424296706 0.5596771649330994 
0.3893529965891126 2.4966793318567406 
0.5749157504157736 0.8260712446432991 
0.43238131833551297 2.111357273902364 
0.4280062933911092 2.148219161330131 
0.5688720474992658 0.8803920551681621 
0.48148328853780326 1.6669482715099215 
0.5120779327818585 1.3951377741147784 
0.5137509476935878 1.3764487225410806 
0.3893529965891126 2.4966793318567406 
0.4193463867289782 2.227029196846248 
0.46543610981497774 1.8113420352492562 
0.6154313414786741 0.461325478644532 
0.6242799988785878 0.38150303353136095 
0.41268616484262005 2.2865048080516246 
0.39146481620261253 2.4785538637633073 
0.6107357005871328 0.5039591586681081 
0.6514959856898375 0.13666473896299186 
0.5824212862837232 0.7590338374445281 
0.6667705193315923 2.7636279775515263E-16 
0.4774026482336687 1.7034709491848434 
0.5646274022263269 0.919023252162895 
0.6514959856898375 0.13666473896299186 
0.6044957424296706 0.5596771649330994 
0.4728855330134166 1.744169773529972 
0.6242799988785878 0.38150303353136095 
0.5417942148817712 1.1249627208349464 
0.5364823841427896 1.1787954760436457 
0.49503279132968725 1.5465637132666568 
0.39321842094611015 2.4646690292729385 
0.6044957424296706 0.5596771649330994 
0.548881137904362 1.0605614196804534 
0.5646274022263269 0.919023252162895 
0.43292421917758417 2.106996406914128 
0.45380449920759575 1.9171002603274347 
0.4256766784012903 2.1712101248218696 
0.554027491728171 1.0142311500417542 
0.40453737352184516 2.3609447050056867 
0.6335731041446424 0.298586555162353 
0.4625030692379307 1.8378985937561634 
0.3992293503191599 2.4071007164659592 
0.5201630912809315 1.3189282344647966 
0.48148328853780326 1.6669482715099215 
0.4881705299414771 1.6071317334113226 
0.5965670582547489 0.6322493399293718 
0.4573914294887539 1.8839614493719696 
0.46543610981497774 1.8113420352492562 
0.48699883666678695 1.6175524170570559 
0.548881137904362 1.0605614196804534 
0.4774026482336687 1.7034709491848434 
0.5965670582547489 0.6322493399293718 
0.4280062933911092 2.148219161330131 
0.41268616484262005 2.2865048080516246 
0.6154313414786741 0.461325478644532 
0.3992293503191599 2.4071007164659592 
0.6335731041446424 0.298586555162353 
0.621750237810143 0.40481243365038677 
0.5824212862837232 0.7590338374445281 
0.5003969240690797 1.4969811078061066 
0.44101803099710635 2.0308744160855476 
0.5157914907790079 1.358944136304301 
0.5402064035172358 1.1405649855800157 
0.6595336973540581 0.06484420828278137 
0.4983994493902525 1.515547785212168 
0.5885779220409384 0.7041141738973751 
0.6419621761634777 0.2226441597705757 
0.6419621761634777 0.2226441597705757 
0.49503279132968725 1.5465637132666568 
0.5287389220345261 1.2414209776963938 
0.5688720474992658 0.8803920551681621 
0.5885779220409384 0.7041141738973751 
0.4573914294887539 1.8839614493719696 
0.5201722056844958 1.3189282344647966 
0.5587561890780394 0.9718453545726592 
0.5137509476935878 1.3764487225410806 
0.5287389220345261 1.2414209776963938 
