-18.253384353863524 -2.8970466832425026 
-15.88138551335097 -7.748080249944312 
-18.096833720485954 -3.565296380920464 
-16.084963405047567 -7.459622117896174 
-16.833222148892364 -4.32693782584881 
-18.363245249025226 -2.354169886849928 
-16.71861686550024 -4.772844601473107 
-18.341769611777615 -2.4623382771989197 
-18.759536224710583 -0.699652335435078 
-19.99870586792661 0.0032948252738464207 
-15.34488035621541 -8.7280065083867 
-16.439712388697398 -6.0526865042948925 
-16.323336716256676 -6.629153476513658 
-18.674406540730438 -0.9932071973512029 
-18.646343571167932 -1.0984905666637776 
-16.892417850367444 -4.172624795962045 
-18.16008034496763 -3.3192664982628233 
-15.169673348750866 -9.493239561905074 
-15.223826844818278 -9.27202838668761 
-16.482156291716905 -5.821791421274378 
-18.47771529426621 -1.8055050979007423 
-18.73121829957413 -0.7984052324563454 
-16.63711886193468 -5.152083889227869 
-18.79558742940596 -0.591585561975951 
-16.534283351908666 -5.626009376893366 
-16.260221141034922 -6.893250080881873 
-16.147725378302397 -7.289817395370481 
-14.853865696794212 -10.763649021436033 
-16.456847964334234 -5.919313218118518 
-16.66332283376291 -5.029491211184773 
-15.012193150957291 -10.161184080858177 
-14.951878014845875 -10.400734119854144 
-15.55666838935118 -7.995962752725802 
-14.645280572460244 -11.284739994073973 
-15.083034831310199 -9.864017915520787 
-18.12931126874073 -3.4462279486779535 
-18.445154602901276 -1.9602047654418546 
-18.220514098993835 -3.0503514652703387 
-14.887592603745784 -10.6410580132928 
-16.560724965322834 -5.481039868850369 
-15.398398779087994 -8.548082161486336 
-16.589630892124283 -5.382630267035655 
-14.447894122533718 -11.580294368982711 
-14.621236594977969 -11.392586671383937 
-16.346560661692024 -6.507912508698167 
-15.324124364989158 -8.853805421403756 
-16.9519777779647 -4.035739204081736 
-16.295301957556166 -6.753494997193075 
-16.117095319778755 -7.372192647834757 
-18.27205483826712 -2.8059622807935622 
-18.32021572325595 -2.566357007557387 
-18.060536760011484 -3.6834611316756933 
-16.795372349907908 -4.476290089514865 
-15.97680136861867 -7.67635552942547 
-17.934719147508442 -3.874379322688668 
-16.176780675220368 -7.162940561328922 
-16.51773402186964 -5.739846934570525 
-18.296074944249014 -2.688469873118254 
-18.849173307586057 -0.4545814875699235 
-18.9469018352098 -0.22390547812742642 
-16.68717487900099 -4.910904528172937 
-18.698403442073143 -0.9108579375960746 
-17.03949074979448 -3.8864578870216446 
-18.611171502085792 -1.2319929651718247 
-16.402814286995863 -6.181179446847553 
-18.533947690807434 -1.5559937331376819 
-14.91566725500231 -10.528638417800702 
-18.413631054666126 -2.109789841731577 
-18.192479079540938 -3.181722118062301 
-18.0131794514621 -3.8008593415636094 
-14.980790684340361 -10.279122651754928 
-15.528867161893897 -8.086191886820348 
-18.575633526870153 -1.378633245623018 
-16.40186411019132 -6.290549731210907 
-15.431033734925517 -8.427849624044367 
-15.271615992339367 -9.070457668430969 
-16.021080885457884 -7.591785221527953 
-14.802760006352594 -10.890792444209499 
-16.22275172916641 -7.035074762558263 
-15.46167799349713 -8.317638787931507 
-18.499846179379254 -1.7053376733259855 
-15.135337864586496 -9.637881176139409 
-16.377784366842917 -6.382176493458468 
-15.041664182470683 -10.038921987281192 
-15.592531812324577 -7.8787879331631565 
-19.076284756226435 -0.003545236838447695 
-18.384732702430483 -2.250834399200336 
-15.63854037653714 -7.751823586975548 
-15.495410810782467 -8.19826715493922 
-15.243456931844047 -9.174976130314526 
-15.29276578530349 -8.966423511066 
-16.612852256096204 -5.278488715224839 
-14.776560431470353 -11.011478736877972 
-16.750779174568827 -4.636174769257677 
-19.00505054632538 -0.11695675653661494 
-14.713871552376624 -11.212458300625542 
-14.592551720374558 -11.482542862821209 
-15.103621651861195 -9.771413059325722 
-18.894751568938013 -0.3368310715934342 
-14.746947459817655 -11.117299144555728 
