-0.959654345024372 -1.1784061971242224E-4 -4.853009741372807E-5 
-1.1560324441511756 6.120363735673815E-4 -1.1498148897357907 
-1.0550251874574892 2.677672952141382E-4 3.4036700355780916E-4 
-1.1051471436769285 -1.1266297878058384E-4 -1.0733771907145055 
-0.7097568546953109 7.99795070482784E-4 -1.0187951601167724 
-0.8933301884016358 1.9550011825837017E-4 -2.318014935707871E-4 
-0.8100437965864533 -1.8651325856318792E-4 -0.9835553279857878 
-0.906332607808872 1.7349028873397227E-4 -4.853009741372807E-5 
-0.6607948074506885 0.001237395775882092 7.278444375014015E-5 
3.639937286475936E-4 2.178677819460184E-4 -4.697599406834067E-5 
-1.09358722049644 -0.7899587185690518 -1.0331604785091846 
-0.9172663639408379 -9.83617076783684E-4 -1.0438576779160105 
-0.9973325774015096 -1.0015303517570579E-4 -1.0340998969889252 
-0.7106671481801586 -1.0524396652188898E-4 3.066658270681837E-4 
-0.7270397219921219 1.741505736046653E-4 -2.2669685314220136E-5 
-0.6402813778247778 0.0012233316049386983 -1.0570740202316715 
3.639937286475936E-4 2.178677819460184E-4 -1.0161355496717335 
-1.0893489431303274 -0.8635313914175333 -1.0690623283344074 
-1.069322641887174 -0.8469017761783031 -1.0700373896300461 
-0.8806443161952642 1.7686713746809012E-4 -1.0554220836972097 
-0.8253626011801167 1.9579539828093608E-4 -2.318014935707871E-4 
-0.6780526964223558 1.9733463485156392E-4 -2.3126962593804612E-4 
-0.8673939321639201 -9.426317836147208E-4 -0.9741347529768164 
-0.6402813778247778 0.001202849365175613 -2.3069802774157205E-4 
-0.8840318149758806 3.544051623798601E-4 -1.0198530882438464 
-1.037622294225886 6.120363735673815E-4 -1.032484355960835 
-1.0677616515144566 -0.0011998018090148554 -1.0717685781426154 
-1.0914321528431454 -1.0185588017842444 -1.0762964253744471 
-0.9102390691085195 -0.02634901184465758 -1.039790317237025 
-0.8557276332522742 1.1554169067415864E-4 -0.9701490194244731 
-1.0734902079800954 -0.9422962606053018 -1.0892988267221035 
-1.0965973455220859 -0.9600560109419795 -1.0886174468097676 
-1.0919919160005769 -0.6343789735961163 -1.0765412580443818 
-1.0674268237258764 -1.105816983796764 -1.127510801821325 
-1.0893544450427823 -0.9059957610299461 -1.0735479137485173 
-1.0351321937062514 -1.351969516685759E-4 3.066658270681837E-4 
-0.8447892281157112 -1.3455347556074474E-4 -5.460406061924344E-5 
-0.9793926132061219 1.9579539828093608E-4 -2.318014935707871E-4 
-1.0829842786254045 -1.007786745110294 -1.073861796402415 
-0.8549961597272014 1.7384609517104256E-4 -1.0335818399871353 
-1.0677875078319126 -0.7654076683967969 -1.051918087837167 
-0.8840180744606906 -1.1607588234673775E-4 -0.9860465769771266 
-1.1380044559620799 -1.1398093972048966 -1.18086953260454 
-1.090873017271065 -1.105816983796764 -1.127510801821325 
-0.9729845518897909 2.7341449908406545E-4 -1.044418063264736 
-1.068607274847024 -0.7931735999258122 -1.0703832238217217 
-0.5916967464417093 -1.1266297878058384E-4 -1.0733771907145055 
-1.022352837328614 3.494172636088269E-4 -1.0262020917947912 
-1.0861385980658866 -0.003861824540296044 -1.0723744932636543 
-0.948298599749998 1.741505736046653E-4 -2.146415984150674E-5 
-0.9190817455517901 -1.3523265245715785E-4 3.066658270681837E-4 
-1.0776622999695715 -1.7916481572930257E-4 -2.307424518772587E-4 
-0.7200182485403774 -1.4577497968823027E-4 -1.0311086111838195 
-1.1347097628907374 -1.60032362611671E-4 -1.111262881274827 
-1.156538595397983 -1.1620387910573589E-4 -1.071828243955509E-5 
-1.0818008370057277 0.0073247703795405236 -1.039790317237025 
-0.9784707000338764 3.3889929891098384E-4 -0.934602207897203 
-0.9338332654907459 1.3937276944325422E-4 -5.2850770240372904E-5 
-0.6109960239751491 2.686813708333029E-4 -5.166021616909596E-5 
-0.5555291135612057 -7.386609563888571E-4 -2.1368276861510362E-4 
-0.9175186086213684 4.855004487317009E-4 -0.8934283528958575 
-0.6970588090734543 1.3732831589492907E-4 -5.2850770240372904E-5 
-1.1248386204970957 -1.3230720822289703E-4 -0.49685308041065024 
-0.7472717092336993 1.9579539828093608E-4 -2.3126962593804612E-4 
-0.9172663639408379 -9.83617076783684E-4 -1.066641768942689 
-0.792515848242703 -1.1784061971242224E-4 -4.853009741372807E-5 
-1.0945457882069431 -0.9938610887776178 -1.0623776370721418 
-0.8633953769825216 2.1604195584053472E-4 -5.302703396056927E-5 
-0.996647205306916 -1.5982120000398198E-4 -1.0630755940330774E-5 
-1.1072874840431306 -1.5982120000398198E-4 -1.0630755940330774E-5 
-1.0967040215543722 -0.9422962606053018 -1.0937982251802962 
-1.0809342834423046 -0.6633374689488161 -1.0736949369962792 
-0.7681524950244617 -1.1784061971242224E-4 -4.853009741372807E-5 
-0.9973325774015096 -1.1607588234673775E-4 -0.9860465769771266 
-1.091500794023274 -0.7123488589430043 -1.075647577569465 
-1.0732748371468739 -0.8193441801292098 -1.0692624755315245 
-1.0952113034805775 -0.003861824540296044 -1.1230827204967262 
-1.0854476151102455 -1.0538025593418254 -1.0623471763177348 
-1.044160306082268 7.888504549019396E-4 -1.0490161670542812 
-1.0893544450427823 -0.6964463130129714 -1.074817432400284 
-0.812382146665473 1.1331853189250243E-4 -2.3126962593804612E-4 
-1.0913847848373213 -0.876766067532092 -1.074817432400284 
-1.028660867514199 1.8465927833978698E-4 -0.9695783228361732 
-1.067876678828315 -0.9422962606053018 -1.0688463542728714 
-1.0959703069832902 -0.6141631644828363 -1.0692774013996444 
-0.48415228895595935 2.677672952141382E-4 3.0652854852442155E-4 
-0.8806443161952642 1.7686713746809012E-4 -4.795724949235237E-5 
-1.0916894403379118 -0.5825398627981088 -1.0748465249830965 
-1.0914321528431454 -0.6732461735527777 -1.0762964253744471 
-1.0671258360224691 -0.8230001676331584 -1.0930189541231643 
-1.0945457882069431 -0.7982677380930331 -1.0623471763177348 
-0.9219291145436967 3.3889929891098384E-4 -0.9336340665486533 
-1.0777214049406316 -1.0466057503408084 -1.1086657313896144 
-0.9974159072179205 3.494172636088269E-4 -0.7778687907524864 
-0.5236154185804123 -1.5189694483417308E-4 3.087333639473838E-4 
-1.1163066641088413 -1.0528437967833542 -1.1169405439358226 
-1.1186144725808957 -1.105816983796764 -1.127510801821325 
-1.0700261334927257 -0.919533976418223 -1.051877777961081 
-0.5846251644791979 -8.523489060033631E-4 -2.3126962593804612E-4 
-1.0952113034805775 -1.0528437967833542 -1.1070625838439512 
