-18.34982071177174 -2.423599975184989 
-18.45918470128327 -1.894739555838776 
-16.396126012789146 -6.313642822832751 
-18.66200788041098 -1.041031719909004 
-18.392502112367357 -2.2139654093498273 
-17.968497768240653 -3.863407459936687 
-16.584566188814613 -5.4179380252570475 
-16.420771620877794 -6.204342729803133 
-18.046346816455138 -3.7250703795365956 
-15.966997846805274 -7.697842024269651 
-18.06760690725259 -3.6649022288447073 
-14.870089234828912 -10.713934500935288 
-16.293176761324936 -6.761298382292283 
-14.8503130433322 -10.784776191617597 
-16.043520382689383 -7.569402279548987 
-14.496615581540063 -11.603395671217982 
-14.60584135495619 -11.462668077987898 
-18.214791715155346 -3.0802302028945854 
-18.507334584493186 -1.6726250309528563 
-14.729499795435313 -11.17196751035588 
-15.018805240231993 -10.137483782889948 
-14.69783229688387 -11.257506231329373 
-17.954754177457872 -3.8719145981065326 
-14.985223146033007 -10.27255754157876 
-17.96806557163227 -3.863825912677961 
-16.158631620525405 -7.259253083210504 
-18.10783179171721 -3.5305191938633067 
-15.093909181510234 -9.823966613292672 
-14.503522897004322 -11.59923919136803 
-18.615205739837023 -1.2189159507938014 
-16.102573623734116 -7.425911786290542 
-17.99182188215838 -3.837176012585815 
-18.125471924460193 -3.4643007545521787 
-15.136460632507063 -9.641980651748238 
-14.82069247629273 -10.888431086696169 
-15.192151613311779 -9.406239015905403 
-14.503522897004322 -11.59923919136803 
-15.3163566679514 -8.883431043568603 
-15.269712048574414 -9.078761430020108 
-18.153788718732855 -3.3503608450065276 
-15.929565786741826 -7.732795461784084 
-16.535960534810947 -5.656546855487309 
-15.942194572644585 -7.723782249423241 
-18.07445751311522 -3.643810464749577 
-17.980590961235446 -3.8515972913891 
-15.3163566679514 -8.883431043568603 
-16.072760249573527 -7.502669114048447 
-18.417181940755924 -2.0943207603635545 
-16.12687569183604 -7.357109142133462 
-18.34982071177174 -2.423599975184989 
-18.01340943097111 -3.800717366979774 
-18.29968776019966 -2.671039376385381 
-18.21940766842118 -3.0584434798977775 
-18.5705823026517 -1.3999010086318935 
-18.255282601017583 -2.8879132454094925 
-19.999386103488323 0.001687533568967148 
-14.770039722965475 -11.052196372970919 
-16.48951993851992 -5.878077672803329 
-16.020791483507725 -7.614805536281349 
-14.665019578107149 -11.338457874743867 
-14.528743382445938 -11.575754668152454 
-14.656922052502397 -11.357246624849783 
-16.451131165441794 -6.062794688594545 
-16.576405379996437 -5.458762764476681 
-16.612435002385133 -5.280163286880415 
-16.214632380321202 -7.067430453856638 
-15.233289745278178 -9.231959563639236 
-15.162015765624302 -9.533938276823571 
-16.337546189678243 -6.57625230234814 
-14.946069698590554 -10.429371199744947 
-14.810477466999354 -10.922707951694724 
-18.02748901001248 -3.771171441463244 
-16.297606444464627 -6.743217060185699 
-18.196532417874856 -3.1639062169120553 
-16.25596909514084 -6.911686940165005 
-14.577876687927404 -11.51005606942126 
-16.18839239810596 -7.160117121719988 
-15.994217688882983 -7.660315346190156 
-17.997038404954186 -3.8293610326874825 
-14.89868864864668 -10.610427304022682 
-15.060099917398265 -9.966236696870059 
-16.383274860291095 -6.3751206003974055 
