-1.2573356345257736E-5 -1.225366762514984E-4 -0.9015776015024235 
-1.273398670485284E-5 -1.2045371335175052E-4 -0.8365182827562653 
-1.0073862079956752 -1.2215734478604034E-4 -0.9795244444257689 
-1.2619634946815361E-5 -1.2262378102603322E-4 -0.7180503827063545 
-1.5162949419884099E-5 -1.2052525883842578E-4 -0.876087210014922 
-1.2749353848545277E-5 -1.23178361596074E-4 -1.1352901089389256 
-0.9224906701027984 -1.355295040561398E-4 -0.9501451320562333 
-0.986889870544845 -1.228796324833922E-4 -0.9849620788445832 
-1.282615149964536E-5 -1.2209137060050057E-4 -1.0866820081240034 
-1.1274578992631064 -1.1296646315687786E-4 -1.1246256509777937 
-1.2735374458458782E-5 -1.2195794463439906E-4 -1.0734889880630332 
-1.0880085771702397 -1.0071950133647107 -1.0860135965466142 
-1.0334319866882493 -1.2215844297814457E-4 -1.0164410032191091 
-1.0996184953138148 -1.0042729533301629 -1.0978677810650312 
-1.10105042119172 -1.2215511861904553E-4 -1.1032220007248605 
-1.1481909938204709 -1.1312852485850604 -1.1403404769372827 
-1.1240959409164195 -1.097109238431444 -1.1263545117484373 
-5.959763607521445E-6 -1.2106215149807717E-4 -0.983095927297942 
-0.808061218409145 -1.225366762514984E-4 -1.4240163265611237E-4 
-1.1073784460211176 -1.054468552202729 -1.1081670056814596 
-1.0797790059950314 -0.9408391299920913 -1.079724212965504 
-1.1160114895750584 -1.0625342845946535 -1.1138918893083383 
-1.2740972211033216E-5 -1.2298570818369223E-4 -1.1439212303513364 
-1.08817641233342 -0.9539742547350947 -1.078066299864284 
-5.959763607521445E-6 -1.2106215149807717E-4 -1.1355645964000594 
-1.0651026138719393 -1.2241788704758574E-4 -1.067676713314495 
-1.273398670485284E-5 -1.2045371335175052E-4 -1.0486236575255101 
-1.0764753241072178 -0.9068772396406106 -1.0755462375129667 
-1.1438703150759608 -1.1300841956928434 -1.1403404769372827 
-1.704959109073382E-5 -1.2260955295709895E-4 -0.7451380153442653 
-1.085052966376331 -1.2059959645925783E-4 -1.0824789708038134 
-1.2733817189278802E-5 -1.2220644615444778E-4 -1.120677949888457 
-1.2760600564872392E-5 -1.219641569827182E-4 -1.0377554939114173 
-1.0764753241072178 -0.883251010211479 -1.078218423083957 
-1.0996184953138148 -1.0193387959698021 -1.0972602605408064 
-1.0672526931808326 -0.8632303133059491 -1.0726678334621151 
-1.1438703150759608 -1.1300841956928434 -1.1403404769372827 
-1.078725219371616 -0.7881213462037471 -1.0740087481796499 
-1.0684315846334658 -0.8232717581317132 -1.069649498666161 
-1.2735374458458782E-5 -1.2195794463439906E-4 -1.0203616128970951 
-1.1374812676533215 3.5801575879768066E-4 -1.1380727130237103 
-0.9518033639718637 -1.3602573781341641E-4 -0.9501451320562333 
-1.1346712655450513 -1.2215706188507285E-4 -1.132958193916544 
-1.27609377725641E-5 -1.2211796980115218E-4 -1.0692449697675097 
-1.2879406214200594E-5 -1.2211796980115218E-4 -1.1277092751666564 
-1.078725219371616 -0.7881213462037471 -1.0740087481796499 
-1.0944811418502258 -1.3676873694264097E-4 -1.0915827053235043 
-1.2729683531440614E-5 -1.2194246546610409E-4 -0.8614043704260113 
-1.0765216804281388 -1.2215742201348656E-4 -1.0759292798802798 
-1.2573356345257736E-5 -1.225366762514984E-4 -0.9015776015024235 
-1.257347087111516E-5 -1.225366762514984E-4 -1.1071901583622346 
-1.6580333031622957E-5 -1.3623191744907245E-4 -0.9316706335870115 
-1.5173986081589999E-5 -1.363103797289449E-4 -0.9802678631793651 
-1.27609377725641E-5 -1.2211796980115218E-4 -0.7711038135767303 
-1.666920121476834E-5 -1.3622698044365574E-4 -0.9584926580490757 
-1.2573473345635516E-5 -1.2004597753685702E-4 -1.4240163265611237E-4 
-1.1052839416216826 -1.0384119125175952 -1.1028081725548575 
-0.9807051539744222 -1.3623176600709508E-4 -0.9494162732636316 
-1.1098808610104631 -1.239025727745037E-4 -1.108568482990489 
-1.1170202615969544 -1.0743768869073014 -1.1211547897569134 
-1.1370852880044913 -1.1223058479574353 -1.1380727130237103 
-1.11776830127815 -1.0775873766114392 -1.1218959359205822 
-0.9746237086522731 -1.3644610819209458E-4 -0.978757475187946 
-0.9428463242391362 -1.39927451662482E-4 -0.9346765115590864 
-0.9057609664757781 -1.3551191435656794E-4 -0.9501451320562333 
-1.0493857986219213 -1.3827500874684254E-4 -1.0487962568535205 
-1.0684315846334658 -0.8424592413882172 -1.0700276275758862 
-1.0764605504437963 -0.8730111153646878 -1.0731722808270843 
-1.0073862079956752 -1.2215734478604034E-4 -1.0152805671878133 
-1.085052966376331 -0.9708692502229852 -1.086186897411845 
-1.0996184953138148 -1.0240743752046981 -1.0978677810650312 
-1.5162949419884099E-5 -1.2055982847495376E-4 -1.0984152058864156 
-1.031873388529732 -1.2215734478604034E-4 -1.0152805671878133 
-1.4401197118070647E-5 -1.2215742201348656E-4 -0.9942194491674013 
-1.0331941604440866 -1.2197648560071455E-4 -1.0395288645757488 
-1.133464493909293 -1.1036415387172456 -1.1310140324406066 
-1.0556035055094524 -1.3630374213597786E-4 -1.0587750475832698 
-1.1176351582428619 -1.2209137060050057E-4 -1.1174149416205643 
-1.704959109073382E-5 -1.2209137060050057E-4 -1.1174149416205643 
-1.0886442766938025 -0.9925708017374947 -1.0861719641231413 
-1.0770346280169396 -0.9225749925199282 -1.0777390233024882 
-0.9971169040127331 -1.3861697392189234E-4 -0.997595935113098 
