0.43750427477618203 -0.06552355474819115 
0.4474525802402842 -0.11486692970766675 
0.4494202631550275 -0.11963289982901436 
0.43987807070170526 -0.08095505676840029 
0.6428781213837975 -0.4285169328852128 
0.4438969987214941 -0.10191419294693387 
0.6341851234508972 -0.35375204700252333 
0.6509122601587922 -0.45732894162463983 
0.45086547449642445 -0.12207269457074282 
0.058038325122183446 0.70310568394113 
0.6507955793961466 -0.4572279896133662 
0.07497213232559688 0.6732938513785861 
0.43456741928239584 -0.04354520790165725 
0.045340347265373226 0.7424204714255889 
0.07979260130136141 0.6703884925631771 
0.6480693063730935 -0.4517897946924598 
0.6408556581375707 -0.41500572953275283 
0.4266693428888948 0.029842427606072697 
0.6369202410961273 -0.38189672652657514 
0.6470263709716904 -0.4485060993068186 
0.023817953509149392 0.8297060359195716 
0.8468250459261469 -0.7627419511099678 
0.2555405025823313 0.2429321792856144 
0.24953701079627233 0.2510725473448031 
0.4517899687819532 -0.12311076532252276 
0.24254486145603174 0.27170761625575646 
0.25695671789870905 0.24237719454189072 
0.2450844539414899 0.26289303908732964 
0.8484665776726362 -0.7685076561998743 
0.004324647807241452 0.9338838859600451 
0.45310204425037615 -0.12396570623593067 
0.25059154323602534 0.24900178175613655 
0.6516210244402713 -0.457918039060185 
0.6445923225855617 -0.4380724944658005 
0.841986475351698 -0.7329526254304526 
0.20878399778410361 0.48634948203836814 
0.6490063101820394 -0.45420199623405716 
0.45085267314301936 -0.12205881492098594 
0.8388996809405533 -0.7042286556692744 
0.24029971821902338 0.28068455316484814 
0.0328287024225396 0.7908572340420583 
0.8396893211393285 -0.7122650412042423 
0.6496076081319332 -0.4554355637924928 
0.646232065163231 -0.44549065469665006 
0.8508970295129339 -0.7728972592316056 
0.042492631700968286 0.7527197148361879 
0.8371115707489459 -0.6842549833440762 
0.8502961364334949 -0.7722819527897743 
0.2220058637418369 0.3874193559008113 
0.8513457131823132 -0.7731367667431971 
0.07353483358579481 0.6746504896314205 
0.2255599968400493 0.36295346292851133 
0.22966792056425883 0.3365197143648087 
0.23738588284448447 0.29392878761743296 
0.03753956326085832 0.7717379749114518 
0.2534414373877485 0.2447285620487836 
0.8478690784160547 -0.7666593848261142 
0.25695671789870905 0.24237719454189072 
0.8434500227200592 -0.7439808014914626 
0.6316311274411506 -0.3239984678739778 
0.21282873541729314 0.45534191658579154 
0.42900752628103334 0.006097172914491421 
0.44838380750910367 -0.11727689377336775 
0.45291137300911966 -0.12390506440328138 
0.4456583567947333 -0.10896153606815365 
0.4316076401028912 -0.018380214434460564 
0.2346222288908824 0.30799581934045184 
0.001623044830932785 0.959832648559602 
0.011927954105006855 0.886629772329994 
0.4418072435088763 -0.09178165577542158 
0.06400491539937941 0.6892730658411785 
0.01559062844946038 0.8680328503972962 
0.0814876472479549 0.6699961083357224 
0.8452029592579968 -0.7548512383451225 
0.8502961364334949 -0.7722819527897743 
0.07138549103826623 0.6770996533467881 
0.42491372614392775 0.04863783135226943 
0.8492646986083371 -0.7705044130864502 
0.6346104670632218 -0.35839721412512715 
0.007108816964610715 0.9143142158108785 
0.0795017476308929 0.6705088272330179 
0.6387838305087317 -0.39866500615172595 
0.2310453000698954 0.3282110865820669 
0.24720908075865244 0.2566641922288541 
0.2525505624264404 0.24583464185134932 
0.0692671652947664 0.680069742419232 
0.028999231165867875 0.806974202973934 
0.053720337622589265 0.7150684072761835 
0.07743677344290192 0.6715324828986646 
0.21652623641055574 0.42744915196501515 
0.06793709253147592 0.6821479839487375 
0.04959969371299111 0.7279410003141974 
0.06136228034111059 0.6950564336129835 
