-14.435150029879924 -11.62726847081612 
-19.998903450057867 0.0031146947841533524 
-14.435150029879924 -11.62726847081612 
-19.02461999157449 -0.0835839285878798 
-17.939798936855087 -3.872752741957915 
-17.042363210088656 -3.881679489649543 
-14.909406326865446 -10.550708702719396 
-18.621697713115203 -1.1236461768534354 
-18.0597329118665 -3.685602778205504 
-15.628246210971458 -7.754030452546074 
-15.186604758631475 -9.375981420045708 
-18.213351343059635 -3.0776382709454064 
-18.90555655721106 -0.3162692589867364 
-15.875483487247356 -7.749577640165359 
-16.403174120209986 -6.130871437845812 
-15.274554370128827 -9.04844270332213 
-15.111426208823246 -9.705247830898877 
-16.54210292436211 -5.5843574629839985 
-15.245517512308925 -9.17145353130958 
-16.490864396476077 -5.835234455221073 
-15.153013969761172 -9.542615079856002 
-16.469305350713995 -5.934813225987845 
-18.46271123519101 -1.86258411447464 
-14.970295401307434 -10.322361739322751 
-15.9797883918733 -7.646807089764246 
-18.52666522695418 -1.554514863199092 
-15.563325644793512 -7.953601859832749 
-18.00385794542985 -3.8153381541385776 
-18.757809074959923 -0.6732300725190188 
-15.520203914125375 -8.071260904622502 
-16.30939903024702 -6.686653216946697 
-14.690176820572976 -11.263485979369278 
-18.830103877747796 -0.46531264710284503 
-18.186264326714863 -3.197943378805832 
-15.3571521531402 -8.667848884817092 
-14.469334945116085 -11.58674987657053 
-15.486397721413015 -8.225980401266503 
-18.111703969611163 -3.4398681862749116 
-16.12505183746599 -7.342803573036157 
-18.268819382296506 -2.8097196472275514 
-15.330921342693125 -8.823307912253192 
-18.7288406106369 -0.8052863284223644 
-16.914616184754994 -4.126287863667799 
-16.712176737665587 -4.761012355490287 
-18.957833619351433 -0.1733381145960405 
-18.149642116198535 -3.353961603475414 
-16.82643804706811 -4.373733756308084 
-16.594220701108505 -5.366504369152393 
-14.990592423474762 -10.245156171146588 
-18.814299431614323 -0.546557485494478 
-16.849929652463643 -4.213310852313474 
-18.68479641319121 -0.953488061521716 
-16.609562190334152 -5.209382389011562 
-14.8108799820251 -10.916965129385693 
-14.626786412111308 -11.336250623321003 
-16.761648897543395 -4.575401982609197 
-16.278682037909626 -6.798976787596629 
-16.772479322441306 -4.546563907251228 
-18.58190060389514 -1.3444859563299114 
-18.319688342810405 -2.562638960993336 
-16.54738445039461 -5.439997647908996 
-18.438369237384816 -1.9877614251948672 
-16.653995776275632 -5.010138274472539 
-15.882792924665807 -7.721614527115401 
-18.282260879440024 -2.7471567262106587 
-15.452997287116192 -8.32449237296366 
-16.197264895348816 -7.081761395055609 
-14.844672716112377 -10.754957086382216 
-15.422372459095989 -8.40702215137901 
-17.006637923630688 -3.931648334574512 
-18.36384310367128 -2.3450605134734444 
-14.569947584585938 -11.510373237426684 
-18.58190060389514 -1.3444859563299114 
-16.63656864635374 -5.1084491289131035 
-16.22829542724745 -6.969380782297712 
-16.34730328795342 -6.511335657930323 
-18.36384310367128 -2.3450605134734444 
-16.69053908644019 -4.898908823803673 
-15.064692280458399 -9.882870699362831 
-15.608444797780248 -7.806098451938111 
-16.034550055407376 -7.568855650193823 
-16.25125677249885 -6.903041026006072 
-15.06469522234823 -9.882859461222806 
-16.14499065672889 -7.197659767214242 
-15.02553314606134 -10.07769279181288 
-14.783165579025656 -11.005577545590457 
-16.34730328795342 -6.511335657930323 
-16.387589725721767 -6.300067234568086 
-15.02553314606134 -10.07769279181288 
-16.387589725721767 -6.300067234568086 
-18.31507017569234 -2.5859529476127365 
-18.693961106811294 -0.9231278375110528 
-18.50922932968853 -1.66045372338813 
-14.739002089222693 -11.140836120186473 
-15.391173393846003 -8.499588000831853 
-18.41655847770626 -2.0921222834862987 
-16.964191651368186 -4.021675684212315 
-18.99553927667997 -0.12875697281652534 
-16.164272474988547 -7.1495744086376405 
-18.40471315587861 -2.1506092443936105 
