-1.1523025724196811 -1.1532223641851203 -1.1525229533721795 
2.681365232051745E-4 -1.9106647933954618E-4 1.0711534960143197E-4 
-1.1523025724196811 -1.1532223641851203 -1.1525229533721795 
-0.5127337572724459 -3.5848619308372727E-4 9.025912284075588E-5 
3.352639322816063E-4 -2.580569798752035E-4 -1.1529528686113664 
-0.4968331154817376 -3.8122552554589165E-4 -1.1230628042800466 
-1.095748471367393 -0.9696524048167032 -1.1104598026699026 
-0.7337760736080345 -4.185376396389842E-4 -0.006669007648558711 
-1.0781040171966285 -3.2852977409184627E-4 7.934056846679383E-5 
-1.0830800454180407 -0.6142104813023788 -1.0557684827800697 
-1.1121336621791067 -0.8519740812795586 -1.0502193027374058 
-0.9832407145496435 -3.6065840163565765E-4 -6.259935492975836E-4 
-0.5790658740240543 -4.2002598756566464E-4 9.025912284075588E-5 
-1.1566060616649017 -2.609287826087981E-4 -1.152957278551726 
-0.9015834748037537 -4.1990143242511056E-4 -1.0826292705307345 
-1.0773233777242897 -0.8279945206992556 -1.0493948563573796 
-1.0964998081296717 -0.8680684760538526 -1.1038563710400948 
-0.8764730418629554 -3.179034255607654E-4 -1.0228323683596687 
-1.0770357922206877 -0.8427331770524328 -1.0507295681215714 
-0.9062147369426001 -2.889460105308301E-4 -1.0237328751170185 
-1.051667223531089 -0.8757733544540911 -1.100997981905897 
-0.9191452410799162 0.0025550440583858025 -1.0237340149902214 
0.0012184414583348985 -2.626631474867163E-4 -0.8331049764288841 
-1.0621295964712423 -0.9741808291127769 -1.0813073415698402 
-1.0993116331117327 -3.800852754278678E-4 -1.144867759390543 
-0.7936558006275085 -4.4116647043462756E-4 0.0027615936945881714 
-1.0680850770038275 -0.6203731736771365 -1.1116539503588456 
2.6735044658079905E-4 -2.8088598252069396E-4 -1.1128226375498673 
-0.6575709474292029 -4.6241071457661653E-7 0.004932065120009321 
-1.1201628897347295 -0.6047911005820684 -1.1086655603636284 
-1.038136274650043 -3.2767116778467903E-4 -1.001836546459764 
-1.095748471367393 -1.078550417881985 -1.1104598026699026 
-0.6164880286337736 -4.5560262438336727E-4 0.004932065120009321 
-0.9994252011498725 -2.626357521560048E-4 9.569175744898798E-4 
-1.1121336621791067 -0.7590723524732026 -1.0493948563573796 
-1.1522514227886207 -1.1529441600739578 -1.1194701737509878 
-1.0617755800524755 -0.6980311630346121 -1.0813073415698402 
-1.0372148636498224 -4.42330595933712E-4 -0.007438268782720787 
-1.0722311214325493 0.007160475112272635 -1.0813073415698402 
-0.9492665873518649 -2.63724722670612E-4 9.569175744898798E-4 
-1.0722311214325493 -0.7794930584598576 -1.0813073415698402 
2.6735044658079905E-4 -2.626631474867163E-4 -0.679333298812161 
-1.1137809463165034 -3.8122552554589165E-4 -0.5762030296420184 
-1.0389341614045668 -0.016626752762979424 -0.7605702923683497 
-0.005058402924177474 -2.580569798752035E-4 -0.5446351393576385 
2.965793468345045E-4 -0.0011226707759179912 -1.0216303170733523 
-0.6871789944168749 -4.437227473814973E-4 -1.047106051022877 
-0.9008517394342093 -2.791330316113451E-4 -0.966139191490104 
-1.0964998081296717 -0.9466671270489924 -1.0777644238347213 
2.6735044658079905E-4 -2.626631474867163E-4 -0.6306235459320482 
-0.5846726931491748 -3.800852754278678E-4 -1.144867759390543 
2.6735044658079905E-4 -4.4939186226759906E-4 -0.7044535062138824 
-0.8034919235679922 -0.003540521951963971 -1.0572507157095015 
-1.1042996705997674 -1.0160080167472725 -1.1077434545217437 
-1.1523025724196811 -1.0579493494639802 -1.1525229533721795 
-0.9706739558364332 -3.8122552554589165E-4 -0.7972181525351678 
-1.0570746322743472 -3.2767116778467903E-4 -1.001836546459764 
-0.6830359043339331 -2.626631474867163E-4 -1.0849679671058192 
-0.7638122475886451 -3.6065840163565765E-4 -6.204435963298189E-4 
-0.9188786518003311 -2.50712278628235E-4 -7.257903428945125E-4 
-0.8155640982415794 -4.1990143242511056E-4 -1.083055091281645 
3.350711730524871E-4 -2.7403665903319267E-4 -0.848467143347611 
-1.0683516026521396 -3.1326252777091196E-4 -0.7670089628021859 
-1.1523025724196811 0.012428750527432086 -1.1525229533721795 
-0.9414557530992218 -3.800852754278678E-4 -6.314353549994075E-4 
-1.0617755800524755 -0.6980311630346121 -1.1069880266592855 
-1.085990319216072 -0.003540521951963971 -1.02309436669108 
-1.053594457084821 -1.0263435390961737 -1.1077434545217437 
-1.0542390042395815 -0.7806703035378855 -1.023623568753837 
-0.5167986494909711 -0.002908486609384364 -1.1228268046893783 
-0.8924629105374714 -2.583834649187463E-4 -6.825086735403698E-4 
-1.1144465621950885 -1.1170698345894803 -1.1311997902463544 
-0.7638122475886451 -3.6065840163565765E-4 -6.204435963298189E-4 
-0.7936558006275085 -4.4116647043462756E-4 -1.0509441898613545 
-1.06593602432426 0.0136875873460241 -1.0237328751170185 
-1.0399042381157864 -2.624294845870856E-4 -0.9769868851795973 
-0.8924629105374714 -2.583834649187463E-4 -6.825086735403698E-4 
-0.962348120180866 -2.7403665903319267E-4 -0.8472169059591557 
-1.0851063263764522 -0.9466671270489924 -1.02309436669108 
-1.1126962534262947 -0.5267435758646426 -1.131543938480566 
-1.0870964645122885 -3.2767116778467903E-4 -1.1228323002295508 
-1.026032559708746 0.008990690924436218 -1.049537443400364 
-1.0851037228128269 -0.9466671270489924 -1.02309436669108 
-1.119436046661174 -3.179034255607654E-4 -1.0222604863099685 
-1.0994465107539764 -0.9442193319653782 -1.0480178658865165 
-1.1042996705997674 -1.0263435390961737 -1.1141552043293514 
-1.0399042381157864 -2.624294845870856E-4 -0.9769868851795973 
-0.943108251312389 -3.800852754278678E-4 -1.049537443400364 
-1.0994465107539764 -0.9442193319653782 -1.0480178658865165 
-0.943108251312389 -3.800852754278678E-4 -1.049537443400364 
-0.921699965745662 -2.5881107632066454E-4 -6.825086735403698E-4 
2.6735044658079905E-4 -2.626631474867163E-4 -0.6993510621059057 
3.350711730524871E-4 -2.7403665903319267E-4 -0.8066598805843604 
-1.0984485478366754 -1.0569083227873588 -1.1035089879006976 
-1.0825789616497903 -0.7007993857392592 -1.130213661553447 
3.350711730524871E-4 -2.7403665903319267E-4 -0.8614061088098639 
-1.1137809463165034 -3.8122552554589165E-4 -0.5484647150982096 
-0.528178109012061 -2.63724722670612E-4 9.569175744898798E-4 
-1.0770357922206877 -0.0407156142462074 -1.0507295681215714 
-0.8685060422626606 -3.7667132839721445E-4 7.157850417414925E-5 
