3.0773549692780517 0.11309792728925813 
-3.141592653588741 1.010176952560392 
-3.141592653589785 1.0108518303350797 
2.356856337106817 0.4657777948062196 
3.077206967751104 0.16175320904541568 
3.13823949845858 0.040086929099047555 
1.7350434454780217 0.48611225725746204 
3.1297866447721088 0.0631395333725054 
3.0773874815451374 0.08773783107684817 
3.1382435721802353 0.03581373303392468 
3.1297866447721088 0.0631395333725054 
3.0733406239309535 0.2072359635706246 
3.129786007574483 0.06405745535736436 
3.067808103377122 0.3448123389862126 
3.129786007574483 0.06405745535736436 
2.356848860317947 0.466172788657502 
3.0772343586364395 0.16040694191039956 
1.7267035828450972 0.7435402880058287 
3.0772321157994593 0.1609671992333566 
3.0773870701941086 0.08776816513286655 
-3.141592653588741 1.010176952560392 
3.0772321157994593 0.1609671992333566 
3.0771902981663044 0.1705867066962699 
3.1297866447721088 0.0631395333725054 
1.7266296378798238 0.9281882144794222 
-3.141592653589785 1.0108518303350797 
3.0733406239309535 0.2072359635706246 
3.0772321157994593 0.1609671992333566 
3.1289793648301303 0.06538478091259169 
3.1289793648301303 0.06538478091259169 
3.129795295986187 0.040141405975846374 
3.0773718720262657 0.09301136940402825 
3.1297866447721088 0.0631395333725054 
3.0773549692780517 0.11309792728925813 
3.0772321157994593 0.1609671992333566 
2.3568565123973815 0.4657682939559822 
3.0673847377801944 0.3487220497902662 
3.13823957371891 0.0390764885170596 
3.0772321157994593 0.1609671992333566 
3.1297866447721088 0.0631395333725054 
3.0691206424291297 0.28829558704087754 
2.3564880787979083 0.4669519039249685 
3.1289793648301303 0.06538478091259169 
3.1289793648301303 0.06538478091259169 
3.0737683327049017 0.1725482662834099 
2.356848860317947 0.466172788657502 
2.356856337106817 0.4657777948062196 
2.3568568124632043 0.4162624621069807 
3.0773719033689524 0.09294437110849037 
3.0773549692780517 0.11309792728925813 
2.3568565123973815 0.4657682939559822 
3.0773718720262657 0.09301136940402825 
-3.141592653589793 1.0227360675326769 
3.129795295986187 0.040141405975846374 
3.0773874815451374 0.08773783107684817 
3.0772321157994593 0.1609671992333566 
3.0772321157994593 0.1609671992333566 
3.129786007574483 0.06405745535736436 
3.13823949845858 0.040086929099047555 
3.0771902981663044 0.1705867066962699 
3.0773874815451374 0.08773783107684817 
-3.141592653588741 1.010176952560392 
3.0771902981663044 0.1705867066962699 
3.129786007574483 0.06405745535736436 
3.1297866447721088 0.0631395333725054 
1.7350434454780217 0.48611225725746204 
3.13823949845858 0.040086929099047555 
3.13823957371891 0.0390764885170596 
2.3568563517478807 0.465777001678276 
3.13823949845858 0.040086929099047555 
2.3568565123973815 0.4657682939559822 
