3.0773549692780517 -4.989780203108291 0.32086059006475903 
-3.141592653588741 -4.9999999998984865 9.156245335794342E-7 
-3.141592653589785 -4.999999998357714 9.047946831749031E-7 
2.356856337106817 -3.5388365186153092 3.5355363621211753 
3.077206967751104 -4.989780203108291 0.3209918323868388 
3.13823949845858 -4.999972033484811 0.016727144664387364 
1.7350434454780217 -0.8173221793980483 4.932687671389619 
3.1297866447721088 -4.999651754764302 0.0588756661552467 
3.0773874815451374 -4.989722982498766 0.32086059006475903 
3.1382435721802353 -4.999972558000092 0.016727144664387364 
3.1297866447721088 -4.999651754764302 0.0588756661552467 
3.0733406239309535 -4.988275386606104 0.3381345021738564 
3.129786007574483 -4.9996517731967245 0.05887518853906172 
3.067808103377122 -4.993835547058608 0.3665759871295484 
3.129786007574483 -4.9996517731967245 0.05887518853906172 
2.356848860317947 -3.5388365186153092 3.5355363621211753 
3.0772343586364395 -4.989780203108291 0.32086059006475903 
1.7267035828450972 -0.764227954070893 4.940835188865824 
3.0772321157994593 -4.989780203108291 0.32086059006475903 
3.0773870701941086 -4.989724182970645 0.32086059006475903 
-3.141592653588741 -4.9999999998984865 9.156245335794342E-7 
3.0772321157994593 -4.989780203108291 0.32086059006475903 
3.0771902981663044 -4.989780203108291 0.32086059006475903 
3.1297866447721088 -4.999651754764302 0.0588756661552467 
1.7266296378798238 -0.814364322247237 4.9324134227849665 
-3.141592653589785 -4.999999998357714 9.047946831749031E-7 
3.0733406239309535 -4.988275386606104 0.3381345021738564 
3.0772321157994593 -4.989780203108291 0.32086059006475903 
3.1289793648301303 -4.999549341568807 0.06307830129913511 
3.1289793648301303 -4.999549341568807 0.06307830129913511 
3.129795295986187 -4.999653662312153 0.05900046669046073 
3.0773718720262657 -4.989780203108291 0.32086059006475903 
3.1297866447721088 -4.999651754764302 0.0588756661552467 
3.0773549692780517 -4.989780203108291 0.32086059006475903 
3.0772321157994593 -4.989780203108291 0.32086059006475903 
2.3568565123973815 -3.5388365186153092 3.5355363621211753 
3.0673847377801944 -4.989791034076934 0.3655513216735674 
3.13823957371891 -4.999971973009584 0.016727144664387364 
3.0772321157994593 -4.989780203108291 0.32086059006475903 
3.1297866447721088 -4.999651754764302 0.0588756661552467 
3.0691206424291297 -4.98688875023291 0.34794801621611726 
2.3564880787979083 -3.5388365186153092 3.5355363621211753 
3.1289793648301303 -4.999549341568807 0.06307830129913511 
3.1289793648301303 -4.999549341568807 0.06307830129913511 
3.0737683327049017 -4.988275386606104 0.3381345021738564 
2.356848860317947 -3.5388365186153092 3.5355363621211753 
2.356856337106817 -3.5388365186153092 3.5355363621211753 
2.3568568124632043 -3.537994019447618 3.5355363621211753 
3.0773719033689524 -4.989780203108291 0.32086059006475903 
3.0773549692780517 -4.989780203108291 0.32086059006475903 
2.3568565123973815 -3.5388365186153092 3.5355363621211753 
3.0773718720262657 -4.989780203108291 0.32086059006475903 
-3.141592653589793 -4.999999967650202 7.471759835908003E-6 
3.129795295986187 -4.999653662312153 0.05900046669046073 
3.0773874815451374 -4.989722982498766 0.32086059006475903 
3.0772321157994593 -4.989780203108291 0.32086059006475903 
3.0772321157994593 -4.989780203108291 0.32086059006475903 
3.129786007574483 -4.9996517731967245 0.05887518853906172 
3.13823949845858 -4.999972033484811 0.016727144664387364 
3.0771902981663044 -4.989780203108291 0.32086059006475903 
3.0773874815451374 -4.989722982498766 0.32086059006475903 
-3.141592653588741 -4.9999999998984865 9.156245335794342E-7 
3.0771902981663044 -4.989780203108291 0.32086059006475903 
3.129786007574483 -4.9996517731967245 0.05887518853906172 
3.1297866447721088 -4.999651754764302 0.0588756661552467 
1.7350434454780217 -0.8173221793980483 4.932687671389619 
3.13823949845858 -4.999972033484811 0.016727144664387364 
3.13823957371891 -4.999971973009584 0.016727144664387364 
2.3568563517478807 -3.5388365186153092 3.5355363621211753 
3.13823949845858 -4.999972033484811 0.016727144664387364 
2.3568565123973815 -3.5388365186153092 3.5355363621211753 
